13
9
3
0
0
5
8
10
13
18
21
24
26
27
27
31
31
32
32
30
30
31
35
36
35
33
29
24
23
23
21
19
21
23
25
29
32
35
37
39
40
39
36
32
29
27
24
26
30
29
28
33
36
40
41
42
39
38
36
31
23
15
9
2
-1
-3
-5
-7
-9
-16
-23
-28
-35
-42
-46
-50
-50
-46
-41
-37
-30
-25
-22
-18
-16
-14
-12
-11
-9
-12
-15
-18
-21
-22
-23
-23
-24
-27
-26
-29
-36
-44
-52
-56
-58
-59
-60
-61
-63
-63
-65
-67
-71
-75
-78
-78
-78
-78
-76
-76
-73
-68
-60
-52
-43
-38
-34
-30
-26
-23
-19
-17
-18
-14
-9
-3
3
8
11
13
15
17
19
19
21
20
19
16
11
9
8
6
6
9
11
9
7
4
0
0
2
3
6
12
18
21
24
28
30
34
38
43
45
48
50
51
49
46
45
46
48
52
57
61
64
64
64
61
59
59
55
50
50
53
52
55
57
62
67
71
74
75
74
75
79
81
82
84
85
87
92
96
98
98
92
85
76
69
62
54
47
42
39
32
29
25
23
23
21
18
17
15
12
8
7
4
2
0
-4
-4
-1
1
0
0
0
-2
-7
-13
-17
-20
-22
-22
-22
-21
-22
-23
-29
-40
-53
-67
-83
-100
-113
-123
-130
-135
-140
-143
-141
-137
-132
-126
-119
-112
-104
-95
-89
-84
-75
-67
-60
-55
-49
-47
-47
-47
-53
-61
-66
-70
-73
-74
-74
-70
-69
-70
-72
-72
-73
-72
-73
-75
-73
-72
-68
-65
-65
-63
-57
-52
-47
-44
-42
-37
-28
-14
0
13
20
27
32
35
37
36
37
42
48
54
55
54
49
45
40
35
27
21
18
18
23
29
34
30
33
36
42
47
53
59
58
57
59
63
61
57
58
62
60
59
56
53
54
53
61
58
54
45
35
29
22
21
16
14
12
12
25
31
34
41
49
54
60
70
71
71
75
82
83
78
77
82
90
93
94
94
88
79
66
57
52
43
39
36
40
42
39
43
38
13
-4
-1
-2
1
-5
-11
-9
-7
-3
0
4
5
3
-4
-8
-19
-27
-40
-59
-63
-65
-70
-82
-94
-93
-77
-75
-76
-79
-91
-95
-100
-89
-87
-96
-97
-89
-79
-72
-68
-64
-54
-57
-61
-78
-83
-80
-77
-70
-70
-71
-76
-86
-95
-89
-80
-68
-52
-43
-36
-35
-32
-26
-23
-17
-11
-1
18
30
24
33
37
41
48
48
47
37
35
29
26
31
29
33
37
37
37
39
43
41
35
37
40
28
32
38
34
41
50
56
35
25
30
34
39
33
40
34
25
29
25
26
30
45
47
44
22
1
-15
-29
-26
-24
-15
-16
-19
-31
-31
-16
-3
10
12
11
9
16
14
18
20
19
23
39
58
65
82
98
115
127
126
120
107
92
62
39
38
22
11
3
-19
-26
-22
-24
-20
-18
-27
-43
-40
-30
-20
-12
3
19
28
37
23
7
-5
5
19
28
36
34
20
-11
-18
-42
-62
-72
-78
-61
-55
-62
-68
-62
-69
-83
-97
-101
-110
-118
-121
-121
-136
-139
-140
-153
-153
-148
-123
-105
-114
-107
-106
-112
-115
-127
-128
-130
-113
-87
-92
-74
-66
-68
-47
-52
-60
-60
-67
-82
-97
-95
-60
-19
18
37
44
49
30
45
63
49
52
50
49
55
53
67
78
96
127
109
106
75
39
25
5
53
62
50
62
53
57
43
41
68
112
164
164
182
175
155
146
131
98
55
14
-4
15
46
105
143
181
170
144
112
84
56
55
58
59
92
77
39
-37
-62
-68
-36
-12
-20
1
9
41
38
57
38
44
52
58
100
97
97
140
165
188
158
102
80
24
47
45
74
76
74
90
100
120
98
39
7
-25
-23
49
59
68
10
25
19
24
25
-56
-132
-139
-113
-123
-79
18
-14
-142
-227
-312
-286
-364
-143
-121
-80
-257
-64
-636
-261
-3603
-4873
1538
1135
566
182
-935
1359
999
-310
112
442
347
992
710
634
-1807
-4654
-1762
-776
835
134
-1297
-787
-886
-3005
-4101
-777
178
439
1779
794
-875
973
-3806
-2489
-573
-3701
2280
3312
869
275
-334
-903
-1183
-3210
-4248
-1592
1237
1687
994
2968
441
-1297
-910
-2886
-2041
-295
925
3748
4000
1948
93
-121
-276
-2360
-899
2039
2485
3304
3783
2749
3278
1158
-666
1150
1145
1408
1663
1182
2090
23
421
1023
160
1027
-1111
-696
-31
-658
-525
585
439
2741
848
1553
2831
-697
1627
1284
839
2046
2368
1889
2795
5037
1577
1126
2654
-664
1388
1221
1399
2795
2078
2217
1011
2304
54
-1737
799
-405
-231
898
549
292
-215
-1487
-1170
-1346
-474
-1280
-733
741
-921
1048
670
-498
387
-623
-554
881
732
607
291
1613
-208
332
1126
-428
-867
-1155
-1448
126
-941
-1548
-875
-3279
-171
-2206
-2089
-438
-2304
-2991
-2105
-1259
-2668
-1034
-1504
-303
-1223
-277
-562
-1825
-628
-1070
-1123
-224
913
-1789
-1435
-130
-911
-1093
-751
-1567
-1046
-88
-540
-1216
-1077
-780
-2218
530
-63
-1038
91
-1920
-1311
-1490
-1063
-698
-1268
-598
-307
-471
17
-688
-1146
-1953
-1357
263
-406
-107
498
-351
-194
881
-873
-1096
26
-956
366
604
49
-222
135
1104
-333
-146
335
-484
-177
726
-99
-1806
-229
-248
-1948
-403
-341
-1022
1516
1757
132
853
1147
475
140
1853
900
401
1311
-866
-512
174
-873
-648
-233
874
549
-560
1323
775
316
-668
-601
427
-1952
262
290
-1894
2090
2917
-1429
710
56
-2209
-1386
-624
-73
-1569
1958
531
-156
1766
-279
-1322
-115
-129
488
1148
2243
1666
118
870
-72
-1114
-856
1052
366
734
2257
920
-1916
-718
-2255
-3641
-853
-187
-69
453
2297
264
-481
-311
-1520
-1582
1152
464
-491
2616
679
-216
203
400
-1172
-515
332
1217
2460
63
395
-578
-2058
-1656
-215
-399
-378
204
1800
778
345
-85
-399
-1659
-2683
-2265
-1166
-1367
-1357
897
-420
-2354
-945
-1005
-1597
-1100
-400
324
186
368
1981
-114
-437
629
-73
131
1140
250
-1123
303
-836
-738
417
393
257
452
567
1005
-670
-343
-20
-1506
-255
-745
564
1184
288
245
-1130
1242
-312
68
1262
512
341
80
1881
446
564
1121
126
1230
1147
1204
1342
417
-159
-543
311
366
1536
1332
987
408
979
1439
-904
-299
-193
-904
37
291
1304
1031
-47
-346
-533
-256
907
877
1000
1462
460
194
255
188
-226
-232
-171
823
1146
84
126
-594
-776
-718
-1175
-696
-1259
-1010
-1565
-1488
-340
-776
-998
-301
-1356
-2216
-1107
-1902
-1446
221
-143
154
575
-32
-348
-16
-157
144
131
907
505
-429
-381
363
282
894
470
-1159
1908
689
-131
-961
-943
-29
395
1993
-281
1086
540
1563
703
-370
1432
88
2506
-413
891
1531
311
668
-938
1055
1015
1572
948
621
1645
1470
1404
1667
1654
220
229
622
-124
132
411
-151
-166
1105
1006
1036
1221
487
198
1003
939
772
1317
366
-545
416
534
540
50
282
260
25
88
-431
247
-253
65
-47
-375
26
-106
-696
-1475
-1018
-1112
-1034
-306
-799
-225
-774
-1254
-999
-1228
-513
-832
-913
-1277
-1332
-1334
-945
-464
-216
-90
-799
38
-382
501
1027
-563
-90
-678
-373
411
204
-446
-1191
-754
-432
250
200
-367
-40
315
192
172
1157
1470
557
523
606
1084
1053
513
126
270
910
314
1727
1123
-1442
765
1693
-136
-1291
854
4271
1482
-1530
600
2806
1654
-22
698
1248
702
-395
-392
59
991
1739
-280
-1751
1020
2319
-81
-1405
425
1986
-407
-704
1916
1657
-1057
-1461
1046
2435
1775
1873
962
-1390
-2906
-3502
-1765
-644
355
442
-1319
-1910
-930
-1959
-2311
-490
-507
-375
-679
295
562
-1791
-2330
-1274
-129
-1137
-1427
-485
-855
-1432
-1793
-392
408
-327
-696
-1120
-927
-1103
-1259
-1631
-1216
-799
-1374
-581
595
222
-141
45
-496
-682
-1121
-548
641
980
1069
795
1073
724
-205
-785
-909
-622
142
417
656
1407
1629
522
-36
-134
-385
270
969
1496
1085
714
297
-30
340
194
260
674
1465
830
248
656
677
1307
1370
1432
1927
354
-192
-80
447
1573
1487
2126
1505
1625
1205
539
-137
-1196
-1076
-1020
191
304
147
-300
-953
-1217
-85
702
-95
-758
-1479
-1381
-1060
-1141
-434
445
-289
-1461
-1082
-181
196
-1003
-2162
-1893
-1104
144
1026
592
-207
-1140
-1470
-1295
38
-81
-997
-1233
-1299
-735
-1084
-581
-738
-1145
-2611
-2281
-846
-1270
-512
-1651
-1816
121
-441
428
109
-1829
-1876
-2429
-2044
-745
503
423
379
1177
190
47
-777
-1038
60
-496
616
907
154
841
-114
-559
186
470
968
1625
2068
2154
2224
1963
1198
574
84
1055
1468
1077
1092
1309
1601
1186
1363
986
242
179
583
1237
1960
1714
1234
896
533
614
148
-350
-74
320
224
513
-195
-611
167
-18
-293
-553
-1100
-774
-417
40
359
837
472
624
983
101
221
157
-219
264
868
563
824
1118
391
405
263
-314
-82
-72
-483
46
-212
-130
-491
-1459
-1085
-914
-1002
-653
159
-489
723
1097
543
712
-712
-1133
-1088
-1231
-1276
-1413
-1958
-2108
-1436
-1136
-77
34
-1059
-229
-846
-1418
-828
-827
-1353
-1193
517
937
759
-87
-1445
-2040
-889
-1221
-1441
-818
-566
822
1497
1579
859
959
505
127
518
1332
1684
1016
1300
394
-319
176
-268
-415
201
428
933
1133
1194
637
-282
-279
540
1427
2069
2033
1157
-425
436
1340
1267
1373
422
938
1874
2476
1976
1026
296
1067
1633
1358
108
-565
172
228
541
-340
-246
276
898
700
-988
-1862
-816
-525
1074
1960
318
1404
2709
2591
1260
421
-1581
-1215
574
222
-950
-1167
-262
1442
3476
1792
-357
-2425
-2774
-407
-283
-1213
-815
225
3228
4326
732
-2239
-3140
-1220
-377
-757
-424
255
2318
2646
1419
-458
-285
-1455
1095
1426
-595
-791
-2613
369
218
-379
-1928
-1333
1388
2445
1248
-4379
-4929
-2057
1155
261
-1381
78
2710
4138
1968
-1860
-3959
-2468
496
2219
-585
-1528
-2246
-998
273
-1303
-1485
-1345
59
669
-508
-2576
-1934
-2047
-470
-922
-1379
-856
-2562
-283
-381
-244
-215
-1540
895
-136
-1535
-1920
-2894
-3842
-4339
-3100
-764
950
867
-595
-1433
-1697
-3061
-3329
-4199
-2325
1414
1045
197
-2913
-6037
-6267
-6899
-5811
-4918
-3913
-2199
-1888
-1530
-2770
-4442
-4726
-4227
-2395
-1062
-482
95
-545
-1000
-2137
-3334
-3187
-2811
-1236
-115
512
778
-113
-2062
-3594
-4114
-1743
1445
2974
3328
2253
1607
837
-531
-1626
-1596
549
3028
3929
3097
885
-575
-1543
-1457
-1139
-719
723
2013
3013
3140
1953
1218
1050
1334
2246
1862
1953
2371
2220
1998
1451
1737
2032
2788
3228
2485
2369
1875
2054
2726
2234
2524
2797
2795
2639
1719
1186
686
1319
2370
1728
918
606
473
1214
592
400
827
1040
-99
-1281
-1561
-984
1527
1868
1085
673
680
-151
-2208
-3894
-2771
376
3556
4998
4369
2892
1461
60
-1754
-2112
-698
2022
4287
4030
2529
1072
667
255
-1543
-3070
-3504
-697
1886
2372
1924
842
1250
1408
404
-1042
-2176
-877
1924
2143
1689
452
434
1840
-69
-855
-419
72
1428
179
-500
143
1293
1805
1300
67
-241
321
268
535
-449
595
1618
772
373
502
1321
1618
421
-1248
-86
1017
1038
1439
1488
1694
1625
1388
803
1043
2221
2555
2565
1697
1685
2057
2902
2574
1308
1519
2184
2178
1077
1173
1180
3003
1828
1026
1561
2453
3322
1799
1331
837
1189
1354
1387
1453
1575
2344
2321
1617
1363
1494
1229
1142
1339
1178
1949
2697
3022
2244
1718
700
188
486
-359
762
1642
807
175
-507
-860
57
629
139
-6
-491
478
107
-222
-419
154
155
-718
-1642
-2601
-98
-104
653
-1177
-1549
-1000
-1597
-1334
-3310
-3158
-2988
-3141
-3527
-3728
-4667
-3998
-5663
-4663
-5326
-5597
-4551
-6543
-5853
-7586
-8210
-7042
-6433
-6225
-5178
-6319
-5582
-5525
-6010
-6197
-5485
-4793
-4469
-3351
-3791
-2193
-1877
-1585
-1311
-1175
-1768
-914
-783
-115
1134
1264
1855
2058
1998
1374
1566
1237
2006
2077
2452
2911
3937
4098
2983
3042
2018
2062
2146
1911
2235
3154
2376
3107
3643
3313
4240
3608
3838
3791
3673
3871
3992
5232
5813
5247
5404
4803
4896
5243
5271
5662
5378
5557
5519
5104
4179
3723
2628
2634
2743
2978
3512
3911
4505
3587
3778
2802
3228
4162
3359
3861
3800
4429
5607
3091
3121
700
-121
222
-1196
-666
-1935
-3372
-4382
-6945
-10273
-10112
-13567
-13337
-14498
-15880
-14562
-15429
-16211
-17139
-17460
-18349
-16951
-17373
-17523
-16037
-15905
-14752
-12948
-12642
-10506
-9126
-8504
-6327
-4488
-2358
-96
1577
2448
4611
5052
5763
6483
6075
7184
7766
7857
7787
7039
5345
4255
3547
3832
4040
4430
3404
2130
1125
-119
14
140
742
1766
1636
1379
1214
238
467
-223
1152
3228
4849
6745
6676
6531
7069
7960
8324
8639
8467
9942
11267
11851
11793
11311
10857
8721
7319
5864
6896
7849
8915
9814
9873
8249
6548
3854
2413
4115
3717
6232
6235
6247
5610
3878
3569
3853
4611
5894
6307
3782
2175
-976
-2710
-4080
-5027
-5944
-5721
-6648
-9105
-9163
-10716
-11300
-11989
-14588
-15348
-15144
-16285
-15572
-16282
-17063
-17486
-19723
-20978
-21200
-19319
-17189
-13842
-11131
-9751
-8032
-9420
-8888
-7213
-4782
-615
2281
3698
4925
4332
3801
3616
3465
3886
4708
5143
5780
6923
6689
6454
5466
4306
3747
3064
2618
2586
2908
3448
3230
2362
724
-504
-1042
-548
591
2612
3665
3499
3271
3788
4657
5808
6269
6562
7124
5626
6047
6913
8064
9774
9402
9831
9603
8057
7335
7067
7622
8696
8062
8006
7662
6780
6751
5927
6772
7112
5854
5083
2410
2569
3225
2773
5469
5537
5877
5059
2542
2278
2567
3318
4804
4417
3446
-1
-2897
-6927
-8101
-6325
-6628
-3688
-6225
-6959
-9226
-11777
-12379
-12925
-11907
-12326
-11920
-13420
-13122
-14174
-14159
-13717
-12702
-10984
-10836
-10776
-11888
-11090
-9926
-7692
-4658
-2598
-1330
-907
-1466
-895
-95
1793
3219
3371
3643
2746
2932
2124
1859
1512
2020
3507
3930
4205
3323
1933
1230
397
551
1116
879
1126
463
374
99
-312
-448
79
627
1131
1491
1531
1762
1126
1112
1126
1766
2552
2620
2688
2490
2483
2227
2353
2072
1965
2243
1939
2037
2244
2269
2253
1835
1609
1360
1257
1531
1556
1898
1723
1438
1114
686
612
617
859
1210
1500
1666
1678
1475
1403
1438
1644
1905
2058
2262
2278
2207
2185
2151
2393
2615
2769
2871
2479
2054
1392
761
665
331
339
342
219
206
-220
-570
-1044
-1694
-2208
-2790
-3319
-3710
-4125
-4191
-4255
-4271
-4097
-4186
-3917
-3821
-3942
-4243
-5001
-5279
-5450
-5328
-4827
-4406
-3899
-3611
-3527
-3481
-3447
-3265
-2946
-2586
-2048
-1511
-1345
-1295
-1237
-861
-305
279
626
884
1361
1260
1090
1355
1432
1774
2054
2047
2256
2343
2292
2260
2327
2617
2810
2766
2556
2290
2255
2040
2116
2405
2832
2901
2404
1983
1532
1292
1141
1278
1491
1810
1521
1187
925
680
1002
958
1260
1459
1395
1513
1074
816
821
1146
1656
1439
1867
1791
1456
1588
1836
2268
2470
2489
2220
2216
2290
2652
3057
3449
3695
3667
3677
3576
3850
3908
3620
3209
2328
1821
872
301
622
486
648
289
-241
-623
-1361
-2044
-2647
-3140
-3675
-3990
-4542
-4498
-4708
-4835
-5332
-5530
-5452
-6791
-6630
-7457
-6650
-6003
-6051
-5373
-5319
-5298
-6087
-5811
-7247
-6828
-7631
-6718
-3317
-2492
-105
-1010
-2313
-2537
-3251
-2745
-1245
-941
305
873
2333
3426
2355
-165
-2422
-1806
-1082
856
1518
1721
3106
3154
3177
4570
2695
2173
-237
-122
2739
4377
5965
2826
2051
659
1148
1506
920
2157
2566
2195
3070
4269
4026
4448
2090
2678
4803
5305
6018
5148
5124
5967
5656
6531
7499
8371
8352
7639
8525
8686
10348
10374
10023
11317
11107
11225
11877
11149
12322
12442
11414
12591
11215
12861
9487
3522
-1024
-6699
-2504
-2964
-938
-1728
-7660
-11313
-17373
-17660
-15878
-13574
-16627
-17823
-19682
-17995
-16624
-19056
-20785
-23051
-21805
-20480
-14701
-12223
-9946
-10749
-13103
-10091
-7396
-4488
-2649
-1529
-274
4480
4705
6563
6973
4378
5658
3379
5009
6322
6856
6283
5696
4524
2580
250
-2507
-2885
-1966
-1748
-2618
-2754
-4996
-5025
-6164
-6868
-5815
-6315
-5773
-3505
-1571
829
1148
-521
-459
611
3141
5880
7644
8353
9288
9556
9912
10671
10197
10052
10159
10745
12571
13462
13650
11746
10797
9200
9314
9874
9207
11052
9432
10101
7215
7602
6996
7468
8487
6857
8940
7776
8471
8202
8731
8912
9251
5515
1502
-4215
-5740
-5013
-1192
-572
-2478
-5348
-13657
-14688
-17856
-14137
-12812
-13330
-16080
-16981
-17221
-17523
-17401
-21984
-21056
-21851
-18329
-14612
-11962
-11904
-12799
-14101
-12796
-8368
-6051
-2458
-1368
790
2788
5178
5023
4693
2247
1213
1846
3774
6461
7199
6718
2871
878
-1702
-1971
-1813
-863
-222
111
-1907
-3567
-4933
-6431
-6492
-6578
-5410
-3351
-1683
-488
1068
225
134
-388
889
3502
6111
8540
10341
10834
10416
10076
9970
11003
11334
12283
12990
13582
13713
13116
12402
11929
10593
9247
9442
8908
10338
10154
9711
9020
6622
5526
5540
6329
7631
8199
8529
9000
9627
7382
3273
-3649
-8620
-7104
-3819
3056
1563
-1071
-9967
-15550
-16447
-14243
-9106
-10187
-11123
-14783
-13647
-15241
-15648
-18800
-20746
-19684
-18234
-13628
-11527
-10844
-13381
-14823
-15301
-12228
-9277
-5902
-2143
104
1998
2289
1919
2072
3078
4070
5903
6136
6924
6858
6384
5441
3188
1400
-341
-508
1239
2551
2360
-20
-3243
-4531
-4796
-4267
-3452
-3784
-4020
-4309
-4175
-2960
-2553
-2600
-2502
-1930
406
2889
4812
6172
6277
6527
6513
7711
9531
11323
12279
11955
11543
11169
11085
11320
12185
12356
12153
11921
10938
11504
10476
9509
8438
7668
7983
8558
9311
8420
8847
5899
6485
6582
6852
9862
9539
9210
3853
-3873
-7915
-6427
-420
4488
4370
-1879
-10689
-15949
-16190
-9305
-5863
-6823
-11602
-15909
-16105
-15296
-15139
-17049
-18719
-20445
-17797
-14690
-11987
-12814
-16394
-18137
-16546
-12281
-8529
-5620
-5357
-4161
-3251
-1204
619
1028
1341
1786
4141
6133
7550
6715
4743
3140
3136
3981
5172
4990
4350
3314
1868
404
-774
-1303
-1426
-1062
-1152
-1318
-2682
-3872
-4063
-2910
-1492
-654
-729
-458
315
1531
3043
4047
4570
4439
5039
6753
9189
10543
10666
9613
9261
9215
10478
12079
12983
12585
11216
10238
9997
10751
10456
11144
10147
9771
9179
8886
8779
8724
7971
8245
8412
9026
9786
7120
3863
-3370
-5268
-5415
540
3654
3544
-1700
-10220
-13884
-15216
-8696
-6093
-4671
-9699
-13766
-16188
-15852
-14324
-14610
-15117
-17516
-16589
-15690
-12653
-12957
-14060
-16323
-15498
-12969
-9389
-6795
-6330
-5439
-5120
-2612
-854
498
332
547
1521
4554
6511
7375
5686
3664
3173
4304
6658
7517
6930
4695
3421
2512
3078
3025
2465
1186
438
373
654
440
-193
-1272
-1927
-1501
-771
537
885
959
1032
1356
1601
2306
2487
3340
4585
6054
7340
6703
5133
3903
4946
6977
9045
8621
7450
6857
6411
6418
6200
6545
6364
6760
6343
5567
4804
4889
4690
5653
6331
5198
4117
3368
3510
3582
1442
40
-1687
-2135
-1044
-868
-636
-1545
-3320
-5322
-5444
-5415
-4230
-5326
-6673
-7787
-8612
-7727
-7774
-7756
-8773
-9752
-10945
-10590
-10105
-9330
-8942
-8854
-8161
-7453
-6201
-5605
-4675
-3720
-2285
-1541
-1396
-1547
-1913
-1631
-1121
-243
179
124
-144
-551
-543
141
912
1293
1054
488
97
128
614
1293
1463
1248
677
68
-218
-165
129
460
704
624
616
593
809
1202
1722
2291
2651
2823
2773
2718
2804
3108
3384
3381
3207
2934
2784
2827
2963
3090
3001
2759
2366
2160
2215
2429
2659
2679
2659
2580
2657
2864
3099
3322
3464
3570
3838
4263
4660
4907
4600
4016
3349
3094
3277
3649
3824
3500
2992
2523
2373
2115
1731
1062
260
-473
-1052
-1465
-2036
-2810
-3689
-4379
-4841
-5062
-5345
-5805
-6346
-6897
-7204
-7343
-7249
-7060
-6793
-6409
-5807
-5041
-4459
-4243
-4323
-4490
-4412
-4000
-3445
-2859
-2575
-2484
-2455
-2324
-2106
-1789
-1426
-1193
-1016
-1012
-812
-462
-68
217
225
102
8
54
159
347
607
933
1250
1435
1607
1899
2188
2483
2765
2931
3092
3325
3585
3795
3702
3418
3253
3225
3328
3258
3038
2623
2244
2122
2264
2367
2341
2343
2190
2150
2222
2503
2723
2811
2945
3026
3334
3881
4601
5198
5661
5582
4940
4119
3708
4169
4658
5642
5757
4901
3363
2452
2885
3445
3845
2488
183
-1655
-2235
-1703
-2315
-3854
-5742
-6876
-6707
-6199
-6226
-7543
-9305
-10442
-10409
-9686
-8726
-8297
-8434
-8481
-7366
-5982
-4927
-5112
-4953
-6455
-7796
-6117
-2047
2985
2737
-406
-4898
-4945
-2170
1087
2373
255
97
1241
2306
1331
-388
-500
-147
349
1467
1509
2392
1578
-107
-1245
-2268
548
1832
1636
933
-180
-693
-1856
-1107
-175
1028
2586
2525
2345
2352
1641
2291
1841
2495
4103
4927
5682
4258
3770
4049
3897
3928
5229
7272
8338
8173
8228
6799
7238
9261
10462
11096
11520
12837
13718
13474
7387
3081
453
5640
11932
11747
7618
-572
-3885
-5702
-2567
-1464
776
-64
-4855
-9679
-13808
-12480
-10176
-9634
-13092
-13993
-14968
-13378
-15004
-17465
-17230
-16910
-13744
-12487
-10004
-10073
-10529
-11933
-10728
-6946
-2218
1486
1331
530
-953
513
3034
7661
9076
10051
8298
6930
7011
6783
9313
9138
9309
6110
4494
2235
1098
1277
756
1015
-674
-1228
-2926
-4053
-6412
-5917
-5558
-4503
-5239
-5080
-5883
-7752
-8446
-8654
-5450
-3851
-1836
-1715
-1657
-2372
-880
1466
4704
6178
6585
6155
5576
6655
7581
10366
10698
10980
9792
9700
9898
10545
11057
10947
11182
11356
11814
12159
11917
12209
13033
13717
12284
3100
545
-339
8123
11436
4973
-1131
-9554
-6804
-6846
-1519
-1892
-2016
-6600
-14478
-16226
-14405
-6740
-6175
-10180
-17668
-17186
-16543
-13719
-13872
-13788
-11286
-13678
-13273
-14522
-10320
-8204
-8698
-8597
-5799
-1106
400
-1181
-2767
-11
2571
6062
7283
8692
7655
5566
4319
5840
10075
11367
9783
5181
1387
789
1454
2538
3972
2828
949
-4056
-6355
-4741
-2432
-427
-2533
-4621
-6073
-7423
-7310
-5818
-5070
-3925
-5220
-5638
-4776
-3791
-1918
-1139
-256
1360
2892
4403
5656
5407
6630
7309
8836
10195
10346
10511
10025
9882
10442
11801
12763
12750
12175
10779
11851
11716
14280
13275
13488
8667
2004
5572
3913
14237
6563
2632
-2483
-6665
-1195
-2035
2274
-2519
-4495
-13466
-11944
-12237
-6136
-3917
-11125
-13728
-19847
-14396
-13354
-11415
-12915
-13177
-15137
-15935
-14039
-12583
-7692
-10043
-10445
-9407
-6276
-3067
-2918
-4177
-2729
499
1037
4441
4393
5266
4763
3120
5500
8587
9857
8297
6358
2035
3815
3263
4393
7743
3610
3375
-2212
-4128
-1011
935
1401
27
-5026
-5760
-4974
-6284
-2531
-4035
-4728
-6069
-8340
-5515
-2365
-2172
-1381
-2121
-1383
1550
2061
4284
4925
4789
5789
7389
8548
10422
9588
9231
10359
10902
13406
14256
13723
13455
12462
13928
14217
15916
11555
6286
8527
6775
16146
9054
4126
-313
-4368
2371
1634
3410
-1735
-4098
-11943
-10115
-10031
-5116
-2905
-12024
-13953
-18842
-13890
-11478
-11351
-13608
-14726
-16690
-16550
-13263
-12854
-8883
-11249
-12788
-10269
-8088
-4351
-4267
-5653
-4035
-910
71
2579
2689
2411
3786
1651
5189
7363
8141
7554
4227
3990
4518
4678
4104
6036
4671
5258
1476
-381
913
1174
2445
677
-1322
-2717
-2874
-4041
-2844
-2718
-2726
-3574
-5716
-4939
-3179
-1619
-742
-628
-263
866
1670
3141
4883
5392
6351
6878
7589
9696
9545
10524
10564
11299
12910
13418
14468
14558
13038
13661
7616
9176
10338
12277
16088
4624
4157
-1543
2631
5225
4211
2111
-3539
-6652
-10801
-6346
-6880
-2130
-8440
-14044
-15988
-16198
-10111
-11403
-12384
-15478
-15779
-16274
-14501
-13051
-12048
-10901
-13676
-12159
-9411
-6749
-5439
-7062
-6254
-3357
-914
-357
1037
572
1887
1627
2430
5719
6228
6700
3871
3564
4622
6223
4422
4787
3178
4615
4213
1425
2242
215
2201
833
665
-626
-1241
-2310
-3129
-2762
-2155
-1686
-3626
-4324
-4521
-2667
-1532
-1089
-426
-216
41
1370
2486
4514
5356
6021
6662
7123
8804
9745
11290
11720
12586
12979
14450
13229
14783
11054
8217
11232
10401
17968
10260
7046
3143
1751
7481
5690
6327
410
-2771
-7040
-5544
-4734
-2644
-3856
-11652
-13842
-16124
-11498
-10300
-12469
-14884
-16604
-16215
-15752
-13548
-13265
-12666
-13979
-14534
-11032
-8917
-7249
-7960
-8385
-5723
-2815
-1597
-453
-623
-90
721
1227
4539
6192
6264
4531
3326
4609
6905
7218
6742
4458
4012
4259
4535
4858
3462
3417
1527
857
858
1309
1149
-1073
-2609
-1845
-1442
-1706
-2309
-3181
-2843
-3186
-2184
-197
-382
-369
-1015
216
2076
3023
4653
4782
5626
5440
7756
8781
10756
10753
11773
11922
11788
12124
6647
11409
9554
15671
13014
5969
6469
1621
8653
7219
7570
3172
-655
-3219
-3799
-1112
-1852
-1070
-9079
-11937
-12547
-10151
-7558
-11509
-13680
-15594
-15147
-14746
-13255
-12432
-13591
-13827
-15158
-11340
-9015
-8629
-8453
-9494
-7113
-4465
-2870
-2243
-1399
-1246
461
1342
2129
4135
3809
4127
4308
4648
6390
5467
3793
4598
4789
6399
4825
3315
2702
2725
2757
2888
2787
1409
482
-1160
-733
36
-258
-1425
-2662
-3080
-1956
-1005
-682
-293
-1028
-845
95
1460
2956
3270
3666
4214
5571
6465
8130
8374
9026
9732
11094
11979
12344
10052
5324
9880
10544
16588
11166
4109
4057
2788
9331
8660
7114
1820
-2066
-4367
-2158
701
-279
-2471
-11033
-12935
-10649
-7712
-6343
-11611
-14719
-15257
-14285
-12644
-11309
-11285
-13645
-14072
-14560
-9717
-7501
-8512
-8579
-9248
-5780
-3857
-2988
-2563
-1331
-1071
911
2400
2810
4042
1262
4574
5414
7196
6849
3054
2964
4207
7350
7743
4591
632
1190
2693
3974
3990
1414
-663
-2742
-2655
390
1045
-1170
-4713
-5896
-4166
-1944
-820
-1983
-3082
-4699
-2898
419
2091
2651
339
866
3017
5391
8294
8240
7871
7534
9278
12349
13071
13432
6985
8255
11674
14001
17438
6600
6613
4348
7877
11837
9110
5349
-440
-1208
-1013
4004
820
-1122
-7057
-12274
-8736
-6726
-5217
-9470
-15460
-16351
-14280
-13113
-11840
-12377
-15297
-16123
-15388
-12417
-8429
-10509
-11499
-10838
-9300
-5344
-4539
-4195
-3215
-2796
-1510
1435
1984
2896
2519
2475
6281
6655
7096
5611
4585
6547
7494
8363
8009
5405
4647
4787
5947
6107
4166
2989
1411
381
274
1665
878
-1429
-4227
-3618
-2332
-2880
-3075
-3564
-3803
-5132
-4345
-1300
137
-1116
-2082
-456
1356
2695
4010
5623
6177
5712
7191
10268
10285
11485
8738
6450
11523
10723
16794
11001
5810
7642
7692
12340
10180
7547
2942
2952
201
3123
3815
-756
-2147
-8973
-7639
-5667
-5608
-7952
-12214
-14084
-13342
-12018
-13088
-12325
-13974
-15710
-14559
-14376
-10641
-11039
-12536
-11963
-10683
-7950
-6816
-6853
-6079
-3872
-3633
-1754
-784
440
2141
1486
2327
4536
4978
5586
5843
4519
7072
7117
7475
7554
5588
5247
6021
5499
5451
5664
3214
2807
1565
1656
2844
716
-1120
-1429
-1603
-1696
-1897
-2264
-2317
-3427
-4296
-2319
-1123
-1399
-1419
-2155
-132
657
1622
3926
3866
4426
5208
6804
8961
8994
9782
9589
5279
9365
10667
14905
12577
4125
7321
7775
10621
9437
7513
3969
3047
1483
1980
5178
-428
-1590
-5724
-6949
-5126
-5577
-7003
-10536
-12309
-12318
-10707
-12022
-12577
-12350
-14005
-12969
-13477
-11166
-9722
-11692
-10955
-9825
-7661
-6904
-7029
-6389
-3767
-3169
-2671
-1102
-536
1581
1152
2445
2054
4058
4197
5085
5063
4661
6529
4989
6637
5261
5812
4540
4253
4841
5015
4558
2590
2678
1418
2161
1524
739
84
-756
-350
-586
-780
-922
-1330
-1918
-1678
37
643
173
-485
386
1947
2937
3665
4955
4996
5164
6435
7993
8586
9911
5283
5162
9886
9844
14909
6015
3452
6543
7070
9789
7274
4343
1309
2168
-170
3424
2246
-2565
-3241
-8255
-6052
-4831
-5903
-8376
-11530
-11720
-10764
-10455
-12369
-11441
-12443
-13222
-12477
-12845
-9244
-10562
-11073
-9782
-8630
-6766
-7127
-6729
-4869
-2845
-3364
-2011
-1252
344
2029
1094
3094
3596
2091
4197
4505
6247
7458
3290
4231
5064
5472
7469
5830
3051
3468
3494
4525
5016
1554
1501
1378
104
771
676
471
-653
-2244
-1231
-138
-1062
-1698
-939
-286
609
-220
551
1496
1270
2390
4052
5149
5121
5090
6628
8069
8890
8789
10624
6709
5206
10408
10909
15162
5803
2986
6851
7315
9667
6734
4308
798
1216
-643
2535
1880
-3564
-3919
-8615
-6495
-5392
-6458
-8652
-12115
-12153
-11445
-10817
-12604
-11859
-12526
-13369
-12500
-13181
-9287
-10183
-10997
-9698
-8854
-7132
-7071
-6305
-4352
-2374
-3395
-2620
-1350
112
2362
1418
3109
3511
1613
3851
4903
6721
6661
3037
3093
4737
6104
7187
6616
2566
1823
2988
3952
5080
2126
986
680
-345
69
799
429
-1723
-3105
-2441
-530
-1052
-1840
-1390
-1297
-453
-1186
399
1690
1345
2327
3512
5063
5366
5807
7247
8237
8929
9287
11307
5303
7820
11467
12518
14711
3948
5557
7899
9691
10001
7395
3860
1494
2866
165
4258
627
-2977
-4726
-8251
-5015
-5329
-6644
-10198
-12400
-12089
-11555
-11602
-13137
-11654
-13606
-13591
-13599
-13073
-9321
-11324
-10933
-10201
-8789
-7553
-7150
-5703
-3766
-2612
-3821
-2155
-1325
1481
2472
1966
3416
2961
1660
4219
6281
5920
6498
2638
3768
5552
6022
7672
5631
1481
2009
4539
4130
4374
1853
1636
737
-1264
520
1170
-9
-1968
-2326
-1190
-804
-1524
-957
-480
-1352
-926
-463
968
1887
1454
2956
3743
4317
4938
6440
7435
7769
8806
9590
11240
4362
8190
12211
12656
13406
4003
6817
8201
9570
9837
8142
3619
1255
3582
1504
4534
77
-2369
-4035
-7738
-5168
-5240
-6279
-10199
-12437
-12096
-11350
-11790
-13432
-11720
-13991
-14044
-14154
-13222
-9656
-11754
-11229
-10661
-9578
-8879
-7807
-5929
-4260
-3938
-4799
-2150
-1498
821
1851
1738
3297
2329
1822
4558
6154
6529
6548
2908
3981
4820
5700
8093
5285
2301
1853
3508
4851
4251
1552
1355
240
-1140
750
992
269
-1964
-3171
-1296
-902
-1457
-1164
-588
-1158
-860
-87
1282
2069
891
2688
4078
4258
5137
5461
7996
7907
8078
9053
11062
7969
4779
11725
11649
14282
7482
4180
8873
8024
10003
8181
6169
1331
2035
2282
3271
2993
-2816
-2601
-6486
-5816
-4660
-5776
-7415
-11544
-11807
-11282
-10742
-12009
-11897
-12032
-14094
-13074
-13918
-10281
-10171
-11857
-10770
-10276
-8223
-8119
-6631
-4800
-3569
-4945
-3972
-1398
0
2026
1053
2477
3381
2590
2717
4810
6358
7013
5665
2619
4360
4820
6625
7349
4379
2123
1303
3411
4532
3566
1130
399
-1243
-1737
194
429
-425
-3535
-3941
-2142
-1955
-1842
-1615
-1345
-2344
-1665
-632
1249
1894
980
2752
3519
4374
5305
6541
8262
8305
8441
9456
11032
10324
5442
10727
12308
13018
10287
3947
8096
8135
9263
8109
6357
1772
986
2674
1904
3422
-2222
-3186
-5643
-6845
-4756
-5282
-6821
-10764
-11819
-11266
-10471
-11089
-11845
-11366
-13876
-13483
-13410
-10930
-9159
-11398
-11002
-10557
-8669
-7943
-6815
-5293
-4001
-4595
-4578
-1497
-431
1629
1034
1359
3098
2535
3008
3824
6309
6873
5963
3877
3424
5554
6541
7795
5905
3190
1821
3801
5493
4598
2533
518
143
-905
271
909
-369
-2874
-4376
-2845
-1961
-2508
-2612
-2251
-2799
-2992
-1673
-15
920
215
514
2718
3621
4444
5896
6941
8207
7420
9201
10193
11822
7964
6581
13275
11845
13849
6940
5665
9075
8558
9776
7548
5101
619
3156
2296
2702
1051
-3881
-3238
-6725
-5550
-4951
-6292
-9149
-12154
-11363
-10938
-10370
-12218
-11749
-12362
-14178
-12547
-12414
-9084
-10135
-11484
-10619
-9275
-7435
-7043
-5442
-4754
-3927
-5047
-2961
-696
196
1287
169
1837
2659
2715
3615
4126
5722
5402
4735
3803
3831
5691
6279
6227
4478
2303
2662
4545
4490
3236
1687
229
-170
-392
547
575
-1628
-3362
-3321
-2107
-2093
-2578
-1954
-2283
-3020
-2583
-679
151
115
-320
1271
2753
3124
4177
5848
6248
6824
7657
8920
10286
9953
10278
6394
10889
12086
12872
11062
4804
8285
8408
9938
7885
6058
2602
2277
2920
1143
2216
-2597
-3194
-5555
-6600
-5097
-6518
-8425
-10883
-11055
-10967
-11171
-11766
-12033
-11017
-13256
-12440
-11998
-10724
-8979
-10302
-9191
-8621
-7304
-6636
-5357
-4285
-3163
-3242
-3194
-652
205
1783
1822
1850
3233
3226
3647
5133
3920
4978
6007
4715
5251
3323
3968
5544
4289
3629
3160
1770
1508
2105
2021
1997
-887
-2035
-691
-1012
-1301
-2111
-2609
-3075
-3926
-3337
-1986
-1846
-2913
-2130
-1883
-496
-443
171
2083
1580
2573
3678
5041
6685
6396
7574
8454
9180
9370
11187
9803
6100
11686
10910
13378
8763
4188
8755
8336
9155
6571
5089
1158
2269
1420
1084
1590
-3877
-3823
-6780
-6206
-5336
-7214
-8788
-10917
-11196
-11189
-10847
-11640
-11458
-11359
-13296
-11615
-12030
-9705
-8667
-10026
-9091
-8592
-6858
-6095
-4595
-3618
-2263
-3066
-2293
12
958
2452
1732
2605
4067
3783
4319
5572
5120
4987
5589
5051
5919
5360
3430
5020
4523
3962
4605
2022
1578
1601
1853
2341
499
-1813
-1536
-1212
-1713
-1489
-2842
-2854
-3794
-4254
-2525
-2300
-2957
-3235
-2579
-1706
-571
-360
586
1849
1181
2771
4386
5300
6505
6166
8071
8450
9364
9912
11071
10435
6048
11112
11408
13196
9375
4684
8262
7873
8728
6152
5421
1629
1539
1427
497
1157
-3858
-3999
-6255
-6634
-6232
-7654
-8684
-11061
-11190
-11296
-11102
-11742
-11931
-11125
-12756
-11518
-11991
-9985
-8623
-9730
-8855
-8209
-6539
-6018
-4580
-3669
-1960
-2527
-2390
157
915
2293
1834
2585
3898
3721
3977
5342
5731
5172
4907
3945
6121
5733
4273
4690
3903
3542
3708
2845
2578
1505
668
2102
1119
-1057
-1485
-1164
-1476
-2263
-2955
-2307
-3146
-4442
-3195
-2264
-2691
-3488
-2880
-1515
-1451
-1466
-137
1199
1044
1324
2963
4240
4538
4957
6438
7755
7487
8406
9030
10465
8353
5687
11284
10686
11513
7320
5075
8203
8058
7855
6119
5260
1068
2623
1824
1446
763
-3296
-3312
-5192
-5697
-5877
-6373
-8160
-9878
-10136
-10287
-10268
-11201
-10887
-10379
-12063
-11455
-11540
-9426
-8615
-9662
-8850
-7781
-6942
-6381
-4884
-3927
-2721
-3521
-2438
23
818
1678
1740
2645
3924
3499
4325
5529
6265
5737
5019
5064
6170
6785
5521
4811
3597
4043
4242
4372
3415
1442
1293
1190
718
-76
-773
-1246
-1783
-2808
-2827
-2291
-3187
-3982
-3679
-3474
-3514
-3467
-2736
-2182
-2436
-2254
-1384
-14
501
812
2265
3000
3108
4104
5199
6380
6735
7346
7687
9246
8811
10178
8514
6458
10969
9720
11425
6969
4954
7463
7926
7237
5237
3887
711
2574
1075
834
376
-3148
-3857
-5407
-5480
-5448
-6647
-8607
-9812
-9817
-10574
-10739
-11317
-10961
-11337
-12827
-11647
-11864
-10117
-9690
-10184
-9165
-8536
-8021
-6786
-5198
-4417
-3141
-3633
-2539
-148
536
1740
1924
2652
3866
3702
4592
5977
6422
6422
6499
6017
5893
5308
7647
8040
5408
3373
3165
4762
4821
3710
2710
617
-2206
-87
1664
185
-2787
-4420
-3574
-3279
-4145
-3431
-3000
-5297
-6137
-4230
-2401
-2816
-3379
-2385
-1550
-1617
-909
969
3239
2145
2484
3948
5377
5964
6579
8458
8812
8498
9075
10170
11773
9359
6858
11895
11016
11392
7584
5608
8448
8141
7180
5736
4181
588
2211
1413
1039
-450
-4242
-4233
-5330
-6148
-6119
-7060
-9088
-10717
-10492
-10292
-10314
-11579
-11752
-10989
-12591
-11666
-11254
-9255
-8894
-10047
-9128
-7762
-6845
-6359
-4809
-3907
-2942
-3388
-2264
630
1067
1697
1850
2813
4038
4006
4963
6314
6739
6160
6342
6170
6919
5434
5843
7402
6397
4335
2331
3206
3536
3438
2439
1020
-1253
-2411
-620
38
-1884
-4534
-4708
-4235
-4772
-4520
-3880
-4262
-6209
-6495
-4358
-3247
-3520
-3699
-2351
-2334
-2014
-417
1571
2706
1733
2660
4282
5245
6131
7199
8494
8396
8435
9042
11024
10631
11088
9355
7123
11369
9916
11345
7751
4909
6849
6626
5911
4093
2742
9
1444
-428
-1677
-1805
-4763
-5118
-6504
-7098
-6670
-8273
-9920
-10399
-9736
-10543
-11081
-11535
-10974
-10422
-11913
-10070
-9998
-8821
-8663
-9031
-7157
-6336
-5910
-4840
-3323
-2877
-1696
-1597
-610
1573
1395
2331
2897
3525
4583
4350
4837
5751
6302
5860
6102
5665
6211
6188
4621
5333
3936
4894
4677
1760
1747
1418
1523
1141
-147
-1446
-1426
-2853
-2402
-1318
-3285
-3743
-4435
-4441
-3549
-4013
-3800
-3727
-4326
-4113
-3042
-2350
-1736
-1295
-1394
-529
-118
1191
2533
2708
3370
3805
4273
5793
6168
7085
7704
7605
8112
8601
8796
9486
9418
9273
5758
7092
8974
8629
8022
2950
4189
4833
4607
3069
2098
-35
-717
-500
-2215
-1580
-3414
-5009
-5412
-6562
-6181
-6817
-8049
-8756
-8973
-8853
-9823
-9482
-9839
-8635
-9691
-9627
-8722
-8557
-6970
-7587
-6760
-5777
-5475
-5252
-3859
-2833
-2312
-1473
-2008
-158
576
599
1617
2047
2965
2892
2902
3640
4789
4711
4432
4709
4475
5139
4627
5526
5327
3252
3339
3863
4598
2861
2102
304
1874
1735
1380
1281
-1500
-1715
-1077
-437
-1410
-2385
-3286
-3036
-3123
-3694
-2674
-3161
-4006
-3910
-3247
-2035
-2801
-2149
-1415
-1360
-1341
-439
1064
1683
1608
1573
3577
4023
4434
5649
5799
6311
6307
7359
8370
8680
8291
8650
9138
5331
7930
8798
9067
7780
3168
5071
5735
5300
3824
3076
875
478
45
-1451
-271
-2772
-4229
-4657
-6163
-5629
-6781
-7530
-8193
-8309
-9328
-9949
-9586
-9939
-8798
-10189
-9643
-9694
-9194
-7899
-8042
-6997
-6682
-6467
-5959
-4541
-3597
-2450
-1937
-2161
-203
231
994
2273
2740
3805
3876
3982
5102
6298
6280
6555
6909
6801
7183
6552
7556
7571
6669
5436
5690
4541
3373
5015
2841
3344
-335
-708
816
-529
-1231
-2117
-3747
-5224
-4060
-4197
-4079
-6267
-8010
-6142
-6996
-6691
-6187
-5844
-6177
-7137
-5287
-3967
-3190
-3516
-1805
-1445
-1102
163
1539
3783
2962
3506
5222
6142
6722
7719
8531
8695
9323
9355
10598
10959
9889
11085
8842
7688
10195
9522
9527
5810
3868
5505
5438
3758
2455
883
-930
-559
-2625
-2812
-2971
-5632
-6032
-7265
-7782
-7976
-9354
-10008
-9591
-9741
-11213
-10935
-10917
-9863
-9985
-10548
-9171
-8969
-8064
-7477
-6600
-5298
-4994
-4667
-3185
-1911
-1473
-134
276
1511
2765
2608
3978
4787
5259
5797
6080
6261
7204
7312
7000
7465
7027
6753
6693
6427
6911
5926
4931
4352
4006
3374
1551
2778
569
-231
-393
-1962
-2250
-3610
-3586
-3441
-4478
-6602
-5533
-5899
-6815
-5613
-6463
-6671
-7537
-7178
-5395
-5254
-5761
-5462
-4120
-4176
-3218
-1693
-661
-403
-428
1468
2576
3500
4270
5133
6039
5848
6367
8062
8722
8232
8946
9057
9133
9822
9364
9801
9798
8695
8644
5607
5990
7903
7021
5643
1404
1573
2421
2060
648
-374
-1978
-3102
-2966
-4536
-3501
-4546
-6559
-6700
-7689
-7309
-7664
-8311
-8503
-8040
-9138
-10055
-8725
-8448
-7289
-8181
-8226
-7161
-6786
-5970
-5301
-4050
-3578
-3781
-3413
-1599
-587
-466
334
505
1779
1885
2057
3691
4312
4347
4238
4408
4828
5566
5291
5537
6135
5124
4758
4826
5424
5407
4505
3711
3527
3252
2518
2539
1114
1174
986
-1178
-968
-1717
-2224
-1842
-3019
-3294
-3552
-5060
-4730
-3687
-5196
-4775
-5093
-5870
-4850
-5142
-4735
-4386
-4970
-4612
-3622
-3444
-2705
-1789
-1540
-797
-424
287
1434
2067
2997
3549
3680
4540
5143
6143
6939
6773
7152
7865
7773
8606
9167
8884
8969
9037
8752
9413
7308
4674
8372
8117
7637
4699
1217
3302
3624
2542
1228
265
-2032
-2060
-3048
-3603
-2751
-5908
-6750
-7605
-7935
-7777
-8917
-9222
-9539
-9868
-11316
-10752
-10242
-9483
-9340
-10536
-9123
-8802
-8047
-7080
-6441
-5236
-4966
-4764
-3341
-1380
-1262
-342
305
1194
2685
2392
3614
5173
5390
5400
5720
6243
6987
7178
7013
7982
7560
6571
6587
6952
7381
6527
5487
5229
5038
4067
3599
3356
3239
1876
117
-696
-629
-598
-2522
-2510
-4225
-5096
-4940
-5447
-4641
-5868
-6946
-6907
-6688
-6919
-6202
-6218
-6793
-6016
-6286
-5224
-4707
-4416
-3274
-3065
-2418
-1619
-315
358
1383
2144
2815
3689
4185
5614
6214
6701
7359
7552
8134
8375
8489
8845
9180
8532
9170
9029
8476
8591
7846
7790
7519
5593
2226
4998
5028
4485
2244
-2336
-297
-117
-1089
-2278
-3180
-5026
-5340
-5978
-6828
-4966
-7410
-8226
-8474
-8887
-8245
-9139
-8783
-8250
-8002
-9372
-8917
-7587
-6668
-5912
-6877
-5358
-4937
-4539
-3361
-2357
-732
-837
-1053
17
1897
1914
2580
3364
3660
4471
3489
4577
6208
5992
5604
5506
5608
5490
5437
5169
6169
5522
3913
3782
4034
4365
3407
2720
2526
2159
993
613
1041
1055
132
-1106
-1059
-1342
-2089
-3557
-2221
-2726
-3979
-4086
-5594
-4522
-4829
-4932
-4579
-5415
-6387
-5123
-4543
-4695
-3808
-5204
-4970
-4514
-4219
-2684
-2787
-2760
-2180
-2037
-1790
-290
474
852
1314
1207
2303
2810
3585
4660
4847
4636
4683
5234
6013
6636
6230
6571
6426
5977
6681
6779
6682
6998
6229
6767
6166
5494
2790
2873
5533
4596
4206
-653
-380
1523
1483
389
-770
-1785
-2955
-2418
-3524
-2140
-2478
-5012
-4786
-5465
-4888
-5514
-6007
-5607
-5275
-6193
-7438
-5711
-5290
-4737
-5583
-5543
-4331
-4528
-3843
-3099
-1784
-1733
-2301
-1729
-66
606
115
1119
1521
2241
1808
1767
3585
3768
3133
3069
3650
3698
3610
3391
3963
4262
2538
2247
2924
3357
2564
1677
1825
1964
1130
239
708
849
13
-993
-1048
-619
-1451
-1954
-1726
-1625
-2112
-4701
-4283
-2863
-2761
-3017
-4568
-4609
-4189
-3777
-3170
-2770
-3576
-3907
-3226
-2908
-1840
-2227
-2089
-1794
-1741
-1233
-1202
-588
-48
170
-24
467
952
1271
1993
2082
2618
2642
2665
3398
3693
3717
3854
4052
4224
4574
4207
4605
4878
4800
5107
5095
4794
5262
5147
5880
5826
5585
3290
2230
5496
5603
5944
1752
373
2255
2717
2108
1173
619
-801
-969
-2333
-1450
-784
-3265
-3683
-4570
-4372
-5285
-6280
-5753
-5060
-6081
-8249
-7286
-6886
-6462
-7101
-7206
-5884
-6445
-6642
-5888
-4259
-3783
-4399
-4143
-2807
-2012
-2561
-1281
-224
482
64
-226
1692
2546
2426
2571
3371
3362
3166
3399
4681
5770
4470
3911
4486
5074
4700
4320
4775
4814
3819
2779
3436
3822
3254
2339
2012
2113
904
269
510
806
-172
-1472
-2047
-1504
-2307
-4239
-3182
-3140
-3072
-4767
-5988
-5073
-4291
-4212
-4597
-4911
-5710
-5051
-4404
-3469
-2900
-3934
-3782
-3364
-2277
-1592
-1376
-1079
-867
-663
-357
1002
1731
2347
2280
2374
3070
3294
4111
4818
4878
4475
4432
4700
5511
5617
5211
5333
4936
5077
5373
5209
5380
5134
5046
4978
4594
3818
1233
2651
4121
4131
2427
-1099
-148
1148
1186
-171
-676
-1799
-2286
-2707
-3241
-1611
-2966
-4406
-4812
-4733
-4504
-5559
-5651
-4804
-4495
-6208
-6470
-5352
-4934
-4577
-5210
-4248
-3815
-4479
-4084
-2738
-1644
-2013
-2264
-1727
-412
-672
-426
956
1515
1543
852
1515
2752
2823
2740
3288
3534
2855
2863
3512
4734
4317
3098
3255
3670
3654
3241
3569
3936
3449
2322
2242
2748
2417
1944
1585
1747
1153
47
133
559
191
-754
-1405
-1502
-1679
-2360
-2593
-2229
-3146
-4384
-5168
-5072
-3611
-4161
-5237
-5959
-6046
-5335
-4913
-4785
-4690
-4868
-5134
-4239
-3644
-3306
-3048
-2982
-2275
-2076
-1616
-804
-198
237
624
942
1446
2314
2754
3503
3925
4169
4675
4815
5234
5797
6024
6057
6003
6089
6218
6437
6251
6602
6432
6178
5834
5893
5661
5540
5302
4821
4334
798
2831
3328
3305
1651
-2099
-756
-125
-571
-2002
-2288
-3391
-3629
-4316
-5233
-2994
-5103
-5680
-5822
-5816
-5372
-6621
-6349
-5168
-4618
-6483
-5802
-4819
-4444
-3798
-4366
-2641
-2249
-3065
-2211
-675
232
-71
-49
470
1686
854
1398
2673
2623
2395
1552
2220
2867
2230
1884
2471
2168
1225
1059
1217
1951
941
127
559
315
-160
-530
-88
50
-576
-1334
-706
-546
-1117
-1021
-784
-357
-971
-1408
-533
-17
-455
-529
-243
-64
-62
-328
510
1143
389
317
604
961
904
1045
972
814
567
151
1471
828
506
166
-57
320
124
-165
-321
-276
-797
-780
-999
-1025
-835
-1424
-1160
-1299
-1440
-1635
-1627
-1314
-1457
-1490
-1384
-823
-987
-692
-386
-128
206
171
723
1122
1316
1595
2258
2422
2697
2932
3223
3722
3913
4166
4535
4695
4832
5085
5002
5281
5064
5257
3014
3372
4823
4453
3990
865
998
1899
1569
514
66
-749
-1734
-2090
-3262
-2120
-3159
-4709
-4655
-5115
-5037
-6091
-6501
-5821
-5435
-6737
-6961
-5937
-6122
-5721
-5938
-4809
-3924
-4736
-4248
-2919
-1995
-2052
-1681
-859
243
-31
113
1919
2311
2216
2140
2776
3731
3350
3298
4248
4550
3569
3486
4004
4416
3844
2922
3411
3346
2566
2064
2421
2468
1632
900
1139
1253
314
22
198
180
-545
-1418
-1008
-825
-1642
-1927
-1558
-1643
-2083
-2472
-2116
-1598
-2318
-2553
-2003
-1941
-2232
-2197
-1715
-1311
-1716
-2128
-1373
-1179
-1509
-1911
-1014
-262
-870
-1315
-1397
-530
-352
-720
-514
-397
-854
-975
-352
-157
-143
-812
-785
-407
-646
-616
-317
-186
-457
-627
-459
101
240
147
441
529
611
887
1280
1819
1849
1773
2059
2561
2784
3132
3298
3650
3742
3648
4001
4248
4344
4421
4605
4671
4648
4461
4557
4312
4246
3416
3307
3379
2890
2525
1207
1226
1109
797
-46
-725
-971
-1480
-1685
-2318
-2316
-2868
-3406
-3597
-3840
-3735
-4400
-4311
-4371
-4424
-4680
-4929
-4405
-4336
-4301
-4460
-3892
-3488
-3468
-3167
-2831
-2254
-2226
-2032
-1473
-1065
-1037
-944
-188
56
95
-2
418
878
763
843
1095
1332
1036
1143
1486
1713
1411
1110
1376
1386
1216
972
1206
1274
891
694
848
958
634
459
536
624
329
134
304
287
-9
-255
33
159
-25
-230
-120
-71
-265
-232
20
165
-36
-55
239
290
75
-36
198
200
-354
-515
-36
411
-23
-571
-702
-511
-548
-633
-553
-648
-1129
-1310
-995
-786
-965
-1092
-963
-876
-1066
-1040
-711
-500
-480
-559
-241
143
369
536
818
1059
1232
1409
1729
2099
2069
2008
2331
2610
2688
2619
2595
2817
2727
2546
2651
2676
2486
2286
2316
2286
2234
2028
1733
1588
702
724
930
969
196
-538
-368
-318
-311
-1158
-985
-1005
-1372
-1728
-1854
-1431
-1757
-2070
-2325
-2149
-2387
-2755
-2408
-2292
-2235
-2869
-2850
-2381
-2345
-2419
-2316
-1713
-1755
-1841
-1648
-1039
-786
-1116
-778
-412
-233
-447
-97
511
543
243
208
712
641
535
699
1035
877
296
389
749
810
337
283
460
298
13
33
415
270
49
82
363
326
190
509
907
808
493
632
936
1091
1053
1242
1500
1307
1074
1221
1444
1255
966
898
936
778
447
429
453
177
-136
-294
-395
-748
-1008
-1122
-1163
-1516
-1823
-1874
-1863
-2089
-2248
-2240
-2095
-2191
-2791
-2284
-1768
-1564
-1832
-2087
-1650
-1185
-1120
-899
-514
-559
-503
-228
99
589
592
889
1142
1123
1220
1406
1684
1753
1782
1572
1812
1986
2120
2167
2043
2001
1888
1863
1910
2009
1750
1652
1561
1503
1380
1145
1114
1065
885
763
721
564
398
340
396
493
325
261
282
213
237
220
332
295
277
191
216
276
399
490
355
311
236
310
395
330
285
142
32
-8
-73
-262
-442
-634
-842
-954
-1219
-1391
-1571
-1778
-1874
-1971
-2097
-2210
-2356
-2511
-2558
-2625
-2638
-2619
-2629
-2622
-2525
-2408
-2307
-2202
-2073
-1831
-1606
-1434
-1194
-899
-638
-336
-98
205
476
659
918
1182
1365
1445
1492
1581
1748
1823
1906
1942
1845
1664
1543
1536
1542
1432
1219
1052
831
705
652
567
388
75
-131
-252
-306
-380
-441
-524
-720
-872
-880
-613
-473
-388
-414
-395
-271
-64
163
531
806
847
879
1203
1574
2001
2200
2137
2343
1136
1938
2923
3149
2869
1439
1794
2307
1989
1543
1963
1636
995
524
82
1005
146
-396
-271
-853
-1455
-2107
-1726
-1396
-1878
-3240
-3005
-2597
-3217
-3135
-3102
-2616
-3080
-3914
-3254
-2593
-2913
-3092
-2369
-2162
-2194
-2643
-1841
-755
-1233
-1125
-565
-132
-196
-18
763
1461
1087
792
1703
1983
1895
1919
2354
2736
2095
1897
2462
2789
2330
2135
2220
2117
1578
1176
1738
1631
1008
632
596
530
38
-247
-89
-251
-1103
-1279
-1158
-1222
-1398
-1648
-1478
-1591
-2070
-1985
-1545
-1553
-1696
-1641
-1527
-1412
-1603
-1332
-810
-814
-936
-807
-556
-373
-302
-179
133
9
-74
185
397
529
539
578
672
650
673
921
1029
945
939
883
903
958
1028
1195
1161
1003
929
942
950
1068
1179
1250
1154
990
1036
1120
1140
1137
1124
1006
891
799
890
894
729
578
397
233
174
139
122
48
-209
-362
-428
-523
-595
-666
-789
-867
-1012
-1179
-1159
-1244
-1345
-1414
-1482
-1484
-1437
-1470
-1467
-1407
-1400
-1288
-1217
-1177
-1065
-949
-749
-559
-425
-283
-152
56
271
540
696
792
896
1045
1287
1443
1602
1597
1568
1527
1561
1625
1609
1557
1407
1288
1132
1007
863
659
439
191
-78
-378
-636
-871
-1058
-1244
-1466
-1649
-1840
-1986
-2142
-2225
-2287
-2262
-2193
-2167
-2149
-2082
-1904
-1654
-1325
-1138
-988
-826
-608
-217
217
557
787
1032
1307
1591
1838
2053
2321
2530
2578
2618
2737
2806
2790
2762
2762
2690
2483
2249
2149
1983
1713
1429
1176
900
535
223
-50
-311
-654
-970
-1296
-1581
-1798
-1986
-2095
-2373
-2504
-2700
-2664
-2849
-2720
-3104
-3317
-2713
-2903
-2595
-2941
-2836
-2499
-2298
-2260
-1952
-1777
-1732
-1166
-1116
-664
-496
-520
70
229
526
787
928
1172
1440
1390
1483
1871
1846
2129
2038
2105
2318
2004
2049
2215
2185
2059
2040
1888
1893
1709
1500
1673
1395
1218
1154
1068
1088
1104
1000
968
851
756
909
982
1012
977
823
858
861
815
902
945
860
734
642
670
679
459
437
377
161
-60
-217
-277
-341
-667
-881
-1020
-1316
-1453
-1541
-1685
-1876
-2108
-2304
-2262
-2450
-2449
-2357
-2395
-2485
-2528
-2378
-2153
-2020
-1974
-1786
-1704
-1596
-1394
-1054
-730
-683
-655
-476
-244
-18
229
390
481
449
443
623
787
794
759
721
664
643
646
673
603
508
347
282
251
130
26
-93
-207
-310
-370
-407
-403
-471
-566
-590
-565
-557
-536
-528
-488
-410
-345
-255
-159
-38
69
274
457
585
749
924
1185
1366
1564
1707
1857
2073
2293
2519
2594
2574
2617
2709
2844
2871
2941
2629
2310
2362
2310
2340
1902
1516
1288
1034
636
414
150
-194
-525
-990
-1192
-1568
-2017
-2160
-2337
-2555
-2851
-3077
-3122
-3164
-3280
-3279
-3144
-3209
-3169
-3040
-2750
-2506
-2460
-2193
-1820
-1582
-1431
-1094
-755
-407
-175
49
415
514
639
971
1220
1341
1410
1464
1567
1586
1489
1560
1584
1468
1415
1383
1356
1236
1114
1055
986
796
675
644
639
594
422
373
266
185
145
99
115
89
25
-32
17
-47
-31
-4
-22
47
33
20
98
127
118
172
87
67
73
105
228
261
122
-2
-66
-73
-32
-73
-170
-310
-417
-450
-332
-658
-720
-898
-1138
-832
-1080
-1128
-1283
-1446
-1380
-1293
-1449
-1478
-1500
-1704
-1435
-1474
-1423
-1293
-1425
-1244
-1182
-1050
-821
-609
-546
-327
-177
15
378
416
637
745
828
1136
1302
1416
1589
1564
1550
1698
1580
1665
1684
1502
1612
1492
1399
1410
1211
1043
1018
808
670
566
325
382
288
194
160
-15
-146
-126
-77
-14
74
-12
63
23
80
319
391
439
427
402
511
621
661
783
754
647
706
653
705
753
607
530
395
300
261
181
19
-106
-290
-425
-489
-641
-729
-909
-1083
-1196
-1301
-1375
-1428
-1581
-1674
-1692
-1708
-1664
-1706
-1740
-1724
-1702
-1679
-1567
-1550
-1508
-1408
-1347
-1212
-1117
-1081
-982
-888
-774
-580
-441
-322
-253
-153
43
237
397
536
619
696
809
965
1183
1290
1303
1349
1418
1478
1534
1522
1521
1517
1443
1454
1455
1428
1392
1285
1165
1103
1033
911
789
702
626
602
428
374
300
324
348
342
282
-199
-1
113
357
184
-150
-100
73
76
-12
94
-34
44
-236
-312
9
-219
-372
-302
-351
-557
-819
-723
-520
-751
-1044
-970
-946
-1048
-1207
-1239
-1109
-1265
-1346
-1008
-989
-1171
-1174
-981
-837
-808
-780
-589
-433
-505
-236
-90
-30
-9
32
238
333
350
410
513
475
592
662
658
662
513
519
543
498
524
482
387
298
176
128
152
97
68
32
-87
-105
-149
-207
-175
-176
-184
-178
-260
-220
-220
-200
-122
-100
-93
-95
-100
-76
45
36
119
120
50
109
141
251
331
329
364
438
454
523
567
533
582
613
684
805
801
859
890
859
803
773
777
815
803
677
602
462
427
420
330
222
60
-60
-107
-149
-226
-301
-421
-495
-507
-578
-626
-664
-678
-642
-703
-734
-736
-716
-686
-611
-548
-577
-585
-592
-398
-386
-235
-459
-352
-118
-216
-104
-357
-203
-201
-228
-424
-381
-515
-604
-602
-875
-836
-1067
-1032
-958
-1129
-1278
-1328
-1299
-1224
-1186
-1283
-1162
-1124
-988
-714
-582
-428
-297
-230
58
303
434
632
835
1052
1264
1381
1556
1788
1793
1966
2142
2222
2320
2332
2403
2430
2365
2275
2309
2236
2162
2040
1859
1843
1698
1604
1500
1268
1018
807
610
531
361
155
20
-275
-388
-500
-714
-731
-778
-1074
-1193
-1318
-1469
-1500
-1601
-1644
-1708
-1847
-1887
-1787
-1800
-1764
-1768
-1805
-1738
-1728
-1625
-1483
-1366
-1307
-1212
-1125
-955
-802
-676
-470
-386
-326
-230
-109
33
158
210
165
172
235
311
313
287
210
85
47
18
0
-26
-128
-213
-242
-271
-300
-344
-443
-436
-385
-350
-237
-211
-201
-150
-93
31
209
295
384
550
700
933
1098
1232
1357
1399
1490
1661
1771
1833
1849
1819
1848
1819
1822
1809
1729
1633
1561
1493
1373
1232
1054
924
773
589
434
229
192
82
-103
-333
-585
-727
-814
-922
-1021
-1041
-1181
-1297
-1366
-1434
-1466
-1570
-1545
-1517
-1564
-1615
-1590
-1515
-1436
-1399
-1401
-1336
-1311
-1219
-1033
-867
-759
-725
-645
-491
-320
-158
14
125
153
249
362
568
665
658
673
714
767
823
844
802
736
633
569
529
479
435
379
327
269
173
82
-11
-51
-71
-121
-172
-188
-170
-177
-168
-157
-179
-190
-174
-145
-70
23
69
85
22
82
164
267
283
333
160
28
258
280
361
103
44
94
146
44
52
10
-145
-124
-238
-94
-199
-322
-195
-153
-152
-229
-237
-196
-160
-291
-233
-93
-47
37
47
108
146
91
134
263
240
204
226
251
290
240
234
302
257
226
331
314
305
308
320
391
336
340
403
426
386
450
487
455
423
344
398
375
301
277
241
179
86
39
31
-41
-180
-281
-326
-440
-470
-486
-489
-582
-822
-903
-884
-921
-944
-918
-937
-960
-961
-864
-694
-717
-736
-616
-503
-417
-372
-280
-164
-98
-8
124
185
189
271
333
380
389
361
418
441
485
545
522
507
501
543
579
633
589
526
461
436
527
565
564
501
453
399
369
384
396
347
229
200
192
174
142
40
-12
-66
-143
-196
-251
-326
-401
-431
-454
-495
-579
-636
-688
-713
-699
-677
-668
-691
-654
-578
-484
-429
-397
-341
-310
-234
-136
-65
-39
-27
11
78
129
151
222
197
147
123
147
191
116
21
-24
-43
-52
-2
-3
-45
-126
-205
-211
-196
-119
-57
-24
-65
-83
-37
84
232
271
313
330
398
492
594
671
720
728
736
766
801
846
913
945
942
884
837
826
840
757
761
620
543
425
377
274
236
64
-63
-176
-684
-258
-330
-407
-746
-1017
-1003
-838
-983
-1074
-1036
-1422
-1348
-1339
-1191
-1123
-1485
-1439
-1350
-1341
-1332
-1087
-1112
-954
-1016
-893
-509
-498
-351
-156
-11
44
246
306
671
693
756
1063
1069
1075
1087
1308
1496
1463
1368
1595
1521
1316
1449
1397
1410
1259
1013
990
855
646
627
528
254
128
-108
-137
-222
-524
-533
-590
-722
-773
-777
-827
-825
-971
-918
-776
-842
-733
-686
-670
-599
-569
-485
-271
-228
-218
-98
-24
166
262
318
409
389
419
589
654
661
650
578
638
594
526
548
480
340
275
129
42
-27
-204
-220
-333
-515
-616
-683
-740
-772
-873
-919
-946
-1031
-931
-907
-883
-874
-884
-824
-710
-644
-534
-402
-407
-274
-169
-9
144
178
263
331
400
495
640
682
770
788
824
923
923
951
937
924
926
927
866
840
720
576
525
447
395
288
167
85
19
-94
-162
-227
-262
-300
-374
-408
-438
-450
-455
-457
-507
-533
-538
-507
-456
-429
-381
-363
-307
-204
-131
-87
-42
-1
124
212
302
388
442
461
480
499
524
555
536
545
527
506
465
399
313
264
236
187
115
-13
-106
-165
-217
-281
-417
-539
-658
-699
-732
-743
-779
-869
-944
-990
-945
-925
-883
-872
-836
-761
-721
-646
-565
-475
-432
-363
-255
-160
-42
63
160
209
251
304
385
438
445
468
486
552
562
568
573
540
490
458
451
439
391
329
329
288
233
186
159
175
123
62
54
68
40
-2
18
61
47
13
51
125
163
215
235
278
291
313
377
428
462
471
527
547
551
567
574
576
449
359
403
446
376
269
230
119
50
24
40
-62
-259
-364
-415
-452
-556
-600
-722
-875
-1017
-1066
-1015
-1041
-1091
-1163
-1158
-1190
-1166
-1070
-996
-961
-1008
-923
-800
-662
-575
-435
-333
-254
-152
-74
108
238
328
392
441
475
520
610
702
770
722
714
718
716
756
764
723
644
537
490
521
509
479
415
328
288
248
249
241
155
40
-17
-26
-26
-28
-64
-116
-182
-200
-158
-134
-142
-176
-199
-172
-175
-164
-147
-131
-139
-145
-148
-131
-48
8
105
98
145
46
99
211
208
283
221
275
283
314
265
326
231
228
240
182
179
12
-4
-48
-104
-173
-207
-346
-371
-402
-395
-305
-415
-480
-519
-483
-432
-341
-353
-320
-345
-258
-78
-38
0
9
47
105
190
266
392
360
340
396
415
492
509
506
474
411
351
452
463
418
344
207
184
147
148
156
104
3
-12
-42
-20
-11
-57
-63
-106
-98
-80
-64
-66
-49
-90
-82
-86
-137
-111
-156
-191
-251
-329
-387
-409
-468
-524
-584
-672
-702
-775
-811
-816
-840
-851
-833
-819
-792
-755
-705
-613
-528
-450
-362
-286
-168
-19
96
211
268
365
476
582
717
796
908
929
955
999
1042
1074
1080
1064
999
958
889
878
829
731
605
472
364
295
268
198
57
-68
-91
-149
-213
-287
-359
-434
-444
-448
-450
-491
-529
-500
-495
-496
-539
-569
-559
-495
-422
-332
-342
-366
-337
-280
-154
-54
8
60
111
184
315
435
535
569
541
601
708
826
870
857
822
764
739
747
766
717
644
552
468
409
326
253
158
26
-113
-226
-343
-438
-519
-648
-756
-879
-957
-980
-1019
-1059
-1142
-1184
-1175
-1131
-1079
-1026
-971
-933
-842
-737
-579
-440
-327
-209
-102
18
146
283
383
489
552
627
727
788
846
834
787
744
724
713
675
572
440
344
240
162
55
-76
-199
-339
-450
-549
-628
-697
-779
-891
-945
-926
-885
-825
-817
-805
-782
-735
-626
-496
-318
-205
-143
-59
91
231
331
480
605
695
749
851
951
1004
1053
1077
1075
1058
1054
1057
1036
1005
929
829
714
624
553
464
372
206
55
-87
-228
-354
-462
-570
-715
-878
-983
-1022
-1085
