-265
-250
-225
-192
-159
-123
-85
-51
-28
-12
-1
12
8
-1
-1
9
18
27
45
50
44
42
48
57
57
47
42
43
50
56
63
67
56
53
49
45
50
54
51
49
50
46
41
37
26
20
30
39
44
42
23
-5
-30
-43
-51
-63
-63
-56
-38
-6
23
37
45
52
52
58
64
65
58
51
45
39
26
5
-11
-10
-1
5
17
23
13
-9
-22
-25
-25
-24
-23
-23
-34
-43
-46
-49
-57
-78
-87
-91
-89
-84
-75
-67
-64
-64
-58
-55
-55
-60
-54
-37
-23
-13
-5
-1
-10
-23
-27
-23
-7
23
52
70
73
73
68
63
41
4
-19
-36
-44
-35
-10
-18
-21
-10
-2
-12
-10
-3
-4
20
34
19
-6
-10
-28
-21
15
29
10
3
-3
-29
-41
-49
-63
-68
-43
-22
-3
12
12
-8
-5
-1
3
17
29
24
18
35
42
63
74
83
86
104
116
135
162
178
186
192
208
211
225
247
277
306
322
304
305
318
318
335
372
377
351
352
339
300
254
211
144
107
96
56
6
-43
-103
-160
-179
-226
-310
-376
-423
-471
-479
-455
-463
-497
-512
-523
-524
-499
-468
-433
-384
-334
-297
-246
-205
-182
-148
-93
-41
-3
29
36
28
27
51
68
81
82
74
74
82
95
104
105
82
65
54
46
38
43
60
82
97
98
86
72
70
69
76
75
59
31
3
-30
-53
-70
-97
-126
-138
-150
-173
-173
-151
-136
-126
-104
-89
-86
-76
-50
-28
8
38
50
49
38
26
30
58
71
78
87
88
80
76
72
73
73
61
48
39
-21
-89
-69
-20
-34
-36
6
-25
-61
-18
21
-23
-21
19
25
27
54
42
16
32
37
43
62
44
-1
31
57
21
-7
8
-21
-51
-13
36
44
43
60
53
55
64
71
72
92
94
88
80
61
38
23
30
37
45
52
67
61
67
93
113
97
98
105
84
51
39
27
0
-10
-7
-12
-33
-31
-26
-12
7
16
15
14
9
10
30
29
28
39
62
78
114
148
160
169
186
197
204
226
224
200
191
188
165
156
149
124
110
114
107
83
66
32
-13
-44
-58
-85
-109
-123
-133
-139
-150
-170
-191
-202
-234
-262
-265
-256
-272
-284
-295
-313
-346
-371
-380
-388
-386
-380
-368
-350
-333
-334
-328
-338
-350
-348
-324
-290
-256
-222
-204
-196
-195
-176
-143
-104
-72
-37
5
45
80
116
142
149
154
176
208
237
262
279
283
287
298
302
310
332
351
372
410
444
458
455
431
397
366
341
327
339
353
342
334
318
274
246
270
307
337
374
408
446
501
543
567
559
394
153
104
228
234
172
204
154
-38
-102
-37
-141
-343
-417
-400
-448
-536
-604
-683
-810
-925
-932
-901
-971
-1055
-971
-836
-815
-821
-765
-754
-791
-715
-513
-355
-298
-232
-119
-68
-103
-86
-22
-7
12
137
288
338
328
354
388
375
363
376
386
374
397
480
507
432
333
266
218
175
159
166
160
142
145
153
128
74
29
10
31
78
113
120
116
97
71
43
28
5
-2
-32
-76
-47
1
-31
-86
-77
-135
-218
-204
-177
-255
-271
-209
-238
-291
-296
-335
-389
-349
-299
-273
-207
-154
-148
-81
-20
-45
-50
1
-4
9
97
169
188
201
215
190
176
145
139
162
177
165
201
230
205
198
221
220
194
213
246
277
295
313
309
283
257
256
263
265
284
321
338
391
447
415
384
431
434
406
480
537
487
473
532
488
426
464
479
427
432
438
375
344
325
266
213
173
61
-38
-66
-106
-169
-195
-252
-367
-454
-500
-562
-614
-635
-666
-710
-748
-771
-789
-803
-829
-823
-805
-821
-854
-861
-860
-857
-843
-827
-810
-791
-770
-737
-683
-636
-600
-556
-502
-469
-430
-375
-325
-271
-215
-162
-118
-75
-37
3
48
92
135
180
221
240
262
311
372
413
443
477
504
525
553
605
652
691
727
762
786
825
875
913
972
1044
1079
1078
1113
1137
1128
1131
1140
1086
987
842
641
474
412
370
292
204
85
-93
-266
-402
-554
-706
-834
-913
-982
-1045
-1114
-1173
-1230
-1277
-1275
-1262
-1260
-1249
-1172
-1072
-976
-895
-833
-798
-767
-688
-554
-404
-290
-203
-113
-41
-13
18
64
99
143
245
350
406
429
454
466
450
423
388
341
290
267
274
286
268
231
200
174
146
132
136
142
144
144
154
153
149
133
108
99
112
142
195
258
288
301
314
295
243
213
143
35
-10
19
14
-6
-8
-75
-162
-186
-206
-275
-279
-264
-281
-262
-230
-267
-313
-317
-335
-325
-263
-230
-219
-183
-156
-164
-156
-146
-165
-142
-92
-38
6
55
85
114
118
97
110
155
184
202
261
315
337
352
403
408
358
329
387
417
419
460
496
485
484
532
547
561
574
609
655
709
724
763
828
867
884
944
930
757
599
577
570
475
464
494
402
195
91
-5
-229
-456
-536
-582
-711
-808
-845
-908
-1021
-1077
-1063
-1086
-1192
-1217
-1119
-1021
-992
-903
-774
-722
-717
-633
-501
-438
-384
-270
-138
-114
-109
-42
4
-16
-18
30
37
19
32
87
133
111
38
-5
-20
-128
-186
-61
27
-35
-28
28
-116
-262
-263
-306
-427
-437
-394
-401
-395
-409
-427
-407
-396
-405
-312
-191
-171
-103
47
124
132
200
289
332
392
479
599
678
706
762
849
864
846
916
986
1010
1068
1148
1167
1148
1136
1110
1100
1098
1107
1151
1193
1164
1107
1112
1096
1044
995
910
671
377
186
116
45
-51
-150
-294
-493
-678
-791
-940
-1141
-1310
-1373
-1420
-1485
-1537
-1559
-1620
-1675
-1653
-1597
-1584
-1582
-1502
-1359
-1214
-1077
-942
-847
-777
-682
-519
-384
-282
-179
-59
25
80
116
181
257
324
408
480
499
477
489
496
487
465
446
409
378
349
332
318
288
256
229
196
132
82
38
-23
-69
-74
-73
-88
-100
-79
-55
-52
-61
-33
-101
-258
-312
-263
-280
-271
-170
-201
-289
-285
-267
-351
-372
-357
-394
-411
-403
-409
-406
-385
-390
-340
-245
-219
-185
-54
50
76
128
198
230
316
436
540
586
617
658
714
747
748
767
810
864
922
995
1042
1061
1075
1115
1169
1234
1302
1375
1440
1481
1516
1544
1551
1489
1458
1452
1404
1289
1049
744
540
527
477
333
196
42
-185
-395
-536
-737
-994
-1191
-1297
-1381
-1482
-1594
-1683
-1745
-1788
-1767
-1707
-1742
-1776
-1658
-1445
-1309
-1202
-1048
-902
-765
-607
-451
-384
-374
-334
-219
-155
-176
-158
-60
43
104
181
239
217
177
204
248
226
163
133
117
96
94
99
59
-29
-89
-109
-136
-175
-196
-220
-313
-448
-537
-535
-555
-580
-514
-448
-481
-482
-395
-351
-341
-275
-201
-187
-160
-107
-71
-51
-31
21
108
168
174
227
330
396
427
465
488
476
514
587
614
599
614
648
641
604
610
672
718
757
830
893
904
887
918
963
959
972
1024
1058
1065
1104
1145
1176
1220
1287
1336
1357
1317
1263
1235
1177
1011
725
428
250
233
220
177
88
-54
-273
-483
-669
-916
-1214
-1446
-1548
-1603
-1665
-1732
-1805
-1857
-1859
-1810
-1796
-1861
-1887
-1768
-1551
-1372
-1201
-1021
-809
-612
-427
-263
-179
-139
-93
31
89
98
137
235
335
401
466
461
390
320
300
282
234
159
100
84
85
97
103
57
-54
-148
-222
-383
-660
-808
-735
-620
-565
-483
-449
-562
-647
-669
-793
-991
-1042
-953
-842
-724
-611
-546
-498
-468
-419
-371
-406
-462
-316
-62
127
226
388
361
-10
20
281
658
666
462
629
965
1269
1123
933
943
1199
1555
1561
1406
1416
1618
1868
1791
1602
1789
2209
2546
2649
2678
2655
2643
2668
2524
2219
1887
1598
1274
575
-460
-1355
-1669
-1612
-1681
-1806
-1682
-1357
-1307
-1573
-2068
-2498
-2727
-2690
-2450
-2155
-1738
-1194
-649
-309
-179
-122
-54
-13
46
246
526
684
673
685
771
776
654
478
263
26
-185
-410
-657
-823
-860
-757
-662
-663
-782
-936
-1064
-1146
-1112
-980
-772
-472
-121
185
377
464
464
376
172
-177
-651
-1040
-1110
-889
-767
-832
-766
-615
-575
-754
-1027
-1252
-1258
-1003
-714
-486
-332
-130
105
242
204
161
297
529
793
1114
1390
1478
1419
1386
1401
1395
1388
1419
1446
1431
1396
1237
1022
835
792
891
1008
1088
1084
1111
1199
1273
1357
1428
1592
1845
2107
2244
2242
2247
2242
2291
2425
2379
1930
1279
702
35
-1065
-2469
-3700
-4225
-4061
-3618
-3266
-3018
-2570
-1999
-1688
-1971
-2443
-2540
-2184
-1633
-1052
-436
94
481
726
826
708
403
53
-225
-414
-464
-435
-495
-664
-736
-645
-567
-678
-876
-941
-859
-709
-536
-353
-189
11
230
337
305
225
199
222
282
358
415
400
352
306
263
131
-48
-359
-912
-1486
-1962
-2213
-2371
-2218
-1762
-1217
-623
-214
-44
-117
-183
-212
-243
-195
-141
16
219
305
292
279
284
304
442
662
849
990
1105
1214
1263
1329
1427
1549
1716
1880
2015
1988
1848
1654
1478
1344
1320
1445
1606
1775
1972
2225
2358
2405
2451
2583
2730
2834
2873
2804
2680
2558
2528
2434
1936
962
14
-808
-2113
-4233
-6124
-6450
-5360
-4232
-3817
-3197
-1809
-498
-401
-1203
-1791
-1721
-1289
-844
-350
203
679
882
775
488
161
-283
-935
-1494
-1592
-1351
-1235
-1359
-1347
-942
-420
-163
-132
10
298
522
596
625
702
728
618
392
211
-12
-394
-809
-1043
-1098
-1140
-1204
-1278
-1270
-1207
-1072
-1021
-1203
-1494
-1508
-1489
-1740
-1910
-1532
-811
-297
125
440
611
473
190
-121
-438
-636
-637
-524
-431
-295
-90
63
148
386
770
1154
1423
1673
1956
2148
2203
2155
2089
1989
1960
1973
1938
1767
1548
1334
1029
868
919
1058
1119
1356
1714
1997
2135
2165
2178
2235
2520
2800
2857
2801
2742
2851
2721
1740
508
133
833
893
-97
-1961
-4041
-5479
-5580
-4859
-4802
-4704
-3189
-694
757
489
-194
-573
-787
-761
-312
116
103
-37
69
282
264
-152
-835
-1515
-1827
-1666
-1419
-1516
-1723
-1528
-1029
-547
-184
178
458
692
890
988
989
886
638
283
43
-74
-325
-808
-1228
-1341
-1304
-1319
-1359
-1340
-1237
-1109
-820
-600
-377
-676
-1578
-2289
-2251
-1728
-1354
-685
150
1038
1513
1468
870
0
-727
-1051
-1012
-838
-660
-367
-190
-146
18
199
363
583
985
1512
2013
2222
2168
1992
1733
1482
1344
1284
1279
1318
1304
1197
1032
897
730
653
732
965
1270
1695
2065
2190
2079
2058
2438
2776
2730
2501
2571
2552
2494
2469
2649
2605
2344
1669
443
-1611
-4750
-7848
-8900
-7441
-5685
-4583
-2983
-256
1677
1547
485
-216
-757
-1201
-964
-264
211
379
452
277
-65
-433
-937
-1718
-2402
-2527
-2184
-1937
-1957
-1749
-1139
-449
118
678
1224
1566
1644
1576
1541
1480
1155
566
21
-255
-534
-1000
-1504
-1728
-1829
-1836
-1741
-1420
-1103
-900
-697
-408
8
-474
-1483
-2129
-1716
-1139
-482
475
1352
1718
1477
1088
470
-344
-1187
-1665
-1681
-1269
-628
-145
-261
-398
-155
428
1100
1624
1967
2297
2684
2779
2604
2192
1710
1316
1240
1408
1661
1751
1536
1133
733
504
354
330
383
572
957
1555
2056
2206
1968
1659
1565
1929
2413
2529
2540
2522
2525
2262
1522
701
837
2116
2772
2116
248
-3034
-6758
-8682
-7810
-6473
-5513
-3670
-451
1808
2027
1586
999
-624
-2181
-1888
-441
318
231
-21
-264
-504
-677
-881
-1441
-2210
-2653
-2364
-1719
-1198
-1072
-1230
-1229
-679
331
1311
1822
1683
1299
1268
1511
1400
640
-207
-826
-1202
-1413
-1412
-1494
-1746
-1968
-1740
-1259
-840
-687
-662
-535
-621
-735
-1094
-1213
-1185
-787
-185
608
1341
1512
1258
761
185
-485
-977
-1267
-1253
-1095
-844
-647
-411
-281
-71
369
1000
1668
2226
2631
2788
2738
2422
2030
1636
1365
1268
1337
1472
1485
1360
1045
613
254
80
138
334
706
1181
1664
2094
2336
2319
2134
2126
2318
2578
2718
2708
2441
2203
1463
488
144
915
1943
2382
2425
1650
-541
-4198
-7125
-7961
-7481
-6673
-4601
-1537
915
1637
1566
1156
220
-1207
-1852
-1167
-356
-137
-50
-7
-446
-1026
-1383
-1540
-1787
-1979
-1833
-1357
-1047
-1144
-1288
-1302
-1197
-809
-37
817
1318
1434
1405
1285
966
421
-237
-844
-1355
-1653
-1725
-1614
-1507
-1414
-1280
-1042
-805
-711
-931
-968
-982
-1165
-1218
-748
-85
295
710
1010
1221
1049
721
331
-89
-583
-769
-714
-603
-557
-450
-474
-459
-205
93
572
1137
1695
2093
2442
2629
2492
2148
1784
1560
1470
1469
1444
1349
1118
911
720
524
386
385
564
792
1238
1619
1860
1934
2072
2059
2026
2002
2015
2047
2146
2359
2576
2898
3041
2940
2661
2513
2753
2941
2339
509
-2832
-6878
-9477
-9140
-7491
-6136
-4438
-1715
814
1723
1497
935
-134
-1549
-1922
-765
441
651
197
-443
-1018
-1394
-1606
-1870
-2259
-2654
-2604
-2001
-1429
-1332
-1605
-1818
-1580
-667
598
1701
2192
2114
1846
1583
1217
629
-196
-1094
-1638
-1673
-1488
-1413
-1485
-1704
-1918
-1969
-1763
-1405
-1087
-703
-559
-848
-891
-115
790
1085
1282
1543
1624
1375
892
227
-632
-1445
-1677
-1422
-1127
-979
-886
-923
-779
-218
417
1022
1641
2038
2242
2507
2594
2285
1806
1467
1307
1326
1437
1479
1343
1061
858
836
824
795
861
961
1045
1154
1337
1425
1513
1718
1946
2124
2235
2186
2175
2207
2089
2021
2283
2720
2920
3042
3061
2975
2706
2571
2598
2415
750
-3103
-7341
-9126
-7927
-6486
-5591
-3875
-1117
487
558
540
486
-742
-2157
-1982
-498
430
323
-357
-1279
-2164
-2617
-2475
-2132
-2110
-2403
-2293
-1615
-1128
-1416
-2075
-2396
-2074
-1019
638
2146
2730
2378
1725
1106
611
41
-777
-1640
-1989
-1718
-1243
-950
-994
-1461
-1923
-1936
-1483
-1182
-927
-981
-1314
-1239
-333
805
1324
1569
1502
1368
1168
936
384
-510
-1254
-1412
-1264
-1025
-831
-834
-1129
-1091
-516
225
1020
1691
2103
2334
2570
2696
2450
2005
1579
1471
1626
1946
2143
1948
1483
895
384
91
78
94
237
602
1083
1426
1704
1915
1886
1751
1770
1990
2310
2437
2561
2646
2584
2133
1935
2280
2257
1878
1940
2504
2792
2753
3036
2863
623
-3775
-7553
-8289
-6856
-5576
-4496
-2496
-119
655
84
-154
-314
-1403
-2225
-1165
686
1474
1003
-158
-1560
-2706
-3059
-2495
-1662
-1181
-1019
-838
-591
-732
-1460
-2427
-2848
-2274
-721
1357
2922
3229
2458
1357
381
-311
-795
-1231
-1554
-1454
-905
-323
-217
-761
-1721
-2497
-2641
-2165
-1291
-390
-201
-452
-224
371
462
132
2
35
160
479
855
713
-181
-1153
-1656
-1729
-1418
-961
-684
-504
-49
496
934
1327
1434
1364
1499
1969
2440
2729
2669
2202
1621
1251
1158
1025
876
773
802
882
1019
1099
840
523
342
616
1161
1745
2107
2170
1975
1637
1360
1258
1345
1376
1338
1478
2053
2392
2346
1858
1616
1630
1756
2113
2848
3763
3508
1284
-2866
-6621
-7802
-6811
-5578
-4384
-2477
-653
-249
-930
-1321
-1552
-2191
-2533
-1342
592
1593
1109
-247
-1868
-3127
-3360
-2474
-1154
-327
-52
-127
-451
-1208
-2128
-2919
-3234
-2667
-1061
1103
2699
2953
1962
605
-444
-821
-755
-611
-501
-298
-46
81
-108
-753
-1757
-2467
-2474
-1823
-802
258
810
-70
-1049
-935
-255
-227
-112
731
1240
1283
1142
939
101
-1089
-1781
-1715
-1110
-313
206
185
-151
-337
-377
-82
613
1167
1619
2243
2872
2915
2488
1837
1071
456
423
964
1534
1818
1714
1424
981
694
407
312
599
1025
1584
2082
2413
2149
1607
1163
1015
1286
1429
1670
2046
2345
2217
2096
2088
1865
1478
1429
2137
3205
4040
4685
4950
2355
-3404
-8385
-8704
-6466
-5184
-4088
-1650
251
-861
-2663
-2808
-2316
-2673
-2439
-572
1631
2484
1782
-25
-2375
-4112
-4055
-1923
550
1753
1409
367
-1093
-2786
-4038
-4462
-4213
-3172
-960
1548
2918
2472
833
-1135
-2277
-2026
-808
521
1410
1600
929
-60
-910
-1563
-2114
-2106
-1510
-591
345
1097
979
-122
-1316
-2216
-2237
-1505
-208
519
756
848
616
139
-439
-700
-834
-590
170
918
1103
728
-24
-830
-1274
-840
157
1337
2374
2804
2647
2044
1401
710
355
484
1048
1762
2308
2485
1963
1188
409
-6
77
817
1797
2439
2576
2363
1814
1169
591
442
811
1403
2053
2412
2417
2153
1794
1569
1302
1474
2039
2787
3335
3482
3335
3094
3240
3441
1805
-2388
-6298
-6628
-4445
-3509
-3436
-2553
-1625
-2563
-3863
-3452
-2443
-2252
-1935
-479
728
405
-697
-1702
-2601
-2949
-2179
-372
1256
1779
1147
-106
-1645
-3209
-3909
-3285
-1853
-503
601
1352
1129
-98
-1319
-1783
-1615
-905
252
1263
1566
1154
321
-718
-1519
-1710
-1206
-280
511
563
-68
-777
-1276
-1607
-1480
-1267
-996
-522
-31
-64
-587
-869
-1163
-1238
-920
-89
520
483
155
-128
-464
-560
-258
207
496
786
1051
1139
1155
942
680
671
1042
1462
1697
1798
1638
1064
483
305
511
803
1117
1506
1798
2019
1997
1757
1529
1406
1380
1321
1522
1927
1916
1607
1250
1296
1492
1729
1837
1740
1905
2130
2346
2285
2137
2213
2703
3488
4159
4802
3582
-1233
-6781
-7686
-4029
-1844
-2164
-2151
-1399
-2838
-4996
-4696
-2944
-2491
-2360
-595
1451
1477
-128
-2072
-3573
-3638
-1856
1142
3252
3155
1006
-1195
-2275
-2480
-2324
-1746
-888
-261
256
743
504
-909
-2535
-2933
-1734
348
2002
2248
995
-797
-2101
-2164
-1219
-190
296
453
555
260
-305
-819
-1046
-1329
-1045
-177
1005
852
-1004
-2327
-2311
-1367
-1211
-681
-342
-543
-1077
-1118
-447
-26
-81
-50
255
620
724
345
-98
-538
-237
292
1377
2078
1873
1145
759
780
765
897
1160
1339
1347
1555
1820
1931
1713
1432
1250
1432
1846
1875
1413
915
817
871
1149
1466
1627
1396
1205
1333
1572
1969
2199
2562
2659
2800
2571
2319
2420
2780
3363
3885
4483
2384
-2860
-7066
-5705
-1892
-1045
-2291
-2734
-3322
-5574
-6490
-4408
-2013
-1718
-1629
-765
-330
-1299
-2498
-3380
-3568
-2381
3
2230
2597
1161
-1130
-2329
-2008
-770
177
530
84
-846
-1251
-799
-317
-542
-734
-372
451
1011
843
-251
-1553
-2179
-1644
-254
1142
1568
763
-233
-693
-585
-122
556
928
748
515
474
519
423
-344
-983
-1047
-594
-687
-1135
-1268
-1247
-1075
-742
52
386
-111
-760
-695
-204
461
952
1251
1008
709
583
561
626
639
727
888
1283
1572
1588
1421
1276
1056
1135
1469
1737
1512
1089
789
685
794
979
1143
974
929
991
1119
1159
1285
1543
1792
2132
2148
1925
1868
1916
1755
1656
2073
2688
2579
2476
2669
3151
3232
3371
2674
-797
-4663
-5015
-1719
-463
-2019
-3642
-4129
-5307
-6120
-4270
-1607
-1104
-2324
-2583
-2411
-2620
-3027
-2650
-2313
-1585
-303
1243
1660
721
-684
-1531
-1014
112
1080
960
271
-889
-1310
-677
522
806
-10
-916
-1255
-939
-611
-388
-702
-1205
-1463
-954
-258
94
-224
-788
-940
-412
473
1085
1193
763
223
14
174
387
91
-760
-1091
-860
-436
-650
-1028
-1451
-1794
-1772
-1321
-560
-270
-363
-455
-274
-119
-4
-134
-252
-370
-101
404
1036
1457
1524
1519
1472
1597
1745
1867
1716
1640
1695
1998
2138
1921
1479
947
609
526
829
1245
1486
1359
1219
1434
1863
2082
2131
2110
2131
2108
2159
2438
2807
3055
2991
2997
3019
3369
3755
4161
4447
4244
2228
-1930
-4673
-3364
-449
-831
-3563
-5172
-5508
-6278
-6001
-3348
-1416
-2530
-4410
-4225
-3455
-3367
-3198
-2434
-2197
-2101
-1150
139
401
-394
-890
-585
495
1425
1710
1015
70
-516
-256
829
1727
1415
63
-737
-583
-37
61
-230
-1017
-1890
-2155
-1500
-603
-434
-808
-1260
-1230
-820
-57
532
631
279
-3
234
828
1321
1220
839
165
-397
-635
-509
-648
-1228
-1641
-1704
-1440
-1252
-1072
-1220
-1540
-1718
-1439
-1001
-644
-328
-170
-59
116
593
1051
1424
1483
1426
1523
1911
2256
2302
2281
2249
2114
1744
1537
1433
1213
910
967
1319
1531
1452
1167
836
743
1114
1458
1773
1955
1916
1768
1918
2353
2473
2506
2417
2467
2647
3042
3428
3586
3394
3055
3073
3286
3262
1047
-2537
-4150
-1749
355
-1114
-3539
-4591
-5147
-6061
-4725
-2068
-1656
-4044
-5403
-4562
-3710
-3388
-2784
-2583
-3511
-3590
-1950
129
734
428
-22
-56
431
1220
1846
1751
1462
1119
1427
2050
2218
1124
-206
-562
-142
241
60
-525
-1689
-2583
-2640
-1665
-869
-912
-1575
-2038
-1854
-1312
-596
-270
-316
-634
-598
-198
465
756
516
-98
-646
-576
-252
-158
-745
-1259
-1656
-1849
-1756
-1358
-1154
-1443
-1645
-1436
-1063
-977
-901
-811
-670
-480
51
653
1051
1186
1182
1336
1631
1972
2028
1982
2048
2204
2191
2124
2116
1932
1549
1345
1616
1853
1814
1681
1728
1736
1559
1365
1249
1430
1528
1408
1337
1754
2208
2402
2585
2730
2650
2222
2318
3016
3952
4411
4782
3667
125
-2506
-691
2762
1793
-1975
-3946
-3482
-3662
-3561
-1700
-958
-3550
-6318
-5449
-3473
-3187
-3803
-3778
-4209
-4784
-3763
-1396
-111
-716
-1337
-1037
20
950
1719
2047
2141
2143
2159
2471
2598
2185
1315
1301
2017
2284
1333
-24
-921
-1446
-1394
-889
-450
-1166
-2453
-3039
-2525
-1779
-1415
-1302
-1521
-1862
-1915
-1221
-246
371
351
59
-30
122
519
584
218
-204
-392
-442
-576
-536
-723
-1035
-1326
-1314
-1250
-1380
-1492
-1276
-851
-595
-451
-418
-513
-760
-544
100
861
1211
1205
1183
1170
1310
1394
1599
1693
1726
1709
1949
2367
2542
2380
2067
1973
1946
1812
1545
1542
1618
1570
1383
1309
1238
916
555
513
975
1284
1229
1164
1387
1971
2570
2870
2926
3072
3183
2794
1134
-329
8
1868
1410
-1241
-3005
-2738
-2393
-2831
-2426
-2101
-3228
-5094
-4788
-3363
-3264
-4158
-4214
-3928
-4304
-3902
-2267
-841
-919
-1155
-578
150
483
813
1466
1887
1959
1852
2061
2339
2286
1938
1830
2047
1742
920
67
-126
-70
-92
-161
-407
-1004
-1818
-2100
-1824
-1492
-1521
-1696
-1798
-1926
-1918
-1593
-947
-491
-342
-347
-295
-116
44
264
160
-137
-394
-376
-386
-475
-373
-261
-153
-179
-88
-99
-212
-357
-257
-8
88
159
186
179
57
136
229
203
110
182
500
884
1307
1604
1813
1834
1785
1869
2151
2427
2447
2362
2260
2054
1779
1445
1150
784
504
290
328
576
690
613
380
463
568
797
1080
1500
1859
2133
2564
3068
3554
3952
3340
956
-951
278
2729
1614
-1731
-2990
-1838
-1645
-2261
-1689
-1570
-3548
-5290
-3974
-2314
-3027
-4378
-4164
-3940
-4572
-4089
-2303
-1381
-2102
-2306
-1442
-792
-715
-234
820
1370
1188
935
1273
1726
1712
1564
1973
2614
2360
1391
793
888
785
292
209
253
-436
-1590
-1892
-1447
-1420
-1823
-1939
-1680
-1767
-2006
-1779
-1064
-588
-659
-760
-541
-171
-56
56
303
603
330
-41
184
639
555
21
145
425
411
104
278
713
522
8
-168
49
-114
-390
-339
-69
-58
-207
-128
200
536
600
693
899
1146
1342
1429
1597
1606
1457
1198
1002
947
944
1067
1249
1478
1340
943
594
608
797
815
1015
1056
1092
1031
1140
1581
1901
2144
1980
1945
2182
2376
2733
2988
3342
2998
1286
-221
257
2201
1769
-713
-2042
-1288
-706
-1144
-1176
-1243
-2430
-3925
-3381
-2073
-2413
-3738
-3984
-3525
-4048
-4178
-3136
-2038
-2149
-2576
-2038
-1468
-1253
-958
107
1069
1220
1132
1366
1840
1873
1774
1871
2017
1716
861
249
108
269
180
39
-74
-584
-1197
-1541
-1347
-1268
-1447
-1648
-1839
-2064
-2324
-2074
-1643
-1342
-1309
-1238
-1139
-1070
-686
-202
113
-5
-50
-146
-178
63
638
1007
645
235
95
381
532
585
576
272
-77
-256
-129
-77
-60
-48
-103
-115
-29
114
176
229
192
133
128
299
659
999
1307
1493
1516
1376
1266
1401
1537
1582
1589
1659
1654
1429
1231
1238
1426
1402
1251
1304
1381
1516
1494
1609
1624
1579
1813
2006
2314
2253
2349
2813
3182
3308
2338
750
32
1080
2238
547
-1723
-2256
-1176
-1055
-1520
-1257
-1618
-3107
-4139
-2929
-2250
-3361
-4423
-3962
-3615
-4438
-4110
-2676
-1746
-2118
-2142
-1297
-1156
-1142
-557
572
847
386
421
825
1347
1411
1570
1689
1501
1077
586
646
805
864
537
263
73
-572
-1082
-1171
-906
-1169
-1593
-1491
-1408
-1563
-1851
-1476
-1074
-1067
-1067
-793
-242
0
347
584
609
385
308
386
320
498
723
938
635
255
-92
-221
10
204
305
-56
-430
-611
-632
-625
-662
-590
-723
-878
-798
-498
-307
-324
-286
-144
90
165
290
493
673
834
946
1124
1140
1139
1184
1286
1460
1500
1529
1544
1577
1539
1486
1517
1573
1698
1768
1973
2158
2235
2059
1831
1822
1966
2245
2489
2554
2752
2952
3206
2536
863
285
1441
2544
689
-1462
-1532
-512
-604
-1314
-1007
-1386
-2778
-3404
-2126
-1465
-2712
-3414
-2868
-2724
-3682
-3596
-2360
-1895
-2286
-2329
-1554
-1382
-1488
-918
25
377
-72
-35
580
1211
1264
985
1052
1078
762
222
199
425
205
-185
-321
-250
-751
-1327
-1295
-945
-1029
-1581
-1620
-1392
-1388
-1631
-1522
-1072
-1065
-1271
-1178
-609
-171
-146
-85
18
70
-249
-436
-49
452
582
184
151
223
113
-160
-245
-126
-400
-614
-520
-245
-327
-657
-578
-360
-279
-438
-422
-182
-48
54
120
322
433
450
513
657
841
785
756
893
1073
1141
1113
1343
1576
1647
1570
1556
1651
1492
1352
1317
1457
1513
1511
1655
1740
1708
1520
1473
1569
1616
1618
1732
1986
2167
2156
2329
2657
2644
1525
191
422
1729
1744
-202
-1198
-560
-16
-536
-790
-532
-1324
-2479
-2407
-1308
-1444
-2802
-3123
-2555
-2722
-3558
-3154
-1879
-1662
-2190
-2110
-1473
-1587
-1774
-980
53
83
-478
-189
445
569
357
581
1023
845
461
361
605
616
332
290
395
305
-220
-465
-188
-95
-489
-896
-779
-745
-1047
-1137
-793
-484
-699
-753
-438
-241
-379
-466
-224
-223
-456
-532
-199
-39
-183
-155
176
286
-142
-368
-237
18
-48
-196
-144
-149
-278
-464
-317
-138
-315
-562
-612
-446
-521
-642
-503
-263
-161
-166
113
372
361
294
525
889
962
980
1119
1314
1319
1266
1389
1453
1384
1266
1329
1444
1363
1290
1313
1443
1499
1490
1515
1616
1701
1714
1696
1785
1970
2063
2162
2285
2454
2668
2722
2608
1757
654
549
1455
1900
401
-840
-862
-406
-606
-970
-890
-1394
-2144
-2259
-1634
-1691
-2872
-3521
-3188
-3066
-3571
-3517
-2655
-2424
-2878
-2938
-2289
-2080
-2240
-1554
-385
84
-403
-383
246
565
530
784
1438
1349
670
362
706
987
735
720
980
949
354
-75
103
127
-262
-731
-815
-1012
-1514
-1729
-1386
-930
-965
-1106
-962
-824
-908
-1005
-651
-219
-124
-211
-120
185
119
-7
134
419
291
-211
-218
154
366
116
-279
-304
-444
-566
-464
-139
-14
-415
-548
-342
-80
-58
-99
63
2
-235
-377
-192
35
176
447
727
769
479
319
473
751
978
1143
1326
1324
1128
1095
1297
1572
1516
1397
1448
1579
1583
1495
1570
1653
1658
1641
1837
1900
1958
1846
1942
2047
2142
2437
2587
2652
1695
538
346
1144
1421
13
-976
-932
-707
-970
-1147
-939
-1674
-2791
-3046
-2372
-2051
-2901
-3364
-3114
-2774
-2864
-2703
-2016
-2085
-2589
-2635
-1680
-1087
-1221
-961
-259
219
-97
10
722
1167
1163
1227
1751
1701
1056
699
984
1368
1152
911
822
534
-44
-436
-257
-308
-739
-1111
-1091
-1065
-1397
-1508
-1308
-1058
-1092
-1125
-924
-764
-693
-618
-319
-62
-51
-138
-67
147
177
144
112
228
276
281
288
194
12
-255
-325
-184
-214
-453
-650
-557
-415
-403
-327
-262
-313
-507
-539
-316
-66
27
106
295
439
473
485
600
686
710
840
1120
1377
1386
1236
1169
1224
1305
1437
1606
1719
1626
1537
1515
1556
1505
1383
1433
1484
1485
1357
1266
1292
1282
1325
1429
1524
1502
1291
1206
1275
1391
1351
594
-270
-547
60
434
-196
-762
-1062
-1287
-1669
-1440
-938
-1297
-2134
-2444
-2011
-1708
-1862
-2021
-2212
-2565
-2865
-2462
-1614
-1372
-1755
-2021
-1611
-1169
-898
-501
-151
-203
-635
-498
152
482
281
144
522
727
496
209
87
-78
-405
-283
288
486
-61
-714
-702
-414
-362
-426
-360
-394
-746
-853
-449
-31
-131
-445
-386
-173
-170
-253
-121
52
-134
-447
-397
-88
45
-143
-127
54
-7
-258
-331
-31
35
-102
-144
78
205
67
-40
0
26
-80
-115
44
182
190
190
274
244
71
7
176
486
718
888
1060
1162
1106
919
827
926
1070
1185
1272
1379
1372
1269
1207
1276
1360
1314
1201
1126
1127
1115
1097
1115
1135
1112
1039
1012
1005
941
816
718
746
800
857
886
945
1119
1309
1438
1092
558
178
361
605
435
216
-15
-276
-680
-540
-43
6
-531
-1164
-1466
-1601
-1739
-1710
-1704
-1912
-2379
-2500
-2134
-1962
-2176
-2443
-2324
-2239
-2234
-1967
-1553
-1383
-1653
-1698
-1319
-889
-683
-597
-355
-292
-426
-443
-198
43
-59
-157
17
343
493
384
295
135
-106
-263
-168
-29
-152
-393
-499
-414
-350
-323
-251
-224
-297
-414
-389
-242
-134
-99
-114
-118
-159
-133
81
358
418
156
-82
-97
82
151
173
234
329
432
550
736
751
559
341
281
376
423
405
408
415
348
186
158
200
214
183
258
461
599
648
629
686
721
651
573
602
702
665
584
608
671
678
607
615
652
621
593
618
681
661
618
632
713
814
915
988
1041
1006
961
998
1178
1413
1613
1785
1947
2004
1819
1580
1455
1497
1385
1217
1145
984
542
76
40
94
-135
-533
-943
-1337
-1786
-2133
-2298
-2408
-2606
-2873
-2862
-2672
-2596
-2659
-2644
-2479
-2300
-2026
-1703
-1447
-1326
-1277
-1122
-918
-760
-691
-589
-355
-199
-188
-211
-152
-107
-154
-94
11
85
88
143
270
261
139
-26
-47
11
71
98
60
-25
-185
-248
-159
12
128
205
276
273
222
213
311
406
415
383
397
457
448
326
138
-45
-185
-229
-184
-96
-60
-108
-104
-19
24
-76
-168
-183
-176
-180
-148
-39
54
127
194
295
363
317
268
249
244
211
203
273
339
338
294
293
299
247
188
202
228
211
200
262
348
446
608
782
913
986
1053
1146
1241
1363
1516
1617
1598
1518
1513
1592
1694
1763
1801
1782
1674
1571
1528
1554
1410
1058
687
405
126
-142
-110
-2
-116
-346
-458
-565
-826
-1010
-1075
-1192
-1424
-1739
-1934
-1994
-2043
-2220
-2350
-2290
-2261
-2294
-2269
-2146
-2121
-2212
-2160
-1988
-1791
-1677
-1595
-1386
-1101
-821
-709
-624
-491
-416
-407
-336
-118
14
10
28
167
302
384
531
654
658
534
426
440
492
503
491
530
560
467
367
373
475
538
513
411
256
132
26
27
32
1
-96
-245
-313
-257
-115
-9
90
166
152
45
-54
-43
38
111
151
138
89
25
-26
-92
-199
-318
-416
-453
-452
-410
-291
-93
69
107
135
193
339
459
505
534
554
567
553
610
727
803
757
687
736
826
821
765
775
808
790
774
833
901
850
723
656
718
812
822
805
813
823
801
756
763
759
733
807
968
1078
902
496
137
-33
-50
-26
108
227
93
-207
-383
-358
-404
-500
-515
-572
-741
-1008
-1173
-1195
-1176
-1249
-1359
-1351
-1363
-1395
-1406
-1293
-1232
-1345
-1366
-1280
-1056
-1054
-898
-754
-627
-396
-435
-357
-256
-77
-47
16
55
61
159
207
353
580
552
378
235
186
271
288
298
286
323
272
251
311
424
496
436
353
250
187
69
-38
-38
-20
-85
-190
-292
-434
-616
-748
-725
-674
-704
-735
-617
-442
-326
-224
-95
-8
-21
-26
86
203
167
73
55
127
195
241
317
414
416
352
309
341
361
283
203
227
297
232
114
123
190
176
88
64
61
-14
-70
-43
36
93
120
189
306
365
292
167
96
89
102
121
175
181
102
49
109
232
301
318
346
424
535
629
682
684
714
821
1002
1167
1254
1250
1103
912
784
748
678
645
722
725
525
221
23
-75
-106
-93
-153
-387
-750
-1060
-1176
-1134
-1081
-1131
-1199
-1227
-1298
-1464
-1599
-1632
-1661
-1659
-1529
-1262
-968
-814
-745
-631
-463
-323
-206
-30
112
146
87
81
178
250
200
102
94
147
141
98
101
129
50
-100
-118
-50
-65
-215
-322
-294
-242
-255
-291
-286
-308
-352
-358
-245
-68
49
64
37
6
16
99
207
280
287
250
179
135
160
220
227
168
101
77
64
19
1
31
76
86
73
80
122
167
155
87
-39
-225
-359
-373
-360
-368
-399
-448
-525
-611
-655
-657
-679
-690
-656
-590
-484
-375
-289
-227
-116
12
114
172
206
224
231
275
322
350
369
415
479
526
591
710
818
851
831
903
1076
1262
1364
1386
1423
1456
1494
1548
1624
1636
1492
1359
1349
1417
1389
1257
1121
1006
906
781
675
648
604
490
389
356
252
-22
-235
-356
-509
-748
-917
-996
-1052
-1078
-1150
-1233
-1324
-1415
-1493
-1508
-1438
-1394
-1409
-1418
-1352
-1230
-1118
-980
-815
-667
-600
-609
-585
-505
-397
-315
-214
-103
-59
-64
-59
24
108
177
234
256
232
156
104
95
147
223
259
254
220
179
148
171
177
123
23
-80
-151
-199
-234
-261
-267
-271
-288
-283
-243
-183
-161
-213
-292
-336
-333
-272
-134
59
209
255
227
220
249
264
217
163
140
97
14
-55
-48
-79
-207
-353
-424
-493
-590
-637
-598
-564
-585
-583
-527
-454
-379
-290
-169
-95
-141
-224
-218
-89
31
77
89
147
249
365
475
574
609
549
477
511
651
753
778
772
786
756
669
597
654
797
890
907
943
980
935
847
844
978
1123
1223
1290
1332
1272
1152
1093
1138
1154
1008
786
632
607
625
636
661
588
366
135
24
-16
-133
-304
-425
-502
-647
-859
-1065
-1228
-1344
-1415
-1406
-1336
-1280
-1289
-1303
-1277
-1227
-1197
-1187
-1138
-1049
-983
-973
-960
-921
-902
-887
-845
-781
-738
-730
-709
-677
-621
-574
-509
-388
-272
-153
-48
77
181
224
200
163
199
245
269
286
337
383
322
182
60
6
-23
-39
22
109
136
45
-60
-80
-24
41
50
25
-8
-42
-36
-18
-55
-152
-222
-181
-93
-18
6
-23
-86
-154
-162
-105
-37
-19
-32
-9
26
33
37
48
24
-60
-119
-137
-144
-151
-142
-82
-75
-114
-159
-165
-139
-93
28
161
218
192
174
220
278
312
378
483
553
552
581
681
776
807
815
883
917
896
901
970
1021
1014
1006
993
983
932
824
679
589
580
623
683
733
724
644
571
590
667
693
664
604
562
493
383
268
182
102
32
1
-41
-161
-321
-415
-424
-420
-433
-467
-545
-731
-963
-1092
-1089
-1063
-1040
-934
-794
-748
-772
-767
-774
-854
-941
-912
-784
-629
-543
-506
-505
-530
-566
-599
-601
-584
-497
-394
-338
-339
-359
-355
-377
-407
-380
-292
-237
-234
-232
-255
-341
-460
-521
-494
-436
-355
-239
-138
-117
-157
-172
-163
-162
-176
-150
-58
38
50
-24
-67
-13
70
120
149
168
128
64
97
227
304
264
212
218
218
156
100
108
113
34
-79
-122
-111
-104
-79
31
168
208
154
120
129
106
65
89
126
62
-37
-82
-56
-42
-39
-2
35
2
-116
-179
-146
-69
-27
-47
-54
-8
43
76
95
92
51
7
26
130
240
278
305
376
468
520
532
535
534
549
590
713
846
889
856
858
947
1026
1080
1134
1189
1225
1267
1359
1489
1547
1480
1341
1206
1062
881
766
756
781
735
635
527
404
225
20
-121
-196
-289
-475
-664
-831
-1051
-1362
-1628
-1727
-1702
-1656
-1610
-1532
-1450
-1405
-1416
-1429
-1422
-1376
-1248
-1005
-727
-538
-440
-374
-289
-187
-78
-2
34
55
116
207
300
348
305
236
211
221
215
199
181
101
-45
-167
-232
-246
-251
-242
-204
-159
-121
-121
-130
-150
-215
-286
-319
-315
-344
-380
-355
-282
-224
-211
-217
-239
-262
-234
-118
27
99
118
138
181
235
262
256
196
93
-1
-30
-14
-9
-46
-96
-130
-179
-239
-252
-218
-206
-271
-358
-386
-353
-306
-288
-291
-284
-272
-256
-219
-152
-77
-40
-38
-9
36
62
83
83
58
21
47
138
220
252
294
383
442
435
388
371
388
448
541
603
607
566
517
502
522
537
523
508
534
578
601
604
573
507
437
443
543
673
785
898
1005
1069
1077
1073
1043
1010
977
978
1014
1035
1044
995
923
778
608
440
305
224
111
-114
-364
-550
-655
-748
-834
-919
-1002
-1052
-1091
-1063
-1075
-1181
-1349
-1435
-1416
-1411
-1414
-1367
-1265
-1213
-1189
-1118
-1037
-1009
-971
-841
-656
-512
-389
-273
-152
-78
-61
-57
-55
-39
-40
-21
23
62
71
57
30
9
-20
-17
41
116
159
148
131
113
68
10
27
131
213
223
207
214
213
165
112
86
87
67
24
-28
-92
-166
-212
-193
-134
-77
-42
-32
-31
-26
-17
-14
-33
-74
-126
-158
-155
-122
-81
-63
-56
0
102
182
221
239
244
210
157
135
155
146
70
15
69
182
240
206
122
26
-36
-33
47
109
81
26
18
56
82
73
35
-1
-1
84
237
374
435
428
402
448
569
720
841
907
907
844
776
752
737
672
600
537
469
372
306
332
385
376
303
256
267
295
337
411
466
429
333
274
294
329
311
225
114
8
-120
-254
-308
-291
-326
-475
-653
-797
-894
-916
-846
-767
-769
-835
-905
-907
-843
-745
-654
-584
-555
-573
-595
-580
-538
-490
-456
-461
-493
-510
-483
-412
-329
-246
-176
-140
-130
-121
-64
18
48
25
8
20
-18
-119
-230
-315
-378
-417
-396
-321
-242
-161
-87
-40
-66
-150
-194
-169
-102
-34
28
75
76
63
122
256
361
372
335
350
428
514
579
632
664
620
507
407
375
361
311
234
202
156
62
-6
30
117
135
108
70
30
-11
2
89
159
123
-13
-165
-260
-299
-279
-228
-197
-231
-325
-408
-447
-440
-418
-404
-418
-439
-429
-405
-388
-395
-383
-356
-348
-351
-374
-404
-429
-413
-351
-287
-260
-236
-183
-113
-48
29
145
284
419
545
677
784
824
831
854
902
950
956
903
801
690
629
632
657
653
593
526
534
612
684
700
726
793
844
864
885
914
884
815
775
725
581
358
202
177
222
227
172
94
13
-56
-93
-87
-91
-159
-287
-398
-476
-593
-758
-884
-904
-881
-879
-889
-904
-916
-891
-785
-638
-566
-596
-626
-570
-461
-357
-286
-256
-303
-381
-395
-334
-261
-229
-204
-166
-133
-147
-179
-146
-59
17
34
2
-60
-175
-306
-362
-318
-250
-214
-189
-173
-193
-222
-203
-140
-80
-35
12
63
77
68
53
25
-69
-231
-341
-335
-319
-380
-476
-550
-644
-776
-858
-839
-785
-733
-621
-434
-249
-141
-80
-14
50
114
165
199
225
237
251
259
239
178
75
-41
-133
-176
-151
-77
-2
45
71
77
96
156
280
421
515
564
576
556
475
377
333
349
375
356
307
262
226
215
247
311
361
415
497
603
697
720
677
611
597
629
658
651
620
586
564
586
620
620
578
580
667
779
852
873
892
916
896
837
763
705
676
685
690
631
508
364
264
219
196
131
-2
-169
-293
-327
-347
-434
-590
-750
-878
-952
-970
-981
-1035
-1117
-1179
-1210
-1172
-1046
-881
-745
-671
-632
-600
-585
-612
-648
-635
-589
-553
-536
-519
-550
-646
-732
-741
-685
-627
-584
-542
-488
-404
-288
-163
-91
-98
-154
-189
-154
-57
50
56
-15
-89
-134
-169
-219
-261
-284
-277
-241
-168
-84
-1
64
121
177
209
221
239
306
395
436
402
326
251
195
147
100
49
-4
-62
-93
-92
-56
-13
6
49
122
203
225
227
243
253
217
169
133
42
-88
-161
-150
-163
-212
-242
-265
-260
-171
-13
133
215
277
326
350
341
318
331
363
427
494
541
520
433
338
268
235
216
197
173
161
212
313
389
363
244
121
31
-20
-32
-15
-10
-24
-11
37
105
163
183
171
180
233
301
359
356
305
242
189
160
149
143
109
42
1
46
169
298
367
381
373
405
469
539
572
556
524
502
484
449
389
279
116
-31
-114
-163
-219
-276
-296
-310
-336
-322
-260
-217
-229
-250
-242
-233
-253
-288
-329
-388
-456
-479
-462
-478
-558
-662
-740
-788
-795
-754
-697
-688
-721
-739
-682
-572
-475
-413
-350
-259
-179
-158
-198
-286
-388
-487
-549
-546
-535
-560
-597
-576
-489
-372
-268
-172
-86
-16
63
144
200
236
283
356
435
515
568
552
471
398
392
429
477
524
585
658
724
776
801
807
783
701
595
542
554
546
480
412
347
264
191
177
184
140
71
56
115
186
224
197
89
-58
-163
-186
-147
-102
-49
40
155
233
235
195
158
164
225
321
385
361
286
204
146
100
43
-36
-143
-237
-319
-380
-423
-464
-491
-487
-436
-410
-435
-457
-422
-365
-363
-369
-368
-363
-373
-367
-314
-310
-379
-463
-452
-381
-337
-297
-220
-147
-156
-214
-250
-261
-286
-288
-192
-49
49
86
101
107
52
-61
-175
-242
-277
-295
-253
-166
-133
-207
-300
-308
-261
-247
-225
-139
-38
-7
0
53
109
103
85
150
238
239
153
62
19
1
-2
36
109
176
210
257
344
399
397
373
372
373
355
370
421
431
348
222
143
110
93
86
106
118
76
20
1
10
-18
-115
-231
-309
-339
-321
-261
-195
-138
-89
-56
-56
-93
-131
-121
-47
90
251
361
361
278
208
181
183
177
156
137
132
156
194
222
239
242
245
254
260
268
266
237
176
125
83
30
-46
-160
-263
-309
-295
-263
-234
-194
-179
-205
-211
-134
-37
-34
-99
-96
-6
73
117
177
231
233
224
255
276
199
41
-93
-110
-42
7
-7
-56
-103
-168
-231
-226
-170
-130
-115
-58
49
127
138
126
136
146
137
104
79
54
6
-45
-59
-48
-55
-54
-14
61
112
126
142
160
156
136
164
202
182
88
5
-24
-46
-77
-118
-166
-217
-247
-229
-193
-176
-179
-192
-210
-227
-226
-200
-183
-196
-212
-229
-254
-270
-267
-257
-271
-308
-338
-319
-256
-163
-70
-13
-20
-74
-93
-60
-23
-24
-7
100
229
309
321
284
232
202
257
386
501
533
472
394
374
391
372
312
252
207
188
185
191
178
130
77
52
33
-18
-67
-76
-69
-96
-151
-183
-179
-167
-158
-129
-93
-97
-143
-185
-210
-247
-294
-315
-299
-294
-326
-388
-437
-463
-459
-401
-304
-211
-130
-17
107
178
182
163
175
206
243
276
300
297
242
176
141
130
113
84
75
84
62
0
-29
21
86
104
79
47
20
-7
2
72
131
110
38
0
7
28
30
17
-2
-27
-61
-95
-114
-108
-86
-67
-50
-52
-66
-80
-79
-32
27
38
7
-9
21
62
89
85
36
-44
-97
-73
19
108
141
133
118
108
98
81
92
119
104
61
41
51
4
-113
-213
-268
-308
-366
-405
-412
-427
-475
-513
-515
-542
-621
-702
-731
-720
-697
-674
-657
-634
-598
-536
-445
-390
-387
-365
-276
-152
-49
13
22
2
-6
24
90
150
161
133
121
145
163
170
203
292
399
462
509
547
560
535
533
598
676
730
742
732
687
610
549
536
552
525
458
428
446
458
409
315
219
137
88
82
144
203
171
69
-19
-59
-95
-146
-196
-215
-221
-240
-276
-335
-426
-510
-513
-429
-330
-296
-329
-384
-407
-370
-286
-195
-152
-174
-205
-187
-140
-119
-153
-215
-284
-333
-349
-314
-233
-167
-129
-90
-50
-13
6
24
65
120
178
228
263
283
296
293
273
255
266
310
392
486
541
509
396
286
233
219
192
148
103
69
47
29
17
-1
-38
-85
-118
-116
-80
-63
-82
-83
-47
-8
-16
-46
-77
-125
-176
-180
-144
-128
-124
-89
-27
29
66
117
170
185
168
152
159
195
259
317
334
317
275
204
123
81
92
114
119
133
157
160
130
113
109
86
31
-6
10
61
127
173
191
156
115
103
120
141
140
135
114
72
28
5
-4
-3
18
57
100
141
166
158
139
138
172
226
261
251
188
117
48
-5
-34
-47
-60
-110
-168
-207
-206
-205
-235
-272
-308
-339
-359
-344
-316
-317
-354
-396
-409
-380
-343
-319
-319
-335
-316
-242
-127
-23
56
88
50
-18
-41
9
58
64
55
65
82
82
80
69
42
-6
-63
-111
-131
-126
-127
-118
-82
-59
-87
-157
-218
-251
-271
-270
-238
-202
-207
-217
-229
-265
-331
-401
-440
-448
-417
-359
-313
-285
-255
-223
-191
-175
-174
-171
-138
-75
-8
33
30
-10
-67
-113
-146
-161
-165
-152
-135
-124
-125
-123
-118
-121
-110
-98
-77
-62
-55
-63
-80
-90
-98
-87
-45
10
47
80
126
186
246
325
430
517
566
605
642
646
613
577
543
515
506
519
530
512
477
425
377
357
360
354
341
347
367
381
357
305
245
178
97
14
-44
-35
19
30
-27
-93
-128
-115
-62
31
114
110
31
-56
-73
-29
-3
-35
-81
-89
-88
-96
-119
-152
-210
-272
-275
-228
-217
-272
-327
-317
-262
-239
-274
-356
-445
-483
-444
-352
-305
-347
-434
-494
-510
-534
-572
-586
-543
-448
-319
-176
-74
-43
-46
-10
70
168
287
383
441
455
432
394
351
298
250
247
284
335
374
399
410
405
379
362
363
348
306
260
228
175
64
-86
-235
-365
-452
-502
-531
-550
-574
-581
-530
-426
-314
-212
-142
-109
-81
-26
45
76
45
2
5
53
117
156
151
108
60
37
50
99
154
181
183
184
191
166
105
62
66
85
85
75
68
62
51
34
7
-17
-25
7
75
141
164
132
74
13
-33
-36
22
98
124
102
57
-3
-36
-34
-16
5
18
35
58
90
110
103
92
103
152
205
225
219
217
242
282
289
217
76
-51
-101
-80
-27
15
23
3
-12
-16
-38
-74
-84
-51
3
45
66
35
-62
-169
-226
-232
-232
-226
-177
-112
-65
-21
33
79
88
82
107
165
215
231
206
137
24
-99
-165
-157
-137
-160
-204
-209
-166
-119
-76
-34
-20
-42
-30
51
111
86
9
-68
-129
-176
-191
-170
-152
-147
-123
-106
-126
-175
-219
-228
-189
-114
-45
-19
-52
-132
-241
-347
-401
-384
-328
-273
-234
-222
-252
-307
-359
-380
-392
-386
-344
-268
-189
-149
-154
-168
-150
-116
-66
4
98
183
199
178
165
169
159
149
180
222
216
171
137
120
94
73
81
130
196
248
275
283
271
261
277
314
341
328
285
