-8
-4
-9
-21
-37
-60
-77
-95
-97
-104
-100
-89
-92
-90
-88
-78
-67
-57
-39
-34
-38
-51
-57
-59
-65
-50
-47
-51
-55
-68
-75
-83
-87
-83
-85
-73
-60
-46
-31
-28
-12
-1
0
9
21
21
28
41
41
46
44
46
56
63
72
69
76
86
87
98
106
114
114
114
119
117
134
143
157
165
159
164
155
147
145
133
118
99
80
59
39
35
35
33
38
44
51
57
68
70
68
63
51
39
22
17
9
1
-5
-7
-14
-28
-26
-35
-46
-59
-85
-102
-128
-140
-157
-174
-185
-194
-180
-175
-156
-137
-139
-132
-139
-141
-146
-144
-131
-134
-129
-125
-123
-114
-105
-94
-88
-84
-82
-84
-69
-53
-35
-15
-14
-5
-12
-16
-6
-1
5
11
21
16
7
-3
-13
-28
-43
-30
-37
-34
-34
-43
-41
-45
-23
-24
-13
8
20
31
39
43
33
38
51
58
60
62
53
49
51
51
60
60
69
64
57
45
31
32
29
28
21
5
-21
-37
-57
-71
-77
-96
-98
-104
-94
-79
-67
-41
-29
-13
5
14
13
11
19
10
-1
-8
-23
-23
-17
-9
4
11
27
33
49
60
63
69
61
58
74
83
94
95
98
103
92
95
106
105
98
97
80
57
47
40
48
58
66
59
51
54
58
63
65
71
54
49
45
37
41
35
30
28
23
21
21
27
17
12
30
33
39
50
50
47
36
20
3
-5
-7
-15
-14
-19
-31
-50
-57
-60
-70
-63
-65
-68
-53
-44
-30
-11
0
16
40
33
39
38
24
32
25
29
22
0
0
-9
-10
-13
-25
-29
-37
-24
-22
-30
-22
-27
-28
-24
-19
15
31
50
68
62
65
42
46
33
27
30
-1
-10
-20
-36
-25
-22
-17
2
11
43
44
34
40
12
17
-6
-6
-1
-28
-16
-33
-68
-78
-95
-102
-92
-76
-73
-76
-64
-68
-57
-43
-46
-31
-47
-57
-60
-69
-68
-76
-100
-99
-114
-121
-132
-132
-102
-111
-93
-78
-75
-49
-57
-61
-49
-55
-54
-43
-28
-20
-35
-23
-55
-58
-76
-95
-65
-97
-83
-60
-42
-12
-23
-21
-9
4
20
35
54
43
54
82
73
76
79
67
105
131
121
136
104
75
64
38
34
26
14
26
31
27
15
-10
-27
-28
-23
-25
-17
6
-15
7
11
-13
-20
-27
5
12
17
-4
-21
-6
-23
-52
-14
-10
29
98
137
187
204
234
238
207
166
123
107
63
45
48
7
3
-28
-84
-52
-70
-91
-74
-63
-87
-49
-44
-75
-48
-64
-87
-94
-85
-137
-74
-64
-71
-15
-50
-22
-7
-5
7
-2
0
6
28
70
61
90
72
36
63
-7
31
22
-14
17
-4
27
-5
-7
-6
-4
32
6
29
53
14
49
-22
-80
-48
-55
19
28
40
55
0
-41
-80
-99
-46
-63
-43
-49
-82
-59
-129
-126
-106
-83
-27
-35
38
56
44
71
51
66
105
69
159
135
133
159
81
111
92
84
95
55
83
6
-10
-12
-129
-47
-61
-93
6
-29
-32
-59
-94
-95
-70
-43
-57
-49
-4
-40
-25
-62
-172
-120
-157
-95
-46
-37
37
36
24
20
-12
-55
-125
-132
73
-225
-203
-751
-1183
299
613
16
95
43
329
181
-83
97
12
3
-498
193
753
45
122
207
345
390
216
216
156
-210
-125
-466
-1667
-1496
-597
-60
372
224
-436
1097
-456
-1762
-42
20
-299
-403
-321
452
586
-327
-747
40
-123
-820
1527
1426
372
709
-1256
-653
-295
-1366
-480
-162
70
243
945
1423
110
444
-138
-61
998
-166
335
964
60
400
932
461
541
-39
-107
234
348
137
-5
518
-266
-1464
-670
-1623
-99
241
-724
383
99
-802
-22
418
666
-528
-320
590
400
1941
9
1210
1264
-47
887
396
1218
-104
-138
1421
777
1397
501
-570
936
-373
202
187
221
801
-826
-7
-68
-662
-492
-1210
-117
316
-1296
-394
59
220
415
-193
596
411
-240
-130
376
1034
136
-802
1132
308
129
159
-55
235
-39
-541
134
1018
-335
-751
-28
599
2
-355
193
359
-183
-623
-271
599
-931
-827
61
146
440
-567
-241
483
305
-1077
-358
493
-9
222
138
187
633
-328
-1071
-198
454
-667
-758
489
-85
-204
-905
-315
-254
-537
-979
-898
851
-56
-877
746
423
-103
-295
-481
524
304
-709
-308
1098
344
-834
-535
580
189
-612
-212
611
800
-218
-663
339
-196
-607
-749
-73
264
-501
-344
135
-32
-465
-533
230
265
24
-817
-220
958
-120
79
-14
268
206
-487
-126
-294
499
-344
-580
1081
136
-155
-423
79
450
-319
205
133
311
386
-466
387
822
-1245
-913
-159
672
170
233
1178
298
-20
41
-522
116
183
-1528
-642
935
133
-1191
286
226
-99
85
-280
-181
172
-367
-294
460
845
-893
-632
458
-801
-181
-580
-109
826
-168
-139
843
932
450
-179
-322
394
169
-275
-38
439
39
-565
64
177
8
-220
-672
-541
184
-191
241
364
625
174
73
-134
68
-134
-273
-149
264
273
22
286
28
-161
-724
49
-318
-110
-270
-21
166
616
73
-373
574
-45
-694
244
1210
-385
354
1085
775
237
645
-207
200
-269
-1308
-875
258
-303
-1100
885
942
478
81
530
137
-450
-831
-963
-717
-177
-133
-117
798
369
-269
320
362
-234
-318
-780
-467
-352
107
-205
-294
178
-359
-794
-191
-325
115
-934
-359
581
224
649
659
599
250
-548
-496
488
248
15
-35
671
335
360
676
635
247
-123
-353
94
-152
-354
572
-122
-813
-703
245
538
-298
-510
-782
-696
-730
-698
640
701
-458
-863
759
706
371
7
-176
-161
-136
437
631
1360
1040
-33
531
1090
387
100
-267
-70
209
337
40
-339
683
660
-295
-519
-542
-747
-909
-208
-209
-53
-172
-1028
-379
573
-566
-1018
106
510
177
660
817
392
451
-248
-80
1248
506
-209
468
881
493
-20
339
320
342
-192
99
115
-259
-436
-315
218
-208
-651
-461
-578
-472
-265
-243
-137
-688
-337
-50
-438
-419
-307
141
-114
-7
1033
432
510
351
247
663
-144
36
300
373
114
-286
482
-18
-446
-266
-157
-62
-1098
-866
-685
-49
-243
-1083
-304
-204
-683
-752
-339
126
-393
-630
-776
-213
50
343
174
255
231
494
299
124
244
232
225
277
1040
401
30
-211
424
396
204
-37
-319
-317
-511
-308
-127
-453
-471
-7
170
-137
-648
-1040
-1132
-444
110
59
197
1082
1201
834
582
736
-49
-505
537
1031
1309
1305
907
822
95
-152
-291
100
368
-639
310
470
-407
432
27
-283
-227
-309
-861
-984
-123
-502
-439
138
-122
-258
139
30
160
-87
-431
164
553
494
230
401
427
120
507
373
-56
331
173
577
748
82
353
118
177
105
137
-301
-635
-699
-971
-983
-748
-607
-500
-103
87
-283
-493
-388
-666
-1142
-1069
-880
-895
239
934
888
552
212
-96
-27
178
-219
168
-278
-331
930
1538
1338
453
-18
-177
50
84
-294
-458
-882
-519
600
1005
524
-726
-1407
-1487
-916
-1000
-1129
-540
-686
-130
678
688
65
-1150
-563
-142
601
377
-205
715
718
1428
1177
699
595
2
193
595
195
-232
-534
355
1177
872
87
-297
-106
-479
-126
-867
-1312
-1105
-656
757
584
849
-185
-505
0
-273
-311
-554
-502
-243
211
797
886
1057
888
258
-8
-16
-80
-68
779
739
698
213
109
105
54
197
-864
-885
561
367
271
-146
-744
-394
-362
128
438
-470
-822
-541
224
790
15
-265
-200
155
371
376
489
-245
578
831
538
236
-390
-648
68
985
310
250
-502
-272
477
810
-518
-1501
-908
-150
603
1015
771
-426
-390
-741
-662
-867
-1094
-875
1234
2083
576
471
966
29
-667
-1490
-1412
452
1752
2445
1792
509
-720
-1078
-617
-1044
-784
-362
-321
1192
1711
1445
167
-1805
-1612
-688
-452
-873
208
1233
941
230
-402
136
-930
-1055
-503
450
790
209
716
1542
727
-1038
-824
-1191
-1194
-369
459
1351
2319
1286
866
321
-880
-1128
-1125
-1466
-1499
739
430
1974
1514
-290
528
-845
-510
-874
-1414
-1971
-1524
681
997
660
2090
524
147
-1660
-2872
-904
215
-698
-1305
1346
1014
1336
183
-498
-496
-2027
-1685
-123
739
461
-20
1589
1683
1709
-82
-2372
-647
-581
165
427
-362
39
422
-192
-405
-360
-1165
-1769
-1307
-921
-1024
-549
-655
-258
-186
-162
-333
163
290
-534
58
-191
-346
349
274
534
644
608
992
488
66
-94
-358
-82
118
581
567
158
55
-53
-16
-150
-7
-102
75
-58
-198
-14
-186
-248
-378
-138
100
-71
-67
-267
-241
-80
-117
119
111
-269
-143
-44
127
-123
-1150
-1746
-1142
384
1621
1975
767
-14
-246
-37
-119
-732
-1134
-834
935
2188
2262
1192
6
-376
-134
185
-58
-645
-569
302
1598
1741
600
-346
-826
-666
-430
-986
-799
-831
-1023
-512
143
1396
1064
325
-761
-1247
-1116
-611
-335
-657
-1
678
1504
1969
816
-168
-552
-747
-438
164
225
-305
449
1149
1189
745
-311
-1333
-773
-526
451
1127
-12
-38
-52
1150
208
-640
-1177
-1059
191
553
696
429
-291
-388
191
458
62
-902
-386
-188
503
723
1
181
177
462
619
12
-283
52
745
928
62
137
178
943
979
271
-609
-513
-108
600
722
84
215
452
665
-228
-279
-523
359
1123
378
96
455
1345
964
-56
8
108
368
395
-79
945
1034
600
232
-68
223
-378
-345
266
154
367
114
573
964
408
-93
-261
-42
-288
40
275
666
729
358
224
-248
-449
-658
-475
-346
-507
73
483
353
-48
-501
-602
-637
-1114
-975
-652
31
234
82
112
-427
-421
-825
-1222
-1091
-880
-468
0
278
420
27
-289
-204
-865
-893
-923
-684
166
355
479
530
236
-303
-671
-751
-619
-497
-564
-216
358
401
6
-317
-882
-1004
-1281
-1583
-831
-580
-278
-71
-199
-167
-587
-976
-1213
-1098
-1178
-977
-427
109
216
129
-86
-576
-519
-758
-407
-84
116
846
876
999
1100
1025
852
492
108
185
774
1420
1639
1776
1667
1265
1132
456
226
157
228
542
704
733
770
870
1033
481
220
-325
-631
-56
6
476
648
622
587
720
530
756
403
434
555
701
1307
1189
1735
1158
1159
974
613
1171
287
538
842
541
815
371
256
386
-532
-377
-460
-483
-803
-1666
-1222
-1949
-1254
-2470
-2742
-2566
-3487
-2521
-3254
-2562
-2936
-3376
-3275
-3288
-3202
-3242
-3131
-2923
-2556
-2407
-2144
-2185
-1576
-1861
-1134
-719
-620
69
5
818
1042
1086
1116
1271
1602
1597
1448
1634
1658
1717
1741
1480
1832
1724
1751
1360
976
884
730
1081
1105
1002
849
596
535
207
380
207
184
793
717
1771
1233
1548
1292
1129
1370
704
1691
1445
2718
2361
2853
2382
2059
2385
1928
2630
2237
2697
2594
2983
2512
2750
2508
2328
1656
1407
1062
1177
1748
547
1757
676
-226
-915
-2446
-2671
-1970
-2929
-3048
-2428
-4150
-3607
-4153
-4753
-4199
-4639
-6010
-5513
-5220
-6212
-4570
-4937
-5076
-4014
-5404
-5005
-3937
-3803
-2578
-1582
-1150
-1207
-362
-1087
-22
861
31
1483
1279
1657
2480
2582
2665
3049
2338
2043
2678
3089
3352
3366
2657
2092
1978
1282
1654
1491
1203
980
574
640
811
650
564
412
330
303
481
852
909
1164
996
971
1182
1397
1447
2171
2248
2638
2853
2786
3512
3264
3420
3273
3285
3453
3231
3424
3697
3694
3889
3209
3496
3249
2797
3096
2670
2380
1583
228
-1310
-1137
-2525
-1864
-2051
-3086
-2743
-4915
-4900
-6392
-6531
-7072
-7998
-7544
-8935
-7917
-8179
-8296
-7357
-7986
-7379
-6849
-6175
-5003
-3952
-3409
-2939
-2441
-2192
-1448
-189
420
1532
2547
3016
3968
3787
3954
3481
3242
2943
3147
3520
3511
3754
3211
2918
2168
2028
1805
1754
1382
751
735
196
212
-222
-343
119
32
0
-82
103
600
733
648
1084
1259
1587
1260
1743
2107
2257
2841
2065
2616
2441
2263
2539
2407
2728
2469
2699
2920
2924
2729
1801
1355
1841
1525
1950
1820
1130
845
103
191
518
486
806
471
97
-1106
-2540
-2487
-2800
-1949
-1627
-1343
-1088
-2163
-2940
-3935
-4367
-4533
-4723
-4061
-3754
-3543
-3649
-3879
-3743
-3792
-3469
-3015
-2413
-2056
-1942
-1821
-1524
-1257
-827
-344
69
293
155
88
111
358
651
879
892
622
250
152
86
142
96
6
142
87
129
-76
-20
63
124
262
542
978
1193
1198
844
723
615
682
903
1138
1238
1302
1238
1309
1395
1363
1354
1303
1299
1135
1194
1261
1307
1321
1241
1232
1243
1195
1229
1180
1091
1042
1036
1197
1267
1377
1424
1301
1297
1122
1058
1292
1470
1725
1946
2131
2134
2163
2002
1503
1086
558
291
302
176
347
317
46
-249
-901
-1421
-2102
-2658
-3027
-3376
-3418
-3438
-3272
-3076
-3132
-3263
-3428
-3589
-3563
-3619
-3614
-3477
-3413
-2998
-2582
-1782
-1068
-667
-479
-965
-1383
-1833
-1864
-1312
-744
-30
438
429
728
299
123
-254
-568
-217
-13
684
923
1106
829
656
627
880
724
876
772
912
1310
936
1600
1670
1833
2006
1670
1928
1667
1490
1565
1308
1846
1779
1855
2479
2089
2260
1869
1573
1579
1448
1881
1696
1706
1670
1541
1677
1474
1484
1677
1661
1688
1696
1780
1751
2095
2319
2815
3313
2695
1882
296
-345
-348
166
1273
1589
1804
614
-396
-1359
-2131
-2694
-3806
-4446
-5042
-4765
-4161
-3364
-3142
-3840
-4999
-5944
-5793
-5585
-4851
-4528
-4373
-3953
-3715
-2560
-1845
-1569
-2213
-2431
-2079
-1476
-255
434
873
504
167
-137
672
549
154
356
475
1315
1134
505
150
-60
-684
-4
-79
681
1153
807
939
273
-286
-541
416
1089
1710
1951
1837
2187
2022
1938
2283
2388
2287
1774
1864
1564
2634
3591
2960
3281
2319
2446
2875
3132
3272
3150
3170
3129
3638
4297
4324
4483
4136
3990
3902
4541
5210
5314
5611
5227
6445
4225
1400
-1434
-3606
648
242
1873
1423
-2328
-3074
-7397
-5964
-6496
-7447
-8883
-11612
-9185
-10305
-9003
-7641
-9466
-9962
-12316
-11909
-7588
-6027
-5694
-5076
-5095
-4058
-3439
-2052
182
1354
991
1069
3734
4750
5389
5702
4781
4913
4169
4428
6749
7257
6201
4859
2790
1348
-2
401
1463
2316
1085
-763
-822
-2505
-3005
-3730
-3939
-3495
-4306
-4254
-2768
-1435
-1463
-1878
-2457
-1826
-855
509
2757
4274
4441
3607
3756
4630
5279
6587
6733
7752
7750
7321
8312
8244
8331
7000
7032
6561
6903
6265
6298
6284
5644
4217
3906
4605
4237
6079
-2193
-2337
-7544
-5629
886
-5294
372
-7577
-7491
-9051
-12704
-8193
-11983
-10665
-15043
-13720
-11460
-12917
-9949
-10722
-11149
-10206
-11805
-8755
-4040
-4598
-2966
-1767
-1853
-284
872
2367
6001
6933
4509
7017
6406
7064
7951
7442
7808
6823
6061
4757
7343
4362
3838
2876
650
73
-1428
-1158
-826
-976
-4262
-3582
-4360
-5210
-4497
-4872
-3534
-3360
-4575
-3229
-816
-608
-260
-315
464
1834
2070
3560
5592
6740
5831
5872
6843
7449
8300
8068
8273
9038
8077
7704
8673
7426
7787
6310
5867
6044
5670
5467
4762
5585
3724
6145
-660
-4442
-5495
-7956
1980
-3009
-2001
-3787
-9444
-8167
-12685
-9411
-10131
-10500
-13785
-13770
-10506
-12495
-11400
-11214
-11775
-10692
-11378
-9847
-4302
-3653
-3933
-2890
-2079
-2398
-319
1189
4353
7630
4520
5694
6242
5148
6114
6781
7203
7265
5514
4564
6763
4986
3507
2761
1639
538
-1114
-628
362
-25
-3099
-4168
-3095
-3794
-3890
-3482
-2125
-1776
-3606
-3591
-1209
282
-315
485
1439
3007
3271
3531
5854
6750
6301
5397
6621
7308
8515
8679
8675
9473
7808
7999
7725
8173
7801
7361
6492
6748
6005
7792
4954
-545
-1233
-6363
2108
-948
-1478
-630
-6707
-5488
-11125
-9409
-9301
-8937
-12135
-13261
-11132
-13179
-12786
-12820
-12246
-11343
-12579
-12629
-8469
-7264
-7048
-6308
-4957
-4359
-3421
-1630
1067
4650
3060
3649
4256
4524
5320
6350
8113
7816
6945
5621
7389
6352
5486
4946
4787
3992
1777
1879
2905
2384
-370
-1557
-1302
-1225
-2339
-2363
-1005
-1113
-3260
-3668
-2437
-939
-1343
-1339
378
1321
1496
809
2989
3729
3801
3459
4076
6416
6372
7021
7275
7822
7397
7130
7028
8747
8253
8119
8462
7893
8974
3033
2497
-437
1294
5063
1231
3401
-1523
-3263
-4943
-6961
-5448
-6544
-7909
-10514
-10201
-10876
-11505
-11542
-12015
-12196
-12368
-13395
-11179
-9819
-9661
-8942
-8891
-7753
-7827
-5822
-4228
-1377
-721
-1139
-125
-821
1069
2553
4680
5453
4777
4624
5505
5844
5887
6742
6406
6087
4388
4622
5945
5763
4272
3388
2996
2705
1764
1293
1971
1311
-363
-1194
-496
58
222
-299
284
493
-32
-71
1106
1989
2371
2364
2162
3622
3903
4833
5558
5713
5629
6013
5755
6907
7658
8600
8282
3846
2865
-141
5372
5270
4840
4867
-692
16
-4237
-3184
-1947
-2539
-4800
-7062
-7847
-8485
-8452
-8949
-8486
-9563
-10913
-11768
-9620
-9383
-9138
-9336
-9728
-8354
-9465
-7170
-5405
-3502
-4017
-4743
-4184
-3417
-1398
-311
2326
1438
1199
427
1969
2630
3230
3555
4025
3936
2603
3975
4694
5056
3397
2918
3429
3944
3324
3352
3812
3069
1321
849
1727
2915
2821
1988
2472
2035
1985
2290
3147
3914
3734
2950
3815
4145
5060
5224
5065
5794
4935
6262
6045
8481
5372
4208
1794
1512
6592
3165
6774
2294
1430
161
-3232
-593
-2052
-1591
-4413
-5415
-6262
-7080
-7051
-7060
-7610
-7627
-9821
-8811
-7593
-8519
-6499
-8418
-6947
-7767
-7870
-6052
-4406
-3757
-3777
-3478
-4145
-2191
-3192
-434
-58
155
133
14
934
735
1681
1707
2624
1825
1284
2040
2449
1904
1753
1314
2021
1712
1166
1668
1727
862
200
179
922
1544
968
1540
1553
1457
1439
1979
2888
3339
3154
3491
4258
4555
5282
4995
5875
5457
6349
7065
7662
8536
8266
7024
4093
2626
1780
6658
5795
6987
3889
913
820
-3053
25
-1388
-504
-3511
-5542
-5668
-7078
-6252
-7035
-6990
-7679
-9525
-9287
-7232
-7952
-6625
-8473
-7387
-7030
-7454
-4718
-4201
-2454
-4434
-3900
-3714
-2016
-1121
-48
973
105
-223
-368
1910
1847
2587
1829
2354
1943
1391
2195
2797
2550
1225
798
1474
1743
1198
1118
597
182
-1242
-879
-23
568
-51
-766
-583
-713
-518
-232
863
1209
1167
1230
2004
2656
2866
3571
3484
4257
4043
5397
6357
7033
7291
6913
7338
4076
4880
3076
6944
7396
5721
6369
1609
3162
-301
1374
1621
284
-670
-4083
-3560
-5148
-5467
-5327
-5972
-6209
-7114
-8367
-6351
-7910
-7479
-7927
-8140
-6071
-7238
-4458
-4810
-3634
-4906
-4763
-3474
-2969
-942
-1034
478
-149
-437
-600
778
1052
2201
1640
2013
1703
1122
1987
2037
2670
1318
1552
1218
1876
1271
846
921
700
201
247
602
1157
720
-596
-345
-566
408
288
824
1110
967
1014
867
1534
1883
2137
2738
2910
3335
3615
4164
4571
5302
5473
6028
5199
3061
3755
2123
6273
5031
5318
4578
722
2536
-804
2101
658
-270
-1310
-3829
-2975
-4557
-4112
-4105
-5142
-5223
-6200
-6407
-4718
-6385
-5086
-6365
-6099
-5166
-5756
-2929
-3902
-2591
-4280
-3603
-2758
-2250
-700
-897
113
-347
-230
-47
768
1048
1434
1423
1930
1570
1563
1520
1833
1853
1184
1332
1338
1577
764
239
-247
-245
-505
-316
-7
76
-724
-1401
-1179
-815
57
-285
333
410
608
945
1266
2384
2311
2424
2659
3123
4467
4389
5003
5094
5123
5612
5153
6323
3619
4162
2128
3986
5775
3397
4814
-83
1170
-947
-461
881
-1114
-1418
-4857
-4713
-4981
-5157
-4764
-5302
-5842
-5974
-7519
-5830
-5913
-5916
-5691
-6707
-4461
-5164
-2977
-3254
-2557
-2787
-3097
-1397
-864
659
461
1138
513
1079
1114
2450
2712
2793
2371
2400
2623
1878
2796
2397
2983
2161
1750
2077
2039
1349
619
400
404
121
-298
-82
-42
-424
-1470
-1180
-997
-405
-718
-635
5
-287
183
228
1071
1718
1468
2000
2256
2886
3288
3582
4261
4197
4960
5476
5665
6480
3321
3602
2418
3313
6527
3358
4693
131
117
30
-934
1046
-1584
-2243
-5430
-6114
-5207
-5048
-4896
-6025
-7521
-7298
-8225
-7092
-6127
-6982
-6486
-7965
-6087
-5230
-4123
-3450
-3782
-3677
-4027
-2396
-1219
817
539
844
485
1059
1839
2804
3077
2871
2972
2953
3723
2631
3428
3301
3896
3101
2499
2661
2174
1714
1101
1726
1650
797
-187
120
61
-375
-1287
-717
-487
-610
-697
-301
545
113
83
401
1449
1739
2047
2508
3048
3303
3549
4224
4530
5057
4727
5456
5445
5767
3660
3544
2753
4253
5938
3072
3368
-751
552
31
198
1241
-1554
-3218
-6294
-5674
-4564
-4346
-5477
-6623
-7684
-7613
-7938
-6606
-5878
-7144
-7526
-8589
-6043
-5455
-4336
-4311
-4509
-4546
-4535
-2603
-1393
-39
-983
-521
-126
990
2235
2892
2898
2563
3010
3729
4706
4026
3705
4059
3958
4298
4434
4553
4091
2237
1895
3027
3356
2306
771
338
819
220
123
456
315
-887
-1892
-735
526
881
-91
-148
795
481
1326
1516
2596
2858
1826
2965
3708
4403
4836
4070
4839
5121
2328
3912
2300
5250
5735
2359
3602
-694
1342
243
477
1549
-1927
-3439
-6067
-4872
-3760
-4511
-5743
-7106
-8140
-8119
-8266
-6832
-6300
-7766
-8435
-8789
-6511
-5623
-4733
-5156
-5078
-5324
-4693
-2974
-2002
-835
-1224
-869
-633
84
738
1435
962
1628
2371
3422
3635
2306
2666
2821
3633
3839
4073
4327
3286
2153
2679
3830
4243
2571
1157
1200
1407
1449
1239
1603
1198
-140
-800
560
1785
1748
527
497
1186
1500
2105
2281
3546
2808
2157
2912
3659
5477
4540
4383
5284
2146
3702
2167
5247
6293
2124
3175
-30
1982
1490
1191
2080
-1366
-3790
-5144
-3248
-1947
-3313
-5294
-6545
-7322
-7534
-7074
-5459
-5611
-7751
-8377
-8039
-5702
-5524
-5262
-5313
-5364
-5445
-4493
-2842
-2071
-1903
-2203
-1410
-734
39
790
1047
749
1373
2566
3340
2983
1683
2284
2740
3260
3894
4216
3997
2030
1217
2565
3844
3618
1709
921
881
781
1144
1517
1683
195
-1184
-574
1166
2126
1482
472
430
590
1315
1963
3119
3250
2795
2296
3226
4028
5148
4737
4167
5122
1952
4577
3012
6000
6128
1923
3167
-175
2499
2019
1734
1741
-1786
-3319
-4230
-2314
-1739
-3544
-5603
-6997
-7137
-6549
-6069
-5083
-6070
-7978
-8349
-7536
-5406
-5388
-5373
-6196
-5508
-5592
-4128
-3191
-3014
-2676
-3083
-1847
-1108
-257
295
129
13
861
1907
2958
2054
1766
1873
2627
3402
3413
3652
2824
1686
1589
2818
3803
3272
1180
769
742
1300
1498
1402
1411
-299
-1009
-464
1532
1843
903
-132
220
935
1069
2288
2293
2568
1646
1951
3521
4220
4538
4484
4473
5438
2382
4392
3949
6051
6708
2642
4873
1516
2943
3163
2942
3514
-877
-2402
-2780
-1184
-910
-2832
-3911
-6064
-6527
-6566
-5213
-4389
-5648
-7830
-7933
-7422
-5643
-5494
-5106
-5567
-5687
-5446
-4547
-3219
-3376
-2652
-2796
-1937
-1163
-442
419
221
251
924
2100
2282
1848
1975
2443
2962
2906
2965
3488
2551
1736
1623
2827
3218
2265
812
637
889
415
556
381
327
-986
-1886
-780
588
694
-292
-650
-251
612
433
1378
2332
1786
1982
1571
3408
4584
3766
4653
3920
5837
2534
4061
4317
5612
7147
1778
4251
1653
2421
3383
2553
3347
-945
-3419
-3286
-1537
-719
-3261
-4127
-6275
-6353
-6353
-5300
-4157
-5806
-7963
-7916
-6802
-4940
-4857
-5042
-5423
-5632
-5337
-4216
-2881
-2933
-2477
-2288
-1349
-618
-139
332
270
225
1487
2499
3046
2199
2124
2923
3047
3295
2697
3684
3127
2589
2578
3117
3498
1972
809
1403
1799
1339
390
292
343
-498
-1510
-651
465
-23
-792
-555
307
510
110
244
1487
1703
1566
2369
2595
3372
2505
3581
4511
5376
4995
1975
4183
3417
6698
6040
3342
3891
747
2631
3358
3939
2976
-1475
-3449
-3242
-779
-523
-2375
-4346
-6809
-6606
-6026
-4272
-4013
-6097
-8119
-8241
-6417
-4848
-4632
-5174
-6249
-5919
-5492
-3798
-2953
-2979
-2934
-2694
-1954
-1095
-390
-294
-223
211
1551
2470
2288
1058
1898
2492
3405
3681
2682
3407
2312
2044
2961
3393
3397
1463
165
1665
2403
1906
861
293
518
-384
-474
657
1274
117
-976
-7
1157
1202
539
738
1405
1489
1468
2606
2859
2758
1494
3527
4322
5051
4158
396
3904
2164
5866
5091
2109
2828
-411
1989
3441
3407
1605
-2995
-3887
-3023
20
-335
-2681
-4547
-7295
-6016
-4827
-3132
-3373
-6055
-7908
-7384
-5310
-3841
-4103
-4782
-5972
-5202
-4501
-2842
-2097
-2813
-3055
-2965
-1808
-823
-101
-527
-750
-456
468
1726
1297
769
1322
1915
2638
2419
2318
2668
1938
1598
2615
3685
2953
1172
601
2523
3125
2110
1468
1348
1187
40
872
2583
2632
623
-383
1276
2293
2083
1635
2242
2281
1828
2402
3662
3685
2692
2279
3179
4579
3765
5020
1917
2004
1547
2630
5272
1605
1397
-236
118
674
807
834
-1826
-4590
-4816
-2487
-617
-3336
-4760
-6377
-6096
-5399
-4423
-3300
-4736
-6601
-7074
-4950
-2933
-3262
-3665
-4537
-4510
-3529
-2403
-1148
-1652
-2349
-2246
-1194
-707
-191
-218
-341
-791
-372
1467
1766
1190
-7
669
1666
1656
1213
1953
1982
1411
888
2090
3002
1914
704
1165
2974
2487
1412
1277
1947
1565
967
1837
2841
2199
496
1218
2914
3202
2338
1923
2628
2646
2526
3229
4072
3476
2492
2806
3982
4458
3560
3437
1247
2182
1816
3152
3851
511
301
-773
276
470
59
-1301
-3380
-4351
-3922
-2304
-2147
-4576
-5554
-6433
-5658
-4778
-4174
-4327
-5650
-6321
-5656
-3888
-2994
-3578
-3957
-4088
-3704
-2836
-1944
-1846
-2222
-2276
-1904
-980
-1005
-895
-892
-635
-603
-132
509
378
388
111
1055
1390
1040
576
934
1351
1368
1369
1904
2222
1820
1296
2132
2668
1754
923
1286
2556
2573
2324
2344
2588
1830
1284
2482
3557
3228
2390
2766
3406
3528
2974
3482
3530
2979
2836
3712
4376
4267
3045
3020
2227
1561
2839
3234
3693
1062
-19
-242
252
512
184
-707
-2787
-4461
-3669
-2645
-2199
-4569
-5690
-6258
-5832
-4998
-4515
-4314
-5751
-6429
-5949
-4256
-3584
-3843
-4130
-4061
-3605
-2873
-2001
-1804
-2116
-2161
-1499
-810
-470
-360
-98
181
126
297
944
459
625
912
1172
1396
963
732
1118
1100
938
1146
1286
1135
913
1157
1356
1910
1424
1031
1019
1156
1428
1687
1865
1717
1549
1337
1963
2493
2744
2197
1980
2069
1896
2939
3265
3619
2978
2499
2921
3419
3845
4089
3818
2992
1866
2489
3667
4246
3365
1395
962
542
1238
1891
1532
-486
-2490
-3150
-1950
-1479
-2093
-3958
-5075
-5762
-5273
-4271
-3937
-4785
-6016
-6337
-5462
-4525
-4282
-4362
-4580
-4731
-4285
-3268
-2724
-2834
-2966
-2450
-1634
-1527
-1384
-1007
-636
-126
-51
526
325
389
730
1456
2054
1556
1279
1081
1526
1988
2591
2228
1664
1240
1192
1766
2405
2216
1882
894
630
835
1278
1130
1066
732
185
223
553
1072
965
662
390
975
1329
1462
2125
2347
1575
1769
2069
3073
3594
3238
4159
3674
3488
592
3028
4856
4622
4166
1350
1937
1380
1858
3279
3487
349
-3305
-2488
82
304
-730
-3834
-4349
-5416
-4794
-2777
-2050
-3966
-7102
-6766
-4968
-3919
-3913
-4563
-4905
-5416
-5165
-3658
-2403
-3097
-4020
-3434
-2698
-2542
-2484
-1252
-740
-850
-893
-397
-53
-235
152
1987
2410
1151
1007
1546
2625
2099
2370
2766
2712
1684
1685
2931
3533
2604
1577
1865
1598
1028
840
1506
1387
408
-464
12
843
488
284
189
-45
-292
108
978
1595
1333
440
830
1677
2216
2956
2889
3629
2943
3603
2540
2166
4905
3996
5635
3285
2246
2537
2363
3495
4006
2723
-389
-2160
-615
675
1348
-1235
-3674
-4590
-5087
-3434
-2369
-2487
-5024
-6956
-6314
-4978
-3888
-4327
-5403
-5786
-5969
-5012
-3797
-3111
-4099
-4339
-4083
-3381
-2893
-2276
-1357
-1373
-1306
-1467
-581
-573
-42
833
1905
1531
611
1005
1905
2905
2610
3020
2892
2291
2051
2823
3658
3435
1829
1411
1608
1866
1718
1618
1446
296
-341
-495
302
539
-31
-430
-347
-468
-555
-168
491
420
564
416
846
1473
1536
2406
2376
2583
3524
2849
4247
1635
2976
5461
4828
5289
2048
3414
2889
3800
4318
4380
2968
-1060
-928
1690
1936
387
-2618
-2865
-2881
-3081
-2323
-2011
-3020
-6174
-6485
-4608
-3933
-4647
-5878
-5656
-5614
-5741
-5477
-4567
-4430
-5380
-5175
-4202
-3692
-4216
-3164
-2051
-1601
-1839
-1570
-930
-554
125
1539
2944
1706
861
2165
3879
3683
2997
3109
3629
2895
2487
3891
4778
2680
501
1529
3124
2675
753
867
1114
-127
-982
39
1255
-354
-1993
-1014
636
-194
-1506
-796
482
-313
-1069
-181
1453
898
236
1620
2952
2317
1775
2967
4495
3557
1396
4017
5808
5541
3606
3574
3854
3604
3012
4376
4840
1637
-1354
575
2427
1543
-1074
-2614
-2625
-3255
-3579
-2476
-2281
-5158
-7274
-6092
-4354
-4823
-6051
-6529
-6187
-6430
-6369
-5380
-4527
-5563
-6005
-4599
-3418
-3878
-3883
-2582
-1612
-1537
-1399
-254
326
222
762
2147
2953
2081
1995
3445
4021
3581
3162
3888
4106
2937
2894
3810
4416
2638
1224
2354
2748
1635
741
1304
1006
-677
-1394
-165
491
-1029
-2235
-1242
-832
-1888
-1904
-648
-110
-792
-1343
87
1094
620
629
1787
2540
2182
2299
4244
5085
4523
3495
2342
5364
4983
5316
5155
3762
3504
3051
4112
4960
3572
510
-1114
553
716
245
-1130
-2998
-3681
-4275
-3879
-3140
-4199
-6162
-6828
-5949
-5521
-5720
-5848
-6422
-6174
-5823
-5335
-4908
-4744
-4976
-4132
-3001
-2858
-2996
-2325
-1372
-658
-102
171
563
496
1056
1946
2750
2695
2281
2750
3435
3514
3578
3687
3014
3359
3056
2346
3128
3137
2334
1431
1095
1281
918
-74
-75
380
-681
-2393
-1672
-417
-1093
-2112
-2170
-1443
-1881
-2162
-1183
363
-207
-1269
-178
1187
1373
862
1808
2882
2869
2907
3499
5350
4676
4078
4480
2755
4568
4573
5735
5499
2237
2238
2901
3399
3031
2028
617
-1579
-1289
-494
222
-1329
-4892
-4887
-3996
-3842
-3956
-4659
-5222
-6156
-6284
-5131
-4551
-4728
-5954
-5460
-4109
-3855
-4179
-4017
-3474
-2958
-2383
-1864
-1788
-1829
-1580
-733
340
206
15
366
965
1571
2285
1815
1607
1790
2377
3283
3057
2656
2218
2684
2850
2525
1682
2032
1843
1216
1220
1555
1249
-184
-724
410
792
-1018
-1832
-617
215
-844
-1019
-109
-77
-1187
-977
820
1308
-99
-570
1140
2179
1355
1423
2307
2346
2101
2209
3994
4253
3621
3000
4287
4527
1430
3703
4696
5033
3331
974
2499
2559
2138
2072
2348
465
-2723
-1790
157
50
-1779
-4356
-3644
-3718
-3880
-3681
-3233
-4280
-6317
-5947
-4490
-4046
-4754
-5533
-5158
-4578
-5125
-4951
-3874
-3673
-3879
-3643
-2856
-3169
-3027
-2148
-1234
-936
-1267
-1186
-518
66
772
1584
1870
-139
566
2534
3017
3042
1766
2727
2426
1991
3126
3857
3537
1496
1502
3601
3000
1855
1414
1906
1756
589
663
760
306
-821
-503
792
96
-1040
-1279
-473
107
-199
-540
-225
-23
91
504
1638
1216
435
1010
2073
2962
2842
3100
2947
3644
3185
4434
3545
2241
4074
4179
5380
3288
2018
2290
2625
2997
3222
2624
-138
-1767
-758
453
448
-2245
-4346
-4002
-3935
-3624
-3700
-4185
-5772
-6982
-6211
-5073
-4787
-5900
-6832
-6188
-5429
-5607
-5162
-4588
-4513
-4502
-4032
-3598
-3215
-2748
-2075
-893
-414
-518
-416
333
1331
2407
3293
2816
3127
2585
3857
5905
5057
5655
4152
4235
4068
4353
6103
5496
3234
1511
2860
3848
2424
1727
1404
252
-1325
-1547
886
345
-2607
-3960
-2181
-1592
-3104
-2882
-1854
-2210
-3401
-2886
-842
-379
-1963
-1623
121
921
-374
355
2287
2453
2279
2715
4145
4415
3582
4223
5749
6072
4146
2784
5249
5398
5304
4243
2872
2765
1667
1798
2640
2217
-1026
-3255
-2321
-1754
-2214
-3514
-5521
-5640
-6162
-6240
-5384
-5781
-6998
-8116
-7285
-7002
-6500
-6356
-6526
-5887
-5579
-5294
-5058
-4133
-3660
-2618
-1604
-1366
-1347
-640
114
1070
1996
2451
2375
2485
3180
4543
5419
4651
4162
4269
5101
4105
5492
6099
5000
3998
2384
3079
3537
3277
2446
1874
223
-673
-171
845
180
-1223
-2896
-3128
-2125
-1366
-1260
-2067
-2977
-3315
-2470
-1631
-923
-1031
-1453
-1645
-591
505
734
863
1049
1420
1725
2179
2747
3208
3397
3200
3298
3739
3582
3790
4263
4285
4243
3452
3401
2066
1761
3306
3053
2857
400
-626
46
10
-192
-283
-1510
-3789
-4520
-2992
-2382
-2684
-5030
-6124
-5250
-5348
-4475
-4184
-4269
-5442
-5705
-4563
-3547
-3026
-3759
-3733
-2968
-2423
-2450
-1705
-1062
-993
-819
-666
-437
-302
170
682
1347
1367
844
772
1228
1868
2410
2269
1606
1740
2087
3043
2344
2820
2675
1963
2308
1641
3079
2570
1956
2163
2468
1907
463
619
1828
1605
945
-96
-100
-272
-569
395
386
-541
-2422
-2139
-851
-332
-689
-1626
-2161
-1943
-1657
-795
-326
-930
-1885
-1829
-696
-50
358
-289
-231
-452
306
1043
1410
1899
1537
1918
1960
2655
2738
3201
1364
1967
3462
2950
3185
1457
2016
1996
2046
1771
1814
732
-1314
-1039
365
129
-839
-3018
-3052
-2516
-2866
-2838
-3157
-3764
-5211
-4811
-3886
-3492
-4067
-5182
-4982
-4043
-3808
-3851
-3326
-3073
-2899
-2712
-2037
-1573
-1005
-888
-38
776
1185
1297
1706
2710
3327
3931
3809
4030
4483
5069
5461
5775
5823
4625
4549
5001
5075
5396
4151
3225
2576
2519
2904
2169
884
-139
-264
-813
-1343
-1449
-1790
-3188
-4187
-3750
-3170
-4046
-4991
-4635
-4002
-4386
-5057
-4235
-3529
-3931
-3914
-2745
-2238
-2449
-2694
-1196
91
165
124
720
1715
1757
2337
3215
4041
3367
3296
4195
4728
5187
4344
4988
4727
4452
2902
2881
4766
3660
3447
1526
1252
1417
805
723
906
-312
-2707
-3095
-1589
-1443
-2142
-4136
-4635
-3889
-4263
-3918
-3349
-3519
-4729
-4928
-3841
-2918
-2892
-3444
-2892
-1862
-1770
-2230
-1219
-340
-355
-455
130
553
624
765
1516
2427
2174
1333
1633
2385
2697
3073
2856
2610
2185
2032
2232
2816
2587
1747
1331
739
1580
1933
1485
883
-436
-665
-120
-147
323
-52
-1460
-2347
-2295
-1584
-1253
-1956
-3365
-3009
-2852
-3037
-2707
-2347
-2812
-3555
-3666
-2663
-1771
-2253
-2755
-1814
-1286
-1891
-1394
-416
-41
-201
-360
384
988
799
1041
2187
2589
2138
2286
2970
3649
3727
3700
4239
4350
4487
3946
5234
4436
3471
4932
4678
5296
3318
2696
3322
3664
3231
2984
2539
684
-440
495
988
501
-1611
-3091
-2157
-2211
-2465
-3073
-3353
-4345
-5157
-4761
-4158
-3981
-5141
-5633
-4537
-4101
-4914
-4785
-4045
-3471
-3571
-3335
-2691
-2275
-2540
-1973
-467
292
-254
-310
805
1799
2297
2052
2334
2535
2683
2896
3847
4085
3574
2917
3188
3149
2469
3104
2557
2742
2088
582
521
867
333
236
-938
-2466
-2873
-2205
-2447
-2681
-3626
-5119
-5066
-4942
-4068
-3483
-4473
-5663
-4991
-3433
-2997
-2915
-2821
-2829
-2193
-1302
154
1506
1159
626
1863
3291
3566
3962
4584
5093
5358
5551
6066
6870
6573
6215
6811
7138
6787
6097
6383
6274
6321
5343
3085
4704
4074
3737
3004
1341
1207
224
8
-23
-312
-2399
-4089
-3452
-2961
-3563
-4771
-6248
-5699
-5891
-5982
-5781
-5788
-6404
-7131
-6149
-5342
-4931
-5372
-5543
-4343
-3402
-3530
-3186
-2471
-2145
-1833
-1098
-335
-45
-345
33
989
1473
1276
1085
1626
1801
2188
2191
2344
2292
2124
2031
2212
2509
2134
1758
1935
2070
2055
1459
922
1285
981
1056
178
-205
-542
-77
-172
-459
-892
-1705
-2116
-2127
-1429
-1245
-2139
-3134
-2602
-1935
-1808
-2256
-1994
-1999
-2194
-1921
-635
3
-763
-1279
-87
932
857
980
1511
1999
1835
2177
3155
3720
3147
3118
3893
4516
4105
4224
4591
5019
4479
4435
4759
4890
4344
4016
4583
4385
3266
1249
3167
2933
2627
1238
-130
304
-440
-699
-551
-609
-2985
-4436
-3649
-2960
-3289
-4774
-6293
-5264
-5559
-5863
-5587
-5364
-6062
-6669
-5894
-4974
-4507
-5301
-5216
-3820
-2982
-3572
-3173
-2271
-1668
-1584
-831
-157
-13
-74
347
1859
2352
1606
1572
2364
2887
3302
3489
3498
3406
3046
2934
3728
3923
3272
2859
2982
2951
2819
2377
2061
2116
990
1104
1308
748
877
-89
-296
-217
-830
-654
-1120
-1665
-1291
-1082
-1596
-1834
-1959
-1844
-1988
-1931
-1589
-1342
-1880
-2128
-1024
-492
-943
-1229
-752
-288
-249
160
730
1044
493
221
1349
1894
1450
1255
1567
1991
2057
1995
2521
2583
1954
1701
2354
2766
2385
2358
2384
2295
2027
1969
2249
1122
1265
1802
2111
1665
-65
-59
247
331
55
-78
-1113
-2635
-2951
-2090
-1689
-2506
-4426
-4580
-3944
-4074
-4098
-4190
-4494
-5319
-5318
-4600
-3691
-3779
-4534
-3976
-2994
-3065
-3090
-2415
-1588
-1080
-923
-520
175
469
721
1902
2840
2786
2461
2983
3935
4743
5003
4896
5000
4996
4827
5362
5990
5618
4987
4582
4491
4537
3994
3276
3081
2769
1818
1383
679
-159
-240
-919
-1648
-2395
-2992
-3669
-3831
-3987
-4307
-5069
-6208
-6173
-5176
-5361
-6065
-5953
-5555
-5558
-5470
-4371
-3482
-3688
-4211
-3046
-1381
-1262
-1371
-288
788
839
959
2256
3360
3322
3158
4167
5250
4772
4392
5129
5858
5368
4833
5201
5409
4965
4347
4600
4566
3521
2765
2947
3267
2387
1490
371
745
1072
214
32
-1114
-1546
-1723
-1695
-1441
-1799
-2984
-3925
-3432
-2628
-2696
-3299
-4221
-3889
-3364
-3184
-2809
-2808
-2964
-2995
-2407
-1577
-1387
-1674
-1629
-734
135
-12
20
191
451
690
1032
1247
1006
549
698
1572
1783
1402
684
558
745
1021
1194
1001
792
365
139
288
447
195
-77
-157
-179
-73
-324
-442
-357
-478
-611
-599
-653
-559
-768
-570
-851
-868
-861
-1434
-888
-990
-715
-1142
-1509
-1199
-1005
-1157
-1247
-932
-646
-1428
-1425
-965
-667
-930
-1006
-164
17
-319
-436
686
911
400
544
1234
1606
1365
1461
2215
2337
1640
1870
2758
2890
2373
2123
2558
2646
2322
2420
2950
2669
1937
1754
2237
2321
1889
1693
1888
1615
1309
477
-15
1208
823
841
4
-882
-720
-890
-667
-528
-1045
-2739
-3393
-2734
-1990
-2096
-3178
-4116
-3757
-3696
-3474
-3054
-3015
-3571
-3771
-3202
-2518
-2036
-2310
-2182
-1523
-1406
-1567
-1093
-536
-50
125
213
495
513
312
963
1699
1777
1402
1263
1540
1931
2067
2122
2109
2057
1980
2165
2739
2578
2166
1893
1780
1959
1871
1642
1707
1670
1132
895
799
554
432
190
232
73
-337
-850
-791
-1014
-1216
-1155
-1293
-1395
-1839
-1934
-1961
-1673
-1615
-1741
-2166
-2177
-2047
-1672
-1735
-1626
-1513
-1697
-2061
-1474
-690
-735
-1076
-982
-335
-356
-457
54
651
286
8
601
1225
1030
688
1134
1633
1371
1142
1484
1896
1705
1379
1790
2191
1827
1542
1882
2443
2113
1868
1716
2164
1866
1471
1114
1726
2238
1674
1738
918
1142
1162
1295
1332
1335
268
-391
-366
433
264
-447
-1530
-1469
-1108
-1314
-1161
-1451
-1666
-2070
-1905
-1526
-1321
-1815
-2162
-1818
-1364
-1510
-1534
-1513
-1333
-1252
-1293
-1272
-1278
-1509
-1277
-595
-497
-676
-1006
-956
-621
-191
71
151
63
-189
46
571
856
890
726
592
642
773
939
1147
1157
877
736
618
502
431
485
510
275
16
-343
-248
-256
-448
-441
-796
-848
-1553
-1315
-855
-1246
-1162
-1758
-2006
-1765
-1602
-1376
-1288
-1986
-2103
-1798
-1534
-1249
-936
-1075
-1471
-1425
-871
-232
-232
-190
289
418
172
473
1160
1406
1352
1610
2019
2068
1735
2068
2801
2880
2474
2485
2580
2642
2685
2961
3313
2916
2252
2161
2783
2677
2444
2280
2407
1948
1379
1387
1234
2017
1323
1218
787
68
75
400
338
-7
-913
-1776
-1742
-1373
-1131
-1429
-2114
-3005
-2829
-2797
-2493
-2558
-2822
-3043
-3214
-2944
-2738
-2579
-2684
-2788
-2505
-2470
-2417
-2196
-2049
-1664
-1514
-1480
-1616
-1392
-1144
-502
-69
-154
-135
-208
52
701
1212
1274
1179
1152
1362
1859
2187
2426
2566
2573
2593
2698
2852
2924
3060
3139
3098
2898
2629
2326
2437
2443
2241
1974
1458
1073
843
763
614
352
-212
-745
-1100
-1226
-1493
-2053
-1827
-2240
-2587
-2807
-3112
-2922
-2999
-3176
-2965
-3108
-3423
-3107
-2596
-2365
-2348
-2341
-2131
-1793
-1367
-774
-412
-519
-251
387
773
1046
1125
1466
1610
1656
2102
2581
2523
2235
2423
2621
2637
2358
2281
2382
2211
1977
1910
1953
1553
1134
1055
1055
827
303
249
256
-213
-577
-1486
-804
-814
-1087
-1171
-1870
-1624
-1663
-1677
-1692
-1589
-2510
-2685
-2261
-1485
-1262
-1783
-2381
-1951
-1441
-1180
-862
-766
-625
-749
-486
214
605
480
383
874
1444
1213
1020
1042
1556
1528
1441
1379
1352
1122
984
1332
1331
1071
505
347
706
806
728
550
423
153
49
134
347
301
45
-10
25
10
-225
-194
-153
-23
-44
-272
-261
-166
-82
17
-55
-161
-398
-479
-294
-43
-31
-295
-531
-584
-494
-489
-438
-573
-546
-700
-856
-798
-608
-578
-968
-1030
-1055
-1007
-869
-833
-778
-1046
-1483
-1236
-995
-723
-788
-946
-969
-952
-679
-418
-303
-369
-311
-309
-310
-222
50
259
345
527
677
697
624
758
1050
1280
1223
1417
1595
1699
1783
1980
2076
2188
2220
2434
2670
2802
2490
2701
2560
2624
2243
1162
2540
2398
2628
1759
912
1242
1274
940
1136
893
-147
-1008
-839
-308
-359
-1497
-2363
-2005
-2056
-2309
-2714
-2627
-2716
-3121
-3361
-3050
-3178
-3609
-3832
-3275
-2780
-3194
-3648
-3351
-2505
-2418
-2537
-2320
-2062
-1992
-1713
-1080
-352
-262
-655
-341
548
1005
1101
1240
1563
1845
1755
1889
2437
2809
2681
2686
2822
2691
2281
2192
2553
2740
2497
1833
1573
1494
1151
1084
1046
963
523
-13
-150
18
-189
-522
-620
-761
-870
-1132
-1146
-929
-921
-1136
-1325
-1242
-1242
-1392
-1048
-739
-692
-729
-1048
-1015
-556
-463
-88
-110
-410
-396
-165
192
560
687
421
207
209
688
1202
1091
1040
888
760
687
889
1270
1155
713
419
639
641
526
545
579
226
-107
-265
-45
159
-108
17
39
-141
-303
-72
326
415
249
33
416
614
613
964
592
730
815
545
1121
733
679
751
616
779
658
230
-215
-425
-466
-576
-626
-1099
-1137
-1380
-1421
-1358
-1534
-1555
-1908
-1818
-1674
-1520
-1486
-1513
-1319
-1024
-970
-868
-876
-773
-610
-442
-110
-48
-128
-73
127
300
433
416
402
516
660
793
889
919
998
1028
1040
1131
1147
1105
1109
1148
1150
987
811
698
647
603
411
329
84
-126
-246
-323
-352
-494
-626
-752
-652
-628
-644
-651
-716
-748
-719
-580
-452
-428
-578
-732
-617
-459
-319
-338
-469
-556
-658
-623
-575
-557
-638
-557
-667
-828
-881
-865
-612
-585
-749
-876
-1016
-1095
-732
-456
-471
-614
-825
-651
-470
-83
203
293
209
87
482
679
876
979
1141
1236
1206
1499
1572
1642
1612
1778
1927
1858
1879
1924
2147
1987
1966
1945
1865
1802
1649
1811
1618
1520
1289
1325
1102
524
563
370
401
-19
-308
-259
-470
-683
-828
-935
-1251
-1575
-1600
-1440
-1453
-1762
-1867
-1876
-1941
-2004
-2024
-1866
-1888
-1937
-1853
-1487
-1278
-1257
-1166
-1108
-869
-799
-621
-423
-242
-184
-182
-80
-114
-42
-28
136
323
302
147
55
91
48
73
131
192
193
2
-76
21
72
51
85
135
221
254
309
391
441
422
257
297
415
592
635
542
515
541
512
566
514
294
413
696
813
605
251
209
451
589
663
561
325
154
333
698
723
438
101
2
151
436
510
268
-27
-105
-8
27
83
117
72
-15
26
140
70
-142
-155
111
107
30
39
182
262
126
58
148
80
51
346
706
681
473
220
325
270
-310
227
648
646
255
-334
-67
195
-159
-125
-130
-569
-1204
-1149
-580
-395
-1036
-1796
-1567
-1515
-1660
-1872
-1675
-1476
-1809
-1960
-1601
-1210
-1356
-1647
-1289
-827
-892
-1086
-796
-114
-27
-262
-197
158
237
195
541
1035
1061
477
403
871
1155
1088
1029
1348
1409
1112
944
1383
1636
1412
1218
1385
1557
1190
1030
1341
1607
1240
792
791
963
762
386
443
520
88
-411
-387
-67
-186
-674
-877
-817
-979
-1280
-1146
-868
-1093
-1578
-1685
-1385
-1340
-1559
-1463
-1269
-1296
-1627
-1547
-959
-772
-892
-863
-659
-508
-632
-387
149
356
163
122
455
603
547
659
1037
1176
897
883
1270
1488
1324
1188
1397
1459
1257
1187
1528
1726
1407
1154
1196
1330
1178
1075
1218
1260
938
559
611
627
420
267
314
394
126
-222
-138
-76
-232
-430
-469
-341
-559
-763
-662
-430
-536
-731
-684
-620
-599
-762
-593
-322
-328
-489
-378
-249
-281
-350
-338
-135
-261
-364
-308
-140
-149
-337
-377
-443
-464
-572
-459
-413
-517
-642
-717
-655
-726
-766
-791
-728
-859
-1043
-1028
-947
-930
-1044
-1042
-1020
-1059
-1154
-1101
-874
-778
-758
-792
-672
-529
-382
-133
76
249
151
238
411
669
919
1036
1175
1195
1199
1260
1449
1705
1659
1799
1778
1612
1863
1829
2030
1928
1667
1625
1656
1484
1586
1357
1081
781
589
552
402
246
-11
-146
-407
-485
-679
-820
-890
-1012
-1100
-1258
-1330
-1379
-1514
-1605
-1551
-1487
-1598
-1620
-1453
-1261
-1237
-1255
-1227
-1118
-924
-776
-395
-237
-262
-265
-122
156
349
498
644
723
626
668
892
942
822
625
601
694
640
635
606
512
199
15
-4
-19
-60
-175
-257
-377
-500
-603
-608
-673
-731
-696
-663
-685
-774
-799
-649
-563
-440
-361
-301
-246
-224
-120
34
195
274
413
474
674
809
942
1052
1044
1169
1173
1365
1413
1456
1452
1493
1634
1649
1629
1561
1550
1389
1316
1240
1198
1113
855
712
468
252
45
-63
-220
-510
-739
-1017
-1137
-1301
-1525
-1580
-1797
-2001
-2048
-2181
-2158
-2203
-2195
-2105
-2157
-2170
-2106
-1973
-1904
-1783
-1652
-1533
-1431
-1326
-1024
-822
-708
-670
-619
-378
-210
186
446
572
588
587
733
853
1119
1151
1317
1417
1447
1626
1594
1626
1630
1656
1649
1694
1630
1593
1563
1439
1537
1476
1398
1245
1130
1092
1057
980
880
862
658
650
592
530
464
316
259
245
142
-13
-56
-95
-85
-239
-411
-524
-670
-736
-811
-815
-930
-1114
-1248
-1236
-1278
-1305
-1289
-1423
-1488
-1613
-1493
-1305
-1226
-1195
-1192
-1194
-1230
-1121
-901
-635
-516
-471
-394
-348
-223
-41
122
325
414
485
620
719
773
955
1015
1081
1067
934
1068
1116
1182
1134
1003
858
712
673
666
660
487
315
133
7
5
-14
-46
-249
-519
-673
-712
-707
-738
-831
-939
-1018
-1100
-1076
-839
-693
-655
-743
-731
-523
-310
-40
235
378
337
399
630
984
1197
1254
1438
1432
1479
1578
1796
1931
1778
1720
1595
1638
1539
1504
1471
1243
897
590
527
351
207
-88
-318
-607
-893
-1026
-1118
-1259
-1602
-1825
-1935
-2013
-2064
-2137
-2106
-2194
-2378
-2381
-2331
-2161
-2082
-1976
-1865
-1725
-1618
-1382
-1107
-985
-802
-663
-296
-79
172
377
446
550
628
1025
1209
1333
1317
1253
1419
1429
1547
1625
1529
1458
1439
1529
1571
1504
1321
1208
1176
1035
1080
1117
1004
803
600
513
433
369
223
286
163
60
32
-32
-33
-227
-215
-232
-235
-234
-235
-168
-239
-278
-297
-221
-253
-349
-395
-415
-358
-462
-487
-491
-527
-563
-650
-721
-828
-878
-917
-830
-811
-911
-964
-1007
-1055
-1085
-1058
-1027
-911
-938
-884
-768
-619
-480
-426
-307
-230
-158
-28
157
339
451
478
562
654
695
771
861
841
809
744
780
889
889
823
778
693
606
608
515
517
403
300
280
225
167
102
24
-102
-137
-220
-171
-204
-274
-275
-299
-264
-248
-243
-212
-148
-76
-13
-18
-38
-19
50
98
146
162
196
232
287
291
204
117
88
190
203
203
152
135
50
-33
-48
-82
-117
-252
-337
-417
-410
-435
-445
-524
-679
-795
-838
-718
-681
-704
-750
-783
-741
-668
-589
-390
-278
-282
-253
-185
-89
37
87
184
278
313
401
472
424
367
358
410
519
519
575
530
463
460
541
581
551
482
361
379
352
439
464
388
318
218
188
83
86
52
103
139
55
29
-11
-8
-36
-3
44
98
92
74
239
276
316
301
277
306
307
451
560
598
509
479
465
456
484
470
496
410
329
266
257
243
118
14
-105
-120
-185
-221
-246
-389
-510
-615
-573
-646
-714
-773
-818
-838
-919
-902
-944
-982
-1041
-963
-917
-897
-888
-882
-901
-994
-927
-856
-640
-653
-682
-621
-639
-513
-451
-269
-119
-71
-60
14
162
279
385
467
533
563
605
731
768
792
792
833
898
888
852
831
872
827
842
791
715
650
512
446
450
438
383
341
242
129
6
-49
-63
-47
-16
1
-17
-83
-118
-130
-81
-139
-111
-33
29
65
-15
-46
-24
-15
-36
-37
-9
-62
-58
-19
28
21
-82
-47
-68
-108
-156
-165
-88
-102
-186
-202
-197
-291
-361
-374
-394
-358
-427
-448
-379
-396
-383
-365
-343
-440
-438
-380
-242
-163
-216
-230
-188
-88
2
72
90
89
102
245
355
409
421
360
473
521
594
621
525
479
479
596
725
717
579
484
472
506
522
497
420
304
148
107
159
79
10
-148
-236
-322
-457
-480
-524
-577
-668
-690
-720
-725
-768
-804
-787
-810
-793
-761
-683
-581
-590
-556
-520
-453
-378
-315
-212
-138
-21
79
208
253
232
289
341
476
642
699
718
687
611
663
697
690
712
699
598
492
340
326
371
294
207
85
-98
-292
-316
-301
-254
-369
-481
-484
-513
-573
-595
-609
-618
-600
-552
-395
-289
-315
-301
-259
-144
-27
67
219
267
267
327
471
589
645
673
724
707
673
619
641
671
599
598
502
440
324
206
176
38
-67
-176
-220
-303
-434
-494
-526
-552
-722
-787
-833
-831
-802
-800
-704
-726
-768
-735
-571
-432
-404
-346
-280
-171
-96
41
250
307
276
287
449
557
622
625
656
621
523
618
735
880
791
623
562
495
510
563
660
575
445
257
202
251
138
70
-85
-151
-256
-241
-195
-200
-287
-488
-459
-453
-329
-315
-205
-118
-181
-182
-206
-117
-119
-4
61
159
167
100
106
25
33
24
125
145
103
-5
-124
-165
-208
-194
-219
-291
-381
-451
-459
-468
-544
-609
-686
-779
-780
-814
-743
-734
-793
-783
-798
-705
-662
-564
-485
-397
-362
-290
-149
-66
117
187
275
345
348
426
520
632
742
793
801
826
848
859
873
923
956
970
886
844
794
732
625
573
611
538
451
257
179
71
28
75
32
-25
-190
-259
-297
-208
-228
-244
-263
-318
-309
-372
-320
-250
-220
-243
-179
-110
-149
-168
-137
6
43
80
77
59
41
-17
84
115
146
88
-28
-98
-207
-245
-302
-321
-385
-447
-556
-668
-744
-853
-869
-947
-998
-987
-982
-945
-928
-921
-905
-870
-812
-676
-545
-455
-313
-172
-17
96
148
279
393
585
780
956
1069
1081
1131
1215
1347
1405
1493
1510
1509
1455
1417
1437
1353
1298
1142
1032
916
768
689
564
458
295
145
23
-107
-200
-305
-394
-497
-653
-724
-721
-686
-747
-806
-859
-872
-851
-851
-776
-752
-760
-754
-644
-595
-573
-559
-520
-429
-438
-366
-283
-232
-242
-225
-160
-127
-101
-132
-96
-127
-110
-86
-126
-166
-197
-207
-251
-249
-314
-299
-276
-288
-297
-349
-375
-381
-296
-282
-157
-124
-60
75
100
143
150
255
392
567
646
747
773
786
868
964
1070
1069
1019
984
1080
1151
1192
1203
1107
1001
909
852
882
834
725
641
501
342
217
120
68
-62
-231
-378
-479
-594
-696
-739
-841
-979
-1116
-1172
-1207
-1231
-1237
-1265
-1298
-1327
-1302
-1279
-1194
-1138
-1052
-894
-823
-706
-638
-471
-335
-180
-31
100
268
323
437
515
635
725
783
845
875
908
880
908
885
843
750
711
715
606
512
380
264
101
-62
-146
-217
-345
-429
-512
-629
-733
-849
-925
-894
-917
-877
-849
-829
-732
-692
-592
-528
-382
-275
-109
78
226
424
527
679
806
963
1061
1226
1393
1451
1537
1496
1523
1529
1524
1601
1579
1481
1266
1107
1011
893
720
494
307
40
-156
-330
-517
-657
-976
-1226
-1426
-1586
-1653
-1720
-1709
-1842
-1976
-2056
-2005
-1928
-1933
-1864
-1774
-1656
-1596
-1404
-1215
-1034
-915
-837
-683
-532
-288
-48
218
343
431
536
663
874
1016
1184
1222
1265
1262
1287
1405
1381
1386
1277
1193
1115
1021
972
924
842
688
555
408
337
235
172
149
43
-84
-128
-115
-117
-184
-277
-306
-299
-263
-165
-66
-99
-125
-122
-37
98
192
275
322
357
358
421
482
576
654
644
610
501
398
308
294
310
306
186
-1
-179
-339
-421
-521
-606
-691
-845
-970
-1042
-1060
-1081
-1160
-1201
-1213
-1178
-1148
-1107
-1027
-994
-977
-891
-756
-599
-488
-410
-327
-239
-142
-3
199
326
406
448
493
571
647
713
772
773
709
676
683
709
663
551
523
465
416
394
361
355
243
136
59
138
150
206
217
142
86
42
196
341
469
443
476
468
510
615
765
898
881
882
856
970
1027
1068
1007
909
870
789
816
725
702
562
383
261
111
56
-122
-285
-462
-622
-777
-889
-985
-1146
-1319
-1518
-1579
-1631
-1696
-1692
-1688
-1743
-1800
-1726
-1641
-1527
-1469
-1403
-1229
-1144
-1001
-787
-666
-572
-366
-190
12
164
262
408
504
599
652
686
794
846
869
885
877
790
683
614
571
582
483
383
301
222
114
18
-22
-59
-93
-126
-98
-85
-110
-145
-89
32
86
190
211
252
375
460
641
697
725
746
831
943
1043
1099
1063
1070
1013
1028
1040
1025
981
894
789
723
638
556
434
241
89
16
-59
-174
-334
-513
-672
-878
-995
-1016
-1067
-1130
-1250
-1355
-1420
-1444
-1422
-1348
-1324
-1336
-1322
-1280
-1143
-1067
-1021
-972
-951
-893
-800
-670
-527
-461
-416
-423
-389
-338
-262
-133
-59
-12
-48
-53
-39
-19
52
94
87
-20
-43
-12
101
159
144
159
68
101
154
312
420
432
421
431
557
686
864
964
1024
1025
1033
1135
1273
1391
1457
1520
1525
1541
1546
1595
1608
1511
1414
1322
1280
1259
1237
1135
981
724
528
389
292
200
18
-206
-481
-669
-823
-934
-1096
-1290
-1468
-1654
-1767
-1827
-1833
-1849
-1920
-1976
-2008
-1977
-1861
-1766
-1676
-1613
-1558
-1421
-1267
-1078
-903
-742
-642
-495
-297
-130
109
243
379
422
502
637
737
850
885
950
901
896
881
880
901
825
819
727
669
621
594
546
458
420
348
363
307
289
255
197
203
232
291
268
273
252
289
301
382
446
472
471
454
512
520
563
601
656
653
670
672
642
626
568
499
515
491
467
370
223
82
-67
-158
-247
-336
-485
-628
-771
-885
-970
-1058
-1136
-1248
-1342
-1370
-1405
-1382
-1362
-1372
-1357
-1348
-1294
-1251
-1178
-1119
-1056
-975
-908
-840
-737
-659
-566
-435
-373
-269
-221
-131
-44
41
119
237
339
363
439
470
512
557
618
757
826
825
845
882
924
979
1008
1053
1115
1100
1151
1204
1220
1219
1156
1103
1123
1127
1132
1122
1044
968
867
791
716
664
552
462
413
329
227
96
-6
-91
-169
-271
-333
-354
-402
-477
-570
-629
-708
-812
-829
-799
-789
-867
-949
-998
-1007
-989
-955
-876
-894
-904
-877
-783
-689
-631
-571
-540
-436
-374
-265
-188
-174
-148
-128
-45
-9
39
32
14
-2
-56
-48
-64
-77
-96
-150
-228
-287
-341
-380
-369
-399
-422
-451
-488
-451
-434
-346
-275
-236
-212
-142
-40
87
217
308
395
428
504
597
721
807
896
953
994
1043
1099
1142
1156
1113
1034
1035
1033
1087
1087
1008
875
684
568
517
500
446
332
196
47
-45
-135
-217
-309
-440
-533
-601
-641
-618
-607
-636
-658
-719
-742
-736
-662
-598
-534
-493
-476
-441
-395
-293
-226
-143
-145
-107
-76
-10
75
100
114
59
33
12
51
29
46
-21
-152
-261
-374
-343
-349
-387
-484
-599
-705
-808
-798
-779
-734
-777
-814
-789
-757
-668
-601
-513
-443
-377
-286
-154
16
83
190
292
459
607
716
896
1004
1093
1086
1147
1240
1376
1492
1599
1620
1505
1393
1279
1334
1366
1368
1243
1059
882
747
692
584
501
279
106
-8
-78
-99
-204
-312
-467
-577
-650
-626
-579
-625
-733
-874
-930
-933
-904
-840
-836
-860
-921
-953
-913
-872
-823
-797
-786
-779
-717
-663
-605
-570
-560
-536
-593
-569
-541
-465
-414
-432
-437
-474
-418
-416
-304
-302
-312
-296
-309
-188
-85
17
62
117
131
236
372
447
563
605
627
715
812
951
1063
1104
1089
1071
1028
1079
1194
1239
1253
1166
1084
996
916
847
763
680
529
431
269
173
42
-93
-207
-381
-488
-607
-672
-768
-825
-868
-909
-931
-981
-935
-886
-814
-780
-741
-695
-653
-519
-403
-304
-251
-234
-175
-74
69
176
276
252
237
232
281
378
404
398
317
295
244
234
191
113
24
-100
-174
-208
-216
-284
-369
-496
-571
-619
-638
-584
-575
-556
-563
-572
-546
-474
-376
-204
-85
-70
-21
24
179
369
532
644
722
746
831
960
1063
1140
1156
1172
1212
1269
1292
1304
1212
1080
976
908
870
768
643
480
329
158
16
-97
-255
-386
-585
-718
-830
-895
-979
-1040
-1138
-1229
-1260
-1293
-1207
-1177
-1150
-1132
-1051
-950
-855
-777
-705
-584
-502
-369
-230
-116
-9
1
57
153
213
259
288
329
347
338
344
338
299
245
206
221
202
168
70
39
-7
-65
-99
-159
-145
-182
-170
-177
-156
-154
-178
-170
-134
-82
-53
26
123
225
297
301
367
414
518
574
665
761
800
857
875
931
886
876
848
836
813
776
750
682
591
425
297
200
140
68
-5
-121
-245
-348
-422
-449
-505
-558
-645
-707
-718
-714
-692
-696
-720
-744
-727
-682
-615
-551
-520
-488
-419
-369
-303
-218
-149
-87
-53
11
81
130
132
163
157
156
174
199
208
177
135
51
44
-27
-53
-73
-126
-182
-275
-308
-387
-413
-459
-448
-484
-470
-442
-449
-406
-425
-370
-334
-301
-229
-102
-29
16
49
90
159
221
349
472
543
571
580
619
692
751
792
845
863
883
901
907
904
830
768
744
721
691
636
560
516
459
377
321
265
248
195
123
83
-4
-67
-134
-188
-291
-400
-481
-528
-568
-651
-709
-779
-869
-941
-958
-974
-988
-1044
-1091
-1097
-1084
-1114
-1100
-1101
-1140
-1127
-1112
-997
-944
-892
-830
-764
-669
-601
-467
-347
-207
-87
9
138
266
403
501
600
649
714
780
896
1019
1075
1070
1033
1042
1013
1037
1055
1076
1090
1006
929
879
848
801
740
658
572
484
390
351
267
161
80
-21
-45
-65
-100
-142
-175
-235
-251
-244
-218
-98
-71
-8
44
40
61
108
206
341
446
428
442
418
417
451
445
448
375
329
284
279
238
170
87
-49
-163
-274
-337
-424
-530
-641
-745
-897
-1038
-1120
-1211
-1238
-1320
-1408
-1446
-1485
-1483
-1423
-1342
-1262
-1202
-1129
-1016
-898
-708
-576
-424
-275
-127
84
256
424
546
650
731
893
1028
1174
1305
1342
1389
1349
1338
1310
1357
1390
1346
1259
1116
1026
912
841
706
561
401
187
61
-43
-165
-330
-488
-640
-751
-818
-860
-871
-934
-1011
-1061
-1060
-1030
-984
-896
-837
-812
-829
-787
-651
-532
-429
-330
-267
-205
-168
-81
33
123
187
246
345
383
443
442
497
508
447
487
461
469
423
375
343
278
210
135
160
84
49
2
-34
-48
-89
-105
-107
-103
-120
-45
-31
-16
-33
-76
17
-2
67
96
153
167
140
163
131
143
121
169
172
202
138
164
64
4
-121
-127
-94
-145
-122
-220
-218
-342
-433
-417
-433
-418
-407
-406
-363
-412
-363
-298
-216
-190
-164
-55
45
170
197
318
375
437
492
588
700
743
777
756
811
784
819
842
805
722
616
543
462
371
252
183
96
-54
-198
-340
-449
-597
-748
-817
-889
-935
-997
-1062
-1093
-1176
-1170
-1109
-1032
-992
-934
-821
-715
-570
-467
-311
-201
-100
15
195
395
540
692
785
869
863
946
1068
1175
1245
1227
1241
1184
1136
1082
1052
973
819
671
546
478
325
144
-27
-192
-355
-524
-637
-752
-892
-1058
-1175
-1198
-1262
-1314
-1391
-1436
-1474
-1486
-1440
-1356
-1276
-1247
-1179
-1074
-952
-842
-711
-554
-393
-243
-63
116
266
404
526
649
794
933
1070
1180
1255
1305
1333
1356
1384
1379
1397
1404
1367
1293
1155
1053
922
843
764
666
578
430
303
165
40
-100
-200
-314
-409
-494
-613
-676
-760
-851
-899
-915
-906
-911
-915
-915
-896
-880
-816
-731
-638
-540
-466
-372
-338
-266
-204
-53
63
165
267
343
460
484
545
584
648
703
777
834
835
857
800
770
691
636
610
581
566
463
388
249
160
61
-23
-90
-203
-281
-389
-442
-518
-568
-634
-739
-822
-895
-887
-888
-881
-914
-935
-935
-914
-847
-819
-722
-651
-587
-504
-446
-377
-290
-165
-38
64
121
187
271
329
