15
41
22
14
39
13
13
26
11
17
1
14
5
-21
36
12
2
58
11
4
54
-17
-11
50
-55
-8
50
-50
8
35
-21
30
23
2
36
-14
-1
5
-44
-9
31
-44
-9
33
-49
39
-7
-33
26
-45
-10
6
-44
-26
0
-24
10
4
-4
16
-12
16
2
-9
7
-22
-22
-26
-38
-15
2
-16
-13
9
11
2
27
12
-9
34
-1
-13
8
-21
-38
-22
-17
-22
0
-13
19
33
22
42
45
57
57
40
58
41
-13
21
0
-24
20
3
4
47
56
47
65
83
60
67
81
39
38
52
21
6
36
27
43
63
45
73
65
76
83
57
67
31
27
47
24
30
37
33
60
68
50
73
48
47
60
43
71
44
40
48
41
53
70
40
63
70
52
58
30
62
2
6
58
11
11
44
23
4
47
39
21
15
38
22
6
27
10
-14
-33
-10
-35
5
-3
4
25
-15
48
-5
-19
-5
-56
-31
-31
-44
-34
-39
-42
11
14
11
17
-34
-24
-40
-24
4
5
1
1
-3
15
0
-24
-2
-30
-27
-10
-17
-32
-55
-34
-29
-26
10
-6
-56
-25
-47
-40
-18
-44
-42
-76
-40
-34
-59
-60
-56
-47
-37
-24
-7
-17
-63
-32
-62
-69
-50
-90
-91
-78
-70
-72
-28
-31
-95
-44
-52
-81
-19
-58
-75
-39
-67
-66
-37
-67
-65
-59
-64
-62
-51
-38
-35
-70
-39
-78
-125
-45
-115
-97
-54
-72
-55
-46
-46
-81
-72
-82
-82
-86
-69
-62
-93
-35
-76
-105
-85
-51
-95
-69
-18
-58
-1
-1
10
-5
-6
-39
-59
-43
-77
-39
-41
-8
-33
0
38
-20
14
-20
-44
-32
3
-29
-12
16
-19
35
16
-28
-33
-12
-68
-28
-15
9
30
8
56
-7
11
37
-29
-6
-38
-29
38
-5
54
52
10
33
24
-70
-14
-38
-34
10
1
43
22
67
22
-45
21
-4
-64
24
-31
-86
3
-45
-38
-14
-68
26
-12
-26
22
-6
31
26
16
8
-47
-54
-47
-88
-44
-17
-82
42
-42
44
42
-9
100
-31
4
41
5
-29
-26
-83
10
-13
-5
77
-39
33
31
11
21
-21
-14
-41
-34
-27
47
-63
-5
11
-53
13
11
0
-61
-38
-76
-10
-22
-51
-30
-65
-22
-26
-3
-40
-78
-20
-90
-38
-46
-39
-89
-78
-53
-110
-58
2
-23
-61
52
-90
-25
-62
-130
-51
-92
-131
-99
-62
-210
-66
-45
-123
-72
2
-51
-114
57
-54
-131
-78
-108
-190
-156
-126
-268
-126
-98
-116
-15
15
-18
-130
-32
-62
-158
-40
-144
-135
-98
-212
-110
-49
-133
-141
42
-18
45
104
-28
49
8
-6
-39
-146
-238
-173
-186
-147
-51
-4
32
145
158
212
93
83
190
-199
179
-88
-90
176
37
-145
194
295
-224
339
84
29
112
191
80
127
190
78
119
-29
156
-28
251
86
142
162
149
174
-3
287
-75
307
130
212
274
167
163
117
363
-67
348
155
185
304
106
341
213
262
308
326
122
446
157
226
350
260
322
102
437
253
199
280
328
271
135
394
192
305
314
278
265
442
243
263
513
-31
441
230
244
334
373
177
303
511
1
487
224
344
329
220
425
43
445
149
266
176
319
343
224
246
291
187
183
651
-211
432
173
148
178
151
279
-76
427
88
166
83
354
110
-3
294
-17
-65
208
-8
-38
196
-33
173
-25
-194
-163
-27
-343
-51
-99
-213
-64
-127
-117
-344
140
-216
-376
-12
-224
-206
-158
-168
-520
-254
-53
-418
-235
-91
-450
-368
-104
-283
-565
-151
-448
-403
-224
-409
-264
-303
-397
-439
-267
-332
-335
-316
-452
-421
-253
-450
-714
-217
-382
-247
-188
-292
-141
-724
-132
-455
-541
-372
-296
-390
-343
-99
-364
-346
-200
-197
-478
-55
-252
-462
-191
-452
-430
13
-492
-220
58
-654
237
-28
-633
34
-151
-282
-230
-4
-99
-270
49
-162
-254
-15
-55
-101
124
-194
-50
124
-130
245
-270
-45
-87
6
160
-251
149
-354
117
86
-102
-33
262
-177
76
147
110
180
-141
386
-76
-54
-172
211
-187
-117
187
-561
327
116
-125
287
172
144
-114
294
-63
-172
47
-123
130
9
-84
194
-94
-1
186
-36
40
-78
68
14
125
141
191
-80
169
27
-205
323
-301
227
126
7
-51
-44
44
-324
354
-189
122
112
-115
144
-14
-13
119
-60
-64
170
-190
-97
250
-399
286
51
-208
292
-118
38
-93
247
-227
225
97
-130
344
96
128
-18
307
-339
194
-162
-169
80
26
27
2
570
-59
130
135
-82
308
14
136
107
8
28
-60
-84
198
-69
-20
318
-277
424
147
-5
325
-68
223
233
15
342
-166
-41
248
4
-16
206
20
-6
425
-126
334
103
-19
498
-346
351
224
58
270
110
66
130
109
-152
467
134
-25
447
206
66
345
153
-5
220
-102
219
14
130
178
148
320
133
380
85
81
511
-36
-88
106
6
177
61
-30
135
198
168
44
2
140
201
-87
251
93
32
292
-114
153
-68
-5
157
50
-61
96
-15
218
-54
-61
79
-321
471
-251
130
158
-167
178
-38
-108
-90
100
-184
105
-163
5
37
-103
4
14
-49
82
62
-301
55
-253
32
-331
-177
-115
-258
-25
-306
2
-230
-156
-20
-84
-64
-144
-2
-231
-197
-215
-286
-106
-181
-38
-252
-99
-17
-287
-158
-166
-36
-291
-83
-189
-41
-22
-343
-11
-148
-204
-31
28
-272
-48
-97
-234
-194
-60
-25
-272
-57
-337
-106
-1
-180
-50
81
-13
-44
52
10
-123
-46
59
-23
-194
-118
80
39
-168
48
149
108
67
-185
113
83
223
-63
9
-82
185
125
-15
-19
-253
288
14
85
-40
208
133
74
318
-208
183
-78
355
157
-64
94
289
142
-53
223
-17
104
76
-2
93
82
104
161
68
275
108
107
168
15
44
0
94
-14
91
163
31
172
-243
-8
69
-49
88
185
138
90
316
-133
307
166
-131
111
-74
68
-33
162
15
-216
172
-12
-54
120
-138
23
223
271
-315
-21
133
169
37
-51
-31
-182
200
-274
-108
-95
-55
55
-4
-111
90
-205
-49
147
-113
16
-168
216
-141
41
43
-247
-7
10
-444
-71
-107
-140
-119
-102
-37
-126
-45
-241
117
-5
54
-458
39
-220
-229
-69
-366
-239
-17
-186
1
-122
-148
-40
-203
75
-147
-59
-183
-67
-132
-107
-130
-268
39
-193
-121
-35
-193
-53
-232
-39
-121
-172
100
-81
71
-197
-53
127
-151
-41
-65
-58
153
-36
-8
-35
-44
-107
160
32
-222
163
-31
174
121
-48
158
-92
207
55
-34
145
-3
152
12
81
173
75
92
5
104
115
-100
185
-55
31
43
13
134
128
57
-303
245
33
131
94
70
204
34
230
137
-70
124
-174
-5
165
-74
104
-176
141
-107
84
208
-159
125
102
150
44
103
-14
-43
87
-97
2
-76
36
25
-3
45
-8
44
-44
89
-82
-132
-27
-217
-44
57
-109
-28
92
-77
61
-11
81
128
-78
-33
60
-66
-22
42
-43
-107
-115
-16
-110
-8
-104
-131
-66
-29
-133
122
-66
-15
34
-82
70
97
27
-76
-133
-115
-78
-330
-48
-73
-143
11
-85
-64
43
103
5
-89
1
-130
-139
124
-170
-31
-269
-290
75
-51
-163
7
-64
152
-117
-57
-118
-86
-134
7
-16
-6
130
19
61
-243
82
-200
-127
198
-192
32
78
-150
-86
-35
81
-40
85
85
-25
-38
106
-86
-93
94
-318
58
17
-321
-19
-40
213
46
-220
52
-74
35
-15
135
-7
-70
-199
205
0
-77
169
-162
-134
-98
-172
-62
-23
53
-3
118
74
46
432
-258
52
392
-257
-39
292
-251
83
242
-275
289
149
-200
26
-127
142
-42
136
-10
-249
-17
288
183
56
92
-113
225
-15
153
80
62
60
-167
241
-75
-71
177
8
108
372
299
-13
5
-163
-125
346
-111
-165
-177
-134
356
-19
161
38
-17
396
252
42
23
-110
150
-192
-42
289
-108
26
27
-156
21
157
228
456
-64
1
200
-54
82
-244
40
116
62
331
54
2
-277
184
37
14
186
-37
33
-8
332
123
28
206
55
51
181
195
35
111
143
64
83
88
-155
237
58
79
222
243
274
153
466
-44
259
166
31
482
190
103
96
251
267
149
-45
176
322
-144
274
13
206
274
129
198
95
233
232
386
-9
244
35
170
63
100
148
-208
427
219
48
105
-248
140
-6
214
287
-171
381
8
-74
128
5
66
-246
126
-233
294
315
-59
157
-272
16
-161
46
-364
161
101
-24
177
-212
41
-207
7
-168
-36
251
167
21
-209
-291
-242
-29
-79
-181
86
-243
-25
72
-83
166
-319
-28
-61
112
-142
-196
48
-208
-42
-192
-84
-135
-118
40
-235
-97
-201
-253
123
-374
-100
62
-68
45
43
-101
-306
-460
-232
-18
-253
-112
-142
-122
-180
-142
5
-233
-4
-111
-207
-71
-174
-45
-420
-187
-274
-384
-194
-178
-112
-213
-129
-172
-251
-309
-11
-226
-116
48
-343
-67
89
-417
-120
-218
-283
56
-343
-36
-241
-92
-39
-177
-102
-60
-127
130
44
-233
450
-220
-147
-129
-577
155
-306
-18
204
-295
291
-16
31
-26
-19
-274
192
128
-76
284
-215
431
-188
-134
101
-329
159
-190
-280
200
68
212
69
-455
280
107
44
453
-46
-140
219
-114
-33
-248
61
-7
-89
111
-287
275
-791
-91
489
-363
625
-135
-50
-107
139
155
-248
240
-164
59
142
-199
13
71
-173
232
256
-95
-125
-148
65
46
-135
317
146
-249
163
-46
-159
390
68
3
-143
-181
145
65
-121
-309
-110
-204
-109
-292
182
-76
409
411
-1
412
-1130
531
-224
-1
648
-166
453
-357
-231
23
25
-127
467
-105
108
420
-305
233
165
-196
303
-176
189
589
-430
405
30
-507
585
-266
133
98
-471
102
108
70
170
336
31
137
-117
45
-72
256
-60
63
98
-340
-170
4
-443
-244
687
-456
467
203
7
710
-247
216
171
-106
542
49
117
336
-3
458
-15
-168
253
133
336
65
-106
205
428
209
-179
-237
95
-45
213
419
-382
95
575
-76
241
-15
-105
178
-273
-142
251
-263
536
-8
44
-557
-877
831
247
246
391
79
59
406
-317
403
-219
-415
643
-56
-148
385
-91
-516
472
-119
106
199
-458
258
-280
31
-4
-69
58
-411
-296
-2
-40
-208
362
-426
-410
-418
-573
102
277
-192
-72
120
462
-56
-295
279
-597
322
42
-350
-513
-306
16
-281
184
-253
-51
-80
114
101
-268
-127
-154
-10
-6
-386
-332
-71
-226
-140
-451
-198
-331
141
318
-678
41
85
-244
264
220
160
-255
-208
298
-310
-169
66
-255
-279
133
21
-167
519
-231
-89
197
-464
-5
257
-233
-236
-245
-518
-124
168
270
544
101
13
40
-238
128
66
101
-574
63
65
13
792
-361
580
313
-124
165
-255
-131
-76
151
226
75
201
175
44
270
279
-195
77
171
-178
92
-157
-117
93
214
-54
-62
227
263
525
265
-130
92
22
11
-75
1
26
358
356
94
56
-39
479
-221
201
478
-261
795
181
-316
-445
-347
-7
-98
353
261
194
-46
321
139
-36
242
45
-5
-14
592
30
-49
302
67
267
272
-134
63
-292
-203
114
-349
51
-221
107
301
25
-75
284
229
-163
119
-342
-556
58
-7
-119
519
7
-18
110
-210
-327
-488
335
-270
102
461
72
254
-314
423
-191
-148
-151
-660
348
152
-286
-190
-518
91
98
-306
301
170
-188
294
49
291
147
-203
-281
-364
-241
-360
103
-33
-75
3
458
828
13
-37
-463
-508
-162
-557
255
343
-55
139
-323
-142
574
-254
-269
-383
57
282
-89
241
-204
-215
-126
80
16
-201
-351
35
249
-61
-250
-519
-29
-187
287
-7
409
555
-421
70
-674
-516
-418
-358
-613
-252
777
310
354
1015
23
-271
131
-331
-347
-354
-732
-497
139
102
-134
472
-73
97
457
-40
246
-251
63
-417
-610
-152
-582
-605
244
86
233
399
217
263
177
259
416
-211
73
-87
-520
-431
-103
-258
9
19
250
99
427
592
-172
500
-303
-291
126
-329
301
71
-84
-431
-420
-112
-17
-241
420
-78
46
570
322
458
-330
-653
-70
-113
-14
734
25
48
32
188
57
-229
-168
-299
-159
385
204
115
359
-714
516
-577
-576
922
-554
821
324
-58
244
137
-45
-283
113
55
158
524
294
135
395
-8
-706
-102
469
-207
457
736
469
65
-106
-515
-508
-535
-369
589
146
656
-109
143
408
-147
59
-118
153
-261
243
-180
-256
505
-19
437
465
-191
515
-93
300
425
-15
332
180
-53
-305
525
3
-565
-174
-118
-261
-136
357
41
-77
68
-2
68
312
186
692
418
9
841
-379
-21
-444
-685
42
42
91
-28
630
447
408
274
-110
104
-473
-349
-74
-313
-508
310
556
-298
785
-5
-584
302
-449
-33
-106
-113
589
98
-110
-235
9
-103
189
222
141
723
-104
257
-334
-222
-167
-627
208
-248
-341
-372
123
-150
-327
210
226
205
-132
610
4
-393
102
-211
-86
-216
-512
-252
473
-316
350
116
-380
-110
115
182
-59
210
-115
-109
-14
-343
-388
18
-241
40
-79
120
257
-105
-382
-156
-238
78
490
-323
-51
165
63
258
-318
-204
-637
-27
13
49
-268
-291
-54
28
54
-106
481
-244
281
-386
5
-80
-397
-15
-605
-244
-103
-5
25
-264
71
103
178
234
92
196
-109
161
84
-86
-459
6
80
7
-104
-353
339
-22
94
186
144
-15
-236
70
-118
-205
-235
222
-156
14
128
-466
55
92
389
-477
143
197
-670
669
-3
-424
-326
7
84
-131
185
-249
192
189
74
87
-126
259
-276
94
-181
-320
-214
-114
583
-266
223
-86
135
133
215
250
-8
240
222
392
-588
-7
50
-184
-182
114
302
-420
358
-104
-131
-29
-267
203
98
118
-213
137
16
-17
-489
-253
212
-460
126
-37
-91
272
165
389
117
53
317
-108
209
113
-577
355
4
-160
598
-519
-22
104
-184
-41
-331
72
-105
-206
267
263
-166
-40
-256
-249
-113
-308
143
-205
288
233
225
3
114
379
5
105
-111
-4
-10
-99
-190
150
-97
-21
436
-51
-534
395
137
142
251
-305
-56
-544
-53
-413
-352
-5
247
369
-97
11
385
413
93
281
75
255
-79
-556
473
15
-238
-83
250
-93
96
112
-2
-240
48
20
-262
-203
347
-122
-355
268
-2535
-2878
-984
437
1910
849
703
730
751
624
-65
-69
10
101
173
252
-268
-291
-3
-134
-353
-313
534
137
212
201
-20
489
-428
462
-189
-800
175
-178
182
-132
-93
-252
-405
20
-826
-682
-442
151
117
341
193
51
532
121
193
194
83
-366
-98
9
-55
279
82
79
430
-130
227
-465
-276
-118
-393
294
-392
-35
-18
757
141
333
-109
-250
-112
-30
214
-236
168
-260
-30
344
-37
105
570
-328
423
654
-142
389
-191
-286
733
-58
-182
-115
-187
-63
-375
401
-228
-84
485
-11
234
130
15
278
-37
27
382
-157
411
-263
-334
-65
204
91
67
639
-2
509
453
-190
173
235
273
596
183
-29
437
-192
-405
182
-366
83
273
173
-56
-47
104
-15
114
-76
133
348
-146
592
29
-205
340
25
-119
62
-198
-72
408
-41
117
212
6
-54
-108
122
77
225
449
130
182
-185
111
221
-350
68
151
172
439
4
80
-322
-129
80
-46
355
-210
543
219
-28
698
-1
198
-285
149
-292
-33
439
265
136
-309
273
-254
-38
-162
-13
-174
178
497
-272
-62
58
-120
501
-4
42
-5
28
514
-253
-25
-404
-89
-4
296
-90
391
-1467
-1921
239
-61
530
424
553
868
571
285
47
-87
39
-2343
-1454
-279
20
432
575
635
67
634
68
579
-182
186
24
-527
611
-586
-41
-231
184
282
-459
762
-142
-1437
-812
-1206
-634
223
-81
-412
321
346
326
76
-116
370
151
301
-240
-220
-274
-992
-801
-641
-68
313
-61
338
250
300
397
-70
-218
381
-862
-631
-286
-495
-41
-504
-79
-22
129
-239
-485
-260
-442
-405
-867
-187
-56
-832
26
-395
232
493
-392
-46
-42
-487
-423
-722
-1024
-438
-148
-208
128
287
176
50
10
-257
-69
-359
122
112
-130
-305
-124
-25
-478
-29
142
-261
555
38
-529
26
-382
-253
-653
-583
10
-131
-165
106
-138
-345
-170
170
97
-393
299
35
-129
-370
143
231
-113
185
-68
-24
-46
373
190
-223
-398
298
-129
-105
-175
258
551
275
749
110
-8
-326
-380
250
-493
90
137
126
192
24
353
-84
-198
-62
294
239
279
589
106
569
55
174
700
-96
495
177
45
548
270
349
409
131
659
171
174
661
-48
210
757
738
101
-73
186
256
413
398
487
88
216
222
258
78
104
97
141
535
262
95
-29
203
133
-181
101
430
935
435
167
167
-114
245
-404
217
276
-239
563
88
50
-61
-186
100
-48
258
-47
-285
351
385
294
-200
1
144
274
420
-18
161
90
-125
8
-222
-123
-247
-87
111
-397
-9
-190
-170
76
98
-179
26
-60
86
138
-414
-314
-548
-254
120
-74
-133
-60
30
-417
-330
-493
-213
-83
-513
112
-259
39
-81
-244
-527
-612
-720
-688
-245
-393
-505
-736
-247
-381
-631
-609
-445
-220
-277
-229
-334
-173
-514
-719
-544
-497
-462
-611
-427
-287
-179
-391
-557
-339
-751
-584
-472
-498
-199
-410
-359
-409
-418
-291
-459
-267
-167
-189
-418
-442
-326
-104
-146
-347
251
134
97
148
-79
-76
-139
-326
-279
-80
-192
-264
-298
67
208
46
225
153
-4
-44
-258
-269
-496
-620
-593
-626
-488
-350
-37
-243
134
138
-220
-122
-280
-59
-355
-226
29
-65
213
305
552
392
541
727
883
948
1008
1302
1281
1498
1506
1460
1667
1891
1939
2061
2089
2015
2290
1976
2087
2208
1827
1947
1940
1939
2017
2283
2393
2477
2478
2346
2527
2472
2472
2145
1669
1489
1351
1507
1600
1724
1682
1511
1397
1468
1665
1573
1637
1638
1463
1237
969
921
682
507
252
-61
-288
-426
-528
-806
-835
-866
-893
-1000
-1115
-1064
-1430
-1341
-1482
-1828
-1909
-2079
-2089
-2428
-2640
-2696
-2749
-2784
-2802
-2672
-2721
-2737
-2689
-2635
-2573
-2407
-2308
-2463
-2450
-2378
-2490
-2485
-2412
-2260
-2226
-2307
-2114
-1962
-1850
-1710
-1610
-1491
-1488
-1322
-1272
-1316
-1349
-1120
-851
-779
-574
-302
98
471
881
1322
1787
2362
2885
3456
3895
4131
4409
4446
4408
4069
3460
2833
1894
796
-376
-1614
-2532
-3519
-4361
-5322
-5941
-6178
-6474
-6625
-6915
-6434
-5794
-5601
-5155
-4529
-3565
-2985
-2664
-2374
-2363
-2177
-2108
-2202
-2597
-2577
-2146
-1657
-851
507
2273
4205
5950
7309
7811
7657
7357
6624
5355
3477
1427
-450
-1887
-3445
-5003
-6235
-6684
-6394
-6214
-5677
-4588
-3214
-1944
-803
307
927
1275
1471
1448
1251
770
205
-205
-471
-672
-1000
-1479
-1727
-1918
-2479
-3447
-4395
-5131
-5865
-6605
-7270
-7688
-7720
-7603
-7329
-6938
-6376
-5633
-4757
-3707
-2747
-1707
-711
254
1407
2300
2992
3348
3718
4097
4132
3962
3694
3727
3610
3456
3162
3065
3088
3206
3671
3824
4019
4550
4996
5465
5775
6175
6737
6855
7173
7638
7807
7841
7751
8184
8529
8005
8041
8648
9053
8980
8626
9622
9641
9404
9898
10187
10820
10694
11415
12745
13109
13985
14564
15306
14948
12543
10878
9204
7279
1950
-3015
-4797
-6546
-9544
-12903
-12960
-11228
-9039
-6602
-3862
-111
3948
7806
8908
8302
7704
5614
1959
-2628
-5613
-8913
-12595
-14356
-14454
-14753
-15373
-15541
-14846
-12949
-10700
-9216
-9710
-8615
-5681
-5210
-7837
-9691
-9441
-9437
-10430
-11457
-11463
-10276
-8366
-6568
-5589
-4278
-2236
-341
1185
2791
3757
3701
3974
4951
4874
2863
850
649
966
301
-1247
-1797
-662
723
1342
1356
2225
4274
6252
7384
8509
9984
11284
12073
12602
13078
12803
12080
11643
11350
11051
9950
8555
7919
8332
8101
6099
5805
6512
6969
5773
5954
6062
5179
6002
6182
5535
3700
4470
5246
3523
2505
2693
2372
-1856
-4983
-5165
-6754
-12298
-18594
-19509
-19815
-22361
-25544
-25974
-22486
-18982
-15629
-13093
-9015
-3519
1118
3168
3278
4518
4985
3455
604
-826
-1965
-4651
-6213
-4842
-3190
-3773
-3642
-499
2915
3654
2705
2555
2926
1976
-1329
-5408
-7776
-9561
-11750
-14103
-14333
-12878
-11150
-9020
-5920
-1307
2219
4398
6421
9072
10168
8500
6239
5178
4158
1577
-1644
-3234
-3157
-2844
-3139
-3083
-1557
289
1444
1720
2505
3232
3237
2523
2239
2171
1293
455
219
788
1030
707
683
1618
3066
3216
2550
3510
5339
5858
5038
5478
6955
7458
6595
6374
7592
8553
7864
6652
7447
9199
8861
7148
6467
8191
8944
7107
6209
5683
5123
2113
-1323
-4003
-6657
-9774
-14374
-16477
-16462
-16413
-16921
-15987
-11514
-6810
-3391
-175
4156
8913
11147
11541
10678
10255
8548
4935
1006
-1966
-3959
-6694
-8487
-8513
-7496
-6971
-6065
-3873
-1223
218
517
539
1170
859
-756
-3637
-7023
-8153
-9107
-10413
-12843
-12647
-9771
-7476
-5632
-3158
-182
2841
5463
7032
7059
6523
5628
4194
2075
-627
-3279
-5790
-6396
-6392
-6396
-6537
-5165
-2310
187
1525
2323
3725
5299
6125
5506
4629
3991
3880
3129
2206
1340
780
612
897
1471
1538
1944
2595
3818
4772
5332
5380
5591
6683
7616
6949
6403
6590
7081
6829
6247
6475
5358
5615
6716
7344
6612
6166
8161
9219
9362
8075
6410
4432
762
-2766
-6489
-10843
-16244
-19824
-19563
-19473
-19591
-18421
-13430
-7123
-1858
3089
7107
11206
14176
15545
13792
10576
7400
4187
55
-4295
-7200
-8916
-9752
-8970
-7045
-5461
-4124
-1744
1295
2491
2132
1153
548
-496
-1888
-3899
-5852
-6627
-5952
-4909
-4331
-3420
-1560
5
-195
-59
-60
-1520
-4650
-5972
-5880
-7451
-8873
-8468
-6650
-4391
-2259
-833
530
2799
4417
3656
1963
953
-185
-2421
-3994
-4752
-5022
-4686
-3316
-1132
905
2511
3687
5066
6076
5890
4384
2925
2314
1658
375
-761
-953
-257
521
1190
1811
2870
3989
4791
5560
6366
7051
7218
7772
9037
10031
10193
10127
10391
11183
10721
9676
8546
8304
7620
7182
4265
-3954
-9909
-10161
-10215
-20633
-30175
-27136
-20400
-19931
-22172
-16681
-5667
3155
9072
13357
17811
21115
22332
19544
14540
9270
2830
-3635
-8330
-9418
-11422
-14407
-13131
-6189
-629
-619
-435
3774
8399
7803
4023
1648
1414
1081
8
-1293
-1473
-156
2585
4923
6469
7147
6838
5934
5131
4860
1437
-3659
-6615
-5475
-5404
-8449
-10096
-7930
-4543
-2908
-2235
-1415
194
2730
4319
4039
3909
4276
4532
4441
4765
3643
1329
-310
-176
-787
-3526
-6309
-7134
-5945
-5363
-5672
-5589
-3398
-490
1592
2454
3067
3708
4051
3472
2063
326
-1460
-2729
-3017
-2483
-2332
-2029
-521
2312
4248
5420
5305
5805
7006
6998
5503
3662
3453
2760
2175
1787
1419
1112
3232
4508
4933
4960
5598
7239
6793
3663
-3168
-8786
-10943
-13844
-20498
-26873
-26790
-22257
-18427
-15681
-11037
-3091
4823
11168
14733
15925
15228
13034
9808
4731
-1190
-7681
-11801
-13067
-12170
-11586
-11134
-8311
-2938
1456
2501
1997
2294
3110
2327
589
-1109
-1556
-902
1257
3409
4714
5397
6677
8050
7976
5949
2392
-957
-2946
-3912
-5876
-8136
-7955
-5527
-3375
-1882
-1481
-583
214
1221
711
-640
-990
-939
281
1596
3092
3974
4985
6408
6877
5685
2911
-270
-2836
-4903
-7135
-9159
-9240
-7270
-4117
-648
2746
6050
8688
10715
11149
10027
7843
5394
3070
1327
342
-401
-128
1501
3886
5901
7444
8647
8933
8897
8362
7357
5880
4993
4938
5683
7275
8305
9258
10334
12410
13126
12914
11607
10274
9256
6659
-1073
-12566
-17693
-17044
-19980
-29503
-31763
-22812
-14019
-10885
-7262
2067
11605
17163
19812
19979
18284
13804
8106
2160
-3397
-9243
-15190
-17827
-15589
-11788
-11004
-10812
-6722
-565
1294
-1146
-2394
-537
610
-35
261
2438
4672
6579
9154
10906
10163
7110
4073
1154
-2278
-7284
-12747
-15409
-14026
-11523
-10649
-9005
-4217
1161
3983
4522
4315
3247
1044
-583
-2918
-5333
-7009
-6259
-4271
-1953
273
912
1631
2816
3085
619
-2758
-4820
-5774
-6075
-6162
-5699
-3947
-1197
1478
3366
4566
4483
3545
2653
1722
432
-1008
-1475
-501
1646
3759
5208
6278
7540
8212
7320
5111
2529
244
-1634
-2623
-3220
-2892
-1289
1264
3862
6128
8331
9081
9342
10002
9895
8878
8056
7580
5919
5592
7530
8438
6937
6526
7125
5305
-134
-9334
-17328
-20967
-21808
-26556
-30547
-25659
-15229
-6871
-1056
6798
14866
20038
21611
20421
16913
10486
3181
-3145
-7069
-10458
-13963
-15569
-13338
-8755
-5895
-5699
-5359
-3357
-1992
-3122
-4733
-4132
-1700
1041
4208
8261
11689
13201
13285
12689
9979
4403
-2279
-7949
-11723
-14313
-16211
-16476
-13622
-8481
-3861
-595
2333
5082
5828
4854
2534
-294
-2471
-3247
-3523
-3936
-2982
-1074
774
1939
2366
1358
-156
-1439
-2789
-4317
-5310
-5281
-4195
-2086
124
1619
2715
3532
3603
2770
1363
-339
-1582
-1818
-1383
-310
1423
3461
5197
6846
7934
7708
6457
5104
3770
2131
591
-207
291
1524
2561
3367
4674
6167
7245
8019
8042
7825
8187
9192
9863
10492
10888
9968
10216
11206
11160
7943
4280
-2836
-15279
-23567
-23654
-23472
-30191
-31769
-21940
-8232
-6
5238
11983
19282
23261
22602
18872
13003
6321
-572
-5424
-8061
-9951
-12573
-14258
-11999
-7571
-6210
-8777
-9832
-7681
-5799
-6026
-5172
-1413
3344
7991
12406
16189
17472
15984
12546
8241
2775
-3889
-10554
-15033
-16084
-15253
-14048
-11951
-7725
-2849
307
1755
2693
3151
2594
1692
1445
2152
2996
3776
5077
6586
6925
4919
1783
-1124
-4280
-8131
-11864
-13793
-13315
-11406
-8780
-5345
-880
3296
6007
7741
8687
8002
5779
3304
1402
-292
-1956
-3318
-3679
-2969
-1942
-1359
-897
3
966
1792
2633
3681
4613
5301
5865
6369
6458
5646
4295
2954
1872
789
306
164
414
1391
2955
4910
6741
8240
8924
9056
9495
10239
10123
9003
7567
6436
5994
5749
5087
3034
-426
-4495
-11995
-19129
-21520
-19979
-21198
-22953
-17012
-5767
2648
6797
10792
14825
16192
14569
11281
6542
1158
-3859
-7443
-8976
-9253
-9964
-11711
-12032
-9871
-7865
-8989
-10439
-9149
-5953
-3534
-997
3144
7706
10919
13070
14577
14035
10858
6010
1184
-3252
-7154
-10598
-12925
-13259
-11708
-9714
-8015
-5918
-3283
-1408
-597
511
2302
3613
4089
4877
6405
7374
7202
6175
4985
3437
1390
-1321
-4017
-5865
-7350
-8747
-9678
-9218
-8679
-8466
-7493
-5254
-2592
-245
2137
4661
7074
8669
8860
7944
6514
4287
1415
-1407
-3587
-5255
-6331
-6419
-5454
-3740
-2034
-557
1129
3236
4867
5656
6069
6508
6895
6745
6211
5274
4537
4068
3796
3335
2846
2771
2866
4426
5863
6632
7170
8769
10445
10728
10829
10555
10040
9442
8474
6950
5387
3004
-1854
-12186
-21335
-23157
-19802
-20465
-23349
-18117
-6120
3536
7686
11039
14025
14542
12607
10664
8163
4195
-966
-5056
-5992
-5312
-6356
-10729
-13950
-13216
-10932
-11329
-11956
-9966
-6143
-2749
1334
6714
10766
12036
12120
12564
12259
9668
4940
16
-3339
-5188
-6766
-8786
-10030
-10225
-9884
-9240
-7615
-5557
-4436
-3489
-1004
2896
5835
6804
6894
7523
8212
7821
6012
3730
1952
421
-1111
-2510
-3629
-5502
-7765
-8958
-8798
-8372
-8593
-8464
-7305
-5143
-2644
-342
1814
3571
4925
5915
6566
6357
5009
2891
1116
-81
-1231
-2896
-4671
-5669
-5747
-5382
-4826
-3784
-2174
-39
2299
4745
6881
8136
8381
8154
7740
6850
5478
4166
3513
3539
3852
4041
4155
3948
3891
4216
4715
5317
5515
5500
6843
9726
10847
9949
9663
9912
8940
7193
6603
4190
-805
-7050
-14592
-20344
-21365
-18659
-18515
-18299
-12385
-2935
2902
4990
6959
8263
8049
7315
7763
6822
4728
2116
1
-1272
-2452
-5169
-10025
-13344
-13211
-11470
-10744
-9530
-6595
-3406
-570
2557
6080
7946
8055
8033
8719
9253
8323
5958
2835
141
-1832
-3878
-6259
-8340
-9452
-9771
-8831
-6635
-4382
-3211
-2406
-644
1534
2980
3362
3199
3414
4136
4954
4998
4404
3205
1595
-143
-2116
-4357
-6497
-7969
-9030
-9255
-8978
-8861
-8947
-8018
-5962
-3756
-1319
1353
3890
5859
7482
8300
7884
6402
4437
2161
-63
-1930
-3635
-5115
-5984
-5681
-4610
-3334
-1870
-13
2097
4174
5946
7144
7481
7250
6859
6492
5588
4594
4299
4295
3962
3556
3699
3816
3960
4391
5298
6589
8092
9201
9795
10125
10213
9360
8609
8183
7912
6207
2730
-3899
-14668
-22043
-22013
-17963
-18823
-19332
-13437
-4671
473
2451
5289
5729
5038
5387
8143
9961
9687
7383
3453
767
-135
-3112
-9520
-14455
-13949
-11568
-10275
-8005
-5230
-3939
-4140
-2118
1286
3515
4233
4921
6829
9446
11683
11072
7339
3032
-98
-2619
-5189
-7155
-8534
-9847
-9737
-7506
-5044
-4760
-5915
-6009
-4460
-2102
255
1995
3321
4878
6885
8159
8079
6637
4092
1306
-259
-458
-1855
-4076
-5375
-5211
-5569
-6611
-7547
-9031
-10479
-10407
-7658
-4214
-1296
1146
3489
5800
7471
7711
6070
4004
2926
2485
1951
1243
283
-1292
-3186
-4188
-4367
-4562
-4655
-3752
-1488
1422
4089
5777
6432
6353
6100
5975
5879
5677
5456
5434
5798
6223
5992
5361
4967
5101
5367
6179
7263
7901
8565
9006
8919
7839
7269
7510
6753
5082
2193
-1094
-8109
-16742
-20479
-17694
-13881
-14842
-14229
-9298
-3960
-2118
-1606
433
1341
1993
4669
8384
10671
9891
6355
1756
-1131
-1824
-4464
-8789
-10321
-8099
-6064
-5894
-5364
-4984
-6938
-8508
-6419
-2139
1281
3269
5435
7406
9093
9341
7022
3027
-125
-1308
-1505
-1181
-632
-997
-2901
-4209
-4172
-4139
-5571
-6963
-6576
-4596
-1874
145
1019
852
722
965
1593
2417
3177
3162
3191
3860
4721
3724
1376
-543
-3015
-4101
-5085
-5038
-6181
-8902
-9525
-8625
-6348
-5368
-4187
-2788
-533
2408
4470
5729
5715
5861
5430
5438
5079
4340
2124
-482
-1465
-1801
-1714
-2396
-2274
-1614
-408
1206
2583
3436
3702
4044
4372
5650
6628
7191
6863
6436
6682
6478
6509
6028
6031
6443
7322
8878
9997
10106
9402
8595
8356
7804
6673
5367
2658
-2501
-12023
-19432
-19749
-15302
-14415
-16795
-15135
-9510
-5818
-5816
-4172
-1251
812
2101
6481
11504
12812
10368
5731
2526
1261
1275
-910
-3908
-3955
-2435
-2886
-5167
-5996
-7646
-11099
-12620
-8787
-3057
-556
495
1501
2663
3071
3241
2739
1383
1372
2950
4852
5627
5435
2955
-1031
-3374
-3071
-2638
-3914
-4629
-3801
-2972
-2861
-3122
-3595
-4749
-5181
-3816
-1382
985
2360
2611
1995
2166
2870
3026
2162
1394
1475
1591
1684
1060
-1005
-4821
-8651
-10086
-8912
-6897
-5407
-4410
-3171
-1451
201
963
1060
1339
2170
3534
5158
6427
5745
3320
737
-447
-355
-204
-116
132
878
1619
2095
2134
1774
1115
985
2038
4019
5940
6511
6136
5272
5139
5441
5685
5627
5743
6618
7853
8823
9313
9084
8577
8045
8067
8617
9081
8085
4641
-714
-8758
-14459
-15450
-12331
-11385
-13531
-13437
-11459
-10000
-10289
-9380
-6313
-3462
-789
2928
7820
9544
7168
3393
1557
2849
3855
4606
4481
4065
3227
754
-1329
-3388
-5265
-7561
-8277
-6049
-2662
-871
-2460
-4561
-5838
-5363
-4383
-3198
-1365
28
786
1201
2273
2673
1488
-81
222
2213
4014
4376
3234
1431
-635
-2269
-3175
-3187
-3020
-3241
-3510
-3076
-2162
-2107
-2780
-3445
-2827
-1413
169
1196
1511
1112
-866
-2233
-1969
-629
-1583
-3444
-4095
-2884
-1575
-1628
-2037
-2444
-1876
-1453
-477
770
1773
1244
-11
-218
733
1403
616
-227
-327
391
722
949
1203
1411
1322
1687
3333
5217
6200
5977
5769
6239
7007
7168
6675
5765
5545
5652
5681
5858
5792
5691
5203
5471
6452
7781
8226
7841
7458
7559
7933
5735
2545
-3255
-9071
-11997
-10085
-6939
-8446
-10673
-11885
-11458
-12199
-10891
-7694
-5157
-3383
-1689
975
2268
2541
1628
417
863
3625
6062
6383
6209
5586
3274
92
-730
418
329
-959
-1375
-923
-1421
-2830
-4166
-4939
-5077
-4735
-4009
-3117
-2061
-1866
-3048
-4184
-3677
-2293
-1512
-759
490
1361
957
260
356
876
1228
1404
1728
2255
2727
2561
1827
1180
845
250
-356
-810
-967
-1963
-3477
-4621
-4851
-4792
-5452
-4829
-3894
-2776
-3608
-4547
-4269
-3214
-1586
-979
66
751
1448
1117
659
1218
1855
2226
1725
1715
1930
1414
249
-709
-808
-586
-255
335
951
1273
1031
896
1518
2532
3384
3604
3692
4069
4299
4093
4160
4084
4292
4761
5264
5998
6072
6839
7084
7697
8302
9170
10142
10005
10299
9199
7724
4639
2017
-2144
-7410
-9685
-7754
-5229
-8859
-12118
-12935
-12189
-13405
-13026
-8893
-5796
-4133
-3795
-2699
-2059
-1033
253
190
1123
4181
6336
5625
4763
5466
4678
2248
2419
4885
5269
3020
1305
781
-108
-942
-1156
-1840
-2448
-2844
-3516
-5017
-6127
-6249
-7195
-8272
-7658
-6051
-5496
-5473
-4341
-2873
-2034
-938
1035
2862
3824
4312
4589
4729
5227
5728
5555
5332
5520
5392
4278
2915
2058
1195
-218
-1388
-2001
-2947
-4292
-5469
-5515
-5530
-6020
-6538
-6543
-5590
-5219
-4988
-4888
-4194
-3291
-3008
-2588
-1836
-590
240
572
1134
1940
2515
2629
2811
3419
3704
3389
3019
2880
2863
2510
2005
1807
1755
1647
1225
975
1004
847
682
830
1386
2041
2607
3087
3864
4725
5830
6699
7630
8399
8867
9245
9824
10406
10272
9899
8686
7298
5099
4484
1757
-2636
-5075
-3294
-544
-4870
-9101
-10455
-9435
-10480
-11678
-9829
-9238
-9806
-10332
-9563
-8379
-6922
-5552
-5044
-4026
-256
2480
1527
760
2585
4427
3988
4469
7158
7841
6504
6076
6993
7297
6163
5151
3379
1716
1055
-116
-2637
-5081
-5630
-5856
-6767
-6980
-6498
-7066
-8001
-7470
-5821
-4824
-4738
-4293
-3740
-2795
-1501
-280
487
1274
2635
3717
4424
5287
6074
5819
5315
5377
5813
5459
4561
4011
2903
2020
1215
1139
314
-1730
-4065
-5929
-5721
-5088
-5585
-7969
-9518
-9106
-7667
-6805
-6219
-5589
-5299
-4670
-3576
-1544
-83
362
280
614
2107
3757
4661
4805
4933
5454
5763
5803
5967
5922
5325
4580
4511
4949
4838
3853
2957
2733
3030
3056
2752
2115
1593
1650
2288
3109
3492
3530
3334
4067
5550
7119
7582
7079
6115
5343
4813
5581
3582
-777
-3271
-1544
1935
-1289
-5196
-6599
-5902
-6264
-7457
-6024
-6053
-8102
-9847
-9792
-8410
-6803
-6338
-7090
-7906
-5779
-2621
-2338
-2168
-368
1247
1010
1076
3794
5252
4242
4043
5336
6593
6372
5780
4960
3867
4122
4453
3300
1433
479
-12
-1211
-2024
-1744
-2511
-4672
-5701
-5414
-5072
-5588
-5935
-6018
-6413
-6098
-5304
-4592
-4057
-3256
-2335
-1970
-1403
-198
615
1031
1993
3354
4474
4407
4615
4905
5076
5310
5269
4824
3321
1215
-781
-979
-456
-411
-2722
-5252
-6172
-5693
-4430
-4006
-4051
-5043
-6011
-6168
-5332
-4058
-3220
-3200
-3232
-2559
-1249
170
867
1538
2421
3137
3762
4202
4691
5174
5599
6315
7081
7553
7397
6867
6784
7253
7792
7351
5915
4679
3971
3600
3574
3444
3457
2875
2400
2542
3361
3929
4269
3777
2814
2272
2038
2752
-663
-3715
-4050
-761
261
-4912
-7568
-7299
-5673
-6041
-5992
-4489
-5314
-7789
-8571
-6917
-4921
-3387
-3709
-4465
-4543
-2454
-711
-1448
-874
780
885
-483
-397
2062
2484
1298
2188
3870
4153
3155
2703
2871
2874
3501
3677
2172
600
308
245
-97
-206
0
-1462
-3780
-4097
-3564
-3523
-4205
-4511
-4363
-4883
-4962
-4420
-3860
-3204
-2591
-1938
-1596
-1109
-550
-292
-78
880
1652
1742
1673
1158
2102
3038
4546
4018
1727
1123
1653
2874
1988
544
-560
-1691
-2723
-3196
-2814
-2313
-2622
-3852
-4287
-3926
-2850
-2724
-3289
-3116
-2922
-2753
-2793
-2228
-946
-315
26
844
1892
2830
3196
3741
4919
5899
6396
6097
5570
5530
5854
6366
6530
6035
5520
4990
5124
5743
5894
5933
5493
5162
5082
4839
4890
4587
4102
3630
2067
1104
264
1187
462
-3392
-4711
-3265
22
-2757
-7318
-7982
-6388
-5676
-6577
-5368
-4230
-5118
-6474
-5328
-3537
-2456
-2698
-4067
-4623
-4128
-2263
-2269
-2929
-1327
-66
-503
-945
766
2746
2102
1685
3422
4467
3776
3058
3364
3870
4019
4300
3828
2198
1363
1190
825
441
187
-278
-2251
-3570
-3085
-3133
-4011
-4743
-4659
-4660
-5313
-5228
-4657
-4516
-4451
-4146
-3803
-3393
-2732
-1875
-1136
-263
1134
1523
1191
1154
2188
3191
2538
1996
1860
2483
2313
1739
1245
920
875
388
158
-196
-220
-645
-1316
-1656
-1802
-1998
-2738
-2994
-2822
-2594
-2787
-2870
-2512
-2118
-1675
-1187
-454
212
752
1210
1891
2776
3480
3834
3983
4365
4877
5273
5623
6102
6479
6461
6338
6384
6562
6416
5861
5449
5320
5057
4797
4471
4528
4769
4508
4153
2912
2217
1685
2235
770
-3066
-3973
-1956
939
-2354
-6244
-6205
-4444
-4319
-5832
-5065
-4928
-6492
-8048
-7054
-5461
-4754
-4885
-5665
-5586
-4680
-2912
-3117
-3438
-1460
-168
-851
-1610
25
1765
1071
940
2841
3816
2815
2151
2924
3927
4377
4700
4213
2833
2432
2703
2423
1754
1265
724
-1061
-2018
-1352
-1528
-2844
-3911
-3996
-4252
-5330
-5711
-5392
-5234
-5229
-4906
-4798
-4702
-4445
-3854
-3294
-2740
-1607
-1889
-1819
-1314
181
1187
809
1635
2168
2681
2724
3150
3775
3743
3313
2653
2200
1637
1270
281
-418
-759
-926
-1214
-1963
-1619
-1251
-1222
-1258
-1379
-1245
-1484
-1690
-1373
-1040
-853
-627
-362
409
1507
2371
2911
3199
3796
4358
4408
4582
4863
5319
5539
5694
6421
6928
7408
7801
8026
8015
7644
7179
6744
5856
5287
4204
3200
2220
2151
1543
-2304
-3870
-2446
1046
-922
-5961
-7237
-5651
-4774
-6263
-6099
-5520
-6701
-8627
-8046
-5989
-4944
-4968
-6076
-6319
-5813
-4245
-3878
-4726
-3484
-1712
-1856
-2659
-1408
1139
1524
1180
3163
5041
4315
3040
3289
4396
4784
4752
4472
3087
2230
2777
3201
3104
2748
2449
1138
-351
165
783
-309
-1872
-2549
-2781
-3948
-5025
-5098
-5214
-5836
-5984
-5973
-6028
-5863
-5324
-4446
-4102
-3323
-2725
-2509
-2696
-2220
-1153
-403
314
454
757
794
1642
2738
3128
3022
2492
2425
2296
2330
2306
2110
1805
1527
1433
1288
1286
1034
810
476
113
-82
-668
-1134
-1362
-1137
-750
-656
-790
-837
-459
254
1049
1482
1740
1892
2223
2617
3099
3817
4304
4378
4385
4735
5582
6195
6293
6569
6714
6928
6707
6610
6000
5544
4894
5226
4269
591
-555
882
3898
1017
-3780
-4911
-3945
-3863
-5603
-5230
-4931
-6852
-9274
-8694
-6754
-5845
-6226
-7564
-7556
-7001
-5494
-5248
-5820
-4121
-2613
-2849
-3351
-1759
700
798
546
2588
4244
3323
2137
2561
3973
4460
4473
4573
3698
3323
3784
4192
4523
4445
4157
2652
1224
1839
2292
1151
-258
-820
-1128
-2366
-3467
-3323
-3357
-4160
-4650
-5021
-5297
-5729
-5870
-5367
-4878
-4047
-3612
-3853
-4131
-3363
-1594
-335
-252
-864
-1371
-1495
-649
454
1103
949
301
263
642
1629
2687
3011
2606
2018
1806
1799
1831
1719
1568
1102
618
420
374
397
311
382
270
41
-246
-563
-692
-741
-502
-177
147
201
222
376
990
1962
2501
2661
2639
2934
3505
4394
5139
5825
6130
6232
6377
6586
6499
6494
6213
6291
5765
2492
917
1886
4943
3929
-668
-2614
-2169
-1752
-3015
-3135
-2758
-4606
-7823
-8614
-7187
-6035
-6021
-7518
-8035
-7867
-6873
-6099
-6302
-4807
-3181
-3416
-4098
-3200
-1176
-748
-1285
75
1899
1600
622
710
2111
3297
3741
4206
3756
3280
3574
4019
4885
5397
5144
3805
2092
2111
2830
2195
1028
155
-486
-1412
-2431
-2409
-2110
-2648
-3235
-3713
-3835
-3804
-4034
-3946
-3828
-3448
-3342
-3795
-4313
-4013
-3594
-3304
-2783
-2484
-1991
-2829
-2890
-1895
-757
268
136
195
421
849
1582
2386
2881
2964
2353
1769
2179
2746
3389
3031
2408
2266
1783
1537
1289
1227
1178
541
-13
-181
-244
-167
-122
34
413
293
48
97
493
1204
1517
1643
1926
2121
2696
3309
4120
4998
5470
5633
5841
5818
5986
5927
5943
6170
5888
5281
2324
499
1418
4181
4165
272
-2110
-2099
-1799
-2595
-2129
-1463
-3332
-6982
-8641
-7180
-5750
-5258
-6420
-7950
-8693
-8030
-6754
-6401
-5436
-4178
-4550
-5662
-4893
-2459
-1377
-1863
-1054
1012
1346
584
831
1971
2966
3461
4000
3970
3371
3388
3698
4211
5078
5614
4640
2628
2002
2774
2874
2210
1742
1066
-326
-1675
-1798
-1045
-1123
-1719
-2429
-2957
-2940
-2735
-2597
-2559
-2384
-2386
-3083
-3825
-3626
-3111
-2839
-3277
-3322
-3307
-3237
-2523
-1876
-1207
-1072
-741
-393
52
654
1122
1317
1260
1536
1683
1724
1613
1766
1781
1579
1676
1678
1665
1266
810
682
560
410
85
-453
-782
-723
-501
-196
-84
-67
-66
-21
325
908
1328
1571
1640
1916
2329
2686
3083
3205
3458
3685
4089
4501
4935
5279
5489
5408
5425
5615
6075
6218
6340
4975
2334
1722
3037
4988
2529
-921
-2415
-2673
-3353
-3729
-2381
-2327
-4939
-7904
-7803
-6168
-4560
-4064
-5281
-6709
-7692
-6815
-6118
-5487
-4054
-3964
-5782
-7021
-5550
-3371
-3140
-3474
-2087
-1018
-1107
-571
982
2527
3152
3725
4423
4407
4514
4734
4439
4325
4703
4882
3641
2111
2070
2154
1546
1361
1804
1805
664
-468
-292
58
-85
-361
-1085
-1891
-2564
-3019
-3119
-3145
-2835
-3090
-4094
-4638
-4176
-3438
-3173
-2801
-2831
-3204
-3185
-1915
-752
-899
-976
-808
-364
-23
772
1623
1724
1521
1472
1631
1946
2534
2364
1675
1115
1178
1344
1017
901
775
332
-127
-16
389
487
171
26
173
384
670
734
639
465
536
693
877
1228
1714
1900
2049
2504
2991
3349
3432
3744
4096
4221
4561
4996
5362
5440
5445
5232
4986
4943
4826
4905
2720
658
391
2114
3056
691
-991
-1681
-2074
-3036
-2477
-742
-1047
-3758
-6271
-6448
-5806
-4543
-4417
-5211
-6547
-7588
-7322
-7108
-5647
-3792
-3889
-5732
-6440
-4904
-3325
-3019
-2401
-843
-703
-1170
-676
798
1893
2029
2306
2354
2259
2736
3070
2987
3090
3757
4265
3802
3613
4238
3936
2884
2592
3076
3101
1926
779
309
-460
-1053
-1194
-1257
-1571
-2299
-3059
-3592
-3589
-2844
-2640
-3047
-3395
-3277
-3252
-3202
-2767
-2799
-2721
-2555
-1627
-1837
-2533
-2471
-2146
-1708
-1396
-577
-63
-238
-361
113
816
1678
2361
2256
1960
1564
1825
2054
2219
2596
2387
1596
832
641
870
919
754
775
572
303
239
297
582
821
939
908
816
1147
1636
1874
2341
2831
3262
3365
3289
3597
3711
3594
3732
3893
4087
3978
3944
3848
4076
4129
4755
4498
2692
2074
2515
4278
3236
1571
778
27
-1446
-2561
-1552
-800
-2107
-4521
-5736
-6371
-6279
-5583
-5517
-5846
-7046
-7395
-7805
-7797
-6083
-4490
-4659
-5584
-5233
-3960
-3421
-3259
-1770
-741
-1077
-1312
-633
609
1096
1514
2085
2164
2615
3424
3822
3866
3991
4511
4492
4036
4502
4847
3916
2700
2118
2125
1716
1054
972
476
-564
-1223
-1404
-1199
-1110
-1241
-1684
-2629
-3081
-3014
-3059
-3058
-2913
-2806
-3169
-3536
-3526
-3322
-3143
-2668
-2372
-2742
-2982
-3023
-2735
-2523
-2015
-1195
-707
-448
-184
103
486
1000
1393
1659
1647
1590
1435
1162
1205
1347
1494
1642
1794
1855
1747
1552
1570
1680
1768
1806
1710
1701
1554
1411
1389
1481
1691
1762
1655
1532
1490
1524
1679
1784
2161
2636
2954
3229
3651
4280
4828
5214
5513
5564
5497
5080
5157
4242
2409
1547
2085
3292
1990
553
-167
-806
-2415
-3213
-2079
-1413
-2512
-4256
-5032
-5658
-5582
-4972
-4508
-4549
-5182
-5338
-6165
-6460
-5338
-4424
-5007
-5787
-5233
-4323
-4239
-3953
-2301
-1147
-816
-198
1094
2320
2795
3280
3538
3457
3692
4066
4106
3939
3803
3523
2709
2241
2912
3308
2752
1985
1535
1331
956
805
1129
1059
515
-156
-704
-872
-948
-1075
-1442
-2025
-2398
-2804
-3251
-3339
-3209
-3176
-3632
-3845
-4001
-4238
-3941
-3198
-2655
-3013
-3079
-2824
-2620
-2565
-2090
-1467
-1335
-1272
-1091
-832
-565
-50
279
324
588
1004
1302
1309
1541
1890
1927
1942
2278
2643
2687
2467
2130
1830
1570
1434
1403
1421
1445
1407
1275
1265
1496
1802
1959
2114
2325
2435
2578
2788
3176
3583
3677
3836
4027
4292
4468
4754
4750
4780
4607
4685
4431
2853
2054
1997
3013
2320
1155
731
227
-1185
-2598
-2306
-1774
-2358
-3677
-4312
-5036
-5730
-5655
-5721
-5728
-6079
-5824
-6078
-6590
-5883
-4803
-4778
-5267
-4562
-3338
-2881
-2865
-1785
-935
-1158
-1157
-485
508
883
1375
1823
1683
1825
2533
3066
3243
3610
4054
3770
3013
3320
3985
3765
3280
2977
2716
1972
1303
1265
955
172
-567
-1269
-1804
-2044
-2017
-2074
-2419
-2375
-2176
-2216
-2128
-1580
-1165
-1305
-1856
-1903
-1953
-2889
-3275
-3270
-2909
-3265
-3749
-3392
-3062
-2870
-2526
-1875
-1252
-714
-384
-134
0
505
1093
969
1192
1579
1920
1680
1362
1627
1558
1158
1047
1224
1322
1374
1241
1336
1350
1377
1584
1492
1650
1848
1908
1819
1780
2034
2137
1979
2100
2433
2606
2719
2750
3190
3455
3571
3873
4054
4389
4631
4861
4790
4698
4376
4458
3674
2214
1472
1509
2188
1190
408
172
-337
-1817
-2947
-2502
-2184
-3038
-4151
-4361
-4846
-5224
-5403
-5376
-5372
-5624
-5147
-5333
-5424
-4747
-4145
-4600
-5161
-4561
-3660
-3622
-3533
-2163
-1444
-1627
-1598
-634
370
670
1355
1996
2105
2228
2660
2935
3041
3305
3664
3203
2645
3143
3417
2913
2316
2249
2140
1383
1128
1640
1713
1305
1024
817
531
137
78
-248
-959
-1447
-1972
-2589
-3012
-2982
-2927
-3239
-3362
-2856
-2661
-2840
-3099
-3026
-2579
-2434
-2215
-1949
-1507
-1212
-1156
-1060
-649
-144
39
23
-27
233
269
211
230
407
570
327
362
718
1109
1204
1124
1147
1286
1351
1338
1394
1373
1430
1195
905
808
840
897
827
1028
1436
1789
2073
2441
2903
3234
3339
3454
3642
3763
3747
3728
3754
3959
3891
3918
3785
3730
3581
3345
2951
1628
647
145
505
41
-666
-796
-785
-1518
-2503
-2234
-1610
-1748
-2547
-2812
-2956
-3532
-3892
-4106
-4261
-4802
-4865
-4941
-5108
-4748
-4019
-3839
-4265
-3914
-2965
-2488
-2500
-1620
-565
-527
-822
-472
246
333
420
814
992
928
1137
1464
1544
1742
2224
2331
2096
2572
3402
3476
3083
3054
3169
2545
1827
1872
1971
1473
849
495
166
-270
-463
-615
-971
-1271
-1383
-1654
-1966
-1915
-1716
-1947
-2440
-2324
-2076
-2050
-2549
-2902
-2820
-2753
-2655
-2764
-2450
-2081
-1846
-1825
-1554
-909
-440
-259
-164
279
575
628
407
413
585
414
122
-176
-6
158
92
-16
136
422
526
605
922
1524
1779
1791
1870
2168
2375
2336
2353
2476
2636
2622
2528
2600
2798
2857
2655
2434
2538
2720
2649
2551
2808
3117
3291
3262
3580
3900
3991
3742
3578
3341
2167
1058
319
467
5
-811
-1224
-1287
-1718
-2410
-2341
-1994
-2022
-2572
-2885
-3082
-3333
-3388
-3526
-3692
-4050
-3949
-4026
-4312
-4030
-3340
-3191
-3742
-3848
-3377
-3186
-3414
-2903
-2154
-2086
-2221
-1764
-843
-297
236
892
1297
1521
1948
2414
2469
2443
2693
2628
2127
2078
2482
2472
2014
1814
1971
1730
1279
1303
1409
1134
733
512
329
8
-164
-375
-862
-1284
-1492
-1718
-2029
-2013
-1732
-1805
-2142
-2056
-1692
-1535
-1546
-1795
-1916
-1964
-1719
-1356
-1312
-1005
-778
-879
-1170
-1066
-697
-665
-931
-976
-923
-1023
-944
-667
-189
21
195
463
707
1128
1402
1400
1268
1285
1416
1482
1496
1881
2249
2169
2070
2202
2527
2496
2321
2200
2021
1758
1575
1609
1640
1741
1908
2053
2219
2697
3119
3187
3144
3229
3230
2984
2682
2760
2713
2438
2208
2088
2170
1432
705
252
395
275
-409
-651
-518
-655
-1307
-1530
-1285
-1314
-1945
-2382
-2463
-2789
-3078
-3433
-3656
-4027
-4184
-4232
-4655
-4779
-4431
-4172
-4497
-4604
-4013
-3431
-3416
-3019
-2087
-1603
-1494
-1214
-485
-80
90
471
759
913
1196
1586
1774
1908
2295
2500
2067
1872
2203
2319
1944
1645
1817
1744
1289
1150
1256
1096
721
451
284
13
-152
-204
-470
-721
-702
-705
-886
-984
-740
-711
-1074
-1193
-1076
-1165
-1543
-1694
-1923
-2313
-2618
-2409
-2171
-2172
-1817
-1377
-1152
-1121
-682
-110
109
301
619
824
866
1161
1495
1554
1324
1327
1279
940
788
743
585
253
168
394
555
722
1163
1569
1818
2047
2103
2083
1957
1982
1772
1275
1153
1187
1343
1267
1282
1340
1163
1124
1363
1521
1479
1469
1463
1410
1210
1166
1309
1462
1707
1806
1855
1860
2033
1764
996
306
160
291
-269
-594
-471
-309
-834
-1219
-882
-644
-1017
-1521
-1710
-2143
-2574
-2815
-2840
-3084
-3279
-3141
-3290
-3374
-3074
-2626
-2827
-3140
-2864
-2376
-2387
-2290
-1553
-1013
-920
-815
-238
226
462
897
1275
1364
1357
1479
1394
1179
1237
1443
1184
954
1290
1660
1601
1345
1420
1439
1106
848
843
773
448
161
-24
-328
-622
-780
-1070
-1379
-1484
-1401
-1406
-1410
-1111
-854
-840
-796
-584
-326
-347
-275
-428
-348
-524
-930
-1065
-1132
-747
-856
-818
-761
-281
40
106
545
913
659
423
535
702
1115
988
715
495
264
15
-221
-120
-19
32
-49
-286
-82
170
136
189
235
706
839
659
1103
1372
1186
946
529
394
701
569
297
673
902
833
774
487
345
479
539
402
702
1060
1582
2102
2469
2680
2629
2746
2935
3026
2837
2602
1990
1381
893
647
529
112
-29
18
22
-174
-166
81
-75
-696
-1260
-1666
-2079
-2467
-2789
-2922
-3169
-3440
-3436
-3345
-3166
-2947
-2781
-2907
-3027
-2806
-2591
-2669
-2472
-1932
-1617
-1524
-1274
-636
-96
235
472
639
694
729
1002
1253
1255
1199
1166
1059
1104
1312
1444
1329
1071
1020
882
540
457
549
572
402
337
394
493
563
528
529
377
99
-112
-267
-387
-477
-612
-810
-887
-833
-649
-625
-801
-775
-777
-743
-883
-901
-837
-1075
-1191
-1002
-703
-449
-288
-258
-101
119
265
247
226
415
257
66
-328
-95
-85
-249
111
-316
133
552
115
383
710
563
475
573
1001
750
679
1194
1055
1017
547
320
232
122
216
213
65
267
687
590
929
1209
1484
1821
1870
1956
2065
2037
2004
2039
2004
2097
2142
2071
1880
1749
1477
1098
778
648
494
82
-261
-345
-509
-947
-1120
-1092
-1243
-1567
-1783
-1841
-1957
-2002
-1952
-1869
-1889
-1857
-1784
-1799
-1703
-1440
-1345
-1544
-1625
-1460
-1304
-1313
-1223
-951
-775
-686
-441
15
312
438
494
458
341
375
410
359
358
349
391
158
140
274
152
63
-17
-81
-160
-196
-210
-348
-281
-218
-283
-261
-209
-174
-37
46
-56
-9
17
-49
-45
82
208
165
168
247
229
-17
-277
-493
-631
-410
-404
-357
-369
-346
-185
40
278
393
409
381
291
161
350
217
-201
-217
-97
-272
-639
-233
-20
-447
-521
-581
-224
-30
131
512
11
246
313
-56
676
466
567
812
626
741
788
942
980
793
815
952
904
1222
1201
1277
1485
1223
1208
1209
1140
1284
1256
1354
1447
1367
1448
1656
1590
1446
1343
1202
1104
809
520
298
81
-160
-509
-782
-949
-1020
-1066
-1071
-906
-833
-889
-931
-883
-780
-752
-800
-838
-883
-1014
-1062
-1147
-1206
-1247
-1319
-1446
-1464
-1402
-1368
-1360
-1403
-1288
-1145
-1128
-1155
-994
-786
-642
-442
-307
-398
-335
-260
-21
158
242
79
-264
-81
-186
-324
-573
-811
-1175
-1249
-755
-476
-49
146
328
490
622
759
877
1040
1016
915
689
436
204
290
-22
-127
-127
-169
-241
-531
-498
-409
-607
-683
-700
-955
-778
-1032
-942
-200
-367
-613
-62
233
-83
395
242
62
366
439
400
74
757
887
813
787
980
1071
642
748
449
378
458
491
558
470
533
639
719
704
819
932
849
1105
1393
1240
1108
789
777
743
753
968
1102
1011
1077
1280
1249
1418
1292
1161
1065
985
936
806
547
469
365
163
-12
-241
-265
-428
-682
-808
-874
-957
-1076
-1214
-1298
-1201
-1093
-1024
-943
-796
-676
-612
-504
-461
-467
-580
-596
-511
-512
-580
-737
-823
-875
-1015
-941
-1115
-1072
-1044
-1193
-1157
-1233
-1044
-940
-752
-661
-621
-496
-350
-169
-90
-143
-29
-149
-391
-263
-119
17
-93
-50
80
157
186
443
690
857
908
905
809
789
656
417
212
-49
-149
-439
-492
-409
-424
-294
-416
-598
-502
-665
-616
-657
-743
-574
-533
-234
-154
-72
52
-44
239
309
361
468
421
326
409
499
569
551
531
596
571
787
788
641
716
638
631
696
635
544
418
377
415
336
429
572
663
661
916
980
1131
1281
1237
1238
1105
1097
1024
1023
748
699
549
257
156
88
-44
-82
-164
-98
65
88
92
-1
-15
-94
-148
-175
-251
-275
-372
-413
-430
-523
-546
-604
-644
-738
-687
-805
-909
-902
-925
-913
-882
-866
-761
-718
-789
-774
-870
-856
-835
-843
-826
-877
-953
-1020
-1148
-1154
-1223
-1241
-1361
-1190
-1040
-822
-625
-308
68
154
404
527
744
623
674
460
501
478
355
561
581
661
550
609
512
572
376
263
312
55
-3
-295
-536
-266
-44
-89
55
-37
-303
-133
-54
-38
-109
-15
198
182
275
162
236
271
409
600
454
510
535
538
753
741
620
575
563
902
882
921
864
983
1153
952
1003
912
719
669
414
232
39
17
-206
-147
79
36
254
364
324
397
334
286
309
257
273
135
267
307
177
180
-30
-372
-562
-900
-1057
-1234
-1329
-1373
-1514
-1533
-1373
-1300
-1103
-840
-779
-593
-539
-398
-262
-320
-294
-225
-165
-178
-190
-158
-260
-123
-196
-276
-352
-432
-421
-507
-538
-495
-313
-222
-75
66
210
149
158
193
66
37
65
-124
-272
-265
-239
-175
-8
154
57
51
118
395
381
367
287
320
501
595
701
744
836
816
845
852
831
857
739
612
454
330
107
-86
-229
-370
-529
-636
-467
-419
-217
-53
-35
97
396
537
662
776
854
837
808
846
932
835
684
669
550
421
207
69
16
-150
-156
-184
-270
-202
-289
-165
-158
-75
20
-66
-103
-162
-224
-278
-405
-563
-553
-662
-695
-624
-567
-548
-555
-483
-434
-395
-465
-373
-352
-179
-179
-179
54
54
151
165
146
214
60
-91
-222
-421
-507
-691
-844
-966
-911
-958
-898
-713
-612
-512
-469
-404
-420
-510
-491
-388
-262
-8
39
73
98
132
153
2
59
100
102
143
154
333
376
463
476
500
449
233
45
96
88
77
183
228
309
303
513
520
633
766
674
680
750
666
631
650
459
311
310
77
12
8
0
-27
0
175
164
328
431
365
506
511
508
551
572
601
489
356
235
-33
-214
-195
-371
-247
-154
-150
18
114
107
275
184
298
295
194
237
205
223
220
186
49
55
-101
-315
-307
-396
-541
-576
-680
-953
-1085
-1007
-918
-616
-475
-191
-43
162
418
500
543
531
482
288
187
50
-52
-129
-351
-467
-554
-658
-632
-578
-679
-532
-490
-457
-419
-474
-418
-193
-33
-66
83
-37
12
91
22
-34
-338
-361
-340
-585
-644
-717
-652
-668
-473
-366
-95
91
312
454
547
591
495
452
488
467
284
185
166
316
358
332
220
163
89
-84
-17
-50
-166
-15
-46
-192
33
150
88
253
421
442
276
320
168
161
5
-226
-257
-369
-328
-359
-350
-135
114
379
595
599
697
764
751
687
643
620
301
210
240
36
52
194
177
13
-49
-22
78
128
86
135
28
136
329
214
108
-52
-155
-214
-271
-441
-580
-527
-557
-425
-179
-117
63
110
342
379
272
472
244
54
-184
-228
-423
-411
-259
-594
-286
-402
-275
-354
-452
-185
-330
-115
-78
-68
-95
107
160
350
439
374
514
325
586
336
136
-46
-221
-578
-775
-835
-1262
-1067
-912
-829
-639
-517
-285
-184
-120
55
-163
209
94
97
86
-38
48
26
-110
-228
-173
-325
-428
-497
-264
-186
-23
-196
-31
356
213
646
722
695
742
581
592
490
367
289
53
-239
-334
-303
-415
-315
-421
-487
-340
-201
-143
37
-4
225
438
372
495
297
396
307
362
422
202
211
-60
-172
-331
-165
-54
-172
192
80
392
470
564
676
725
897
575
538
692
602
538
377
273
147
187
111
-12
162
15
30
99
67
30
-50
-104
80
105
55
-44
-68
-105
-178
-90
-217
-282
-24
-349
-326
-310
-467
-353
-240
-85
-217
157
178
330
463
461
372
382
462
199
320
144
168
90
-6
-200
-515
-524
-612
-653
-749
-764
-809
-586
-714
-774
-608
-611
-475
-351
-239
-469
-464
-492
-457
-579
-655
-644
-774
-499
-91
-150
-71
262
234
273
436
358
453
437
469
422
383
520
398
325
278
279
1
24
-26
-146
-54
-51
-6
104
312
358
515
606
611
512
507
362
139
-89
-84
-3
-212
-178
-223
-195
-167
-40
7
-221
-151
-182
-304
-117
-264
-187
131
-2
150
149
304
472
559
394
313
361
179
116
50
-26
-67
61
170
327
462
630
648
702
686
594
483
200
82
68
-215
-357
-481
-609
-740
-847
-809
-944
-782
-606
-579
-459
-182
-155
-29
-3
-100
74
76
60
1
87
116
176
266
388
270
202
201
27
-55
-234
-278
-245
-382
-83
-182
-473
-393
-304
-651
-470
-451
-679
-620
-708
-765
-657
-601
-446
-422
-388
-406
-591
-215
1
318
492
450
364
380
594
679
708
733
749
794
893
902
848
871
670
622
513
321
171
146
277
308
252
285
318
229
142
-46
80
15
-115
-192
-357
-293
-292
-501
-431
-432
-478
-572
-549
-477
-588
-400
-327
-115
-194
-68
131
173
306
159
278
57
146
208
23
110
239
285
242
377
235
344
449
399
486
373
558
433
462
458
335
300
331
294
337
248
26
-128
-400
-484
-613
-397
-494
-450
-403
-412
-304
-350
-296
-636
-544
-303
-165
2
-214
-159
-211
-251
-238
-380
-452
-497
-355
-392
-228
-187
-64
90
44
254
312
457
501
397
238
126
35
-73
-309
-390
-460
-456
-132
-55
-274
-171
-250
-235
-165
-373
-283
-349
-330
-216
-45
27
7
43
143
162
131
39
82
0
-101
-167
6
142
386
417
384
545
599
768
617
640
520
655
667
662
715
557
682
640
515
408
96
-89
-344
-516
-649
-889
-596
-571
-447
-247
-138
113
9
60
22
-159
-284
-20
-86
-130
-18
-218
-86
30
160
352
120
180
135
303
563
519
741
485
469
573
479
518
525
426
141
188
158
-57
-58
-173
-413
-377
-360
-286
-253
-297
-352
-514
-264
-432
-374
-470
-362
-411
-304
-310
-296
-332
-466
-405
-609
-450
-588
-514
-372
-155
-240
-346
-140
-103
-21
-210
6
-167
-110
46
-58
9
31
161
76
233
176
34
293
124
31
-157
-279
-190
-241
-289
-260
-166
-155
-20
112
271
48
-172
-136
-249
-87
39
-98
-91
-102
-187
262
540
521
658
482
1028
980
989
790
759
580
384
459
243
259
81
202
80
267
132
92
244
228
40
225
-8
-201
-237
-511
-413
-247
-233
-258
-454
-418
-377
-265
-130
-484
-359
-320
-171
99
120
247
-23
141
249
398
380
30
129
-93
226
183
184
91
140
208
128
170
13
5
158
13
-190
-103
-146
-28
-148
-48
-287
-267
-125
-105
250
50
223
193
101
-104
-383
-516
-668
-682
-655
-798
-589
-363
-679
-363
-527
-401
-321
-230
-86
-275
-271
-3
43
-64
47
62
24
354
200
-16
228
235
632
472
226
364
215
110
75
-221
-454
-9
-129
-160
-37
-145
73
48
70
11
-66
-226
-392
-321
-101
129
-100
172
-61
-152
550
400
878
823
452
818
699
719
822
575
613
694
688
623
672
369
447
58
53
66
-299
-157
-549
-457
-594
-569
-462
-376
-614
-607
-464
-612
-476
-458
-757
-799
-794
-850
-665
-445
-134
-17
105
215
440
729
635
601
756
612
708
863
670
441
600
715
704
683
690
661
658
394
294
153
145
62
-9
-18
-303
1
-79
-143
-40
-353
-388
-633
-603
-675
-751
-750
-805
-616
-713
-629
-660
-564
-528
-567
-335
-768
-572
-365
-357
-262
-379
-149
-312
-35
-62
69
199
462
557
510
107
2
301
-99
251
-193
-73
66
-7
190
-32
21
-280
-58
38
-190
-215
-130
-516
-219
-132
-223
-126
-213
-145
-88
-71
-40
412
448
319
471
229
344
560
392
706
473
386
723
537
626
597
531
723
591
563
345
225
333
124
102
-76
194
-92
-116
-34
-426
-264
-261
-366
-551
-608
-900
-850
-943
-945
-985
-779
-638
-337
-119
-81
401
100
334
257
120
42
-176
-54
-115
155
340
412
578
778
560
561
836
967
693
753
959
635
780
716
528
647
479
393
168
159
-226
-384
-238
-307
-116
-354
-316
-397
-510
-493
-370
-386
-247
-321
-866
-547
-863
-616
-715
-800
-833
-935
-576
-320
128
41
164
-67
81
325
75
338
119
236
133
98
124
147
180
-187
-141
-240
-212
-47
71
-135
-351
-88
-206
-288
-144
-236
-419
-255
-344
-465
-492
-602
-283
-716
-299
-233
-367
64
36
64
463
580
331
637
331
533
681
706
575
547
534
341
10
-249
-124
-396
39
-20
327
335
303
505
255
530
222
36
-81
-120
-263
-106
-60
-191
-239
173
-35
-119
-65
-177
-126
-95
-80
-214
-33
61
239
-76
239
72
265
601
634
814
889
663
205
434
-50
-70
-249
-358
-281
77
-15
317
637
396
750
553
510
209
229
217
368
8
-112
-143
-215
-321
-236
-229
-593
-444
-879
-794
-865
-918
-952
-749
-538
-441
-423
-309
-173
-212
205
-32
46
-160
181
-264
2
-347
-287
-24
-156
578
171
579
354
421
419
466
315
287
351
225
371
308
486
284
72
-156
-339
-312
-633
-616
-487
-1014
-979
-741
-422
-329
22
-131
-84
278
-3
102
-349
-39
-137
-398
-26
-238
52
97
166
232
376
214
186
203
77
223
0
86
131
196
171
267
111
41
53
-82
-144
-355
-389
-384
-148
-199
-119
-106
-27
-57
171
90
-218
65
-186
-31
-23
-3
127
48
114
231
364
615
479
666
555
298
457
242
158
362
413
229
551
663
607
568
466
349
173
187
56
27
192
196
279
255
195
245
-118
1
-159
-277
-116
-257
-238
-382
-400
-463
-497
-387
-416
-444
-488
-369
-368
-331
-556
-422
-368
-323
-82
-481
69
-84
-20
402
340
402
248
-16
176
288
33
146
-15
20
-116
-38
150
-53
333
238
112
304
241
59
95
225
228
167
87
-13
143
-180
-310
-59
-463
-23
-253
-252
-271
-448
-85
-246
-21
-144
-152
-146
-368
-271
-309
-445
-343
-146
91
8
-188
33
140
-165
-281
-310
-478
-485
-356
-548
-484
15
-278
-107
-26
-545
-88
68
82
356
486
427
407
581
374
-83
72
102
-61
-224
-60
-45
407
462
675
622
785
1058
639
656
475
584
448
361
610
536
618
748
757
656
308
422
-92
-68
-357
-651
-555
-624
-337
-671
-485
-428
48
-249
-322
-114
-323
-46
-642
-588
-1002
-1154
-1037
-1373
-871
-743
-432
-338
-292
239
-134
278
169
-459
-272
41
112
33
339
389
519
569
744
624
546
729
619
134
391
-87
-200
185
-552
-94
470
440
403
304
110
305
197
353
122
-340
-184
-461
-208
-202
-25
32
198
516
437
976
495
195
389
-330
-138
-162
159
-104
-63
522
-37
61
323
-242
-66
-437
-877
16
-710
-363
-224
-399
-511
-533
-382
-536
-356
-1042
-646
-551
-779
-373
-603
-769
-364
-249
-100
113
-134
165
185
498
836
488
388
367
576
560
656
617
920
691
586
882
563
426
447
413
372
368
352
411
404
452
534
589
310
435
87
-217
-161
-367
-604
-433
-698
-860
-663
-690
-851
-756
-590
-917
-474
-689
-667
-467
-613
-354
-665
-610
-488
-662
-689
-276
-266
-596
67
-320
-828
106
-309
-59
193
360
251
137
342
164
202
415
381
338
590
813
851
687
619
135
409
506
260
594
355
379
518
617
223
294
185
-78
702
561
150
691
521
-89
575
231
21
238
-83
38
-149
20
457
73
102
32
180
132
178
-16
-154
-424
-238
-34
-129
88
-147
-45
-165
139
-134
49
-887
-1201
-943
-1429
-527
-634
-457
-239
-20
342
189
141
36
138
-208
-96
-294
-336
77
137
-64
189
559
694
276
442
797
219
508
420
521
359
460
671
695
849
560
576
322
236
-15
-41
-498
-777
-596
-957
-465
-614
-732
-550
-539
-151
-381
-571
-664
-488
-952
-1307
-1139
-1202
-579
-614
-95
-136
-134
-26
-279
-360
-805
-512
-594
-1007
-226
-404
-143
11
11
421
435
588
483
380
456
557
266
95
-783
-887
553
576
496
411
348
784
540
957
434
-106
422
-64
216
724
479
992
1209
580
633
471
-370
426
366
67
419
465
843
959
424
528
353
307
553
367
7
130
241
328
118
-645
-627
-791
-303
-44
-446
-884
-783
-449
-49
-553
-569
53
-962
96
-270
-755
-195
-784
-253
-796
59
-458
-273
-339
-424
174
-97
75
431
1011
711
812
942
463
86
184
-35
-290
80
121
281
484
-54
420
107
-76
77
78
80
-30
42
-91
-251
-438
-210
-89
-272
-7
-360
-17
16
-238
-204
-989
-517
-790
-656
-263
-214
122
-474
-141
-396
-219
-492
-600
-410
-356
-9
-639
-568
-380
-468
-119
-80
-683
-214
196
682
486
303
-367
-762
-192
-192
43
-851
99
310
64
665
114
379
980
526
743
439
143
706
273
160
674
1263
-180
-34
496
-34
947
418
395
605
-171
-175
271
184
139
279
761
659
658
354
441
807
797
793
452
295
-387
-607
-1111
-363
-379
-282
-356
-910
87
277
226
-551
-780
-669
190
135
-813
155
-305
-206
322
-326
-410
-215
122
319
-11
-1022
-381
237
-205
-75
-809
-626
351
-49
-16
333
588
591
387
440
-208
-150
-169
-391
-218
-153
253
-503
-122
-26
33
306
-291
0
-615
-902
-728
-334
-10
621
372
-211
503
118
510
-698
-624
-338
453
160
-230
-302
-503
643
-357
398
548
198
703
530
354
654
54
-466
-301
-26
-389
-97
33
-132
450
496
666
126
-77
-923
-1137
-388
-490
-54
-88
313
-3
470
524
270
217
-42
325
55
209
-172
-96
-683
-85
711
896
722
577
1254
471
437
113
509
666
-225
-613
194
837
-60
-157
104
250
764
369
286
376
215
-164
-858
-598
-91
-206
-1013
-1232
-196
55
274
-40
-570
-163
-530
-69
0
-557
-453
-589
-459
-707
-611
-144
332
310
306
358
440
378
672
-280
-1352
-357
252
21
-110
-95
-342
330
270
220
39
-246
-198
-22
327
-336
-236
-389
-89
307
-203
-636
-942
61
-43
-643
-891
-376
377
-181
-173
-166
-311
-136
-94
-581
-700
111
349
1465
786
-445
598
628
737
548
173
-178
-89
565
131
-262
34
404
1207
1059
351
450
439
619
1111
493
-478
-453
-108
241
-147
-321
-90
-492
-355
-283
220
-411
-273
-281
-1102
-865
-1053
-324
8
144
327
192
555
740
427
-351
-240
43
107
-78
-287
357
177
-64
298
548
354
424
506
292
389
714
219
-381
-136
331
506
-79
-331
-306
-64
233
-412
-135
15
-516
-332
-568
-629
-297
-300
-344
-95
-244
-228
224
170
-581
-383
-328
1016
1322
-67
170
-96
740
-35
-830
-474
-347
18
144
33
-77
614
-41
-50
162
-173
107
101
-185
-508
-496
-602
217
-49
-1171
-603
-531
-43
166
-779
-522
-328
-401
-360
-931
-1285
25
701
-262
79
-24
548
1002
392
151
-183
-69
-335
-191
-133
-120
406
1120
1073
928
1562
1347
877
471
442
288
89
69
-178
-297
110
525
878
245
36
218
134
47
-271
59
385
-173
-707
-891
-733
-268
-78
-448
-289
221
267
-225
-547
205
66
-390
-330
-110
514
573
655
157
-115
-254
182
551
-116
126
29
239
370
179
-264
-656
83
252
488
736
214
-9
-400
-972
-945
-466
-284
-518
-612
-348
-489
-491
-420
-838
-601
-111
245
770
1419
1223
322
-377
-660
-449
-371
-371
-159
162
23
82
24
175
269
755
734
368
-106
-463
-396
-869
-395
-381
-329
-86
194
-45
-915
-659
-466
-358
-58
157
-88
-417
-632
-758
-593
-565
-491
80
836
672
271
203
-292
-635
-290
25
249
-41
39
188
271
436
395
556
645
875
916
1067
964
994
461
-242
-202
193
635
814
729
772
457
223
225
-4
157
354
695
686
413
123
-64
-549
-782
-402
-414
173
454
58
-220
-567
-531
-494
-530
-897
-566
-228
-337
-282
-313
-132
-130
345
870
458
469
500
313
128
-94
-193
-219
-284
-287
