-83
-147
-100
-111
-24
-92
-12
-35
-3
9
-11
49
-35
73
-17
55
2
28
35
53
59
64
67
102
81
95
108
54
142
19
74
57
25
94
26
59
46
53
90
9
66
-3
59
-6
45
-26
-22
-37
-50
-66
-79
-71
-91
-28
-108
-8
-98
-26
-42
-46
-29
-17
-3
29
-32
38
-27
11
3
-67
32
-64
39
-22
29
31
5
29
15
35
11
34
67
59
74
23
62
43
32
44
6
91
16
53
60
4
36
-1
26
40
35
84
54
139
86
96
80
92
52
32
77
12
52
25
62
11
44
134
37
141
62
130
131
102
133
54
128
41
78
52
23
72
-38
39
40
-48
50
-22
47
-50
40
-21
3
-20
-66
-28
-83
-44
-92
-101
-111
-64
-152
-62
-138
-52
-133
-63
-69
-127
-35
-136
-48
-147
-53
-104
-97
-65
-98
-92
-143
-82
-143
-115
-159
-118
-126
-115
-67
-158
-49
-60
-100
-24
-45
-8
-18
-20
39
-13
20
21
4
10
15
23
38
36
35
-8
49
53
33
109
11
125
97
89
150
82
126
116
119
126
127
189
102
188
135
117
203
90
214
62
184
116
115
112
43
70
43
68
-6
63
-46
77
-36
48
-63
-8
-10
-116
-28
-111
-65
-54
-76
-45
-73
-56
-43
-93
-45
-110
-73
-108
-107
-127
-168
-142
-179
-169
-203
-148
-167
-198
-99
-199
-160
-79
-215
-116
-139
-170
-55
-103
-73
-45
-34
-40
-28
-13
-37
8
-42
57
11
54
68
56
63
111
31
74
99
2
72
36
83
10
59
8
67
-16
39
28
9
62
-14
65
48
57
42
38
71
30
53
52
57
63
60
61
50
37
12
7
-10
-4
-60
-41
-46
-86
-41
-101
-49
-122
-80
-59
-122
17
-97
-55
-24
-100
-24
-87
-23
-67
-43
-14
-68
18
-89
-23
-93
-58
-40
-86
-83
-62
-62
-86
16
-71
-23
-3
-46
6
-12
-13
-19
-31
3
7
-40
92
-33
84
80
57
168
68
134
81
133
169
124
140
131
129
136
119
149
102
110
107
107
143
118
94
116
113
74
95
167
70
154
85
125
114
162
59
159
156
89
232
1
261
63
182
170
116
179
95
126
85
149
69
107
98
53
53
18
58
-23
13
38
-94
86
-81
24
-45
-24
13
-87
-4
-95
-44
-23
-60
-38
-89
-46
-85
-110
-41
-160
-59
-177
-75
-174
-126
-160
-151
-171
-190
-122
-220
-78
-236
-83
-170
-113
-93
-143
-114
-101
-35
-93
29
-89
-26
14
-79
58
-69
-38
37
-109
32
-47
31
-28
12
5
-29
105
-81
88
-7
22
97
-4
116
9
56
100
39
168
-17
147
94
56
139
74
62
64
40
-8
91
-58
34
14
-75
-1
13
-140
9
-117
-88
-10
-127
-45
-112
2
-114
-9
-48
-53
-11
-123
-68
14
-95
-81
12
-123
18
-33
-82
-17
-99
-23
-88
-95
-38
-222
-1
-179
-31
-101
-189
28
-206
-27
-58
-76
-70
20
-90
-65
31
-57
52
-11
65
44
64
53
41
114
34
151
35
49
105
15
84
63
46
12
25
0
-6
-10
57
-29
110
49
102
112
105
224
76
213
163
194
97
217
44
162
144
-17
199
-45
137
30
60
71
25
24
54
-3
-1
20
-115
47
-101
2
-84
-19
-67
-80
-30
-61
-28
-57
-9
-64
-42
-49
-66
-123
19
-241
-90
-105
-276
-8
-326
-91
-181
-280
-96
-254
-248
-189
-246
-203
-203
-245
-165
-187
-106
-246
-87
-134
-81
-54
-165
81
-118
30
-53
19
21
-15
40
1
-7
-41
111
14
-26
101
1
42
175
-93
91
58
52
164
-40
191
112
56
258
104
123
279
108
229
164
189
278
144
278
204
111
302
153
140
117
70
229
26
135
23
71
-6
77
-23
-25
45
-98
57
-115
79
-120
5
-7
-95
-8
-63
-4
-63
-47
-55
-49
-116
-22
-237
-25
-109
-109
-60
-159
-48
-237
-80
-123
-124
-54
-262
97
-243
-86
-3
-322
57
-184
-129
-49
-23
-87
18
-54
99
-44
78
1
-48
94
-17
187
-30
126
-28
68
95
123
42
68
148
50
106
106
92
118
103
74
123
170
155
64
145
31
150
214
39
188
-24
94
128
63
67
57
60
142
79
34
99
-43
270
-151
73
80
-62
109
-41
87
47
115
108
-44
-31
114
89
6
131
-118
64
103
25
-37
-228
180
-39
-115
106
-242
-3
-43
-120
-256
-157
-44
-214
-63
-238
-152
-100
-49
-241
-106
-149
-133
51
-135
-90
94
-57
101
-42
-152
183
-134
289
-46
-137
251
-51
49
-106
144
-29
178
256
34
147
121
11
70
266
-253
104
202
-47
195
104
89
277
36
71
276
92
240
167
136
125
-10
142
229
-17
107
-17
126
151
10
17
62
-7
163
190
-380
348
44
-97
207
-99
-58
-12
-267
-223
-166
-154
206
-344
-182
-41
-269
59
-28
-193
-302
-86
-66
-263
-261
142
-379
-285
-253
-551
-11
-411
-253
-556
-191
-123
-337
-131
-288
-197
-253
-198
-97
-169
-187
-201
46
-275
121
26
-592
193
-179
-309
122
-296
214
-155
33
281
-427
74
-157
457
152
-80
430
24
286
-204
273
266
-141
286
-78
291
538
83
506
166
138
-77
338
99
-65
308
-136
530
-159
-8
-5
85
79
48
268
-34
131
266
-51
41
-103
-447
158
-500
133
-101
1
227
-152
-3
-44
374
-307
98
-231
98
28
-12
-154
-223
-61
-320
225
-264
21
-204
-154
100
-272
5
36
-338
19
-243
-120
25
-137
-135
-205
18
-186
-69
78
-74
79
11
119
26
77
286
20
195
21
132
-1573
-955
-533
-376
1012
44
489
541
316
710
303
313
122
-106
390
260
616
244
454
377
-121
168
-9
420
180
323
144
578
377
244
120
-193
373
-242
81
-238
-59
85
-545
160
-214
-189
26
-280
-96
-62
-496
-158
-44
-83
-214
63
182
-118
82
-332
39
-15
-272
-303
67
-149
151
-211
-145
62
-141
168
-79
68
-129
194
-392
-171
-331
-105
-411
-1329
-1463
-1475
-881
-331
423
313
444
525
933
145
389
-31
-109
395
-2
439
346
583
-121
-90
75
-74
-17
-10
331
250
630
767
372
253
35
-54
136
39
-139
167
150
133
165
-173
-42
-225
-39
-12
-122
210
-107
35
401
328
365
264
66
372
-203
226
204
-274
103
254
-3
212
118
-108
244
104
200
17
89
6
-66
56
9
72
-119
-119
148
-247
-175
-161
-182
-212
-137
-60
-422
144
-176
-194
27
-194
-147
-260
-32
-182
60
-11
43
91
-462
55
-258
-105
-14
-238
-204
26
-51
-173
7
-4
117
-118
-105
-34
26
-17
-7
190
56
-165
169
96
-50
-332
-537
-482
-310
-458
-171
239
41
155
195
77
27
-538
-267
-170
-804
-888
-984
-859
-642
-398
-610
-271
-140
10
464
497
634
286
548
644
509
772
271
344
294
284
277
226
237
297
-30
271
435
169
173
-212
-228
-335
-194
-281
-74
-162
1
32
10
-34
-5
-88
-83
109
-20
143
-41
-91
-143
-203
-337
-320
-136
-156
-100
-19
139
93
132
75
42
50
-167
-201
-242
-184
-116
-193
-165
-153
-241
-177
-95
-136
-118
-148
-62
68
28
142
106
151
147
78
131
-6
-223
-129
-179
-213
-71
-145
-13
54
30
161
254
220
212
215
163
85
-14
-6
19
-201
-455
-394
-281
-315
-215
-122
88
311
424
531
618
732
624
623
676
656
622
608
817
871
747
679
760
726
672
596
565
591
593
476
473
543
562
434
321
370
315
255
24
42
-45
-150
-272
-319
-340
-447
-589
-611
-525
-549
-534
-518
-348
-364
-405
-437
-450
-529
-718
-922
-911
-970
-1072
-1107
-1055
-937
-906
-898
-856
-707
-658
-672
-681
-659
-691
-771
-843
-821
-785
-735
-757
-626
-528
-405
-341
-284
-159
-54
18
83
163
195
129
98
159
246
291
305
430
569
705
774
863
947
1006
1073
1078
1206
1320
1316
1364
1340
1445
1372
1381
1506
1661
1860
2066
2320
2615
2799
2937
3013
3120
3243
3218
3186
3179
3253
3154
3340
3282
3450
2761
836
-615
-1335
-1832
-4434
-6838
-7569
-7623
-7991
-8122
-6990
-5681
-4838
-3335
-1032
1061
1836
1847
1849
2213
1981
888
-501
-1795
-2525
-3042
-2876
-2408
-1942
-1680
-1265
123
1642
2082
1599
1192
1295
1041
330
-504
-1210
-1866
-2330
-2150
-1876
-1517
-1701
-1918
-1552
-719
-351
-970
-1449
-1392
-1101
-1094
-1117
-965
-851
-875
-484
181
565
150
-417
-509
-213
-318
-864
-1184
-1200
-932
-553
-34
582
1068
1340
1780
2607
3258
3098
2559
2320
2453
2229
1853
1416
1286
1175
1406
1822
2140
2336
2532
2564
2950
3281
3490
3197
2976
2929
2991
3517
3423
3409
3279
4082
4706
5145
5528
5455
2834
27
-1252
-1804
-5079
-9569
-11433
-11270
-11023
-11209
-9517
-6935
-4790
-2781
825
4274
6050
5764
5211
4975
4357
2484
-193
-2928
-4491
-5007
-5021
-4504
-3359
-2294
-1704
-38
2347
3646
2743
1588
1129
864
-332
-1654
-2714
-3330
-3458
-2599
-1218
187
744
844
1189
2155
2487
1230
-736
-2084
-2474
-2934
-3549
-3685
-3465
-3245
-2443
-841
786
1149
837
805
1346
1483
852
-200
-903
-1146
-869
-465
189
748
1035
1287
2235
3195
3247
2360
1715
1637
1665
1393
1031
836
840
1185
1818
2625
3135
3114
2840
3003
3441
3466
2838
2322
2290
2590
3005
3315
3897
4163
4548
5327
6241
7175
6912
6230
2995
-575
-2988
-4440
-7756
-12846
-15139
-14362
-12581
-11617
-9136
-5558
-2187
448
4071
7584
9011
7774
5910
4643
3244
646
-2608
-5527
-7182
-7241
-6326
-4741
-3155
-1769
-911
479
2321
3140
1672
-509
-1759
-2108
-2836
-3489
-3560
-3096
-2106
-139
2307
4178
4848
4410
3693
3280
2331
145
-3143
-5573
-6751
-6973
-7026
-6338
-5220
-3963
-2223
181
2490
3334
2969
2313
2240
1995
1238
-20
-1057
-1622
-1351
-802
-57
407
565
536
1034
1734
1831
929
-21
-192
149
424
715
1056
1415
1993
2958
3886
4343
4113
3399
3054
2959
2821
2156
1423
1257
1573
2363
2952
3703
4261
4902
6036
6634
7177
6840
7131
7265
6863
5481
1308
-3117
-6285
-7329
-10083
-14500
-16321
-14612
-11817
-9732
-6119
-1513
1963
3955
6941
10253
11128
8589
5160
2799
692
-2157
-5116
-7649
-9001
-8791
-6991
-4345
-2086
-789
-512
186
1524
2106
572
-1701
-2821
-2649
-2178
-1205
171
1448
2604
4304
6257
7264
6421
4046
1485
-428
-1986
-4066
-6283
-7786
-7825
-6685
-4954
-2937
-1516
-611
117
1459
2501
2351
1038
-93
-375
-194
-106
-24
-53
-160
20
539
1054
746
-415
-1768
-2232
-2082
-1902
-2096
-2027
-1372
-119
1284
2629
3409
3512
3209
3133
3163
2906
2071
1048
639
1001
1642
2192
2510
2770
3033
3424
3861
3698
3363
2599
2383
2309
2849
3495
3803
4268
4824
6400
7609
7642
6123
3384
-759
-5335
-8612
-10712
-13762
-16806
-16780
-13136
-8641
-4787
-606
3626
6719
8614
10115
10424
8331
4010
56
-2492
-4323
-6228
-7677
-8085
-7065
-4701
-1819
382
1399
1197
337
-272
-497
-1159
-2814
-3938
-3203
-1085
1183
3437
5345
6441
6944
7154
6637
4691
1402
-2214
-5069
-6674
-7352
-7662
-7476
-6275
-4006
-1380
1022
2869
3034
2586
1792
1034
-150
-1444
-2512
-3108
-2586
-1381
170
1219
1830
1943
1819
1327
579
-782
-2332
-3505
-3926
-3511
-2611
-1781
-735
566
1781
2891
3715
3739
3078
2510
2086
1782
1639
1645
1635
1881
2581
3340
3601
3421
2995
2217
1523
1209
824
503
871
1944
3230
4800
6581
7826
8786
9320
10010
9436
7481
3363
-3623
-9551
-12716
-13408
-16587
-19159
-17735
-12087
-6493
-1953
3046
7184
8630
8620
9625
9962
7199
1978
-1971
-3828
-4668
-5544
-6015
-6422
-6017
-4550
-2190
-514
-308
-2008
-4029
-4361
-3030
-1971
-1870
-1194
885
3705
6594
9109
10032
8864
6702
4834
2992
497
-3044
-6691
-8979
-9178
-8084
-6587
-5085
-3390
-1659
347
2267
3710
3442
2232
734
365
359
62
-323
-881
-1209
-1490
-925
-475
-832
-2136
-3208
-3308
-2685
-2142
-1882
-1736
-1098
-30
1162
2276
2819
2382
1556
1160
1279
1320
882
318
208
790
1785
2739
3126
2877
2506
2345
2472
2550
2147
1448
912
1031
1485
2034
2256
2326
2745
3406
4276
5105
5800
6182
6501
7184
7919
8338
7936
6666
4726
779
-5190
-10766
-13274
-14367
-16619
-18158
-15610
-9787
-4570
-196
4535
8422
9574
9231
9202
8657
5575
723
-3056
-4899
-5940
-6615
-6701
-6419
-5848
-4695
-3063
-1747
-1706
-3079
-4368
-4080
-2244
-350
1036
2678
4909
6993
8526
9393
8808
6393
3074
17
-2454
-4707
-6985
-8913
-9635
-8747
-6700
-4397
-2354
-622
713
1706
2581
3212
3022
2094
1274
1125
1561
1491
1012
-117
-1050
-1929
-3257
-4473
-5434
-5906
-6380
-5701
-3992
-1736
105
1640
3131
4325
4866
4852
4193
2958
1627
397
-351
-664
-891
-1002
-786
-336
394
1052
1333
1412
1639
1738
1874
2325
2834
3095
3154
3241
3417
3361
3147
2730
2464
2324
2691
3192
4060
5152
6031
6575
7224
8407
8685
8515
7089
5419
646
-7084
-13811
-15846
-15467
-17531
-18914
-15719
-8196
-1901
2784
7466
11096
10851
8959
8455
8500
5787
754
-3149
-4503
-4844
-5181
-5313
-5664
-6252
-6494
-5631
-4338
-3767
-4812
-5738
-4449
-890
2751
5368
7320
8830
9469
9431
9016
7550
4252
30
-3435
-5397
-6306
-7134
-8085
-8502
-7769
-6155
-4236
-2322
-884
-217
148
1202
2954
4194
4361
3979
3807
3648
3274
2507
1026
-1129
-3323
-5295
-6073
-5988
-6699
-7680
-7052
-4551
-1822
568
2746
4604
5567
5840
6268
6072
4567
2251
60
-1409
-2102
-2749
-3435
-3792
-3812
-2972
-1304
330
1746
2889
3505
4106
5014
5250
4416
3345
2378
1610
1175
1108
1102
833
677
1002
1677
2416
3064
3510
3874
4649
5617
6484
7222
7717
7500
7469
6743
5296
1369
-5337
-12306
-15823
-15459
-15487
-15801
-13854
-7847
-1350
3696
7997
11321
11272
8603
6569
6081
4706
1144
-2641
-4797
-5511
-5599
-5286
-5301
-6100
-6977
-6878
-5709
-4147
-3407
-3228
-2185
641
4227
7203
8996
9511
8622
6936
5324
3736
1338
-1819
-4830
-6781
-7347
-7031
-6713
-6798
-6621
-5824
-4475
-2721
-720
899
1803
2554
3807
5236
5926
5547
4467
2913
1402
62
-956
-2369
-3941
-5423
-5891
-5706
-5262
-4949
-5618
-5667
-4755
-2565
-564
1588
3308
4631
5605
6318
6501
5414
3161
522
-1792
-3372
-4057
-4569
-4846
-4644
-3669
-2018
50
1783
2931
3497
3735
4004
4299
4039
3182
2441
1913
1713
1805
1997
1871
1397
847
828
1251
2113
2917
3744
4529
5635
6673
7340
8071
7981
7585
7238
6910
4977
-108
-7390
-13345
-15300
-14857
-14712
-13978
-10499
-4619
885
5328
9064
10619
8855
5944
4669
4646
3657
1100
-1673
-3626
-4852
-5585
-6031
-6811
-8111
-8951
-8270
-6173
-3691
-1833
-437
1440
3988
6421
8082
8705
7961
5930
3615
2064
1070
-271
-2066
-3847
-5198
-5918
-6185
-6388
-6747
-6932
-6529
-5123
-2666
358
2999
4742
5841
6552
6731
6137
4806
2824
495
-1523
-2650
-2950
-2965
-3194
-3441
-3718
-3829
-4035
-4725
-5321
-5359
-4443
-2563
321
3477
6035
7504
7861
7304
5810
3519
894
-1660
-3629
-4524
-4423
-3703
-2846
-2165
-1667
-1173
-595
203
1114
1961
2767
3545
4230
4715
4764
4281
3326
2200
1133
460
256
308
569
937
1690
2598
3509
4376
4929
5104
5270
5454
5680
5767
5879
6301
7384
7452
5484
1042
-5669
-12407
-16203
-16217
-15087
-13815
-10865
-4900
1630
6351
9318
10348
8407
4708
2225
1808
1703
410
-1553
-3179
-4392
-5398
-6291
-7443
-8932
-9938
-9446
-7255
-4016
-937
1383
3306
5247
6982
8024
8083
6891
4617
2178
580
-63
-427
-1156
-2314
-3685
-4832
-5567
-6057
-6408
-6505
-5911
-4311
-1615
1754
4818
6654
7124
6651
5651
4205
2479
670
-995
-2370
-2938
-2708
-2180
-2081
-2506
-3149
-3697
-3873
-3906
-3981
-4458
-4285
-2841
-353
2266
4336
5447
5408
4590
3261
1784
103
-1648
-3020
-3613
-3290
-2302
-1444
-1330
-1819
-2427
-2659
-2239
-1128
415
2109
3800
5404
6533
6683
5840
4323
2586
1044
301
318
795
1451
2137
2667
2571
2269
2078
1851
1452
1467
2187
3348
4651
5914
7140
7789
8330
8579
7845
5333
1266
-4667
-11535
-15990
-16108
-13822
-11898
-9733
-5790
-1069
2050
3743
4644
4065
2034
909
2094
4168
5039
4169
1922
-1150
-4302
-6754
-8507
-9759
-10143
-9135
-6517
-2879
555
2656
3518
3837
3977
4116
4368
4580
4311
3685
3255
3199
3089
2310
524
-1958
-4447
-6260
-7122
-7009
-6065
-4618
-2929
-985
1194
3039
3864
3590
2797
1932
1305
1098
1346
1517
1124
347
-350
-1019
-1918
-3096
-4095
-4675
-4595
-3916
-2653
-2089
-2756
-3010
-2349
-976
292
1573
2559
3281
3696
3961
4009
3240
1700
51
-1338
-1910
-1810
-1730
-1951
-2145
-1997
-1400
-201
1369
2768
3709
4391
4917
4965
4445
3440
2254
1182
544
643
1182
1700
1981
2076
2040
1875
2264
2692
3060
3646
4406
5040
5684
6219
6040
5688
4917
4897
4665
3554
768
-3285
-8807
-13575
-14676
-12738
-10292
-8293
-5369
-1481
1673
3409
4402
4458
3041
1555
1979
3940
5351
4926
2854
-445
-4068
-7141
-9066
-9915
-9719
-8421
-5944
-2594
657
2781
3543
3465
3268
3343
3812
4470
4975
4794
3966
2974
1772
144
-2008
-4426
-6701
-8080
-8277
-7405
-5906
-4158
-2615
-1248
96
1483
2465
2962
3006
2906
2788
2680
2558
2164
1201
-343
-1922
-3212
-4064
-4532
-4588
-4209
-3433
-2403
-1230
-20
607
-12
-1315
-2402
-2416
-1475
88
1705
2992
3670
3676
3291
2355
854
-902
-2272
-2718
-2174
-1122
-182
74
-374
-1120
-1509
-1194
-232
1099
2661
4248
5546
6192
5949
4795
3150
1573
700
618
1288
2145
2850
2879
2374
1751
1322
1549
1718
2385
3321
4761
5917
6853
7266
7279
7145
6641
5451
3595
357
-5445
-11822
-14642
-12996
-10473
-8987
-7063
-3806
-1233
-233
770
2050
1827
807
1597
4608
7190
7731
5984
2305
-2469
-6631
-8985
-9592
-9016
-7757
-5780
-3301
-1007
-5
-268
-949
-1021
-219
1567
4152
6810
8070
7647
6228
4380
2063
-438
-2725
-4579
-5658
-5919
-5475
-4685
-3906
-3669
-3761
-3553
-2546
-978
769
2446
3849
4608
4726
4405
3610
2219
379
-1244
-2267
-2526
-2358
-2067
-1941
-1976
-2374
-2799
-2842
-2506
-2036
-1359
-284
-13
-548
-1120
-1043
-829
-575
-127
609
1351
1763
1925
1855
1163
141
-636
-953
-848
-443
-229
-582
-1175
-1696
-1911
-1628
-592
661
2101
3617
4986
5496
5176
4250
3072
1987
1435
1626
2271
2771
2957
2879
2478
2018
1613
1632
1826
2481
3320
4263
5176
5898
5978
6034
5902
5024
3013
564
-3341
-8503
-11954
-11394
-8616
-6884
-5799
-3949
-1933
-1519
-1454
-336
861
924
1748
4411
7104
7540
5872
2566
-1672
-5515
-7409
-7360
-6114
-4456
-2928
-1717
-1112
-1319
-2446
-3573
-3771
-2379
88
3121
5832
7274
6708
4858
2771
951
-497
-1460
-1938
-2124
-2073
-2119
-2470
-3266
-4326
-5333
-5521
-4462
-2432
-293
1501
2594
2896
2534
1940
1428
1005
644
537
870
1307
1452
994
13
-1268
-2546
-3456
-3661
-3120
-2357
-1632
-1117
-880
-1522
-2572
-2639
-1996
-1382
-530
874
2176
2910
2976
2410
1492
314
-584
-538
24
458
498
83
-895
-2049
-2875
-3203
-2928
-1860
-191
1677
3608
4943
5148
4588
3981
3522
3372
3658
3958
3825
3361
2653
1794
629
-433
-1087
-906
-133
1145
2815
4267
4844
4912
5245
5875
6402
5948
4372
2296
143
-3526
-7547
-9492
-8600
-7490
-7017
-6133
-4366
-3298
-3150
-2663
-1051
409
1473
3219
5492
6522
5383
3217
423
-2454
-4578
-4848
-3915
-2590
-1706
-1317
-1528
-2241
-3384
-4386
-4347
-2993
-731
1789
4063
5348
5233
3959
2486
1404
821
570
648
704
353
-536
-1842
-3273
-4493
-5154
-5093
-4184
-2678
-1075
76
655
787
699
641
994
1816
2804
3492
3674
3294
2188
594
-1080
-2401
-3138
-3243
-2711
-1824
-974
-490
-437
-637
-1008
-1130
-1720
-2585
-2713
-1824
-758
-50
540
682
573
338
278
469
616
397
319
439
541
276
-75
-784
-1577
-1877
-1460
-689
228
1205
1824
2312
2685
2973
2958
2966
2970
3067
3181
3236
3137
2934
2488
1933
1627
1591
1695
1941
2234
2158
2143
2413
2620
2871
3487
3822
4358
4896
4408
2357
173
-2143
-5493
-8381
-8495
-5948
-3814
-3328
-3313
-2880
-3119
-4028
-3770
-1755
72
1451
3461
5593
5862
4096
1536
-1154
-3227
-3949
-2866
-1136
-51
-302
-1345
-2791
-4316
-5391
-5394
-4155
-2010
425
2382
3478
3361
2101
443
-510
-376
573
1646
2233
1961
785
-1040
-2776
-3734
-3996
-3716
-2865
-1662
-837
-667
-1048
-1821
-2591
-2829
-2144
-652
1074
2265
2589
2281
1595
769
210
183
634
1282
1782
1846
1437
538
-788
-2108
-2760
-2765
-2547
-2529
-2850
-3100
-3236
-2984
-2209
-937
302
1425
2371
3056
3215
2969
2413
1837
1297
928
804
607
87
-893
-1767
-2256
-2247
-1818
-995
1
944
1712
2230
2509
2702
2939
3302
3862
4490
4849
4719
4268
3431
2484
1738
1339
1132
1240
1531
1889
2076
2172
2272
2236
2703
4157
6114
6567
5051
2769
834
-1373
-4062
-5721
-5127
-3558
-2865
-3085
-3543
-4332
-5533
-6107
-5301
-3419
-1199
991
2759
3344
2478
793
-837
-1911
-2155
-1366
-6
968
918
-149
-1869
-3736
-5125
-5645
-5117
-3824
-2283
-1076
-639
-946
-1425
-1499
-918
332
2052
3627
4424
4184
3023
1277
-461
-1616
-1943
-1571
-979
-645
-784
-1401
-2382
-3197
-3482
-3102
-2184
-862
519
1492
1887
1787
1491
1325
1444
1783
2246
2490
2149
1248
179
-902
-1936
-2525
-2548
-2103
-1872
-1996
-2342
-3038
-3862
-4141
-3314
-1837
-162
1125
1867
1976
1634
1060
767
808
1090
1449
1750
1662
931
-242
-1475
-2296
-2449
-1891
-856
434
1515
2163
2428
2561
2677
2884
3349
3970
4455
4503
4039
3284
2390
1691
1403
1505
2123
2679
3370
3530
3680
3605
3206
2813
2889
3665
4674
5725
5422
3596
833
-2052
-5826
-8589
-8267
-5521
-3832
-4011
-4465
-4950
-5984
-6824
-5692
-3080
-624
1218
3260
4494
3694
1461
-347
-1521
-2253
-1965
-611
667
756
-197
-1834
-3529
-4720
-4880
-3690
-1373
927
1984
1588
422
-856
-1641
-1420
-222
1339
2528
3033
2735
1656
-14
-1675
-2592
-2466
-1619
-705
-153
-257
-978
-1885
-2301
-1905
-1028
-57
627
960
787
154
-688
-1287
-1379
-952
-207
523
863
618
-81
-860
-1336
-1359
-976
-444
70
326
115
-836
-1753
-2272
-2896
-3237
-2416
-1031
-218
22
-171
-621
-924
-808
-206
845
1884
2531
2906
2940
2448
1701
1241
1082
1047
1332
1705
1813
1760
1608
1314
1200
1451
1835
2304
2861
3184
3084
2779
2422
2025
1696
1655
1822
2168
2422
2541
2674
2749
2765
2734
2832
2875
2628
2554
2930
3528
3788
3192
1851
343
-1082
-3108
-4761
-4514
-3166
-3023
-4091
-4816
-5178
-5822
-6148
-5051
-3038
-1256
77
1350
2000
1387
274
-44
214
495
1152
2141
2492
1842
739
-530
-1789
-2691
-3023
-2750
-1909
-1242
-1447
-2328
-3161
-3604
-3577
-2879
-1502
-2
946
1255
1238
883
324
53
298
759
996
913
437
-282
-1067
-1623
-1794
-1691
-1504
-1414
-1349
-1366
-1461
-1624
-1643
-1250
-433
441
979
1219
1168
741
256
86
237
432
572
604
449
61
-718
-2008
-3116
-3340
-2788
-1999
-1296
-924
-1034
-1109
-820
-146
563
1296
1981
2542
2636
2166
1349
518
-71
-233
216
734
926
818
795
903
1151
1376
1549
1740
2116
2604
2942
3033
2620
1968
1437
1422
1437
1425
1136
717
355
161
266
512
1215
1639
2332
3144
4102
4611
4793
5150
5267
5020
4099
3232
1562
-1189
-3836
-4269
-3337
-3425
-4629
-5440
-5587
-5951
-5973
-5158
-3986
-3174
-2006
-232
1239
1431
895
573
674
1010
1626
2092
1732
711
-202
-762
-1393
-2184
-2930
-3205
-2648
-1498
-553
-333
-579
-775
-731
-248
506
1047
947
488
100
-158
-475
-827
-985
-887
-661
-469
-339
-452
-778
-978
-729
-267
122
301
344
390
454
516
437
217
-79
-356
-712
-1119
-1530
-1971
-2361
-2366
-1891
-1250
-698
-181
192
127
-66
64
8
-533
-713
-381
0
49
1
-153
-375
-554
-618
-546
-501
-606
-727
-638
-433
-168
102
422
745
1192
1615
1867
1983
2062
2037
1974
2008
1895
1565
1261
1153
1064
988
911
808
763
853
1128
1405
1684
1860
2152
2547
2880
3280
3381
3458
3627
3709
3705
3957
4605
4651
4116
3220
2227
1186
-129
-2286
-4002
-3510
-1780
-1569
-2959
-4053
-4663
-5266
-5341
-4289
-3222
-2703
-2254
-1197
-386
-506
-1129
-1326
-1136
-711
73
803
695
-52
-477
-438
-310
-310
-481
-714
-533
127
512
121
-550
-1071
-1270
-1017
-353
76
-84
-502
-744
-840
-978
-1176
-1243
-987
-555
-161
31
-84
-486
-888
-871
-437
32
163
94
100
215
288
300
269
179
120
153
338
471
410
121
-155
-119
20
23
-182
-534
-1208
-2004
-2314
-2065
-1677
-1657
-1635
-1257
-608
-58
241
371
340
369
469
701
779
593
214
8
-11
-32
-203
-499
-753
-810
-510
-56
355
582
742
1055
1630
2202
2545
2681
2732
2736
2806
2845
2634
2130
1745
1595
1577
1611
1641
1582
1510
1672
1991
2490
2832
2974
3043
3274
3493
3678
3722
3446
3140
2698
1928
667
-902
-2563
-3607
-3262
-2421
-2478
-3499
-4279
-4468
-4396
-4012
-3336
-2731
-2377
-1867
-1159
-693
-874
-1263
-1517
-1486
-1196
-760
-610
-867
-956
-588
-71
135
1
-393
-745
-641
-98
289
244
40
-2
132
221
212
-51
-568
-1003
-1133
-1142
-1322
-1547
-1660
-1514
-1096
-505
-93
-46
-132
-126
-38
31
78
13
-123
-140
139
485
631
551
394
212
73
10
-71
-258
-477
-579
-550
-543
-636
-751
-822
-771
-767
-1005
-1266
-1308
-1143
-969
-810
-658
-688
-784
-675
-235
250
628
884
1068
1157
1113
950
753
530
309
220
162
112
79
122
279
552
843
1007
1033
1074
1201
1429
1699
1969
2110
2155
2229
2283
2240
2158
2075
1940
1714
1575
1490
1405
1455
1511
1721
1893
2213
2364
2352
2344
2472
2630
2645
2700
2499
1970
1146
341
-955
-2285
-2594
-1681
-1321
-2368
-3502
-3883
-3955
-4109
-3679
-2958
-2684
-2716
-2360
-1987
-2117
-2453
-2419
-2084
-1552
-876
-309
-267
-478
-370
39
348
445
378
159
167
649
1320
1438
1202
1025
1042
998
866
601
51
-628
-1077
-1126
-1079
-1110
-1228
-1301
-1250
-1041
-838
-804
-851
-761
-516
-282
-21
197
184
125
282
594
775
810
736
657
494
363
286
179
16
-143
-262
-428
-553
-733
-823
-985
-1103
-937
-514
-309
-605
-1178
-1591
-1534
-1223
-874
-665
-518
-292
126
590
889
854
604
432
390
404
411
329
228
291
582
961
1195
1233
1210
1284
1410
1442
1270
946
715
713
928
1235
1409
1434
1394
1425
1532
1720
1826
1825
1730
1588
1485
1459
1379
1281
1213
1068
1228
1521
1642
1493
1562
1644
1631
1767
2205
2474
1940
457
-1209
-1475
-349
406
-599
-2069
-2907
-3339
-3686
-3634
-3431
-3708
-3964
-3554
-2735
-2293
-2247
-2262
-2118
-1701
-952
-433
-641
-1188
-1089
-371
287
538
388
-40
-204
402
1212
1410
974
563
339
442
853
1189
1069
685
599
718
652
255
-283
-819
-1237
-1316
-1325
-1551
-1927
-2076
-1823
-1316
-804
-577
-699
-874
-768
-456
-179
-50
-138
-301
-291
-45
258
451
545
572
616
660
605
412
114
-138
-327
-368
-312
-380
-618
-942
-1055
-799
-284
90
158
5
-212
-292
-168
97
311
430
549
711
810
831
883
931
964
1014
1040
956
832
761
826
1000
1149
1133
928
696
660
789
921
928
756
467
142
-2
64
320
616
868
1085
1225
1301
1334
1447
1580
1787
1900
1712
1505
1423
1405
1441
1513
1612
1618
1567
1455
1572
1491
123
-1507
-1192
733
1039
-679
-1967
-2098
-2312
-2620
-2185
-2055
-3018
-3671
-3128
-2591
-2755
-2912
-2934
-3092
-2810
-1837
-1302
-1753
-1937
-1177
-285
200
609
589
-28
-175
814
1813
1722
1112
778
687
806
1226
1420
975
344
-41
-357
-673
-956
-1321
-1687
-1627
-1302
-1263
-1521
-1626
-1466
-1114
-547
-3
103
-73
1
347
640
714
617
310
-23
-171
-193
-250
-285
-169
-2
294
638
801
670
578
706
787
659
428
193
-64
-278
-427
-464
-438
-449
-589
-829
-974
-821
-492
-236
-23
221
432
608
819
1080
1288
1340
1225
1019
834
692
551
408
316
258
218
216
276
394
592
857
1106
1276
1261
1084
819
626
591
632
605
460
394
485
681
937
1275
1548
1682
1826
1959
1998
1919
1888
1871
1921
1952
1963
1906
1846
1865
1924
1829
615
-1125
-1511
-394
-78
-1185
-2045
-2082
-2194
-2401
-1989
-1524
-1972
-2394
-2037
-1669
-1967
-2339
-2513
-2830
-2986
-2484
-2019
-2385
-2750
-2262
-1479
-1044
-701
-400
-386
-194
719
1819
2155
1893
1603
1457
1466
1540
1409
953
440
-18
-423
-705
-863
-1169
-1493
-1477
-1189
-1138
-1346
-1454
-1361
-1187
-822
-422
-388
-599
-637
-485
-283
-42
162
194
71
-14
-52
-168
-284
-259
-251
-298
-285
-176
-2
197
506
845
968
734
254
-182
-363
-357
-423
-596
-706
-721
-686
-617
-458
-276
-118
100
373
591
695
793
904
1018
1172
1329
1335
1135
902
744
666
576
424
255
127
105
146
250
397
481
491
504
581
687
804
963
1206
1449
1560
1549
1471
1399
1375
1387
1403
1360
1158
946
808
722
674
716
730
678
704
1025
1454
1693
1806
1727
1242
743
794
957
504
-387
-1030
-1500
-2046
-2420
-2438
-2610
-2989
-3071
-2796
-2662
-2764
-2666
-2386
-2128
-1748
-1249
-989
-991
-866
-559
-334
-295
-287
-338
-511
-555
-305
-105
-154
-286
-282
-127
136
408
534
481
423
392
301
199
99
12
-28
-60
-174
-447
-921
-1349
-1502
-1480
-1403
-1254
-1114
-982
-772
-425
-32
268
429
463
443
397
332
280
260
214
207
272
218
26
-132
-233
-339
-350
-266
-143
27
207
398
547
615
569
414
181
-22
-87
-20
44
61
32
-31
-46
2
90
215
368
449
467
479
523
557
650
841
1068
1183
1220
1208
1171
1129
1082
1064
991
848
714
696
736
768
707
561
352
212
212
353
479
553
593
695
828
810
751
749
828
893
928
972
1095
1138
1035
1007
1114
1224
1249
963
624
597
716
565
148
-252
-569
-891
-1138
-1270
-1425
-1689
-1825
-1774
-1654
-1599
-1563
-1455
-1467
-1524
-1449
-1411
-1501
-1482
-1349
-1202
-1056
-902
-884
-998
-1064
-956
-783
-691
-591
-457
-310
-181
-30
80
115
179
344
565
766
859
803
689
507
239
-39
-257
-481
-610
-646
-613
-628
-737
-969
-1146
-1165
-1054
-888
-679
-395
-91
126
87
-40
-79
-101
-239
-301
-243
-172
-89
35
50
47
124
230
286
274
226
197
230
278
384
497
549
620
757
869
932
969
928
821
714
677
682
719
738
746
694
601
438
228
75
42
151
323
531
736
855
865
848
804
710
546
345
125
-80
-236
-249
-117
20
119
200
285
443
693
931
1124
1194
1104
943
827
677
486
273
45
-105
-127
-12
124
240
323
322
289
327
423
362
85
-209
-319
-432
-691
-914
-1035
-1182
-1298
-1322
-1424
-1534
-1575
-1552
-1515
-1335
-1087
-875
-757
-618
-433
-322
-372
-388
-316
-363
-504
-595
-633
-696
-659
-543
-432
-379
-332
-250
-167
-65
-41
-98
-189
-233
-243
-165
-82
-52
-88
-222
-441
-669
-895
-1062
-1069
-998
-825
-562
-332
-230
-207
-216
-215
-199
-169
-143
-198
-243
-181
45
334
544
573
543
464
405
405
404
348
254
184
121
96
62
83
119
144
151
141
126
192
347
563
823
1007
1027
916
787
703
679
637
609
549
452
438
538
620
590
498
404
308
191
197
349
543
621
601
496
377
277
171
132
134
200
252
356
478
632
723
743
807
865
947
973
942
828
690
590
534
391
217
78
-5
-92
-139
-176
-189
-222
-268
-246
-171
-127
-156
-268
-346
-351
-369
-399
-442
-466
-501
-560
-620
-680
-701
-655
-556
-505
-445
-383
-403
-446
-420
-332
-278
-211
-110
-50
-43
-56
-77
-126
-191
-256
-318
-403
-526
-641
-726
-786
-829
-826
-847
-860
-858
-811
-698
-559
-443
-384
-360
-363
-313
-292
-314
-322
-326
-301
-267
-262
-232
-176
-105
-41
71
187
301
427
518
571
597
613
543
450
398
371
310
191
2
-226
-392
-398
-227
-48
53
127
258
368
413
384
341
351
445
587
764
967
1110
1180
1181
1106
898
618
317
45
-162
-246
-225
-172
-134
-99
-3
113
197
275
421
589
748
872
918
933
978
999
991
993
930
775
572
423
355
287
108
-120
-293
-397
-387
-274
-187
-233
-248
-137
-10
15
-15
-51
-46
-19
-1
-31
-117
-265
-404
-498
-542
-468
-395
-393
-353
-155
27
41
-52
-125
-119
-49
17
53
18
-107
-230
-269
-264
-301
-332
-339
-372
-463
-552
-565
-534
-503
-469
-415
-349
-389
-556
-662
-644
-555
-532
-596
-658
-645
-598
-488
-416
-447
-549
-670
-683
-558
-408
-288
-208
-195
-203
-231
-247
-347
-516
-681
-710
-622
-497
-420
-365
-304
-213
-52
92
167
159
204
297
407
480
530
560
565
551
513
471
364
196
25
-84
-116
-79
11
179
364
521
607
643
647
586
507
466
483
459
393
322
301
283
228
146
47
-69
-137
-91
98
275
337
365
446
578
678
729
726
668
601
625
719
751
648
487
354
248
99
-65
-177
-242
-268
-236
-105
18
23
-12
83
314
504
529
468
445
469
388
186
-29
-275
-520
-696
-719
-667
-699
-776
-772
-702
-636
-553
-349
-112
82
233
340
385
324
201
119
106
110
43
-134
-359
-563
-720
-856
-959
-1023
-1041
-1004
-829
-530
-173
140
364
457
402
302
234
168
27
-184
-405
-617
-843
-1019
-1125
-1181
-1211
-1147
-962
-708
-449
-222
-17
189
367
461
503
467
379
284
272
334
368
345
249
128
12
-70
-94
-91
-129
-201
-240
-147
96
401
666
877
1069
1192
1168
1006
757
397
-55
-418
-611
-744
-840
-833
-713
-513
-308
-124
18
38
20
79
225
354
428
486
574
671
691
599
457
327
212
110
33
-8
-31
16
141
278
304
248
267
407
564
609
548
466
383
307
281
244
118
-101
-283
-348
-374
-415
-413
-271
-23
228
420
544
589
576
606
716
758
607
359
206
180
180
139
40
-89
-184
-217
-194
-199
-260
-329
-379
-382
-362
-388
-462
-507
-466
-337
-202
-71
26
70
79
83
80
30
-109
-265
-379
-423
-392
-362
-381
-453
-494
-480
-433
-372
-306
-250
-225
-170
-32
93
139
110
77
40
-30
-96
-193
-310
-403
-412
-381
-408
-476
-493
-454
-397
-351
-341
-372
-441
-468
-394
-268
-173
-118
-78
10
82
105
74
17
-37
-80
-93
-113
-144
-167
-159
-102
-11
72
143
200
270
330
328
290
276
326
389
420
402
341
265
198
135
140
213
279
311
323
381
421
388
336
351
401
396
339
318
299
215
128
106
112
73
13
30
143
233
246
237
241
258
256
269
294
274
195
103
67
109
118
98
129
261
431
534
561
540
464
338
197
70
-46
-157
-199
-124
52
231
362
412
375
286
173
81
-17
-159
-344
-521
-640
-742
-860
-923
-908
-825
-705
-576
-431
-327
-316
-330
-324
-311
-326
-376
-400
-405
-400
-416
-457
-461
-435
-390
-310
-188
-57
20
51
83
117
163
197
221
243
218
154
88
23
-45
-108
-163
-154
-76
38
152
244
297
305
308
297
213
44
-171
-432
-688
-918
-1042
-1047
-959
-775
-511
-257
-51
110
204
224
193
193
226
235
212
206
194
138
46
12
43
66
72
108
193
268
294
325
410
479
456
360
246
131
22
-32
-14
45
103
149
