-141
-31
-85
-98
-56
-116
-38
-54
-102
-132
-52
-195
-43
-172
-159
-31
-213
-39
-154
70
-180
-18
-54
-43
-18
-162
147
-102
87
3
73
-10
93
-16
-38
6
41
-51
60
-23
26
18
-29
53
-35
-9
-20
54
-83
74
-51
110
-38
35
-30
33
78
-35
111
-50
89
-44
29
109
-7
187
59
99
170
20
114
206
91
108
116
70
163
134
199
47
147
1
112
62
32
133
23
86
75
46
131
18
168
52
37
87
114
68
110
86
109
139
83
108
78
16
48
54
2
140
62
98
34
47
109
-49
-6
77
65
139
-43
93
-32
107
36
37
43
12
68
4
8
19
99
-61
43
-131
-19
31
44
-64
-121
-48
-60
20
-45
24
-98
67
-153
-141
-38
-88
41
-116
-13
-80
-51
59
-157
23
-120
-142
55
-127
84
-73
-56
-32
-62
47
-74
-4
-151
-33
-14
-146
-31
-111
-118
-63
-114
-94
-182
-167
-93
-232
-75
-212
-35
-110
-117
-152
-240
-110
-69
-85
-79
-129
-70
36
-148
104
-114
16
-9
-88
88
-111
137
17
57
-38
55
-25
25
123
-21
-55
25
-64
2
-1
10
89
-96
138
-25
-43
186
-64
193
-57
122
4
5
129
50
158
-74
186
38
84
192
136
71
196
120
152
170
28
208
127
72
91
163
56
272
3
97
95
-5
179
-36
168
57
143
-3
42
141
25
130
64
41
107
104
11
224
-21
143
226
-36
260
-23
72
152
30
111
-31
115
24
17
49
81
-23
-13
88
-50
73
81
-98
108
-83
38
13
-101
-38
-13
4
-24
31
-108
125
-54
-13
-42
-72
-41
2
-46
-65
57
-139
36
-36
-125
29
-64
-65
-87
-58
-206
-1
-272
-171
-15
-321
-60
-292
-30
-326
-207
-96
-374
-141
-227
-233
-78
-161
-72
-209
-105
-50
-104
-17
-120
-83
-161
6
-155
-5
-231
5
-105
-24
-102
-35
-14
-41
-52
-146
-110
-82
6
-137
-59
-203
21
-106
-125
7
-70
-40
-253
71
-86
-5
55
-20
-88
33
17
-26
82
43
32
137
248
77
168
113
47
136
-26
187
11
230
41
105
66
19
92
45
39
7
153
-59
178
59
25
-62
-2
59
-49
150
96
-23
218
65
133
163
117
220
56
288
116
276
139
110
250
23
176
58
207
-13
228
167
-11
214
-72
219
-22
-56
84
-82
95
-10
21
-49
105
-53
-73
72
-199
172
-159
-28
69
-109
102
-10
28
-60
15
-26
-76
-20
65
-120
59
-45
-110
93
-135
26
-125
11
-110
-56
-32
-23
-20
-109
-38
-104
-88
-122
127
-184
-61
40
-263
39
-79
-184
-26
-118
-106
-95
-87
-115
-51
-146
-89
-177
-41
-81
-181
-76
-155
34
-186
-84
26
-271
57
-175
-5
-74
-176
-88
-32
15
-99
-89
-95
-40
-41
-124
-50
-55
-19
-63
-53
-17
-123
-39
-145
139
-102
-132
87
-45
-27
93
-12
4
-1
26
50
10
-11
156
-6
140
109
28
100
190
60
26
215
150
205
172
108
99
181
102
141
200
-31
109
111
8
108
-7
187
98
18
23
108
43
82
119
-53
146
-29
205
65
36
189
-1
-48
219
-11
115
220
-111
147
30
154
-19
28
100
-191
200
-71
55
267
-99
166
-149
-22
151
25
-72
106
-223
-8
89
-48
-121
-159
-49
-92
54
-54
-67
1
-39
19
-104
-17
58
13
-167
-8
21
-128
83
-4
-101
54
-83
-92
121
-110
-94
-175
-228
-114
-181
-158
-178
-26
-363
-159
47
-292
142
-262
-221
-42
-199
142
-154
-84
-252
-98
-101
-56
-31
-288
27
-91
-23
55
-79
126
-247
-29
-123
-71
55
-96
-59
-182
28
-139
10
124
-88
-98
-107
13
-50
-48
54
-158
-36
-8
-136
122
-84
72
8
-61
104
140
51
77
349
-369
265
200
-101
403
-141
88
157
91
75
128
152
8
345
-234
149
31
202
102
-122
297
-160
102
164
107
164
97
151
239
72
137
218
48
318
2
114
22
284
234
-69
329
-65
-165
311
-47
51
259
-188
302
-32
55
105
-96
235
-8
56
234
-37
186
158
-151
180
17
-52
172
10
253
-76
132
-44
246
121
-268
325
-102
82
132
-97
4
266
-266
105
-72
-187
101
76
-271
194
-146
-124
99
-196
-27
-86
-13
-227
1
-168
-42
105
-258
-18
76
-142
45
-63
-51
-14
-137
-2
36
-126
-39
-139
-97
-238
-15
-103
-138
-52
-69
36
-240
31
-92
-17
-145
-141
-174
-69
3
-193
-71
-167
-111
125
-326
45
46
-106
38
-3
-124
-40
40
-86
-96
-204
-203
79
-86
-254
-162
-52
-7
-37
-98
-155
13
-16
-208
1
-197
-36
-76
-161
153
-131
38
75
132
74
189
216
300
242
-100
342
-53
85
33
3
157
-86
101
24
97
18
108
-247
-101
58
-78
96
-332
69
-137
-420
95
-55
-206
24
168
-272
276
263
75
32
110
29
22
-48
177
166
-227
240
-46
118
82
309
-73
73
84
-182
295
-83
-102
-44
-21
-236
110
44
-143
171
-190
67
203
-232
222
-41
80
212
-143
226
-188
40
112
65
140
159
299
51
208
73
-34
177
91
48
-249
-77
-27
211
-174
-35
-207
-203
284
-129
-72
-50
-48
-277
298
12
-257
140
-186
-30
39
-219
152
41
-163
-21
-127
-138
-296
234
-84
19
50
-140
-40
166
-132
-64
74
-303
-100
32
49
20
94
-70
-106
214
-144
-239
240
-94
-135
172
-258
-117
107
-250
-9
-13
-188
55
10
5
-55
34
-16
350
-190
163
163
49
-199
76
65
126
201
140
303
78
487
-47
228
92
116
125
-83
145
11
21
21
20
-112
26
-46
-86
-146
-159
-200
44
-1
-370
-33
-299
149
-229
79
-95
-55
281
-202
370
10
472
21
-150
60
-143
372
-211
121
89
-19
136
21
-37
143
-66
-6
-253
-159
26
-340
231
-242
-185
-10
-279
134
-39
-1
-103
86
93
88
-65
4
321
-46
29
28
149
-150
78
132
-337
574
-78
60
101
97
216
-220
483
-285
54
166
-206
269
-113
164
-20
-172
136
-109
-248
366
-5
-325
140
-231
148
206
-93
320
43
24
278
-160
217
88
-233
56
-104
122
221
73
-71
-76
53
-318
246
-114
-409
91
-662
274
-131
-106
-516
-2679
-930
384
473
485
738
344
61
830
155
-236
-21
151
-180
73
-136
330
471
184
140
-671
-90
429
462
117
18
58
287
242
-380
-315
-161
-52
49
-85
185
156
115
-129
106
-53
-60
-67
-158
-151
-86
-467
-135
57
-479
57
247
20
-49
289
-65
-289
224
-229
-103
154
181
210
-58
263
128
-49
167
0
-62
-66
49
-2
-12
96
-89
40
17
-413
4
-8
-414
-69
-285
-99
189
-372
192
-80
-123
24
-304
37
51
47
-480
-347
-43
-139
98
11
7
144
-59
-235
234
-106
53
17
-132
306
-52
340
-174
120
277
-13
-5
-116
213
92
28
383
-207
-325
729
-163
-235
365
77
175
341
-276
-232
193
-105
255
-132
-348
-1200
-1850
46
56
211
999
627
287
670
613
155
745
132
-278
365
168
45
176
264
81
-170
-723
233
652
54
347
-66
-93
273
206
-130
-124
-274
-159
-385
-165
94
-267
-227
-165
-278
-420
-354
-137
-227
-267
-205
-272
-296
-251
100
-452
-367
61
-262
298
295
28
121
222
142
178
412
-130
386
693
521
4
200
-117
168
159
-292
230
-189
214
298
-330
-4
109
-107
179
-54
-138
28
-135
50
-52
37
77
10
262
-142
-168
-373
-452
-251
-536
-252
150
-236
-64
-326
-40
64
-79
343
141
623
238
315
317
33
111
-105
151
155
375
437
39
279
-130
-176
-243
-194
-310
147
526
227
487
-328
-351
-79
-522
-6
-319
-430
-322
-67
-186
-72
137
59
121
-42
-200
43
-355
-262
99
-435
-48
-15
-396
-214
-59
-519
-10
-31
292
511
469
371
480
439
400
490
-107
461
275
90
469
334
527
193
421
374
383
280
93
252
-138
81
-252
-501
41
-542
-501
-415
-245
-383
33
212
-130
339
-214
-336
-39
-587
-326
-162
-683
562
-168
-306
176
-370
233
267
-23
319
97
-220
157
-289
-313
239
47
-109
214
-93
302
497
-53
435
-76
-40
489
-36
221
83
-217
-332
-364
-362
58
-158
126
297
-301
-22
-138
-17
-240
300
-288
-375
12
-140
-43
-49
-209
-49
-159
-310
191
-191
69
173
105
-86
294
50
63
542
-326
-54
256
-187
292
-195
-233
97
-119
-177
45
-41
-204
94
155
229
427
-11
147
484
-254
218
-119
-322
-37
-225
-139
-454
-206
-200
-294
-29
141
212
138
222
-469
-555
-25
-113
-218
-83
-644
-405
31
-287
-51
261
-86
-46
355
-244
49
258
114
225
77
-220
161
257
68
101
-191
93
108
64
207
-2
267
-17
-54
-4
-282
153
-17
46
273
193
329
146
-18
198
-44
-182
11
-103
-214
-303
-19
-1
-30
112
323
152
-44
-7
-255
-88
53
-379
-114
-45
250
300
-395
-206
-101
-239
10
-149
57
437
216
55
-220
215
282
245
18
-437
111
-149
-56
99
-112
-230
339
152
-22
65
-99
391
-65
-507
-204
91
164
118
-485
-486
134
167
207
93
-100
30
-175
-426
-10
-235
113
-216
-13
180
-83
139
125
94
-326
-57
-213
5
-132
-135
-123
-142
-41
-212
-184
-143
29
-120
109
154
-71
-377
-194
-286
-450
-275
-620
-486
-225
-293
-77
-136
-16
-62
-107
112
72
111
154
210
25
-78
-91
-24
32
-81
-369
-131
-2
-45
215
149
50
280
-81
-190
253
-178
-113
330
-75
134
255
-45
-140
143
-228
21
-17
-41
391
275
515
255
35
228
422
191
213
352
247
506
547
241
493
436
353
581
315
366
609
464
447
260
208
281
255
383
198
54
333
331
189
329
237
197
211
39
-19
6
-105
-207
-237
-376
-238
-176
-231
-54
-96
-256
-255
-398
-431
-355
-431
-379
-476
-500
-427
-451
-456
-441
-433
-293
-161
-180
-236
-229
-210
-247
-213
-255
-335
-247
-223
-372
-211
-130
-2
53
27
74
-73
-53
-68
41
15
20
123
259
312
325
391
332
382
159
144
250
304
357
231
266
264
273
304
388
442
475
512
556
755
847
833
880
881
877
797
902
983
885
864
755
810
818
713
619
512
445
361
230
211
116
18
-91
-183
-209
-483
-629
-797
-1071
-1477
-1916
-2122
-2464
-2866
-3167
-3411
-3424
-3458
-3434
-3233
-3029
-2673
-2384
-2122
-1735
-1440
-1227
-1088
-905
-748
-769
-749
-600
-520
-474
-396
-228
30
280
570
809
1046
1303
1521
1616
1723
1830
1808
1681
1591
1598
1598
1613
1694
1831
1891
1973
2208
2355
2607
2865
3060
3283
3402
3474
3467
3378
3323
3138
2844
2607
2419
2061
1760
1670
1328
1214
1093
1076
1134
996
1526
1562
1787
2231
2226
2784
2933
3256
3561
3664
4272
4354
4477
4781
4856
5028
4990
4881
4967
4816
4616
3077
1656
1167
-158
-1838
-4743
-6223
-6433
-7578
-8626
-9664
-9057
-7448
-6572
-6003
-4633
-2806
-1065
4
415
1113
1307
1296
1283
839
254
-224
-275
279
641
629
1005
1987
3168
3718
3463
3331
3604
3379
2299
844
-461
-1406
-2538
-4471
-4991
-5975
-7001
-6539
-6969
-5919
-5737
-5457
-3836
-2932
-1612
-1310
-1047
-219
851
408
-342
-458
-789
-782
-1873
-2577
-2882
-3131
-3015
-3050
-3075
-2754
-2179
-1747
-992
-365
-315
-50
380
813
747
30
91
219
301
14
-277
-22
501
1048
984
1451
1850
2358
2790
2782
3056
3085
2728
2599
2409
1907
1520
917
859
938
741
-1353
-3267
-3640
-4406
-5903
-10129
-12178
-12104
-12660
-13927
-15969
-15004
-12514
-10475
-9483
-7727
-4749
-1919
495
1264
2223
2649
2472
2588
1678
186
-1282
-2108
-1803
-1504
-2115
-2352
-1025
741
2003
1836
1474
2396
2569
1707
-59
-1844
-2865
-3927
-5310
-6403
-6954
-7220
-6306
-5298
-4003
-3051
-2832
-1386
207
803
-78
-984
-890
-420
-1069
-2881
-3512
-3089
-2207
-2144
-2778
-2232
-1113
-279
-89
-201
-309
-158
51
177
281
-19
245
1288
2360
3029
3156
3718
5113
6305
6261
5608
5662
6121
6384
5413
4552
4571
4700
5026
4818
4849
5136
5676
6044
6371
6491
6177
6032
6095
6364
5774
4828
4642
5162
5559
5297
4602
4575
3512
2351
1129
-794
-2829
-5951
-7214
-8113
-8954
-9964
-10442
-8187
-5914
-3745
-2481
-70
3309
5498
6486
6165
6357
6128
5282
3710
1633
251
-458
-504
-577
-438
222
1385
3192
4395
4897
4786
4641
4826
3753
1874
-150
-1540
-2336
-3200
-3889
-4253
-3495
-2167
-443
673
592
1685
2716
3008
2207
620
44
-410
-734
-1714
-2718
-2399
-1397
-491
-202
525
1266
1914
2393
2214
1573
748
471
383
-7
-370
-93
712
2027
3334
4009
4719
5781
6654
6732
6122
5415
4828
4098
3225
2385
1636
1347
1712
2088
2458
2939
3717
4529
5241
5605
5410
5422
5135
5258
4653
3943
3740
3374
3658
3791
4079
3914
3226
1143
-208
-1447
-3636
-7195
-11247
-12157
-12656
-13598
-15137
-14381
-10844
-7632
-5044
-3171
443
4002
5977
6315
5505
4935
3621
1698
-697
-3060
-4807
-5607
-5169
-4541
-3710
-2690
-967
1438
2745
2907
2169
1788
1332
-337
-2708
-4885
-5772
-6143
-6001
-5658
-4752
-2840
-544
1703
3246
3972
3696
3474
2657
1234
-1399
-4304
-5739
-6477
-6796
-7592
-7394
-5707
-3248
-1152
-263
841
2041
3011
2716
1349
78
-982
-1607
-2214
-2627
-2674
-1898
-254
1521
3029
3871
4746
5698
6128
5646
4131
2799
2020
1319
264
-740
-749
-11
1010
1931
2776
4011
4944
5768
6401
6246
5983
5370
5165
5193
4843
4113
3357
4053
5097
5281
4990
5135
6553
5106
926
-1719
-3077
-4926
-11003
-15875
-16507
-15268
-15330
-16947
-14191
-8907
-3629
-901
1473
5736
8708
9874
8346
6767
4702
1914
-922
-3729
-5530
-7151
-7113
-5826
-3751
-1977
-900
1128
3205
4228
3128
1200
9
-1138
-2852
-5238
-6421
-6128
-4933
-3305
-1696
569
3008
5171
6455
6788
6260
4761
2333
-546
-3031
-5550
-8152
-10046
-10300
-9383
-8209
-6846
-4841
-1971
608
2182
2809
3248
3597
3058
1686
201
-829
-1640
-2007
-1822
-1360
-827
79
1579
2863
3423
3300
3193
3269
3098
2103
774
251
441
664
502
799
1758
2872
3922
4493
4964
5228
5333
5198
5007
4878
4372
4178
4263
4994
5145
4985
5032
5725
6348
6035
5426
5043
5233
4363
1833
-2863
-5766
-7284
-9298
-13521
-17559
-16955
-14324
-11985
-11543
-8706
-3355
1775
5143
6330
8241
9211
9040
6893
3867
815
-2404
-4558
-6244
-7005
-7666
-7051
-4849
-2473
-695
25
950
1805
2034
1054
-690
-2033
-2724
-2825
-2922
-2485
-1267
467
2545
4403
5519
5718
5385
4691
3355
1207
-1506
-3800
-5298
-6077
-7362
-8386
-7842
-6120
-4974
-4806
-3687
-1980
-308
59
132
699
1516
2114
1751
1724
1957
2172
1578
1004
849
226
-536
-1221
-1339
-1446
-1363
-1038
-412
610
1503
2278
2948
3826
4347
4267
4245
4245
4096
3661
3488
3574
3718
3931
3986
4336
4829
5276
5303
5320
5348
5413
5223
4935
4795
4323
4434
4278
4720
4708
5033
5283
4556
2569
-2269
-5419
-7541
-9628
-14387
-18444
-17418
-14137
-11161
-10007
-6039
-183
5252
8112
8688
9571
9120
7418
3696
-79
-3656
-6822
-8565
-9296
-8724
-8010
-5955
-3158
-455
1313
1686
1664
1334
763
-773
-2341
-3129
-2898
-1962
-609
1281
3160
4885
6270
6885
6250
4554
2158
-460
-2927
-5114
-6983
-8045
-7791
-6712
-4993
-4138
-3378
-1745
-360
-129
-1546
-2191
-1986
-1559
-1845
-2051
-1028
495
2163
2558
2850
3159
2768
1588
58
-1079
-2608
-3614
-3948
-3287
-2364
-1226
560
2237
4052
4961
5190
5001
4777
4074
2905
2225
1837
1901
2180
3024
3926
4573
5179
5537
5517
5099
4179
3058
2334
1817
1700
1846
2616
3682
4977
6580
7752
8315
8214
8288
7542
6523
5239
3339
707
-3837
-7842
-10516
-11656
-13776
-16588
-16812
-13628
-9181
-6824
-4270
-691
3521
6417
7027
6846
5937
4745
2528
227
-2077
-4091
-5411
-5898
-5129
-4666
-3982
-3009
-1901
-1053
-892
-1120
-1664
-1666
-1466
-1015
-401
527
1969
3246
4634
5503
5457
4690
3548
2021
-49
-2191
-4302
-5768
-6381
-6343
-5765
-5027
-3712
-2216
-1379
-1349
-2241
-2417
-2601
-3270
-4288
-4388
-2952
-1370
34
1043
2459
3566
3792
3081
1625
388
-1363
-2977
-4009
-4328
-4126
-3537
-2044
-463
1281
2488
3631
4176
4227
3991
3329
2916
2502
2310
2190
2743
3256
3622
3914
4084
4084
3801
3354
2628
2193
1691
1900
2221
2873
3838
4728
5897
6903
7576
7859
8387
8169
7232
6300
5377
5353
4751
3350
742
-4923
-9469
-11630
-12408
-15673
-19673
-19390
-14129
-8195
-5159
-1351
3291
8462
11278
11368
10597
8160
4845
997
-1771
-4342
-6622
-8261
-8237
-6331
-5065
-3669
-3110
-2479
-1886
-1636
-1868
-2340
-2130
-1370
733
2733
4696
5872
6823
7680
7488
5914
3218
274
-2652
-4713
-6350
-7459
-7910
-7378
-5748
-3738
-2068
-942
-357
260
2
-800
-2235
-3331
-3660
-3665
-2734
-1934
-717
273
1476
2116
2084
1165
-296
-1176
-2141
-2517
-2982
-2829
-2197
-1233
-40
792
1344
1186
1296
1190
1302
1115
857
1137
1782
2793
3313
3741
3673
3748
3414
2909
2112
1153
694
603
1071
1501
2055
2665
3656
4308
4659
4891
4528
3988
4240
4528
4964
4403
4427
6219
7198
7509
6414
5967
5859
5421
4470
2481
-120
-4749
-9238
-12795
-13938
-14753
-16497
-16137
-12526
-6010
-988
2596
5306
8226
10171
9939
8559
5641
2750
-523
-2828
-4151
-5380
-6687
-7542
-6931
-6127
-5257
-5206
-5155
-4774
-3896
-2469
-1242
166
1655
3731
5696
7202
7356
6418
5214
3704
2050
-220
-2497
-4588
-5775
-6215
-6245
-6194
-6039
-5421
-4540
-3337
-2244
-1453
-665
-171
62
559
543
428
-424
-760
-495
-368
-539
-953
-1141
-1011
-843
-1340
-1609
-1946
-1945
-1843
-1783
-1400
-1283
-983
-452
291
900
1502
2048
2594
3362
3787
4039
3897
3699
3477
3225
2968
2588
2163
1767
1797
1841
1791
1658
1781
2195
2783
3292
3599
3919
4173
4597
4914
5162
5481
5707
6392
6871
7346
7705
7442
6818
5879
5292
4916
3888
1680
-3007
-10103
-14640
-15420
-14983
-16692
-17882
-13930
-6561
-146
3995
6797
8733
9459
8503
7321
5570
2454
-1368
-3953
-4215
-4028
-5121
-6940
-8198
-8377
-7714
-7094
-7090
-7046
-5896
-3356
103
3236
5249
6213
7287
8283
7972
6047
3198
595
-1242
-2104
-2800
-3940
-5165
-5595
-5330
-4941
-4985
-5505
-5773
-5001
-3283
-1143
575
1946
3038
4370
5319
3846
1536
-644
-1758
-2778
-3893
-4109
-3604
-2655
-1565
-651
-296
-195
-1008
-1546
-1304
-668
-438
-380
315
1454
2313
2589
2308
1468
962
803
849
912
1150
1456
2236
3382
4000
3726
2919
2114
1265
455
-137
-339
-217
673
1815
2922
3496
4064
4515
4236
4179
3800
3640
3822
4442
5520
6335
6790
6916
6686
6450
6194
5017
3620
2904
3414
4154
3513
-421
-7262
-11828
-12723
-12385
-14348
-15964
-13196
-7253
-1377
3173
6120
7269
6913
5639
5377
4845
2621
-1151
-3720
-3840
-3123
-3894
-6052
-8251
-9656
-9180
-7867
-6753
-6455
-5456
-3096
685
4296
6177
6182
5733
5968
5923
5047
3089
1105
-489
-778
-586
-1075
-2782
-4700
-5878
-6100
-5733
-5569
-5412
-4567
-2393
474
3087
4435
4573
4145
4133
3299
1478
-1077
-3087
-3984
-4380
-3914
-3609
-3504
-3501
-3190
-2652
-1975
-1974
-1957
-1393
35
1748
2537
2747
2352
1762
1096
531
-313
-1065
-1392
-791
470
1805
2589
2573
2439
2281
2080
1457
900
419
508
1301
2500
3363
3699
3835
3782
3914
4068
3968
3634
3540
4154
5390
6273
7008
6910
6785
6881
7269
7288
6380
4979
3986
4170
4389
4647
2977
222
-5775
-12155
-15093
-14731
-13777
-15025
-13781
-8377
-1351
2990
5257
5489
4959
3459
2561
2943
2562
1376
-835
-1435
-1392
-1691
-4358
-7616
-10281
-11023
-9721
-7365
-4977
-3719
-1780
656
3674
4969
4731
3423
2783
2991
3552
3929
3660
3141
2286
1979
1112
-698
-3746
-6224
-7413
-7211
-6198
-4970
-3620
-2253
-459
1155
2261
2192
1383
671
965
1838
2212
1497
252
-1145
-2499
-3312
-4413
-5572
-7019
-7273
-5821
-3673
-1597
-574
147
1002
1955
2439
2290
1604
894
491
679
1186
1261
730
-29
-378
-323
14
60
108
352
1142
2430
3463
3924
3509
2920
2664
2782
2861
2785
2589
2826
3545
4377
4832
4938
4660
4238
4364
4569
4855
4525
3877
3656
3781
4173
4836
4904
4792
4611
4390
4463
4446
4847
4035
1639
-3278
-8306
-10977
-11933
-11739
-12218
-11472
-8786
-5175
-1673
443
1176
676
232
646
2292
3686
4047
2974
1669
745
-156
-1788
-4614
-7152
-8384
-7340
-5111
-3091
-2006
-1733
-1277
-449
477
1087
1094
1040
1721
3076
4619
5119
4247
2747
1171
227
-787
-2033
-3251
-4098
-3974
-3288
-2590
-2388
-2930
-3474
-3533
-2962
-2089
-1485
-920
-57
1127
2365
2418
1105
-1070
-2943
-3488
-3537
-3320
-3202
-2896
-1960
-1011
-159
-32
-604
-1196
-1366
-615
482
1165
1231
825
537
469
228
-175
-774
-854
-63
1278
2602
3192
3132
2751
2402
2234
2067
1798
1531
1635
2350
3169
3538
3386
2797
2424
2404
2569
3267
3675
4137
4537
4819
6091
6347
6030
5684
5488
6338
6149
5352
4818
4522
4747
4986
4477
3238
-446
-6865
-11962
-13306
-11321
-10291
-10721
-9464
-6261
-2957
-1211
-710
-924
-1824
-1783
521
3853
6441
6339
4078
1594
-447
-1578
-3435
-6026
-7551
-7151
-4585
-1703
-752
-1633
-3488
-4719
-4059
-2683
-857
532
1473
2868
4338
5509
5257
3099
695
-484
-356
473
631
143
-700
-1602
-1936
-2402
-3189
-4164
-4917
-4470
-2988
-1278
-340
-414
-734
-670
-455
-150
-61
-1600
-2962
-3129
-1827
-59
-332
-1443
-2106
-2027
-976
-270
-324
-531
-913
-567
430
1161
1309
164
-1108
-1210
-548
682
981
442
262
707
1910
2668
2392
1651
1023
1421
2464
3184
3355
2814
2269
2276
2691
3020
2792
2102
1726
2143
3103
3840
3763
3229
3119
3778
4601
5169
5206
5415
6142
6789
7100
6412
5171
4133
3509
4046
4405
3290
-635
-6375
-10233
-10806
-9446
-8711
-9431
-9527
-8005
-5975
-4175
-3555
-3799
-4113
-3640
-672
3419
5992
5929
3400
1028
38
-143
-295
-1322
-2467
-2455
-1279
100
202
-1783
-4476
-6248
-5810
-3311
-775
693
908
673
880
1349
1590
1233
532
477
1478
3019
4038
3409
1395
-833
-2209
-2358
-2021
-2023
-2179
-2313
-2122
-1783
-1802
-2085
-2819
-3272
-2961
-1568
-321
-68
-747
-2745
-3499
-3268
-2225
-777
-517
-252
474
950
1517
1386
371
-227
-709
-257
1216
1732
1344
346
-1162
-1400
-1286
-1123
-668
-778
-402
470
1308
1815
1684
1121
982
1701
2950
4153
4601
4164
3512
3131
2854
2845
2658
2352
2421
2956
3495
3953
3779
3054
2910
2928
3389
4485
5037
5096
4975
4306
4260
4391
4220
4709
4489
3244
1403
-2846
-6622
-8400
-8514
-7481
-7418
-8028
-7610
-7317
-7184
-6694
-6194
-4989
-3688
-2154
736
3620
4520
3519
1208
-93
43
896
1965
2151
1837
1337
803
45
-1321
-2718
-3638
-3644
-2441
-682
562
531
-1004
-2816
-3534
-3207
-2233
-1139
-368
266
496
618
849
577
72
-180
118
1118
2114
2278
1356
-185
-1646
-2426
-2481
-1935
-1583
-1297
-1374
-1336
-1728
-3264
-4088
-4810
-4291
-2839
-1652
-533
64
-310
-587
-660
-220
976
1619
2192
2856
2802
2428
1667
182
-640
-981
-932
-159
283
531
390
-424
-859
-946
-621
226
975
1670
2205
2592
2653
2358
2245
2337
2621
3119
3768
4151
4442
4215
3873
4072
4095
4601
4941
5122
5643
5755
5174
4844
4112
3844
4027
4024
4514
4656
4476
3532
1426
-3135
-7026
-8595
-7120
-4983
-5067
-6042
-6767
-7406
-8004
-7896
-7009
-5369
-4218
-2837
-660
1183
1424
2
-1814
-2478
-1512
390
2052
2581
2070
1311
866
408
-167
-738
-681
26
916
1385
910
-104
-1587
-2783
-3046
-2354
-1263
-587
-654
-1150
-1620
-1824
-1888
-1765
-1246
-216
971
1625
1580
957
18
-740
-1050
-935
-326
161
272
-81
-496
-946
-1361
-1977
-3189
-3573
-3216
-2375
-1936
-2517
-3180
-3279
-3034
-2352
-1318
-395
311
241
57
403
876
1060
862
618
672
1322
1797
1776
1317
783
341
598
1021
1605
2003
1765
1646
1408
1414
1488
1454
1264
1371
1496
1840
2120
2419
2571
2573
2935
3602
4523
5012
5242
5165
5426
5561
5458
5178
4928
4829
4595
4325
3853
3697
3232
3035
2769
2297
299
-3541
-5884
-5844
-3769
-3689
-5219
-6809
-7586
-8253
-8744
-7713
-5959
-4459
-4258
-4004
-2566
-939
-363
-678
-1440
-1092
272
1992
3478
4030
3621
2569
1492
1226
2159
3271
3484
2675
1628
837
405
-74
-804
-1604
-2294
-2608
-2476
-2155
-2112
-2891
-4113
-4591
-4052
-2848
-1995
-1664
-1756
-2020
-2071
-1706
-1144
-335
145
386
692
960
1272
979
615
-195
-914
-1861
-1924
-1358
-998
-1192
-2408
-3138
-3148
-2459
-1860
-1428
-1203
-1268
-1329
-1215
-510
260
454
400
346
618
1382
1774
1898
1885
1843
1953
2018
2107
2134
1924
1471
1027
760
745
832
909
1007
1220
1529
1611
1719
1792
1947
2283
2461
3083
3490
3747
3877
3866
4149
4368
4500
4538
4600
4647
4623
4487
4504
4519
4415
4298
3882
3322
464
-2771
-3910
-2607
-623
-1882
-4522
-6645
-7349
-7443
-7360
-6654
-6066
-6343
-6732
-6087
-4028
-2220
-2271
-3087
-3521
-2182
356
2150
2639
2371
2174
2624
3072
3514
4037
4082
3871
3570
3413
3267
2357
1084
-86
-532
-254
-470
-1371
-2450
-3304
-3775
-3979
-3844
-3465
-3392
-3548
-3710
-3538
-3061
-2869
-2906
-2937
-2621
-1955
-1417
-775
-178
336
512
1070
701
278
585
988
2261
2057
1316
167
-604
-647
-512
-183
-194
-739
-1608
-2325
-2080
-1403
-1199
-1197
-1773
-1893
-1301
-586
10
270
230
271
336
550
1094
1483
1757
1884
1883
1942
1962
1945
1899
2084
2600
2930
2960
2826
2517
2378
2607
2834
2865
2711
2248
2179
2208
2564
2769
2769
2684
2746
2858
3129
3671
4012
4146
4205
4243
4022
2412
-594
-1764
-935
1027
291
-2766
-5248
-6263
-5728
-5016
-4141
-3841
-4807
-6262
-6560
-4942
-2720
-2014
-2914
-4076
-4012
-2345
-771
56
-38
-355
-29
512
1043
1719
2202
2320
2509
2793
3168
3045
2185
1479
1465
2073
2703
2298
1190
117
-734
-1183
-1251
-1242
-1678
-2667
-3693
-4210
-4085
-3659
-3477
-3601
-3704
-3647
-3461
-2979
-2244
-1293
-798
-768
-748
-563
216
810
1193
1157
850
536
209
244
555
665
455
142
-121
-138
-120
-187
-342
-499
-456
-418
-430
-466
-546
-559
-389
-160
76
168
144
173
259
498
711
731
638
702
946
1425
1966
2370
2619
2790
3034
3377
3887
4204
4329
4300
4220
4217
4187
4065
3963
3884
3666
3613
3354
3222
3164
3000
2850
2825
2671
2276
-63
-2460
-2332
-727
986
-975
-4054
-5845
-6046
-5139
-4374
-3878
-4165
-5564
-6920
-6284
-4253
-2481
-2610
-3821
-4594
-4152
-2635
-1584
-1220
-1127
-812
-57
635
898
1331
1739
2014
2636
2952
3000
2564
1742
1480
2033
2767
3000
2183
878
123
-343
-387
-360
-695
-1259
-2212
-2977
-3187
-3074
-2862
-2872
-3113
-3159
-3166
-3067
-2618
-2068
-1443
-1109
-1071
-1315
-1552
-1061
-429
260
583
366
219
102
280
765
1022
922
578
68
-115
159
460
752
796
620
432
286
203
84
33
77
105
122
82
86
209
407
626
728
573
352
274
425
895
1406
1766
2005
2194
2427
2880
3292
3767
4061
3950
3927
3747
3913
4220
4312
4396
4266
4236
4191
4193
4142
4081
3976
3854
3566
2613
76
-1726
-1152
337
1029
-1659
-4523
-5514
-5028
-4001
-3677
-3902
-5021
-6639
-7687
-6685
-4787
-3798
-4366
-5391
-5482
-4525
-2863
-1878
-1543
-1315
-927
-146
287
244
465
1045
1777
2580
2876
2777
2567
2316
2619
3217
3546
3184
2156
1255
1096
1253
1344
1197
500
-297
-1310
-2124
-2526
-2678
-2885
-3205
-3708
-4064
-4189
-4178
-3730
-3183
-2620
-2900
-2629
-2885
-2704
-1588
-1270
-374
-457
-801
-761
-567
67
679
770
633
589
486
905
1367
1780
1921
1776
1643
1355
1370
1418
1289
1366
1174
793
512
-2
-318
-362
-464
-398
-416
-609
-459
-111
360
964
1266
1452
1517
1532
1901
2426
3047
3578
3854
3949
4072
4072
4180
4354
4439
4433
4228
3967
4015
4113
4311
4549
4621
4682
4146
2852
505
110
1252
2328
1464
-1811
-3860
-4244
-3640
-3298
-3543
-4404
-5936
-7534
-7953
-6545
-5290
-5082
-6073
-6813
-6535
-5518
-4218
-3400
-2894
-2392
-1778
-1167
-737
-473
202
1113
1864
2418
2513
2480
2669
3059
3779
4425
4450
3937
3203
2836
3045
3162
3125
2740
1971
1165
309
-335
-659
-1014
-1521
-2210
-3126
-3827
-4305
-4474
-4277
-4086
-4067
-4246
-4355
-4361
-3981
-3650
-3134
-2446
-2279
-2208
-2367
-2062
-1112
-224
285
404
351
433
737
1266
2035
2425
2341
2021
1689
1711
1894
2027
1950
1582
1154
759
503
423
344
282
203
-38
-229
-262
-171
115
321
410
421
373
424
703
1101
1470
1957
2179
2331
2423
2500
2932
3359
3881
4235
4384
4547
4652
5018
5158
5481
5500
5512
5299
4343
3543
2006
1998
2524
2421
1258
-1365
-3015
-3374
-3164
-3305
-3912
-5153
-6243
-7016
-7119
-5943
-5232
-5196
-5826
-6351
-5998
-5298
-4548
-4058
-3813
-3483
-3069
-2756
-2290
-1683
-787
417
1284
1884
2310
2591
3272
4100
4834
5412
5332
4979
4797
4721
4812
4704
4165
3498
2631
1667
936
208
-269
-694
-1408
-2137
-2914
-3634
-3868
-3984
-3848
-3724
-4020
-4250
-4516
-4470
-4512
-4335
-4261
-4189
-3937
-3994
-3658
-3284
-2591
-1941
-1472
-1111
-757
-239
282
1024
1607
2081
2257
2225
2194
2315
2641
2727
2659
2357
1988
1709
1532
1411
1309
1196
986
764
518
333
230
143
75
-47
-166
-194
-15
338
736
1029
1215
1324
1411
1744
2159
2588
3073
3270
3478
3754
3937
4260
4473
4567
4838
4934
5097
5016
4374
3569
2379
2426
2943
2950
1722
-410
-1580
-1688
-1541
-1856
-2460
-3522
-4446
-5126
-5318
-4671
-4535
-5122
-5956
-6450
-6294
-5885
-5523
-5205
-4890
-4606
-4186
-3749
-3197
-2486
-1623
-584
204
650
895
1086
1674
2502
3200
3698
3870
3819
3981
4284
4573
4785
4561
4165
3695
3115
2688
2276
1817
1346
784
75
-560
-1222
-1707
-2030
-2331
-2671
-3220
-3983
-4478
-4791
-4842
-4678
-5022
-5034
-5082
-4651
-3902
-3500
-3171
-3012
-2689
-2128
-1406
-840
-247
171
487
1002
1282
1686
1897
1997
2175
2258
2347
2424
2370
2277
2257
2207
2169
1942
1577
1346
1151
1058
927
636
400
243
269
452
593
645
636
567
581
659
764
962
1195
1316
1629
1894
2187
2587
2794
3136
3431
3767
4115
4395
4613
4699
4750
4131
3589
2787
2091
2407
2586
2398
1215
-301
-987
-922
-978
-1354
-2043
-3044
-3746
-4468
-4536
-4125
-4269
-4852
-5619
-5978
-5899
-5735
-5595
-5340
-5183
-5018
-4728
-4406
-3758
-3022
-2184
-1191
-572
-173
152
532
1355
2235
2833
3323
3514
3614
3889
4163
4536
4820
4718
4491
4095
3628
3335
2891
2489
2097
1458
866
242
-312
-635
-910
-1274
-1655
-2313
-2956
-3247
-3828
-3895
-3822
-4053
-3979
-4505
-4978
-4534
-3979
-3243
-2818
-3099
-2948
-2565
-2103
-1208
-708
-474
-300
-391
-40
704
1273
1758
1835
1724
1814
1836
2036
2186
2112
2108
1932
1663
1591
1403
1438
1614
1490
1372
1090
744
773
806
843
937
815
779
936
1044
1371
1575
1582
1752
1754
1894
2197
2436
2733
3037
3190
3343
3439
3513
3732
3789
3867
3595
3216
2349
2012
2431
2699
2420
978
-205
-534
-480
-638
-1054
-1733
-2664
-3493
-4283
-4199
-4028
-4400
-4992
-5519
-5541
-5366
-5209
-5139
-4941
-4801
-4623
-4322
-4092
-3666
-3192
-2451
-1630
-1050
-595
-290
163
940
1792
2428
2907
3060
3161
3415
3673
4006
4179
4097
3953
3707
3506
3337
3053
2734
2366
1819
1273
695
164
-217
-579
-900
-1284
-1941
-2475
-3067
-3654
-3471
-3909
-4244
-4288
-4714
-4579
-4583
-4603
-4211
-3852
-3748
-3484
-3382
-2880
-2007
-1697
-1020
-465
-198
205
575
1060
1613
1998
2176
2287
2250
2430
2492
2474
2576
2369
2252
2237
2175
2279
2228
2073
1999
1749
1540
1460
1213
1121
1160
1112
1224
1290
1409
1738
1914
2268
2464
2427
2489
2519
2515
2616
2630
2618
2690
2764
2878
3029
2772
2438
1984
1097
1586
2269
2444
1796
235
-592
-473
-331
-558
-1091
-2129
-2906
-3630
-3938
-3265
-3232
-3896
-4832
-5527
-5572
-5371
-5254
-5123
-5077
-5088
-4762
-4434
-3877
-3164
-2636
-1794
-998
-478
-58
212
743
1521
2102
2446
2530
2271
2258
2400
2614
3031
3118
2976
2788
2659
2768
2865
2815
2739
2457
1956
1552
993
618
329
-174
-580
-1110
-1635
-2036
-2424
-2602
-2732
-3253
-3696
-4049
-4244
-3961
-3909
-3922
-3892
-3871
-3568
-3085
-2632
-2135
-1831
-1651
-1168
-771
-291
154
277
517
847
1169
1507
1673
1746
1951
2135
2383
2581
2520
2489
2435
2370
2364
2245
2081
1910
1752
1771
1807
1775
1773
1655
1520
1514
1521
1607
1653
1631
1645
1680
1856
2075
2237
2347
2390
2425
2494
2651
2762
2929
2995
3210
3344
3106
2737
1818
1835
2321
2467
1702
198
-910
-1247
-1178
-1202
-1234
-1919
-2971
-3910
-4354
-3622
-3116
-3399
-4279
-5058
-5240
-4959
-4575
-4302
-4219
-4516
-4524
-4207
-3616
-2886
-2433
-1978
-1511
-1038
-612
-292
100
709
1281
1741
2186
2309
2393
2541
2775
3202
3506
3512
3329
3014
2814
2786
2634
2463
2114
1404
767
166
-159
-348
-662
-1060
-1487
-1976
-2293
-2549
-2767
-2748
-3460
-3601
-3595
-3837
-3621
-3977
-4110
-3858
-3656
-3396
-2933
-2679
-2278
-1944
-1833
-914
-433
-215
51
37
316
801
1176
1442
1677
1674
1869
2026
2267
2619
2515
2427
2282
2121
2102
1977
1859
1797
1680
1658
1744
1651
1745
1836
1769
1904
1957
2021
2038
1895
1894
1921
1944
2089
2213
2186
2404
2610
2831
3277
3445
3702
3638
3609
3501
3219
2642
1891
1926
2031
2154
1137
-204
-1000
-1311
-1236
-1255
-1344
-2009
-2982
-4032
-4193
-3475
-3043
-3248
-4271
-5029
-5226
-4853
-4245
-3741
-3589
-3932
-4112
-3841
-3068
-2327
-1858
-1574
-1515
-1252
-911
-503
13
558
970
1316
1722
2035
2383
2590
2852
3117
3246
3266
3037
2690
2391
2188
2011
1943
1753
1282
642
55
-217
-363
-431
-638
-1084
-1579
-1997
-2312
-2475
-2633
-3515
-3948
-3715
-3456
-3085
-3396
-3808
-3783
-3468
-3000
-2416
-2115
-2041
-2210
-2520
-1772
-705
-131
-24
-311
-415
-63
663
1312
1657
1540
1324
1204
1467
2126
2497
2531
2275
1985
1923
1984
2206
2474
2450
2275
2219
2163
2261
2344
2214
2049
1925
1978
2010
1964
1947
1891
1844
1957
2263
2432
2553
2533
2547
2678
2950
3403
3490
3388
2875
2403
1626
1197
1494
1642
1601
611
-555
-1166
-1133
-922
-705
-799
-1549
-2516
-3666
-3800
-3176
-2874
-3198
-4144
-5057
-5526
-5337
-4851
-4113
-3750
-3893
-4115
-4065
-3322
-2457
-1720
-1274
-1157
-1060
-863
-446
176
897
1345
1700
1930
2145
2430
2487
2580
2710
2781
2758
2633
2386
2075
1824
1620
1646
1625
1473
1060
484
90
-173
-305
-403
-683
-1211
-1892
-2626
-2974
-3045
-3191
-3208
-3401
-3715
-3704
-3755
-3686
-3368
-3176
-2930
-2672
-2470
-2113
-1819
-1608
-1248
-967
-694
-325
-107
122
357
573
841
1070
1233
1315
1292
1347
1566
1785
2079
2257
2249
2241
2203
2292
2489
2593
2601
2487
2294
2154
2052
1955
1946
1900
1839
1795
1763
1785
1842
1900
1943
1966
1951
2023
2044
2209
2429
2624
2771
2740
2643
2354
2180
1610
1105
1191
1457
1661
968
-127
-955
-1251
-1258
-975
-815
-1202
-2006
-3313
-3953
-3731
-3264
-3140
-3682
-4464
-5147
-5367
-5094
-4266
-3588
-3416
-3581
-3797
-3498
-2847
-1962
-1178
-704
-403
-222
26
532
1237
1751
2099
2219
2241
2332
2348
2448
2539
2597
2609
2568
2549
2574
2475
2216
2016
1924
1913
1713
1251
708
56
-438
-751
-907
-994
-1162
-1677
-2191
-2595
-2757
-2597
-3070
-3186
-3195
-3096
-2742
-2669
-2597
-2580
-2552
-2504
-2111
-1733
-1297
-1218
-1580
-1367
-1095
-616
-105
218
331
331
402
657
1168
1504
1791
1714
1558
1622
1719
1974
2159
2222
2032
1711
1480
1446
1504
1570
1638
1538
1505
1454
1455
1504
1491
1586
1645
1664
1800
1988
2035
2082
2074
2070
2261
2354
2537
2707
2803
2860
2710
2356
2153
1835
1124
812
718
829
776
82
-551
-1064
-1499
-1743
-1791
-1864
-2012
-2728
-3716
-4052
-4009
-3730
-3615
-3828
-4044
-4312
-4460
-4257
-3751
-3312
-3031
-3105
-3130
-2872
-2494
-1928
-1457
-1039
-667
-407
-103
384
955
1466
1864
2065
2306
2492
2634
2812
2949
3110
3141
3056
2928
2786
2537
2161
1707
1297
1020
732
510
235
-152
-536
-965
-1218
-1291
-1395
-1608
-1872
-2232
-2502
-2721
-2886
-2948
-3140
-3055
-2947
-2816
-2637
-2533
-2422
-2238
-1996
-1695
-1288
-962
-664
-501
-418
-88
205
514
833
1039
1104
1182
1263
1365
1536
1654
1808
1845
1804
1828
1848
1902
1934
1943
1888
1827
1768
1738
1735
1788
1905
1970
2021
2012
1988
1959
1922
1855
1824
1829
1863
1928
1986
2098
2185
2276
2405
2566
2730
2751
2567
2414
2184
1692
1449
1377
1415
1203
431
-356
-985
-1512
-1833
-1925
-2025
-2180
-2730
-3545
-3923
-4037
-3937
-3815
-3806
-3811
-3920
-4124
-4107
-3761
-3407
-3099
-2940
-2793
-2529
-2196
-1728
-1303
-938
-611
-370
-120
227
609
897
1107
1260
1507
1792
2007
2141
2106
1981
1821
1665
1605
1691
1766
1714
1511
1190
883
568
356
168
-65
-324
-656
-967
-1202
-1454
-1667
-1874
-2116
-2382
-2607
-2725
-2731
-2785
-2921
-2846
-2624
-2292
-1950
-1770
-1686
-1698
-1722
-1633
-1292
-814
-450
-370
-367
-200
45
400
713
1004
1199
1330
1445
1581
1764
1923
2008
1922
1860
1804
1710
1644
1662
1757
1849
1904
1932
1985
2025
2035
1987
1899
1838
1821
1873
1937
1968
1978
1944
1973
2064
2238
2383
2498
2561
2628
2768
2908
3041
3015
2817
2568
2203
1620
1292
1193
1211
1055
514
-88
-670
-1249
-1671
-1869
-1956
-2095
-2537
-3146
-3453
-3543
-3467
-3436
-3442
-3457
-3552
-3674
-3622
-3409
-3280
-3229
-3240
-3146
-2906
-2606
-2260
-1990
-1761
-1553
-1313
-971
-501
-8
326
506
669
940
1255
1604
1890
2064
2103
1940
1722
1595
1541
1524
1458
1323
1231
1091
884
749
597
458
219
-156
-515
-769
-972
-1140
-1373
-1645
-1853
-2115
-2248
-2321
-2356
-2298
-2420
-2631
-2660
-2501
-2221
-1899
-1702
-1504
-1364
-1256
-928
-512
-55
318
400
364
425
507
562
618
635
655
663
695
884
1133
1385
1561
1631
1657
1665
1687
1685
1655
1551
1353
1138
1078
1123
1188
1253
1299
1382
1429
1545
1779
2021
2268
2474
2595
2670
2775
2840
2920
2876
2814
2771
2714
2740
2743
2625
2472
2165
1524
1063
839
771
635
189
-324
-853
-1463
-1917
-2068
-2074
-2066
-2385
-3016
-3440
-3667
-3789
-3893
-3985
-4019
-4031
-4053
-3907
-3579
-3285
-3007
-2791
-2586
-2266
-1888
-1524
-1225
-960
-759
-572
-366
-55
354
701
958
1091
1182
1267
1415
1571
1718
1836
1832
1777
1760
1781
1836
1850
1757
1635
1443
1160
887
596
284
-45
-470
-808
-972
-1085
-1161
-1241
-1346
-1396
-1482
-1622
-1604
-1539
-1482
-1579
-1860
-2028
-2039
-2010
-1908
-1793
-1694
-1599
-1576
-1475
-1177
-819
-500
-322
-195
1
200
351
527
688
765
800
841
972
1200
1411
1512
1486
1426
1399
1427
1495
1605
1705
1688
1621
1610
1708
1873
2017
2060
2054
2028
1969
1968
1962
1977
1978
1898
1870
1906
1993
2093
2211
2258
2299
2348
2435
2602
2680
2603
2365
1958
1326
791
456
332
252
-90
-504
-923
-1347
-1679
-1832
-1917
-1988
-2186
-2561
-2782
-2889
-2934
-2998
-3119
-3212
-3299
-3391
-3418
-3274
-3126
-3023
-2990
-2975
-2864
-2605
-2227
-1838
-1479
-1200
-976
-779
-534
-156
215
499
681
811
934
1085
1254
1430
1552
1596
1601
1591
1625
1691
1672
1554
1386
1176
955
744
541
383
230
14
-212
-400
-543
-590
-671
-787
-924
-1081
-1265
-1434
-1493
-1538
-1609
-1825
-1969
-2017
-1960
-1861
-1780
-1675
-1580
-1473
-1369
-1133
-823
-572
-445
-427
-341
-283
-215
-147
-46
41
114
184
276
474
666
824
894
912
983
1084
1192
1288
1408
1489
1574
1660
1763
1932
2093
2225
2306
2341
2312
2279
2262
2268
2271
2207
2166
2173
2243
2329
2383
2420
2431
2453
2472
2487
2461
2318
2073
1790
1388
939
656
527
529
412
162
-159
-537
-975
-1326
-1565
-1747
-1932
-2308
-2689
-2932
-3034
-3112
-3274
-3437
-3575
-3650
-3722
-3661
-3538
-3422
-3318
-3203
-3015
-2731
-2332
-1947
-1587
-1262
-1012
-804
-602
-317
45
396
669
911
1156
1454
1790
2067
2259
2334
2288
2198
2103
2045
1988
1864
1677
1470
1287
1135
1036
920
801
619
365
124
-121
-325
-529
-730
-991
-1274
-1509
-1661
-1707
-1818
-1981
-2140
-2279
-2356
-2356
-2324
-2273
-2228
-2254
-2284
-2226
-2078
-1875
-1725
-1612
-1459
-1264
-1000
-664
-306
24
310
526
730
949
1172
1397
1587
1756
1882
1964
2050
2171
2280
2338
2364
2388
2411
2458
2538
2589
2559
2452
2262
2099
2014
2000
2015
1973
1969
1973
1953
1944
1904
1860
1821
1788
1720
1660
1625
1575
1536
1366
1206
861
433
143
-36
-42
-99
-229
-464
-729
-1057
-1317
-1495
-1707
-1917
-2288
-2630
-2835
-2922
-2971
-3018
-3036
-3104
-3154
-3228
-3148
-2977
-2760
-2543
-2362
-2173
-1933
-1616
-1356
-1120
-935
-823
-684
-516
-244
92
451
766
1054
1292
1501
1673
1761
1820
1797
1709
1646
1590
1594
1583
1507
1369
1182
955
771
599
388
223
36
-137
-234
-306
-351
-419
-552
-789
-1080
-1404
-1591
-1761
-1976
-2055
-2150
-2199
-2251
-2255
-2226
-2133
-2030
-1924
-1793
-1653
-1401
-1174
-975
-728
-515
-358
-207
29
245
513
748
901
1020
1130
1278
1433
1552
1656
1725
1669
1634
1657
1658
1737
1828
1904
1955
1935
1878
1803
1727
1671
1592
1458
1384
1303
1195
1167
1101
1010
931
897
968
1090
1210
1291
1351
1366
1407
1462
1469
1515
1470
1295
983
597
386
270
252
172
104
-17
-172
-381
-639
-807
-943
-1135
-1451
-1721
-1943
-2121
-2263
-2433
-2513
-2670
-2808
-2951
-2999
-2900
-2720
-2553
-2401
-2253
-2133
-1922
-1689
-1428
-1173
-1024
-874
-729
-516
-252
32
253
423
529
583
669
781
912
1028
1127
1232
1339
1467
1607
1675
1644
1558
1383
1186
966
774
601
430
241
19
-223
-427
-574
-796
-963
-1169
-1381
-1512
-1578
-1545
-1474
-1488
-1562
-1573
-1553
-1525
-1513
-1503
-1408
-1333
-1301
-1241
-1041
-839
-650
-415
-180
58
296
494
791
1164
1403
1545
1595
1621
1722
1731
1686
1756
1622
1254
1298
1400
1538
1744
1770
1715
1679
1641
1608
1595
1545
1479
1322
1256
1307
1184
1082
969
755
698
789
885
1031
1074
1048
1101
1107
1148
1191
1243
1365
1470
1521
1629
1740
1503
1235
934
635
416
118
-154
-346
-547
-836
-1049
-1231
-1358
-1526
-1851
-2092
-2345
-2539
-2714
-2863
-2901
-2900
-2919
-2963
-2881
-2830
-2777
-2736
-2719
-2652
-2509
-2270
-2016
-1676
-1378
-1075
-797
-540
-206
60
214
297
425
595
793
922
1028
1185
1256
1304
1302
1308
1389
1383
1282
1119
994
861
771
630
451
306
73
-143
-318
-474
-578
-782
-1040
-1159
-1216
-1286
-1289
-1310
-1327
-1304
-1281
-1240
-1147
-1032
-863
-751
-718
-588
-475
-385
-126
95
79
139
222
230
409
613
875
938
833
1033
1073
1170
1081
1012
1126
1235
1473
1472
1338
1168
939
803
828
613
401
488
726
939
1131
1026
908
956
855
810
786
861
933
846
814
895
943
1104
1284
1304
1368
1487
1617
1652
1531
1444
1419
1358
1246
1069
834
743
658
413
168
-93
-335
-585
-859
-1119
-1323
-1586
-1752
-1814
-1878
-1890
-1966
-2014
-2000
-1961
-1940
-1920
-1903
-1933
-2015
-2094
-2098
-2037
-2002
-1955
-1901
-1794
-1590
-1370
-1166
-893
-567
-261
35
263
471
590
666
670
632
532
466
539
529
427
428
380
329
403
300
227
202
189
122
-30
-258
-437
-462
-430
-374
-466
-488
-496
-532
-501
-403
-395
-503
-510
-520
-567
-536
-367
-317
-305
-12
4
20
202
377
369
547
491
266
690
773
755
907
939
937
1013
854
965
1172
1325
1314
1036
746
893
723
577
848
657
789
1088
1283
1047
840
955
621
597
720
753
943
1103
1104
937
966
1012
1035
928
894
942
826
766
721
633
589
650
607
620
653
696
703
600
407
169
9
-210
-411
-598
-718
-811
-918
-1021
-1249
-1347
-1400
-1462
-1524
-1533
-1502
-1568
-1620
-1697
-1786
-1846
-1830
-1845
-1814
-1673
-1543
-1393
-1234
-1114
-999
-870
-778
-709
-663
-594
-366
-278
-291
-130
-131
-117
28
35
-181
-305
-310
-317
-238
-169
-200
-289
-451
-466
-411
-190
-107
-272
-189
-193
-37
-2
-189
-141
-225
-367
-193
37
352
328
416
541
470
452
261
228
96
312
342
409
314
537
651
960
1177
870
733
815
823
941
962
582
788
842
687
921
1053
1107
1069
816
408
351
328
447
671
657
763
846
585
497
507
268
411
440
442
825
1069
1167
1001
888
813
635
582
604
612
549
698
470
631
744
545
341
118
0
-113
-45
-232
-292
-502
-696
-776
-905
-834
-926
-1059
-1218
-1192
-1191
-963
-825
-869
-917
-1062
-1059
-1010
-1027
-1251
-1276
-1296
-1224
-1193
-1006
-598
-387
-263
-282
-216
84
230
83
151
286
75
53
193
-72
-181
-299
-398
-209
-506
-618
-581
-842
-791
-531
-846
-770
-184
-714
-673
-330
-228
-236
-211
-129
-423
-407
-253
-227
-164
35
104
62
204
335
176
318
370
270
266
506
696
806
679
550
506
587
672
628
666
686
507
280
639
467
290
335
136
117
166
202
241
89
146
100
93
182
71
-109
-217
-96
-205
-153
142
155
412
545
277
611
696
552
619
873
850
748
732
612
737
861
856
822
799
562
519
568
407
538
431
44
156
260
-16
-204
-121
-34
14
-149
5
-346
-426
-422
-809
-1057
-1332
-1196
-1170
-1097
-987
-1101
-1235
-989
-559
-590
-404
-342
-255
-182
-204
-36
-93
152
291
163
69
326
491
462
384
419
465
366
441
426
151
36
109
122
346
535
250
-137
12
-173
-289
-251
-180
-281
-337
-362
-564
-654
-687
-364
-579
-697
-477
-337
-246
77
-96
-46
81
214
-340
-36
336
-32
220
33
229
98
-82
16
42
-334
-253
-48
-159
-122
-225
-381
-198
-294
-408
-319
-154
256
-55
-342
-168
166
-8
-220
-95
-454
-275
92
34
-133
-9
51
176
345
222
478
807
694
658
348
356
818
508
282
447
692
1061
1090
913
657
382
333
459
348
-27
-145
-52
-285
-526
-603
-376
-364
-782
-818
-850
-862
-652
-523
-596
-427
-562
-654
-302
-295
-336
-160
48
335
237
-32
233
318
164
354
531
374
544
573
573
823
754
331
269
429
275
283
372
415
275
49
-179
-49
-42
176
-92
-418
-181
-452
-361
-677
-643
-741
-884
-672
-523
-535
-302
-69
-128
8
125
324
308
459
418
273
503
572
678
478
54
213
201
93
379
271
-85
-77
-24
-32
206
69
161
-248
-528
-396
-530
-453
-253
-506
-726
-471
-385
-668
-468
-640
-594
-515
-901
-674
-697
-618
-308
-245
-206
170
264
462
702
413
515
725
741
687
580
342
415
377
177
235
134
138
164
20
210
157
94
-76
175
-106
-181
38
-219
68
-244
-268
-272
-280
-280
-339
-255
-472
-335
-472
-282
-78
-131
51
-32
67
44
86
341
459
406
559
459
424
393
432
369
416
400
239
334
352
304
312
212
111
205
280
108
-73
-228
-4
-316
-265
-210
-455
-245
-296
-335
-47
-114
-106
-86
-156
194
317
1
233
12
138
176
330
518
254
272
315
317
377
467
34
452
320
287
146
101
216
151
-175
-96
362
166
364
336
64
-8
-82
-261
-201
-269
-242
-521
-592
-347
-617
-457
-424
-351
-430
-470
-321
-192
156
-166
103
144
-94
468
-189
61
139
-415
-140
-360
-191
-56
-212
-191
-40
-89
25
59
607
546
321
564
268
278
151
118
-23
187
-79
-556
-171
-690
-506
-197
-242
-407
-656
-647
-338
-135
-279
-217
-210
-297
-266
-113
-133
-217
-167
-268
-193
-219
-394
-247
-409
-344
-456
-146
-10
-193
-48
-212
-120
157
123
-132
-148
-200
-282
83
-82
-115
-133
-342
74
-76
-243
-159
-16
95
184
205
216
25
294
212
173
369
502
561
771
833
380
766
498
754
722
252
465
17
336
-179
49
-37
-141
109
-350
240
-17
-210
86
51
419
460
189
171
347
-314
-42
-152
-474
-431
461
-21
-161
52
-525
310
-41
-161
-488
-579
-8
-145
-223
5
269
239
306
361
64
196
391
77
-59
57
-34
338
558
261
231
184
399
418
329
125
244
258
414
574
211
333
45
110
-286
-458
-778
-416
-93
-544
-331
-552
-247
-360
-512
-470
-448
-303
-101
-277
-285
11
-206
-158
-146
-290
-643
-259
35
-94
103
172
209
425
263
120
-84
-209
-207
-231
-3
196
258
-38
93
123
-95
-106
8
12
74
-203
-335
-153
237
274
243
280
124
224
217
-11
-115
259
198
388
430
114
189
230
102
-220
-290
97
17
-94
221
74
-3
-191
-207
-112
-276
-64
62
231
89
180
645
362
13
-12
-126
212
235
-28
-99
-43
-48
-37
-57
-125
149
-66
-18
161
127
-40
204
155
-108
100
24
92
-33
-365
-204
-269
-480
-83
-13
-235
16
184
429
650
288
-33
-32
-97
-227
104
-181
-189
141
-31
182
-8
80
-364
-364
-408
-122
-328
-104
378
-605
-84
245
-121
-25
129
-95
53
95
146
264
-109
33
-218
-518
-308
-215
176
265
158
80
-326
-81
213
104
25
-156
-167
-520
-407
-2
-358
-333
-604
-825
-302
-245
-196
-270
-289
-445
-14
-32
85
377
193
442
293
455
425
341
-111
-233
-226
-441
-32
-5
-262
-274
8
-151
24
119
-134
-61
13
129
112
96
264
229
-170
-93
-267
-425
-116
-131
-297
-66
-168
-215
-185
-175
81
-22
28
148
79
686
725
632
41
200
443
220
483
249
224
169
-291
-46
-244
393
818
533
424
-109
357
681
617
218
286
184
-11
401
347
-234
143
-228
-379
-19
-289
9
-62
-167
-165
-328
-478
219
-136
-314
223
256
168
221
127
29
522
361
-236
140
138
-17
12
-154
41
269
215
258
243
95
496
159
-4
319
50
-23
348
98
-117
-93
3
-76
-250
-349
-466
-351
-142
-17
-281
-260
121
-63
-266
51
-37
167
1
-14
541
16
-85
79
-231
72
217
29
31
43
-307
61
18
46
-13
-310
-232
176
329
143
-4
32
-27
-26
79
-248
13
118
-230
-233
-430
-337
-235
-101
-253
-560
48
185
-24
-150
20
-277
-550
-564
-518
-316
-204
-90
-365
-330
-427
-322
-177
-230
-131
24
102
227
254
48
45
83
-66
-224
74
-69
-142
-189
-145
7
-47
-498
-249
-382
-328
-118
-437
-194
-72
-46
137
-91
143
222
-187
-34
-22
156
358
404
-317
-8
-133
62
884
211
-39
975
980
799
548
-69
102
158
215
559
410
381
705
-192
-271
319
221
-167
143
-269
-237
200
375
201
-251
-430
-206
21
-698
-453
-379
-293
140
158
-150
114
85
159
293
22
-180
176
-328
-300
29
-69
-137
118
-384
-421
155
75
540
425
496
558
669
601
763
537
228
206
-263
-379
-333
-144
-236
-241
-267
483
624
226
319
-191
-76
-55
-405
-857
-800
-550
-501
164
-122
-12
-227
-874
324
-139
176
450
-9
320
102
-47
-284
-49
-9
142
-121
-89
158
338
619
493
265
-127
-187
56
81
131
-69
-56
-5
-532
-409
-476
-364
-64
-301
-276
-41
-212
-230
-172
-158
-129
-34
-113
69
-27
245
387
-49
170
318
672
509
613
330
-5
486
413
94
7
151
292
53
-185
-84
-128
-123
-140
-282
-324
-113
-282
-292
62
-170
-285
-404
-486
-86
-305
-301
-132
-20
148
-36
-70
-193
-298
-121
-226
-373
-212
85
115
98
18
101
143
284
399
26
-13
209
552
280
450
353
-107
516
454
371
227
-104
-47
-257
-22
-24
221
153
-1
-121
-467
-462
-174
162
-136
-142
-422
-301
-112
-285
-367
-147
-78
28
55
-151
-112
52
36
-260
492
69
-126
185
-350
194
155
-152
-39
-730
-270
39
166
386
25
-296
-49
-48
134
260
115
-74
-445
-409
-396
303
233
234
-102
-339
-76
-47
0
-412
-248
59
311
133
59
251
125
421
163
323
214
369
481
231
230
427
329
228
317
-77
-3
-246
-121
14
86
253
464
291
-123
-55
-354
-530
-174
135
8
285
-115
-318
114
-135
8
-309
-65
18
-102
162
11
25
53
96
139
-239
-94
350
72
-46
-118
-255
-63
14
95
60
57
273
-20
-131
105
46
-129
96
29
-67
0
49
-56
-102
-381
-105
-124
77
167
199
198
-153
29
-292
-31
-6
-148
-331
37
-1
-60
149
-70
56
-71
-241
-159
-133
-111
173
73
342
216
-13
26
96
305
-186
-54
-342
-310
17
39
246
243
-7
-91
-266
-373
-326
-461
31
172
-68
-74
-148
86
-31
79
-222
-267
74
-41
90
-282
-66
-60
-207
-101
224
329
309
658
446
559
542
498
321
-29
21
22
189
245
85
-124
4
278
67
72
139
115
77
-59
-106
55
-259
-322
-196
-256
215
384
90
-38
-2
36
84
85
-71
-205
-218
159
186
-169
-497
-337
-407
-424
-242
-439
-504
-173
-81
-59
-31
312
268
234
547
365
519
379
148
88
-145
-20
200
380
311
249
98
-8
159
29
269
-285
-208
-77
-84
-272
-418
-338
-466
-357
-255
-580
-479
-317
-126
160
-213
-280
-457
-320
0
-243
-282
-239
-143
-254
-627
-235
-80
-105
297
202
252
470
627
416
430
456
152
147
48
107
191
192
316
-50
-217
-119
-102
-58
-10
72
-215
-178
58
170
205
325
497
246
370
275
-201
-540
109
424
262
671
150
-180
163
240
215
-7
259
-104
-133
16
389
628
386
-25
-109
-282
-300
152
-116
-233
-248
-106
-466
-677
-425
-385
-275
-276
-41
135
374
249
-184
-68
-106
-322
-500
-355
-479
-153
-425
-166
101
-173
9
-352
-166
-269
-133
61
177
85
33
-147
-511
-118
154
3
187
123
90
-115
179
-17
-59
263
-510
5
-95
-169
-170
-153
90
353
391
218
292
233
19
-231
-479
-410
-201
-361
159
281
319
226
220
379
190
417
485
27
199
184
-53
-168
-9
-39
-386
-52
177
-146
36
95
290
259
255
33
-148
-2
-34
181
189
468
488
78
72
207
416
459
308
186
-21
-151
53
-262
-283
-155
155
455
389
454
399
375
221
230
85
326
386
239
139
-141
-314
-427
-501
-27
31
76
410
419
389
-117
-422
-303
-10
-63
-261
-577
-540
-309
-196
-206
132
-8
-498
-510
-933
-704
-251
-12
122
113
-136
-77
26
18
9
-278
-236
496
465
58
52
-75
-17
335
369
90
-75
-221
-241
-512
146
477
377
409
321
-10
165
761
343
19
-112
-285
25
-292
-91
-155
-577
-557
-333
-221
-43
41
-323
-651
-521
-541
-869
-692
-268
-548
-405
-7
39
109
72
-49
47
220
-73
146
293
554
605
177
236
400
145
-219
182
231
160
212
269
495
406
159
153
-79
-43
92
101
96
281
209
-198
110
21
-102
243
-37
19
-81
-156
168
459
375
463
257
87
164
-387
-478
-400
-465
-30
81
-17
295
270
9
47
-332
-643
-685
-577
-455
-400
-424
-353
-65
-316
-72
-99
-262
-302
-390
-521
-326
-313
-204
198
115
-139
39
84
114
196
102
300
767
658
693
498
418
420
143
366
34
142
502
640
628
379
491
393
402
135
-24
-85
36
-58
12
-244
-268
-117
-275
159
-114
-551
-391
-318
-435
-376
-233
-257
-160
-408
-702
-120
171
290
-241
-591
-512
-380
-228
-100
-427
-418
104
94
343
1
96
56
-109
-388
-507
-146
-111
498
357
-198
178
228
-90
163
-113
-368
314
84
-170
-12
-235
367
479
-291
-204
-251
-192
399
577
659
936
432
51
522
254
674
236
-68
-62
-456
-37
462
364
285
497
195
642
424
53
322
-11
-247
-443
-697
-622
-238
-107
-369
-291
-354
-307
-384
-255
91
409
214
8
-547
-582
-473
-468
77
82
-192
-30
228
-124
770
722
401
796
432
445
682
558
116
-80
-233
407
902
204
-52
47
-221
367
755
707
336
-267
-254
113
644
606
387
-13
-814
-687
-351
76
-552
-1073
-957
-717
-427
-853
-801
-600
-16
208
-348
217
155
-616
39
-132
-432
-202
-157
301
203
-583
-369
59
287
-301
-420
-337
418
1050
455
-141
-442
-178
-205
-466
-262
-223
303
214
-562
-56
122
-119
-566
-655
-365
438
1
-154
229
37
49
137
-580
-655
38
266
858
663
587
172
17
440
-28
-451
254
664
430
734
787
550
83
-153
-321
141
189
-84
-137
-544
43
-43
-370
-189
-164
-534
-322
77
-125
264
