33
33
19
41
13
-14
-4
-12
-13
-14
0
-14
6
20
11
-20
8
-19
-46
-9
-19
7
-20
3
25
-1
39
29
-1
35
38
41
65
65
66
73
58
73
43
29
41
27
36
19
10
7
9
13
-2
3
-9
-31
-31
-22
-32
-9
-28
-50
10
-62
-22
-39
-57
28
-59
25
14
-18
62
10
43
106
30
73
120
57
122
53
66
92
-1
54
28
-24
14
18
-11
57
12
17
68
-22
28
14
-44
8
-30
6
-2
-39
22
-33
-46
-15
-75
-64
-63
-105
-5
-72
-94
-5
-26
-23
-7
-14
6
-4
5
64
-38
50
67
-2
52
21
1
43
-9
-2
30
-66
41
-61
-29
26
-127
-3
-19
-102
4
-34
-14
22
-43
15
25
-38
44
-1
-26
67
-38
6
16
-21
1
-47
5
-30
-73
14
-25
-40
7
-4
-10
18
-13
-11
-3
-48
-11
16
12
-72
31
-26
-49
37
-106
14
-99
-86
7
-108
-59
-66
-83
-4
-38
-124
85
-76
-22
78
-22
28
29
76
2
48
66
61
-31
81
42
-8
42
-42
-3
-58
-61
-34
-95
-71
-22
-49
2
-25
-6
16
11
89
-34
37
62
-22
77
21
13
52
37
52
0
16
57
-77
1
74
-15
11
-17
94
-37
58
54
19
95
-97
159
-22
-3
33
7
15
-27
-26
-51
7
-51
50
-72
38
8
-29
88
25
39
98
58
81
76
122
105
30
181
57
53
117
47
37
37
60
23
-11
25
6
-92
77
-16
-25
40
-32
131
-41
41
79
-29
140
-73
-33
124
-82
29
53
15
83
-3
97
55
-4
150
-1
102
81
1
159
18
74
87
32
52
49
-54
20
52
-89
85
-132
-67
63
-168
49
-123
-44
-12
-46
-78
-54
-3
-75
-20
-101
10
-103
-20
-125
-17
-52
-86
-29
-77
37
-84
-40
49
-115
-16
40
-90
65
-91
65
22
-50
47
102
-104
31
158
-226
230
-247
34
116
-389
258
-225
-70
75
-196
1
3
-159
45
-135
-81
128
-416
256
-156
-223
286
-308
83
54
-168
111
-117
-6
81
-279
129
40
-294
244
-116
-116
233
-281
161
45
-195
219
-189
103
72
-181
169
-10
-23
46
-18
31
149
-85
111
81
34
134
-58
160
-23
111
-17
89
48
-60
152
-68
167
-73
-17
207
-83
-8
80
7
75
-75
46
165
-229
152
89
-197
156
14
-177
164
-113
-38
38
-133
166
-247
162
7
-235
255
-19
-198
194
82
-230
187
-153
162
-56
-108
282
-262
75
127
-245
44
-28
-195
87
-296
15
-6
-276
51
-115
-67
-93
-22
-130
58
-138
34
-21
-46
50
-96
136
-101
-45
-5
61
-218
95
-21
-212
108
-44
-162
-5
25
-124
12
-9
78
-96
73
131
-148
124
44
34
95
-152
147
13
-105
130
-113
59
19
-101
115
-138
-5
83
2
17
13
-31
168
51
-111
206
86
32
-25
83
68
-89
107
14
-114
29
41
-99
-22
90
-99
54
27
-104
202
-147
83
33
-11
244
-239
215
17
3
109
-61
-5
-7
63
-254
134
-120
63
-119
24
134
-241
152
68
-119
33
148
-131
65
67
-82
40
171
-114
45
1
37
81
-143
153
28
-44
103
-56
46
49
-10
137
-129
55
137
-169
109
2
-17
-7
-117
66
-130
3
-92
-92
89
-165
-91
123
-299
214
-209
-120
284
-439
177
-126
-120
258
-403
107
232
-358
206
-129
47
139
-222
25
91
-43
68
-118
-34
295
-234
-1
135
-109
-15
-37
-62
27
-131
19
-158
66
-35
-76
9
-99
52
-114
-116
279
-436
131
236
-512
368
-239
123
-48
-189
239
-261
-136
285
-474
71
249
-497
329
-105
-89
4
-88
244
-292
-127
490
-341
-41
350
-221
168
115
-240
257
-84
-114
170
-220
91
-9
-37
-84
-12
15
-65
-111
5
43
-195
166
-138
-93
319
-419
0
271
-386
-22
42
-133
-17
-250
116
11
-583
666
-412
-242
563
-628
427
-131
-6
192
-284
509
-305
-8
464
-405
311
165
-265
321
-127
80
320
-440
565
-56
-253
856
-719
567
317
-392
650
-286
280
216
-242
465
-41
-100
542
-354
134
298
-251
122
-64
213
-83
-340
531
-323
-129
470
-386
103
68
-133
168
-271
186
-122
-23
132
-222
150
-109
77
-58
-17
84
-99
112
63
-271
396
12
-253
354
-103
48
316
-411
735
-484
355
271
-533
898
-620
429
36
-205
242
105
-253
184
110
-294
425
-554
398
-216
-107
375
-548
439
-171
-139
320
-265
-28
322
-417
264
-129
-44
99
-71
-38
57
100
-292
414
-393
372
-234
284
-138
109
122
-18
93
-136
480
-510
461
-319
363
-359
141
169
-443
292
-308
58
-206
43
-252
203
-331
171
-101
-221
271
-291
11
43
-156
-89
138
-412
467
-629
446
-260
-199
306
-362
151
-211
280
-458
414
-321
229
-251
268
20
-251
490
-376
372
-135
4
270
-292
371
-226
-88
475
-548
519
-391
150
135
-274
213
-175
90
-52
206
-387
408
-206
-109
359
-551
451
-319
-77
263
-421
137
1
-249
125
-123
-160
173
-280
103
59
-348
371
-255
-135
409
-631
478
-275
-115
225
-366
374
-359
106
-70
94
-241
102
-75
-2
-25
-16
-48
-6
273
-368
267
118
-140
50
183
-230
355
-437
353
-115
-386
686
-741
439
-159
-119
340
-480
550
-383
168
136
-243
100
169
-326
199
125
-493
708
-758
554
-211
-315
687
-873
747
-521
155
217
-646
869
-724
199
328
-469
361
-81
-77
354
-395
284
167
-537
700
-432
-48
580
-732
599
-190
-120
480
-613
607
-404
76
131
-36
-254
510
-314
82
460
-749
1008
-772
475
-72
-190
344
-249
48
137
-132
209
-14
-213
481
-373
30
218
-238
153
44
-236
383
-301
132
61
-51
94
-162
347
-388
328
-221
136
33
-148
-32
103
-91
-311
341
-454
151
112
-398
249
-55
-165
369
-689
732
-339
-334
719
-674
277
122
-421
491
-423
-98
489
-953
702
-536
-159
507
-942
380
91
-715
609
-495
130
47
-455
509
-444
47
88
-310
98
50
-446
394
-419
90
-40
-411
394
-600
131
-175
-101
100
-266
55
37
-176
147
58
-315
482
-364
93
186
-234
136
-96
139
-216
88
-75
-103
-63
153
-193
-67
269
-253
190
-337
553
-254
-44
188
138
-358
391
-143
116
33
-41
334
-371
646
-690
667
-401
492
-474
227
328
-635
661
-231
130
119
27
57
104
53
339
-233
-34
770
-679
280
412
-646
436
247
-684
644
-314
118
-45
-223
748
-881
613
-122
25
-93
592
-599
425
168
-470
714
-750
749
-395
-110
491
-361
-35
354
-449
283
174
-551
654
-364
-114
425
-472
391
98
-419
624
-359
199
321
-746
954
-604
247
-165
69
-8
-35
119
-422
839
-1058
1078
-1027
663
16
-502
728
-649
560
-367
335
-211
146
16
-20
-36
48
-57
5
9
-115
101
14
-214
216
-17
-226
564
-749
833
-883
682
-107
-562
857
-729
515
-314
58
106
69
-322
273
-50
-146
143
-291
198
-31
-428
695
-724
378
-162
25
152
-469
596
-565
321
-278
87
47
-52
-121
194
-19
-146
191
-75
24
-60
189
-144
-121
474
-355
259
26
16
336
-414
778
-567
559
-237
180
66
-228
574
-784
673
-296
281
-207
184
-18
313
-274
-8
413
-704
820
-655
277
200
-395
472
-117
-192
435
-371
185
174
-577
598
-122
-544
969
-826
325
337
-799
1072
-928
374
411
-825
661
-84
-261
348
-129
-83
355
-313
-4
574
-850
861
-531
167
162
-376
647
-747
741
-562
551
-448
301
-148
-52
409
-645
682
-529
449
-351
170
40
-438
666
-759
500
-295
-257
656
-1033
865
-661
275
-77
-265
195
-226
67
-244
353
-502
436
-282
2
467
-718
540
33
-497
426
-418
251
-194
-116
75
87
-339
340
-68
-363
704
-693
527
-311
180
-142
123
-60
-131
347
-549
529
-511
437
-493
358
-264
-30
45
-204
97
-330
385
-456
449
-305
109
103
-56
-110
359
-339
78
309
-481
571
-495
274
128
-324
231
173
-437
404
207
-479
508
-326
477
-527
600
-343
296
-224
182
21
-232
465
-609
636
-612
673
-809
595
-190
-238
284
-128
-108
-145
431
-664
555
-449
423
-379
161
-77
-47
179
-440
596
-670
575
-587
505
-246
-223
344
-476
527
-725
520
-369
216
-39
-176
203
57
41
-524
830
-489
-95
431
-683
605
-445
-13
443
-779
717
-549
14
320
-576
255
-36
-186
-151
311
-466
276
-141
-298
512
-922
1104
-1270
759
-282
-414
775
-1288
1119
-1029
577
-328
174
-329
111
172
-879
1285
-1507
1284
-807
36
577
-860
832
-736
483
-579
620
-721
568
-505
274
-18
-285
459
-431
263
-264
279
-609
701
-727
592
-525
280
51
-100
0
-4
167
-734
1329
-1676
1438
-867
180
359
-683
824
-615
517
-738
793
-751
835
-945
768
-266
-46
442
-479
723
-672
673
-450
573
-554
655
-703
830
-581
347
165
-272
428
-301
637
-882
1069
-834
703
-781
1090
-923
737
-171
-11
495
-673
1125
-1407
1582
-1421
1251
-1100
1115
-799
295
484
-969
1385
-1363
1378
-1228
1200
-993
698
-261
80
77
-32
276
-237
329
-434
570
-436
386
-588
835
-756
597
-78
-118
329
-159
284
-249
436
-424
294
-351
624
-704
48
759
-997
497
-91
168
-135
-459
700
-276
-339
189
277
-457
96
252
-355
226
-388
560
-790
313
229
-732
601
-313
-96
243
-480
853
-1235
697
105
-608
754
-931
1007
-612
153
-125
486
-562
185
89
-372
555
-1105
1131
-775
19
299
-226
215
-496
549
59
-740
923
-1151
992
-472
-379
821
-499
136
-78
191
369
-615
-250
1554
-1795
754
242
-713
672
-489
-63
705
-401
-53
-181
680
-278
-610
1113
-1004
821
-440
518
-190
-102
469
-198
-188
422
-325
-182
1141
-2040
1758
-521
-642
965
-1048
953
-518
102
7
-39
-223
771
-867
234
682
-1310
1417
-1029
904
-567
-129
757
-750
179
-140
523
-746
308
75
-131
-36
122
5
-199
325
-151
49
393
-752
477
577
-1043
897
-740
782
-440
-97
508
-681
593
-707
860
-1074
899
-602
60
435
-996
1165
-993
494
-517
638
-510
-64
510
-948
990
-1230
1094
-628
134
293
-1020
1407
-955
331
-371
433
-523
73
589
-1237
1250
-963
512
-307
110
254
-534
358
-195
276
-626
970
-861
-225
1114
-1103
688
-418
27
355
-813
1091
-933
472
-220
305
-226
-168
678
-1030
897
-787
665
-492
173
47
-299
458
-323
293
-281
329
-169
64
179
19
-380
462
-93
-291
387
-164
227
-386
301
458
-946
974
-310
-100
579
-900
1044
-227
-235
356
270
-359
650
-421
205
146
-323
799
-772
661
-594
630
-152
-136
111
-124
397
-468
364
-49
-94
-73
201
-197
164
149
-348
44
394
-283
-110
282
-130
-78
295
-142
56
33
7
111
-137
442
-635
339
406
-512
232
-15
34
-8
-16
259
-178
-181
524
-137
-74
377
-465
523
-70
-257
530
-502
262
-92
13
213
-589
362
-46
-138
188
19
-64
-118
218
111
-276
-11
423
-454
257
72
-134
144
-216
393
-243
-21
356
-399
127
198
-379
281
6
-98
-38
266
43
-119
138
4
-247
-31
583
-557
161
208
-206
-15
51
55
-125
126
-150
-38
241
41
-341
-38
172
-202
144
-43
-222
-58
-81
16
-377
110
-314
-278
375
-96
-359
130
41
-273
134
-48
-51
-120
156
12
-288
-56
22
-96
77
-96
-159
217
92
-139
-91
-36
-9
167
-97
300
-263
27
253
-105
87
-228
45
-16
140
166
-55
-217
-201
16
29
-35
-160
0
70
-17
97
-37
-194
-48
267
24
2
180
-102
114
-90
13
-24
76
-11
-6
157
247
-108
-205
195
-195
116
67
144
83
-31
25
4
104
-41
110
-28
112
122
127
63
-157
43
15
56
-19
31
124
-92
55
-1
0
-84
-166
205
-70
114
71
-111
92
-160
6
10
39
-81
-7
87
-58
74
-288
201
-247
-41
77
-239
277
-310
82
-65
67
-53
-109
209
-139
192
-12
233
12
-90
79
-27
89
-70
124
-63
23
26
-25
33
-237
76
-84
-45
60
-97
151
-149
-125
-121
13
-242
-255
-97
-42
-166
-253
6
-349
-103
-241
-85
-14
-129
18
-187
182
-215
-78
-43
-131
-13
-56
171
-137
145
-140
-6
51
-198
168
-140
251
-80
15
202
-279
16
-214
189
-136
42
83
-47
113
-107
154
-233
142
-89
157
219
-35
177
-142
182
-236
223
-22
60
373
-114
382
-73
84
-7
25
201
87
318
34
249
-111
120
21
-133
285
-175
413
111
141
250
-66
167
-72
269
26
271
54
160
193
-166
253
-191
27
-110
72
14
-152
-35
-330
-53
-338
-47
-143
-33
-52
-124
118
-201
34
-207
17
2
84
175
161
177
27
219
41
278
40
214
186
111
274
-56
183
-176
99
43
211
141
92
160
-118
234
-262
163
-127
-149
79
-185
146
-279
-34
-257
-124
-130
-134
17
-313
65
-270
5
-148
-160
-31
-212
55
-287
57
-260
-267
-168
-348
-7
-328
-144
-250
-278
-260
-378
-268
-428
-371
-431
-254
-306
-276
-331
-391
-234
-418
-217
-326
-160
-202
-114
42
-124
-2
-117
-31
-50
-17
53
68
4
-1
-24
-18
24
-106
117
13
115
181
77
218
35
173
95
273
330
382
628
420
673
489
714
562
717
856
737
1059
862
1244
948
1110
973
1088
1283
1066
1453
1123
1348
1028
1097
1282
1025
1199
962
1152
1236
1053
-320
-1870
-1889
-853
-708
-1542
-1574
-1203
-1718
-2660
-2471
-2328
-3484
-4004
-2565
-891
-1409
-2196
-1995
-1625
-1695
-1218
416
870
454
671
1981
2101
1173
734
1052
1532
1551
2558
2551
1510
203
48
536
6
-284
-659
-978
-1561
-1349
-1035
-1559
-2677
-2856
-1800
-1521
-1313
-1541
-1506
-1836
-1590
-602
-32
-23
-471
203
973
1322
1279
1032
1076
892
1334
1809
1677
1016
349
625
701
788
366
99
-77
-203
114
254
84
-405
-164
380
926
1010
824
932
967
1280
1775
2091
2045
2099
2653
3006
2925
2778
2464
2526
2275
2355
2532
2378
2397
666
-1823
-3385
-1978
-748
-2033
-3257
-2587
-2004
-3961
-4653
-4174
-4584
-6026
-5177
-1575
-812
-2476
-3479
-1961
-1310
-1317
475
2263
2578
1668
3143
4280
3248
1447
1341
2454
2852
3262
3491
2536
137
-1071
-619
-433
-1096
-1755
-1762
-1634
-1914
-1928
-2566
-3620
-3913
-3033
-1317
-535
-617
-996
-857
-809
-671
-307
111
766
1182
2152
2591
2114
903
259
514
651
1111
1088
1073
404
-410
-735
-1205
-1479
-1825
-1032
-401
-101
-227
-806
-903
-1257
-697
179
997
1391
1420
1908
1765
1685
1475
1585
2246
2646
3174
2917
2378
1508
1055
1187
1253
1670
1387
1427
1483
1258
1040
426
331
229
798
1513
136
-2837
-4257
-2039
-339
-1580
-2715
-1451
-877
-2677
-3307
-2375
-2879
-5047
-3898
-80
844
-1574
-2747
-1301
-668
-586
758
2690
2296
1015
1940
3102
2234
-21
-35
1067
1830
2163
1810
942
-1321
-2080
-1275
-407
-449
-1495
-1458
-1312
-866
-995
-1588
-2085
-2052
-907
281
1137
556
-249
-441
67
942
1133
1157
804
-71
-294
478
1012
-220
-1100
-489
293
127
-366
-737
-1552
-1928
-1323
-7
92
-822
-1209
-646
106
188
237
316
534
808
1556
2078
1450
479
408
1036
1616
1704
1083
716
205
442
637
727
462
209
435
720
1140
700
676
492
1145
1857
2294
2557
2120
2448
2588
2938
2906
2781
2732
2451
878
-2169
-3321
-1719
-130
-1550
-3068
-2275
-2015
-3870
-5197
-4654
-4516
-5728
-4628
-1445
-463
-2545
-3778
-1952
-337
377
1318
3199
3463
2711
2792
3370
2749
742
722
1907
3063
2542
1410
-158
-1889
-2339
-2065
-1032
-1266
-1755
-1990
-1671
-1190
-1806
-2185
-2404
-1210
171
1201
1550
758
204
27
855
1640
1695
1397
1201
1390
1141
-285
-2050
-2463
-1679
-995
-718
-780
-1437
-2443
-2823
-2283
-1908
-1826
-1551
-439
562
712
207
-298
-172
397
1599
2524
2902
2304
1706
1382
1220
855
349
557
658
1181
1041
550
-402
-1066
-811
-213
886
950
862
622
800
1259
1351
1544
1765
2761
3441
3885
3856
3398
2960
2549
2826
3008
2894
1012
-2549
-4613
-3300
-789
-1956
-4309
-4254
-2653
-3267
-5128
-4811
-4407
-4979
-4699
-1131
1289
-491
-2799
-1674
1274
2339
2502
3648
4520
3982
3416
3838
3479
1177
-472
198
1849
1810
24
-2030
-3162
-3574
-3285
-2318
-1976
-2239
-2800
-2098
-974
-673
-1437
-1807
-486
1218
2321
2288
1901
1104
772
1170
1912
2040
938
450
377
593
-59
-1169
-1992
-3012
-3080
-2648
-1850
-1892
-2721
-2662
-2028
-1222
-1111
-931
-751
-214
761
1461
1975
1428
1014
955
1661
2219
1998
1579
950
1012
771
513
-125
-849
-920
-830
-173
-15
-340
-783
-799
-169
286
828
1072
1349
1554
2093
2716
2659
2541
2589
3369
3713
3791
3813
3726
3423
2734
2657
2244
1980
770
-2472
-5566
-5676
-2251
-1347
-3802
-5059
-3376
-2701
-4504
-4983
-3813
-3408
-3969
-1608
1901
1883
-1163
-1942
935
3219
3260
3427
4262
4122
2976
2522
2506
920
-1154
-1861
-290
824
-184
-2360
-4004
-4107
-3723
-2773
-1990
-1451
-1720
-1404
-27
915
662
-484
-76
1720
3218
3434
2853
1976
1131
829
1082
1269
423
-619
-916
-738
-756
-1733
-2795
-3128
-3020
-2645
-2408
-2262
-2327
-2164
-1458
-638
-86
-201
68
563
1489
1902
1888
1792
1561
1646
1509
1749
1254
978
589
552
539
11
-358
-995
-808
-816
-514
-647
-685
-660
-570
180
349
693
703
1143
1627
1828
2008
1971
2197
2237
2722
3220
3167
3004
2726
3052
3111
2779
2165
1748
1765
1475
49
-4005
-6730
-5331
-1828
-1691
-4186
-4173
-2795
-2970
-4819
-4504
-3277
-3593
-3366
-331
2829
1623
-1428
-1418
1330
3130
2998
3536
4172
3755
2701
2347
2048
231
-1708
-2056
-246
871
-187
-2422
-3815
-3760
-3344
-2572
-1758
-1361
-1502
-1068
338
1010
222
-1021
-515
1642
2901
3044
2208
1487
768
267
589
656
157
-659
-592
50
38
-1112
-2382
-2506
-1949
-1240
-1196
-1451
-1669
-1589
-918
-401
-5
-220
-213
601
1516
1950
1444
918
770
1129
1433
1419
1186
718
445
470
580
119
-591
-822
-557
-118
-107
-225
-519
-760
-639
-218
263
385
382
611
1109
1458
1478
1177
1221
1494
2020
2368
2539
2510
2310
2309
2580
3032
2994
2682
2265
2310
2279
1646
-1257
-5228
-5971
-2584
77
-1532
-3751
-3249
-2001
-3182
-4216
-3532
-2802
-3235
-2261
1192
2568
142
-2560
-1219
1987
3078
2978
3091
3471
2873
2062
2042
1333
-311
-2196
-1626
440
1120
-791
-3422
-3857
-3465
-2710
-2277
-1482
-1361
-1648
-881
491
1241
-224
-1258
-225
1977
3041
2449
1792
1180
692
553
904
949
-160
-979
-781
271
228
-1045
-2155
-2432
-1652
-1266
-1106
-1659
-2147
-1751
-707
25
0
-350
-586
114
1033
1659
1251
666
335
674
1243
1230
809
-31
-69
78
324
-101
-987
-1336
-1038
-414
-437
-421
-882
-1081
-742
64
826
603
727
918
1611
2228
2253
2182
1988
2252
2648
3153
3176
2784
2618
2703
2966
2896
2824
2573
2377
2283
2072
2149
1771
18
-3767
-5925
-3847
-664
-744
-3248
-3341
-1896
-2132
-3722
-3893
-2958
-3065
-2955
-513
2234
1269
-1631
-2131
291
2243
2082
1927
2510
2745
2165
1520
1126
-6
-1871
-2620
-1215
573
-193
-2572
-4015
-3737
-3108
-2941
-2391
-1769
-1466
-1351
-248
992
749
-636
-737
1019
2643
2825
2029
1597
1278
812
612
832
499
-450
-1214
-688
-110
-653
-1865
-2529
-1980
-1753
-2090
-2492
-1890
-1200
-933
-474
144
317
-259
36
956
1833
1859
1437
1513
1605
1463
886
556
593
233
181
337
407
-350
-1199
-1372
-1328
-762
-822
-676
-546
-148
186
336
716
600
920
1261
2031
2378
2336
2082
1809
2303
2366
2520
2308
2498
2716
2619
2756
2603
2615
2179
1874
2076
2408
2686
1238
-2344
-5537
-4702
-1382
-806
-3066
-3923
-2351
-2030
-3381
-4090
-3394
-3581
-4080
-2248
873
1769
-860
-2300
-609
1953
2371
1850
2016
2633
2890
2334
2115
1314
-279
-2223
-2064
28
745
-1170
-3419
-3571
-2840
-2514
-2556
-2176
-1767
-1575
-767
722
1616
511
-705
50
1958
3066
2624
2074
1893
1797
1410
1255
1002
158
-900
-1161
-183
209
-598
-2057
-2382
-2057
-2068
-2413
-2240
-1500
-1024
-658
-300
324
-10
-596
-376
770
1744
1643
1222
953
1031
645
152
40
47
120
106
248
161
-421
-1136
-1415
-991
-657
-486
-417
-50
184
32
169
302
716
832
1261
1955
2327
2412
1965
1988
2085
2276
2290
2427
2914
2926
2913
2678
2826
2901
2721
2384
2068
2338
2553
1716
-1920
-5284
-5320
-2423
-1273
-3291
-3997
-3073
-2494
-3927
-4511
-3693
-3806
-4196
-3391
-152
1622
217
-1566
-835
1674
2559
2506
2454
3210
3394
2886
2568
2293
1507
-844
-1753
-623
893
-77
-2523
-3212
-2626
-1862
-2254
-2138
-1855
-1755
-1545
-595
1217
1274
321
-280
997
2465
2447
1912
1387
1761
1595
1464
1193
721
-198
-1385
-1051
-233
112
-873
-1806
-1939
-2024
-2347
-2690
-2220
-1742
-1304
-942
-404
-131
-540
-875
-637
321
997
1131
1168
1214
1165
749
602
739
875
725
480
615
544
253
-400
-595
-570
-458
-277
-237
-26
-144
-106
-122
232
483
623
810
861
1289
1471
1661
1764
1864
2000
2090
2350
2567
2583
2290
2178
2574
2756
2547
2068
1980
2004
1928
740
-2288
-4700
-4226
-1853
-1501
-2964
-3573
-2823
-2697
-3677
-3793
-3362
-3361
-3951
-3207
-796
690
-128
-1372
-704
1045
1956
1842
1847
2420
2768
2466
2202
2271
1601
-106
-1367
-573
582
-93
-1704
-2616
-2188
-1902
-2069
-2206
-1987
-1831
-1823
-1105
81
716
204
-212
69
951
1372
1193
1067
1069
1230
1106
908
868
437
-128
-645
-392
200
-65
-373
-1136
-1291
-1402
-1581
-1588
-1520
-831
-732
-397
-67
466
404
143
302
732
1520
1358
1347
1152
1466
1481
1117
1048
735
711
189
221
116
-37
-311
-766
-643
-553
-369
-578
-537
-286
-86
188
390
772
1010
1246
1317
1494
1833
1861
1972
1904
2444
2718
2624
2602
2383
2553
2269
2243
2278
2402
2223
1844
1813
1619
499
-2466
-4422
-3858
-2085
-1974
-3084
-3109
-2461
-2316
-3447
-3597
-3275
-3243
-3796
-3382
-1400
32
93
-968
-500
604
1503
1460
1362
2051
2335
2328
1637
2019
2027
812
-443
-822
-68
-339
-1322
-2081
-2009
-1469
-1743
-1845
-2027
-1742
-1802
-2054
-1327
-478
387
108
83
249
789
940
489
595
671
1257
1098
1308
1242
1060
514
-238
-18
6
250
-353
-941
-998
-1029
-1144
-1772
-1669
-1539
-1294
-992
-686
75
75
199
-89
230
685
764
1002
838
1281
1151
1403
1185
1009
1044
601
497
66
507
464
203
-130
-202
-66
-400
-366
-511
-230
-81
42
273
670
960
765
896
1043
1573
1828
1963
2051
2076
2307
2196
2364
2288
2274
2219
2002
2102
1972
2042
1757
1696
1168
-351
-2139
-3055
-2235
-1883
-2276
-2837
-2568
-2362
-2839
-3164
-3151
-2875
-3241
-3668
-3279
-2125
-1090
-1011
-1032
-417
588
1060
974
957
1219
1518
1360
1492
1806
1866
1387
675
406
179
-137
-851
-1326
-1382
-1172
-1235
-1590
-1774
-1651
-1425
-1602
-1553
-1406
-884
-729
-687
-468
-130
226
-15
39
213
578
346
115
181
410
744
691
710
343
340
-34
-349
-675
-872
-703
-955
-816
-713
-286
-368
-690
-692
-498
49
54
128
252
398
380
207
512
673
925
801
764
1101
983
940
389
483
470
605
635
254
322
-170
-85
-295
-104
62
156
368
283
637
635
793
690
785
1111
1322
1462
1422
1539
1626
1527
1601
1734
1828
1847
1650
1693
1567
1713
1667
1828
1932
2020
1781
650
-360
-996
-791
-964
-1185
-1312
-992
-822
-1196
-1519
-1954
-2093
-2713
-3176
-3159
-2511
-1855
-1740
-1407
-975
-382
-212
-193
-38
142
295
36
223
575
1062
1232
1069
991
695
687
260
103
-51
-17
-31
-279
-110
-136
14
-357
-607
-831
-878
-933
-1184
-1051
-1040
-624
-661
-565
-539
-410
-178
-458
-382
-472
-96
84
165
304
455
543
200
10
-312
-263
-460
-534
-615
-584
-275
-306
-401
-745
-594
-659
-663
-639
-564
-290
-381
-175
10
394
456
418
482
544
620
312
288
229
391
477
405
449
356
338
128
-36
-61
79
53
84
326
543
764
634
601
732
819
858
857
1045
1231
1247
1283
1380
1445
1500
1453
1534
1635
1637
1708
1537
1631
1522
1071
337
-306
-390
-567
-799
-1142
-988
-867
-822
-997
-1237
-1226
-1559
-2008
-2550
-2336
-1870
-1426
-1155
-856
-320
16
212
120
193
277
71
-136
-30
378
803
845
887
912
879
693
374
281
156
159
-33
-184
-199
-191
-82
-213
-308
-395
-442
-664
-975
-1002
-693
-422
-349
-286
-95
-11
-90
-309
-528
-507
-401
-155
-78
62
-7
-185
-512
-799
-800
-889
-780
-831
-545
-411
-356
-329
-357
-215
-164
-14
23
300
477
546
426
334
421
528
579
495
544
544
428
125
-109
-131
-143
-70
-160
-123
108
112
98
-28
81
259
357
446
624
761
899
838
648
645
589
690
591
744
771
824
801
716
793
648
745
689
983
1152
1307
1314
1183
1245
710
245
-200
-47
-36
-141
-180
-232
-15
-145
-148
-330
-473
-1029
-1711
-2056
-2175
-1791
-1738
-1320
-1081
-780
-456
-547
-477
-683
-499
-536
-386
-171
192
591
588
711
473
676
365
132
-76
-196
-93
-530
-507
-573
-296
-222
-275
-163
-270
-289
-693
-709
-648
-401
-157
-114
180
276
485
223
87
25
187
417
409
699
655
762
398
258
306
225
292
-5
188
160
235
177
92
63
-24
-1
-240
-176
-335
-406
-541
-595
-472
-567
-440
-586
-408
-411
-359
-380
-562
-278
-281
178
232
313
397
342
556
326
431
187
233
188
185
362
260
502
283
397
390
470
533
410
682
840
1229
1301
1421
1429
1360
1345
1200
1482
1558
1741
1700
1773
1852
1246
595
-60
57
-21
-212
-350
-382
-129
-551
-685
-1005
-1128
-1619
-2502
-2827
-2847
-2408
-2293
-1977
-1662
-1325
-1162
-1221
-1083
-971
-705
-921
-978
-878
-591
-153
-45
214
289
552
404
149
-30
-135
-12
-254
25
222
640
672
531
507
366
535
103
128
116
272
294
-6
120
-16
128
-229
-452
-545
-694
-562
-751
-518
-561
-456
-547
-640
-462
-559
-408
-649
-593
-485
-269
22
-34
103
27
75
-45
-109
-12
-25
47
-64
111
265
263
76
-24
146
181
91
-129
-111
-75
-59
-92
-79
41
116
74
-7
71
236
396
446
681
826
1013
991
1004
1030
1197
1427
1425
1598
1562
1732
1560
1712
1764
1718
1824
1564
1677
1467
1578
1551
1484
1506
1364
1055
115
-321
-441
-418
-681
-1010
-835
-642
-565
-880
-965
-1130
-1564
-2253
-2788
-2599
-2360
-2039
-1905
-1445
-975
-835
-768
-905
-790
-757
-767
-699
-322
113
449
726
850
927
917
797
524
382
213
155
-19
-173
-93
99
283
273
258
127
24
-212
-332
-292
-192
-103
-200
-47
33
21
-128
-484
-627
-687
-500
-478
-417
-306
-309
-228
-529
-577
-749
-719
-783
-842
-643
-548
-201
-217
-12
-55
-75
-159
-423
-286
-102
222
238
406
602
858
883
706
700
643
663
622
618
616
598
487
369
417
511
402
60
-87
43
251
400
418
608
811
880
907
982
1174
1198
1233
1294
1606
1721
1690
1646
1590
1658
1582
1567
1412
1471
1417
1457
1453
1207
567
-374
-713
-785
-860
-1330
-1578
-1493
-1505
-1605
-1983
-2075
-2332
-2787
-3290
-3585
-3213
-2788
-2230
-1641
-1004
-486
-293
-175
-92
299
630
642
593
793
1166
1398
1438
1263
1133
906
621
455
325
178
-172
-483
-674
-562
-464
-574
-739
-964
-1072
-1165
-1282
-1338
-1253
-1015
-739
-703
-526
-468
-474
-612
-815
-623
-400
-90
-56
192
362
393
119
-333
-602
-842
-743
-784
-743
-690
-540
-445
-386
-371
-455
-505
-581
-541
-415
-112
65
272
512
744
734
652
561
464
568
532
587
628
764
772
648
488
419
433
299
332
362
569
716
787
842
833
950
950
982
979
1084
1352
1530
1633
1674
1774
1832
1794
1882
1955
2074
2034
2036
2103
2166
2289
1720
697
-786
-1359
-1250
-1316
-1496
-1906
-1605
-1800
-2012
-2472
-2617
-2499
-3095
-3480
-3669
-2773
-2039
-1543
-1086
-576
189
263
520
586
1036
1297
1127
1255
1561
2257
2249
2049
1628
1289
844
79
-270
-458
-202
-576
-981
-1249
-1309
-1312
-1797
-1998
-2136
-1799
-1602
-1440
-1223
-993
-642
-734
-573
-300
50
252
145
211
341
567
590
523
663
737
656
109
-468
-868
-1156
-1233
-1255
-1006
-785
-593
-671
-723
-629
-579
-536
-450
-41
289
503
489
564
738
806
779
671
817
755
795
672
678
705
599
666
498
588
413
455
376
331
452
509
889
809
975
867
1009
1014
960
1275
1461
2075
2284
2655
2628
2451
2282
2147
2347
2396
2619
2484
2610
2552
2319
1179
-1126
-2731
-2935
-1942
-1794
-2223
-2400
-2439
-2772
-3583
-3700
-3584
-3601
-4161
-4338
-3100
-1573
-569
-679
-516
45
602
890
1111
2002
2707
3030
2704
2825
3154
2791
1730
685
362
170
-156
-780
-922
-1032
-1406
-2389
-3144
-3057
-2875
-2678
-2819
-2380
-1692
-1306
-1289
-1302
-893
-542
-403
-270
416
1185
1460
1206
916
1025
1051
1012
747
660
635
363
58
-367
-463
-1079
-1844
-2331
-2223
-1725
-1613
-1550
-1615
-1316
-1205
-1139
-971
-576
-49
72
340
733
1350
1564
1192
1028
1065
1415
1398
1252
1392
1352
1265
721
456
238
-14
-263
-485
-144
74
224
20
23
213
231
305
505
1100
1550
1919
2195
2592
2870
2792
2583
2519
2747
2889
2963
3103
3148
3065
2859
2526
2055
142
-2492
-3887
-2902
-1518
-1716
-2499
-2881
-2928
-3724
-4403
-4275
-3601
-3442
-3761
-3122
-1412
181
242
-305
-55
865
1822
2216
2965
3890
4102
3380
2356
2206
2041
1231
45
-283
-14
-266
-982
-1908
-2129
-2526
-3033
-3344
-2952
-2003
-1728
-1814
-1874
-1293
-800
-755
-736
-358
383
841
1106
1314
1548
1470
986
648
750
977
801
312
36
-18
-259
-890
-1443
-1531
-1528
-1761
-2390
-2578
-2151
-1740
-1569
-1489
-975
-604
-396
-180
264
826
960
926
909
1309
1693
1588
1250
1154
1260
1188
972
723
558
373
-45
-376
-343
-376
-619
-972
-765
-270
58
136
144
581
978
1277
1472
1820
2122
2227
2348
2623
3110
3245
3053
2832
2763
2707
2446
2278
2408
2608
2538
2234
2256
2096
236
-3207
-5288
-3918
-1860
-1715
-2950
-3237
-3169
-4021
-4850
-4411
-2986
-2724
-3287
-3028
-1038
509
188
-798
-460
992
1933
2208
2657
3486
3382
2142
981
1123
1366
506
-787
-923
-293
-500
-1681
-2633
-2624
-2624
-2849
-2924
-2100
-1159
-967
-1328
-1267
-405
83
-73
-201
305
965
1263
1214
1223
1183
766
121
-19
417
738
405
-149
-364
-295
-493
-1022
-1305
-1353
-1166
-1161
-977
-1064
-1465
-1913
-1919
-1128
-209
390
350
243
286
557
697
966
1127
1096
1071
1200
1371
1169
735
203
155
258
415
270
75
-133
-319
-414
-418
-239
-130
233
509
854
1134
1272
1278
1212
1367
1564
1848
1946
1846
1888
2088
2262
2174
1994
1919
2017
1910
1718
1787
1876
1873
1636
1680
1846
1950
431
-2799
-4969
-3934
-1295
-786
-2057
-2943
-2956
-3498
-4148
-3678
-2425
-2051
-2752
-2748
-1225
186
-316
-1558
-1338
359
1629
2003
2128
2582
2429
1332
562
903
1360
560
-648
-650
70
-273
-1691
-2762
-2666
-2341
-2236
-1960
-1285
-835
-936
-1222
-954
23
447
288
124
561
1094
1118
979
878
858
541
126
132
297
194
-367
-741
-715
-609
-752
-1098
-1057
-1012
-991
-1144
-1051
-707
-635
-1014
-1588
-1424
-522
444
724
746
671
587
706
988
1305
1457
1334
960
860
1003
889
312
-244
-305
-17
190
133
-90
-240
-396
-432
-199
268
393
279
227
619
1293
1456
1490
1462
1709
1913
2102
2290
2379
2211
1907
1943
2185
2418
2025
1651
1341
1340
1465
1608
1697
1535
1482
1428
1734
2091
1295
-1674
-4618
-4183
-1195
257
-1136
-2659
-2972
-3121
-3521
-3334
-2057
-1522
-2171
-2638
-1551
10
-262
-1437
-1562
350
2089
2597
2293
2084
1853
928
392
711
1386
724
-503
-837
-236
-406
-1878
-2987
-2969
-2138
-1662
-1340
-1131
-1232
-1665
-1933
-1377
-370
228
-32
-288
-84
333
482
229
141
67
-29
-9
142
313
-33
-714
-1198
-1046
-632
-530
-877
-1315
-1476
-1379
-1015
-788
-491
-448
-403
-444
-711
-682
-441
119
417
772
810
792
728
535
433
258
482
484
465
321
91
-248
-605
-543
-426
-125
-133
-165
-59
-89
19
58
488
875
977
1194
1364
1650
1570
1523
1625
1947
2229
2125
2121
1881
1767
1420
1286
1496
1664
1815
1717
1759
1610
1547
1660
1901
2128
2266
2483
2603
2927
2735
261
-3224
-4318
-1412
1149
384
-1911
-2951
-3014
-3424
-3374
-2433
-1364
-1834
-2681
-2256
-861
-669
-1905
-2547
-1064
1326
2644
2420
1679
1162
602
246
661
1507
1231
-128
-1120
-790
-567
-1540
-2655
-2848
-2092
-1363
-976
-1096
-1626
-2225
-2343
-1690
-600
287
418
86
-63
85
292
407
327
289
225
371
309
59
-289
-687
-762
-556
-164
-17
-225
-682
-1066
-1038
-710
-307
-163
-240
-287
-331
-158
-377
-740
-864
-538
83
489
836
550
176
-87
-5
307
407
425
86
-148
-390
-530
-489
-463
-302
-207
68
236
243
123
-36
124
352
827
1063
1225
1361
1361
1413
1271
1361
1493
1701
1772
1791
1908
1748
1569
1411
1624
1863
1803
1772
1772
1797
1613
1502
1727
2004
2263
2172
2374
2521
2907
2102
-1062
-4257
-4122
-493
1191
-394
-2724
-3307
-3558
-4063
-3595
-2176
-1442
-2165
-2604
-1570
-311
-884
-2221
-2039
324
2468
3101
2354
1709
1052
481
488
1207
1754
613
-909
-1416
-642
-824
-2088
-2954
-2580
-1628
-1129
-944
-1301
-1770
-2030
-1450
-112
1020
1204
551
125
364
707
715
487
429
302
222
98
-177
-568
-1145
-1454
-1274
-702
-455
-758
-1381
-1624
-1299
-680
-288
-222
-340
-417
-293
-45
292
415
445
-118
-470
-386
345
663
345
41
-357
-344
-297
7
106
112
-130
-233
-176
-131
-422
-731
-466
84
512
554
489
388
403
519
902
1214
1404
1164
974
1096
1477
1620
1434
1312
1216
1267
1231
1349
1351
1286
1122
1225
1548
1802
1860
1582
1419
1374
1492
1788
1943
2044
2002
2032
2214
2667
1806
-1495
-4563
-3719
-62
966
-1134
-3134
-3442
-3862
-4217
-3384
-1899
-1775
-2723
-2889
-1605
-662
-1539
-2401
-1506
1024
2652
2728
1875
1071
449
275
891
1846
1806
289
-1200
-1275
-714
-1119
-2251
-2781
-2064
-1322
-794
-665
-952
-1638
-1807
-927
385
1220
944
506
230
510
722
826
712
321
141
43
199
32
-454
-868
-845
-362
-213
-326
-662
-929
-994
-811
-250
196
400
220
237
447
763
883
846
930
889
1039
876
536
-323
-808
-586
-116
338
52
-348
-958
-1145
-1117
-827
-454
-333
-301
-380
-155
-115
-46
36
401
1028
1393
1547
1273
1127
1096
1259
1579
1691
1771
1334
1020
694
642
643
425
439
332
468
370
264
59
61
348
796
1228
1369
1284
1139
1305
1723
2091
2340
2350
2365
2350
2659
3034
812
-2960
-4943
-1999
932
378
-2098
-3175
-3142
-3938
-3786
-2614
-1281
-1959
-2532
-1898
-452
-672
-1953
-2069
-322
1781
2381
1956
1176
738
280
395
918
1401
396
-999
-1374
-788
-959
-2301
-3104
-2731
-1624
-954
-704
-1178
-1922
-2352
-1597
-62
1039
1075
570
344
485
701
816
931
912
944
954
1061
841
175
-633
-790
-120
636
731
170
-654
-1158
-1140
-589
56
301
291
135
208
223
193
70
201
392
697
810
649
47
-890
-1343
-1146
-488
-386
-526
-861
-1030
-1130
-994
-692
-380
-208
-157
-19
179
437
349
498
803
1321
1628
1590
1204
779
491
559
882
1055
1015
468
58
-292
-373
-390
-379
-253
-71
174
306
351
163
11
177
707
1229
1495
1583
1529
1422
1382
1691
2102
2358
2459
2554
2738
3102
3299
1450
-2015
-4102
-1956
945
830
-1290
-2517
-2621
-3268
-3367
-2601
-1725
-2265
-2620
-1976
-720
-1091
-2596
-2890
-1356
843
1759
1721
1015
397
-183
40
729
1308
595
-649
-880
-357
-485
-1895
-2781
-2347
-1094
-246
247
6
-952
-1877
-1523
-54
1155
1390
964
976
1098
1073
671
382
357
486
687
748
550
-97
-920
-1176
-501
349
483
15
-521
-782
-800
-572
-43
290
442
454
591
540
286
-23
-68
294
629
845
647
138
-515
-1061
-1100
-766
-342
-165
-191
-228
-359
-446
-533
-283
142
762
1135
1172
867
390
238
283
717
949
1085
878
470
73
-158
-103
-56
0
-110
-55
-68
-90
-286
-364
-37
390
888
1192
1337
1300
1155
1177
1591
2177
2504
2502
2418
2231
1935
1688
1842
2061
2251
2330
2371
2373
2318
1327
-1542
-4312
-4136
-1248
-121
-1436
-2832
-3000
-3528
-4175
-3650
-2342
-1927
-2332
-1799
-627
-348
-1788
-2478
-1438
650
1856
2045
1793
1173
325
-215
137
575
315
-540
-759
-307
-304
-1514
-2759
-2713
-1667
-679
-91
192
-198
-997
-1167
-96
1138
1510
1260
1268
1556
1455
891
376
200
219
564
1022
1086
284
-955
-1588
-1293
-559
-195
-243
-488
-692
-837
-880
-739
-518
-202
84
637
952
808
187
-262
-106
365
919
1056
994
473
69
-360
-554
-490
-337
34
212
300
-33
-479
-701
-633
-301
78
357
408
145
-159
-416
-388
-196
126
597
971
1155
1033
808
597
640
899
1320
1521
1544
1354
1042
773
546
639
686
781
734
637
423
168
177
340
643
801
901
853
620
479
476
789
1048
1372
1542
1698
1777
1998
1683
-525
-2986
-3391
-1012
264
-629
-1787
-1807
-2294
-3298
-3165
-2109
-1841
-2355
-1759
-717
-586
-2174
-2980
-2348
-670
656
1384
1584
988
25
-582
-79
609
568
-168
-240
250
291
-828
-1974
-2150
-1620
-852
-13
629
111
-1029
-1463
-649
345
740
793
942
1129
926
570
113
-203
-227
123
609
686
222
-647
-1183
-1186
-798
-405
-92
7
-171
-325
-488
-493
-676
-540
-128
551
899
773
578
343
297
122
359
640
884
839
649
335
-213
-442
-561
-431
-343
-127
40
-200
-562
-775
-631
-327
20
258
274
276
226
170
307
527
729
845
990
1052
985
788
671
713
769
836
755
648
377
125
83
89
162
137
128
124
45
144
284
347
354
572
881
1016
987
928
1003
1058
1162
1504
1802
1950
1832
1973
2164
2388
1819
-181
-2232
-2587
-909
-355
-1067
-1745
-1656
-2341
-3333
-2941
-2171
-2259
-2609
-1663
-724
-770
-1690
-1943
-1352
-396
541
1231
1711
1587
1017
633
702
720
284
-216
62
598
516
-363
-1318
-1696
-1652
-1194
-492
17
-229
-770
-808
-403
-201
-332
-9
479
976
985
761
375
-175
-347
-95
675
975
711
45
-392
-496
-561
-630
-694
-594
-629
-503
-521
-642
-1010
-1299
-959
-391
153
247
107
-39
-48
250
624
967
957
861
914
996
804
425
366
364
261
-27
-127
-135
-404
-667
-739
-545
-562
-569
-460
-210
7
-11
25
108
203
123
359
709
956
971
889
942
827
686
528
582
678
581
479
345
279
187
143
171
259
358
442
763
692
704
660
685
886
982
1219
1152
1134
1022
980
1152
1414
1631
1786
1915
2020
1817
737
-767
-1503
-873
-223
-434
-744
-656
-1095
-2049
-2239
-1768
-1753
-2144
-1837
-1036
-786
-1317
-1726
-1683
-1412
-1070
-482
281
624
422
168
204
94
-320
-640
-484
-4
173
-1
-380
-761
-1194
-1466
-1247
-800
-542
-677
-669
-487
-536
-840
-832
-482
-111
38
242
424
259
-71
-275
-121
-39
56
169
282
394
348
268
139
62
-52
10
209
398
448
236
272
236
311
262
370
637
590
584
336
365
325
192
197
383
635
490
-117
-40
165
87
-229
-250
-12
-70
-120
-241
-93
-82
-151
-596
-322
-359
-241
-85
33
229
-12
157
-50
-8
138
327
594
731
883
655
585
454
357
442
565
756
655
683
583
442
351
261
513
720
881
872
917
1052
999
973
1023
1184
1134
991
856
765
707
657
619
547
565
413
194
-231
-670
-785
-696
-471
-250
-2
-90
-413
-638
-655
-749
-929
-920
-872
-921
-1036
-959
-939
-1122
-1450
-1620
-1426
-1198
-1094
-1000
-801
-790
-961
-943
-733
-528
-425
-333
-117
75
143
154
185
268
297
147
43
67
86
23
-76
-24
-30
-103
-277
-376
-421
-375
-270
-221
-175
-291
-316
-422
-471
-529
-530
-417
-285
-141
-102
-122
-258
-389
-390
-190
99
341
452
488
475
490
432
400
376
475
650
673
678
590
476
277
130
38
49
110
99
84
73
30
-168
-364
-426
-325
-169
-101
-177
-314
-444
-452
-414
-347
-192
-69
-114
-226
-285
-266
-133
-9
180
312
334
132
-18
-27
-9
139
203
296
298
322
253
137
78
156
373
481
647
766
903
843
644
582
675
869
995
998
927
842
704
638
691
841
905
867
931
1025
991
726
404
212
184
340
610
730
476
70
-191
-214
-246
-378
-654
-890
-1070
-1235
-1231
-1306
-1441
-1617
-1620
-1451
-1339
-1307
-1414
-1410
-1406
-1295
-1142
-919
-843
-957
-1029
-1032
-934
-1037
-1037
-955
-720
-525
-400
-247
-220
-191
-165
19
301
568
644
641
678
667
592
599
717
789
719
631
632
594
388
156
109
180
332
321
296
124
-46
-193
-275
-143
11
232
246
248
120
-7
-189
-286
-155
-46
57
-75
-214
-419
-373
-210
-93
-100
-170
-137
-228
-158
-111
-36
27
39
118
110
64
-54
-168
-265
-311
-205
-166
-139
-182
-198
-142
-101
-25
-59
78
248
512
721
784
865
814
867
892
1023
1057
990
969
906
885
761
714
636
592
592
576
585
478
408
379
451
524
587
593
468
339
329
491
619
661
614
630
653
511
342
221
257
295
238
82
-54
-142
-201
-274
-345
-490
-692
-783
-844
-719
-633
-702
-921
-1053
-1042
-974
-767
-648
-532
-531
-450
-342
-257
-221
-300
-269
-109
224
352
244
7
-206
-312
-262
-88
-9
-134
-305
-440
-422
-365
-414
-420
-423
-388
-382
-327
-366
-431
-484
-447
-245
-163
-178
-325
-398
-298
-209
-130
-200
-283
-313
-286
-164
-157
-111
-56
-27
-36
27
157
106
9
-123
-33
164
334
389
336
314
244
234
222
263
253
198
184
152
105
-24
-127
-160
-161
-176
-206
-229
-256
-325
-316
-242
-181
-161
-133
-45
47
77
36
66
147
280
372
459
489
514
532
526
544
450
484
526
591
633
615
553
365
262
191
187
220
262
243
124
70
80
174
248
313
477
584
635
619
580
585
624
791
987
1143
1130
918
738
551
540
615
739
768
672
568
310
128
-50
-99
-164
-265
-305
-338
-376
-621
-863
-1049
-1050
-942
-873
-777
-817
-909
-1036
-1020
-843
-732
-670
-630
-541
-596
-709
-736
-719
-683
-713
-612
-521
-431
-441
-559
-587
-561
-457
-433
-355
-251
-146
-82
-13
31
26
73
123
220
245
282
263
219
176
146
168
100
37
-32
-126
-240
-395
-471
-443
-439
-448
-532
-539
-458
-385
-344
-308
-120
38
106
46
63
140
157
180
239
342
321
205
141
206
337
333
272
204
178
119
26
35
68
115
38
-29
-55
-61
-72
-45
77
122
46
-121
-160
-109
18
77
92
98
55
47
98
210
253
228
134
116
148
290
366
303
197
171
321
420
522
540
566
544
561
635
678
712
616
614
696
757
793
725
674
657
673
685
641
583
476
464
480
466
391
250
170
96
126
139
110
62
-52
-188
-340
-463
-656
-817
-911
-855
-778
-757
-796
-840
-862
-820
-683
-533
-397
-374
-360
-259
-144
-137
-174
-238
-265
-318
-348
-284
-196
-151
-266
-395
-476
-484
-456
-377
-230
-138
-178
-250
-281
-278
-271
-239
-195
-175
-101
-140
-176
-263
-267
-243
-232
-201
-222
-113
-144
-145
-261
-260
-153
-97
-70
-144
-114
-242
-270
-286
-79
106
93
100
14
122
113
214
277
289
346
322
486
507
502
338
216
274
330
462
389
317
128
-8
4
19
62
-34
-49
-162
-265
-315
-346
-304
-278
-98
95
256
265
205
124
116
234
368
604
725
776
641
473
332
224
211
110
128
25
-99
-271
-369
-387
-470
-430
-360
-231
-219
-169
-196
-150
38
224
401
430
454
334
302
381
489
683
760
751
632
543
468
432
621
795
929
851
735
731
751
816
732
739
678
742
801
738
581
207
44
-91
-40
12
71
-15
-278
-314
-380
-351
-402
-461
-539
-591
-527
-601
-703
-967
-1229
-1309
-1123
-921
-928
-999
-1156
-1243
-1247
-1083
-903
-809
-708
-607
-458
-360
-285
-283
-231
-44
156
373
361
257
62
-31
54
96
173
147
104
64
82
13
-91
-74
31
150
210
245
171
50
-116
-175
-164
-123
-129
-192
-184
-237
-257
-281
-201
-120
-157
-191
-223
-129
-114
-141
-212
-218
-87
-50
19
76
129
76
-34
-26
24
169
277
382
361
238
103
16
88
188
343
356
329
247
135
42
-81
-114
-119
4
92
96
53
-32
-88
-180
-140
-18
106
147
111
106
94
144
178
196
188
153
195
265
359
305
175
85
118
244
252
144
-68
-171
-178
-145
-124
-154
-234
-314
-289
-213
-142
-138
-86
-30
123
295
452
498
446
496
566
734
765
729
658
587
574
530
541
515
528
457
376
334
258
217
69
47
11
-46
-118
-162
-135
-283
-364
-518
-546
-552
-592
-582
-614
-562
-730
-786
-753
-661
-619
-665
-646
-712
-667
-720
-697
-658
-676
-614
-604
-487
-481
-514
-538
-539
-409
-321
-184
-158
-137
-109
-99
-53
-51
109
187
215
156
87
79
-5
-16
-36
87
131
122
38
-82
-118
-172
-59
-10
87
73
13
-4
-6
97
92
145
158
200
235
256
289
310
331
369
449
472
504
562
660
714
740
759
775
784
726
641
562
445
318
129
-14
-101
-145
-159
-258
-310
-421
-543
-633
-533
-379
-233
-140
-179
-219
-315
-305
-244
-79
5
32
46
23
8
-43
41
139
253
346
418
461
392
321
227
245
336
413
426
294
178
22
-42
-71
-63
82
107
102
24
83
163
151
97
46
171
229
271
207
170
233
263
330
373
423
417
350
329
322
266
204
195
242
245
182
123
138
124
3
-60
-102
-162
-228
-264
-314
-367
-395
-517
-666
-734
-700
-626
-582
-609
-690
-756
-724
-669
-597
-482
-332
-248
-241
-267
-279
-225
-122
29
73
120
22
-18
-64
-84
-38
-48
80
92
114
39
5
50
120
275
388
568
586
475
334
328
393
392
450
444
413
226
21
-70
-74
6
-1
20
-53
-104
-230
-345
-328
-305
-225
-222
-178
-224
-289
-412
-460
-380
-267
-57
36
144
127
51
-5
-17
105
178
247
242
241
184
91
32
-63
-106
-152
-104
-6
38
-1
-112
-197
-266
-199
-79
95
166
104
-60
-210
-186
-122
5
82
169
220
193
164
124
193
165
112
102
67
52
-64
-94
-98
-65
-39
-26
12
-34
14
82
232
344
422
484
462
519
545
601
630
664
674
578
450
264
255
225
223
243
264
306
167
125
55
116
144
168
237
224
277
245
269
193
137
47
-36
-50
-105
-82
-140
-105
-88
-95
-102
-212
-194
-232
-260
-343
-429
-428
-456
-376
-383
-356
-423
-475
-470
-470
-390
-408
-359
-362
-300
-245
-188
-174
-256
-253
-270
-208
-172
-130
-122
-168
-234
-326
-408
-444
-410
-386
-388
-446
-562
-654
-689
-652
-552
-476
-442
-451
-443
-427
-383
-350
-264
-139
-21
36
56
120
162
228
249
305
294
268
205
100
88
22
12
-67
-109
-173
-283
-357
-417
-372
-413
-340
-248
-102
-4
36
129
132
245
359
560
699
784
819
733
692
587
542
513
548
638
601
465
247
114
43
64
141
183
239
193
108
-35
-132
-188
-226
-195
-111
31
27
-88
-290
-430
-426
-329
-138
12
96
112
134
153
129
94
150
293
377
392
349
305
230
169
215
350
456
452
388
340
340
368
455
573
684
721
666
530
409
351
283
315
387
423
337
154
59
18
-27
-118
-144
-97
-27
-55
-211
-298
-367
-404
-403
-367
-329
-403
-505
-599
-584
-577
-592
-595
-610
-603
-676
-690
-682
-670
-663
-608
-490
-445
-421
-411
-353
-268
-202
-100
-28
-2
-49
-126
-194
-227
-179
-129
-63
-39
-42
-76
-151
-193
-184
-53
74
173
166
113
84
62
69
32
87
97
153
215
285
364
282
219
210
380
500
530
498
431
355
190
178
231
222
68
-155
-276
-341
-343
-337
-315
-293
-297
-286
-304
-252
-179
-61
78
196
304
302
287
254
272
274
278
335
362
380
320
306
310
323
352
369
402
374
320
262
227
201
235
290
261
192
121
92
40
-46
-90
-37
24
28
32
-20
-97
-228
-287
-297
-297
-283
-285
-240
-227
-222
-247
-263
-222
-164
-75
-18
49
54
26
31
56
108
54
35
35
90
119
139
192
148
119
55
75
52
-11
-77
-121
-96
-109
-112
-192
-258
-275
-257
-187
-118
-38
-26
-61
-86
-92
-80
-151
-173
-187
-158
-142
-162
-144
-161
-177
-263
-297
-292
-270
-276
-299
-298
-340
-405
-466
-473
-465
-500
-504
-468
-409
-371
-356
-315
-270
-200
-178
-124
-108
-104
-135
-152
-45
32
74
-20
-118
-183
-193
-128
-42
85
150
201
247
361
495
525
517
528
630
681
614
527
453
411
338
326
355
345
283
234
290
326
337
300
318
399
512
668
719
678
524
414
378
391
425
387
339
209
73
-93
-243
-310
-334
-317
-324
-331
-359
-391
-420
-387
-262
-143
-37
22
100
173
174
183
166
245
331
357
346
253
193
124
106
87
74
54
16
10
-22
-93
-213
-256
-255
-207
-157
-144
-189
-322
-389
-388
-318
-260
-233
-199
-253
-312
-319
-242
-167
-186
-170
-132
-114
-189
-284
-347
-407
-454
-502
-489
-494
-520
-580
-682
-689
-657
-563
-522
-510
-456
-333
-183
-161
-142
-125
-24
20
15
8
-14
-2
19
96
168
184
122
94
110
155
183
196
227
259
307
332
359
335
288
267
278
344
369
337
296
317
379
414
451
466
454
394
336
290
278
314
353
384
360
295
228
206
255
327
356
317
232
165
137
179
203
241
339
399
346
131
-9
-24
32
75
97
194
235
191
27
-74
-76
-50
37
195
408
456
290
92
51
148
262
331
344
319
224
96
10
8
35
23
-7
-49
-104
-219
-316
-310
-233
-158
-155
-139
-98
-97
-134
-164
-143
-146
-152
-138
-128
-227
-436
-571
-570
-494
-467
-476
-489
-548
-672
-763
-749
-667
-609
-604
-586
-544
-516
-542
-611
-627
-542
-399
-260
-187
-120
-147
-239
-304
-219
-10
108
137
103
100
81
62
55
131
217
250
252
229
253
231
227
234
294
382
433
473
483
495
451
456
492
548
570
509
454
356
259
161
126
106
65
58
14
25
4
-27
-109
-235
-237
-156
27
117
141
113
112
156
152
208
245
343
353
296
206
73
-20
-103
-57
-18
13
-10
-75
-150
-268
-291
-263
-175
-167
-220
-274
-260
-197
-185
-177
-161
-90
-43
3
55
87
79
75
114
188
221
161
69
29
61
98
110
120
121
98
64
58
102
91
38
-46
-65
-24
-7
0
-55
-86
-96
-95
-60
-59
-112
-233
-341
-413
-420
-424
-496
-593
-715
-790
-820
-786
-752
-728
-706
-709
-692
-671
-548
-413
-267
-200
-166
-83
2
106
149
194
248
325
415
484
500
437
341
265
266
315
355
349
283
268
307
354
366
347
369
339
331
333
372
358
272
224
216
236
196
207
244
274
230
157
169
231
265
216
159
114
49
-38
-94
-65
-8
-22
-88
-153
-180
-241
-282
-265
-212
-154
-181
-173
-216
-278
-347
-365
-281
