-79
-79
-78
-69
-58
-44
-42
-26
-16
-25
-2
9
24
42
46
51
51
67
75
70
60
41
31
38
37
22
21
15
16
14
16
9
9
9
8
3
-1
-5
-19
-18
-28
-35
-39
-49
-56
-69
-67
-53
-68
-23
-51
-76
-30
-68
-41
-26
-50
-10
-27
-14
14
-30
7
1
-34
14
2
-10
9
-14
3
-17
-11
1
-40
-28
-47
-60
-54
-49
-45
-37
-48
-49
-28
-29
-19
-14
-21
17
29
25
39
32
36
51
12
39
77
5
50
58
43
73
50
51
58
47
36
25
19
35
30
-34
26
15
-40
9
-6
14
5
31
42
28
32
27
33
31
22
19
20
-7
12
-7
-14
15
-25
-1
-10
-20
22
-29
-6
-8
-26
-15
12
-13
-5
-1
-20
13
-18
10
11
13
63
-6
39
55
34
61
27
58
65
31
17
31
24
46
-7
-22
83
-35
-9
35
-15
57
20
11
29
34
18
6
-8
31
3
-56
37
-39
-25
54
-28
10
36
-8
11
12
15
-16
4
24
-12
-62
22
-11
-101
34
-33
-60
19
-12
-38
0
7
-6
-57
39
18
-47
67
-9
4
35
-16
-3
-9
10
6
-40
35
-16
-29
39
-21
6
2
7
19
-16
2
12
4
-2
-2
-14
8
-16
-24
-9
-29
-27
-6
-54
-63
-6
-89
-83
-34
-106
-92
-58
-85
-85
-36
-18
-105
8
-12
-16
12
-2
50
21
5
58
4
6
92
-37
39
94
-34
63
49
-14
51
-46
48
23
-39
59
22
-25
48
43
-89
46
52
-64
22
36
22
47
-12
31
57
-51
54
-33
-57
50
-70
-26
-34
-74
22
-64
-100
-4
-40
-51
-46
-8
26
17
37
-16
60
118
-64
59
71
-34
94
15
-3
86
23
7
80
15
30
67
67
20
4
94
59
12
-10
103
7
-17
122
-48
36
81
-92
66
-23
-32
49
-100
6
26
-76
-42
-20
-55
-42
-55
9
-16
-47
35
-83
20
7
-58
46
0
8
-82
9
23
-76
-61
19
-20
-62
-29
-31
-5
-83
-14
21
-68
36
-6
-47
25
-31
-17
2
10
16
-4
-7
60
33
-21
59
25
43
17
-18
32
20
-58
-7
-13
-15
41
-56
47
0
6
-22
16
87
-113
34
11
-69
-18
-44
42
-123
-51
20
-163
-39
-65
-160
36
-117
-171
66
-167
-6
-76
-93
39
-95
-23
-24
-32
-109
22
7
-42
39
-30
27
1
-68
75
27
-121
20
32
-87
-14
36
18
-72
47
69
-46
64
1
136
-30
60
180
-39
104
35
36
20
-6
165
-130
57
65
-62
159
-161
62
110
-213
202
-50
-64
159
-150
91
-39
13
163
-178
79
173
-181
177
52
-32
118
-30
89
53
-43
111
4
-10
95
71
14
-61
96
-29
-39
45
63
30
-105
88
88
-73
-28
180
-195
-5
155
-217
63
1
10
-146
-12
106
-153
8
-47
12
-7
-81
168
-159
28
77
-147
63
59
-44
-18
73
20
-6
-5
187
-144
66
137
-141
188
-45
-43
97
-78
79
-81
31
180
-217
11
222
-201
25
215
-272
193
109
-237
271
-39
24
-32
5
264
-345
210
-11
-120
128
-49
59
-43
64
11
-91
75
56
-177
114
-99
-43
47
-142
29
-118
46
-102
-125
266
-269
60
112
-155
160
-180
89
-38
-89
89
-271
241
-15
-319
244
-66
-135
131
-66
-106
53
137
-112
-83
348
-275
46
191
-217
146
49
-76
52
-26
223
-342
195
272
-419
338
78
-152
180
-3
38
-49
38
104
-91
-2
85
-39
4
183
-204
149
61
-80
99
20
-7
35
32
-191
149
-13
-223
159
-197
92
-83
-209
71
-41
-152
26
-81
-86
137
-214
48
57
-233
189
-191
26
-157
13
50
-205
107
52
-199
132
119
-325
253
-44
-89
165
-125
6
107
-197
171
-150
-98
172
-114
-108
189
-64
-99
135
-136
158
-114
-46
121
-56
24
-97
37
32
-95
-5
-20
43
-192
86
-34
-119
148
-108
-25
67
-199
148
-124
-145
169
-80
-54
90
-304
261
2
-423
477
-353
131
-34
-101
132
-226
134
-32
-319
292
-85
-158
17
-46
192
-233
-57
345
-391
167
292
-528
465
-214
99
6
-262
427
-254
-82
132
37
-92
70
191
-181
195
141
13
-5
242
51
32
226
-23
204
-48
224
-105
134
265
-128
166
-29
316
-48
-177
439
-163
-52
137
-65
72
78
-163
46
117
-121
27
-31
89
-87
-2
160
-175
102
157
-219
-2
231
-7
-323
260
34
-153
65
26
-109
76
28
-231
196
64
-155
146
70
-85
-41
217
-261
64
82
-165
-83
144
-209
17
-2
-157
105
-195
306
-428
84
111
-204
87
-3
-40
6
44
-70
140
-219
218
22
-38
-42
140
77
-122
143
60
-178
406
-232
45
255
-526
593
-269
-12
279
-329
317
-123
-164
553
-470
160
295
-432
492
-337
303
-207
-161
642
-645
168
271
-618
539
-202
-458
570
-372
-196
170
-155
-37
-186
-29
348
-597
134
383
-623
280
-109
-194
245
-323
197
123
-344
494
-424
136
205
-349
272
-112
169
-108
-5
254
-266
138
126
-110
356
-254
250
206
-332
619
-167
-171
660
-406
183
120
-92
181
-20
244
-233
207
213
-473
345
257
-520
484
-143
68
203
-303
243
26
-378
506
-353
-41
285
-416
338
-440
230
-273
-151
146
-330
134
-214
-106
42
-20
-300
303
-386
116
151
-466
486
-250
-245
385
-171
-87
200
-166
122
-95
40
35
42
-101
13
29
-165
-135
14
-122
-139
-16
-409
323
-357
-185
208
-474
280
-210
-369
299
-340
-117
53
-215
-34
-145
55
-123
-307
390
-199
-267
418
-359
109
10
-126
142
-265
372
-87
-186
166
128
-186
157
155
-173
238
-8
38
14
86
46
99
-53
151
90
-120
409
-376
109
256
-336
122
337
-68
-165
271
-25
-12
134
-375
625
-480
220
242
-535
617
-397
-100
118
86
-294
158
-50
-99
4
-186
482
-538
306
75
-265
110
11
297
-510
540
76
-316
469
-56
-33
242
81
-124
316
19
132
19
68
201
-199
427
-247
16
611
-487
162
428
-347
86
123
-14
2
96
100
-131
136
409
-558
106
528
-796
640
22
-457
579
-369
122
67
-164
332
-361
-84
445
-446
24
214
-443
373
-154
-212
-24
331
-318
-210
488
-143
-149
271
-28
-205
276
-74
-13
18
438
-522
239
244
-100
-132
273
-74
-241
345
-190
-24
-77
161
-388
251
-313
-49
91
-185
-344
318
-113
-567
227
-98
-172
-237
122
-400
12
166
-644
206
169
-757
328
-268
-172
115
-392
472
-433
-68
593
-757
263
308
-544
468
-40
-294
453
-300
-53
293
-125
124
252
-172
7
281
-14
-182
492
-361
9
407
-281
307
-444
665
-193
-195
576
-76
-310
444
-368
231
224
-675
910
-941
646
-58
-837
877
-689
58
318
-708
775
-626
126
320
-383
126
106
148
-449
668
-344
-58
463
-453
132
506
-396
156
736
-658
437
405
-227
-49
384
-125
-157
129
184
-355
86
271
-423
-256
893
-902
275
663
-1216
911
-266
-287
330
-396
75
-89
-93
0
-345
275
-73
9
-392
533
-319
-380
746
-639
-77
594
-406
-199
669
-645
-246
799
-884
166
544
-558
125
223
-241
-107
169
-345
106
-58
-273
537
-462
-231
622
-885
485
225
-934
1107
-568
-452
953
-382
-251
467
-210
234
-499
628
-484
-270
796
-851
185
292
-233
-219
-133
593
-548
-188
690
-338
-164
162
126
-345
380
-28
-651
743
-214
-344
437
28
-412
557
-30
-308
278
218
-431
354
84
94
-95
135
449
-767
583
429
-991
901
-31
-166
354
-71
-61
573
-118
-114
288
76
269
-96
19
11
404
-294
341
-85
-289
840
-831
377
424
-939
1147
-367
-329
497
287
-1033
1133
-554
-270
720
-912
955
-1096
833
-234
-389
222
6
125
-331
255
-214
-173
527
-555
-96
596
-491
-250
686
-532
-112
643
-654
309
-115
197
-225
-100
587
-749
101
554
-790
335
-140
-163
43
256
-516
38
125
-167
-204
-55
551
-880
417
44
-294
-119
40
213
-414
293
-124
-284
638
-596
170
242
-368
174
279
-461
605
-636
259
392
-644
636
-640
238
242
-365
383
-258
45
57
-163
142
168
-379
184
-21
-104
286
-321
77
3
-77
258
-266
-40
422
-169
-316
401
45
-186
203
-790
1063
-265
-526
454
-57
134
-559
617
-394
97
423
-607
424
-247
473
-254
-376
443
-89
-335
117
407
-824
884
-438
-153
552
-242
99
-226
282
-20
189
-172
7
364
-30
-431
579
-315
454
-148
-304
639
-267
-36
371
-270
-206
568
-644
286
98
-219
-35
226
-133
-359
857
-728
-220
765
-604
204
-168
380
-214
-262
397
-182
66
9
-79
152
64
-152
221
-57
-153
426
-627
691
-406
-120
846
-1068
700
173
-444
412
53
-287
118
146
-219
-84
-117
497
-1021
800
-44
-314
294
-398
767
-711
-108
774
-861
271
120
-591
482
-597
290
-311
-208
374
-380
-387
732
-554
-132
563
-761
617
-730
173
83
-330
-165
216
-190
-129
-182
-54
-10
161
-408
252
38
-633
690
-218
-644
420
149
-460
356
-83
-276
364
37
37
-68
-26
422
-278
-181
900
-1129
642
398
-1020
888
248
-918
925
-302
65
-25
-199
543
-364
24
327
-356
145
49
57
-456
371
198
-617
615
-437
202
1
-42
328
-3
-111
358
-262
406
43
-157
289
-79
309
-174
-103
528
-178
-86
65
134
-87
240
-51
-111
203
-230
546
-573
271
48
-165
-169
233
-132
-163
-49
34
-177
311
-169
-389
597
-437
239
1
-577
812
-452
-270
691
-568
230
303
-333
295
-338
388
-11
-297
282
-233
214
-350
508
-499
564
-411
-90
424
-463
105
60
50
-381
316
160
-277
-78
265
-424
605
-209
-431
696
-467
-66
124
-202
384
-699
912
-767
-5
1226
-1431
603
90
-440
-31
426
-741
126
239
-633
71
-68
-220
-140
-44
274
-482
-22
429
-636
425
-519
538
-716
536
-88
-530
417
-47
-61
-397
158
158
-168
-95
253
-356
738
-671
-17
218
-147
26
-104
78
188
-275
195
383
-528
231
461
-375
-92
642
-863
757
174
-1095
1254
-464
94
-33
452
156
-892
1433
-654
13
681
-483
382
206
-77
119
280
-173
506
-824
1080
-433
-467
1623
-1700
642
873
-1170
795
-341
477
-367
392
-181
0
774
-1001
550
618
-596
21
466
-350
178
532
-1316
1844
-1107
-85
1168
-1487
1395
-1127
1090
-546
-92
474
-608
556
-863
1094
-657
-241
309
127
-360
56
392
-601
625
-437
-44
328
-397
300
-416
777
-878
428
257
-855
1111
-1020
408
-180
34
-20
-359
389
-392
323
-542
448
20
-708
659
-339
-27
-539
624
-829
-129
920
-1535
733
-304
-171
-182
-186
128
-261
-202
146
-280
-138
-317
561
-898
142
602
-1072
790
30
-903
1027
-392
-304
503
-473
-132
248
-96
-346
125
-110
-152
115
-249
-217
268
-169
-143
-9
-180
410
-470
-216
385
-521
60
429
-814
535
53
-429
769
-934
734
-50
-288
428
-121
217
63
-97
854
-720
129
951
-813
649
-316
637
-301
-6
753
-613
112
583
-534
531
41
67
-404
320
244
-43
-177
193
67
-76
202
103
-258
265
565
-1163
1227
-870
952
-566
202
-51
322
-7
-643
1056
-849
614
-72
302
-319
633
-842
689
-110
-152
-264
818
-280
-355
83
595
-662
495
73
-470
839
-609
461
-212
519
-480
802
-1013
1277
-802
767
-383
114
501
-112
-517
407
35
-134
-48
18
400
-777
988
-1152
1086
-523
-133
460
78
-641
431
-15
-240
-146
-26
-12
306
-1062
1403
-726
-116
824
-958
206
986
-1136
549
679
-1311
1325
-958
569
-579
483
-305
168
3
119
-353
484
-513
417
-270
172
-604
288
632
-1647
1200
-869
976
-937
286
-470
630
-772
1011
-671
-327
1069
-1522
1137
-705
-12
93
-226
329
-373
17
-71
-134
148
-349
371
-583
595
-489
-82
362
-395
164
-623
754
-788
116
114
-276
69
308
-779
714
-459
-58
422
-664
565
192
-1026
1623
-1011
-273
1484
-1691
1191
-670
207
293
-675
548
-68
-430
384
-91
-447
606
-205
-203
141
285
-399
-231
718
-771
121
516
-1004
978
-239
-799
785
-220
-156
-26
189
-499
840
-760
585
-565
129
673
-1366
1374
-940
117
698
-984
460
137
-566
750
-936
578
397
-1382
1555
-1073
-130
882
-1312
611
-218
-451
711
-801
-8
614
-901
321
204
-504
125
273
-688
278
290
-982
616
195
-989
1534
-1284
348
708
-1294
773
-111
-32
-61
254
141
-586
584
-6
-201
-33
539
-931
978
-211
-679
1343
-1400
989
-322
-176
583
-178
34
-63
701
-753
324
531
-801
315
661
-874
705
112
-825
1264
-997
-158
1513
-1518
1005
-111
-317
462
-225
-66
237
-145
-44
341
-246
146
324
-445
285
-213
178
106
-79
-43
177
195
-761
566
-122
144
-681
705
-330
190
-8
-342
705
-814
678
-38
-171
283
80
73
-196
612
-754
1007
-840
448
-27
-109
465
-619
670
-382
233
-18
-234
443
173
-326
256
-116
429
190
-925
1125
-243
-599
1317
-1280
659
143
-304
577
-352
286
177
-133
245
-43
-80
68
314
20
-141
146
-4
-206
390
-224
-353
754
-898
840
-942
296
466
-1114
818
-178
-861
1222
-868
-250
826
-1329
779
-137
-767
863
-728
-244
837
-881
477
-292
90
-418
476
-731
582
-390
-297
386
-194
-337
235
52
-568
595
-443
170
-5
-272
64
130
-245
-166
-129
693
-1054
549
-61
-216
313
-626
283
250
-503
523
-186
-240
791
-377
-610
1379
-600
-231
628
218
-769
777
33
-491
627
4
-547
1093
-945
292
440
-645
750
-257
1
22
113
-307
477
-192
-339
827
-483
-409
1319
-1717
1340
-382
-5
55
257
-516
472
-113
-430
839
-597
537
-344
320
-91
-186
426
-597
703
-701
439
-137
-564
1124
-1284
770
4
-571
726
-726
614
-482
40
249
-498
444
-301
175
-482
802
-1106
914
-215
-322
381
4
-20
-189
507
-517
177
257
-745
1115
-1249
931
-292
-692
1034
-603
159
-157
306
-275
115
-137
63
-120
-57
-149
392
-622
260
248
-796
259
532
-934
350
322
-902
694
-153
-345
450
-258
-288
484
-528
161
197
-356
135
-169
-22
142
-384
-105
572
-706
23
951
-1418
627
468
-1632
1648
-608
-591
1023
-1021
638
-636
129
181
-436
396
481
-1514
1663
-721
-632
1142
-1399
1924
-1988
1036
178
-864
791
-165
-733
1553
-1478
649
228
-590
550
19
-447
175
737
-1118
539
751
-1255
779
658
-1888
1934
-341
-1134
1140
-379
376
-163
-218
595
-508
215
408
-893
1228
-806
166
160
-217
361
-323
164
77
-342
567
-386
-418
1221
-1267
516
483
-1185
1177
-453
-537
1225
-1552
1495
-904
-394
1785
-2429
2192
-686
-719
1678
-1682
1142
-125
-949
1585
-1465
1084
-388
-755
2044
-2131
599
1113
-1237
496
628
-1279
1961
-2031
1409
-347
-986
2174
-2336
1664
-658
-127
1162
-1299
321
753
-1293
1208
-782
318
826
-2051
2125
-1269
-273
1344
-1369
356
684
-992
991
-1349
1092
88
-1502
1258
-102
-493
250
128
74
-996
1357
-573
-641
1338
-1192
730
-302
-381
1395
-1335
212
787
-1012
767
-158
-491
1362
-1540
1298
-975
202
978
-1840
1411
-135
-904
1621
-1774
1129
24
-728
406
-316
926
-1212
131
1192
-1181
-32
1107
-1041
77
576
-761
740
-450
57
629
-1653
2013
-1132
-154
1005
-956
654
-148
-286
831
-532
-475
1213
-1413
1550
-1234
87
1286
-1915
1375
-98
-621
1126
-1574
1023
136
-1144
1861
-2230
1639
209
-1933
1896
-589
-227
117
-244
1235
-995
15
1387
-1873
1865
-1038
-387
1401
-1355
938
-812
659
443
-2037
2026
-998
-262
1042
-1659
1770
-995
-64
188
-716
1595
-1828
112
1599
-2219
2005
-1089
-288
1374
-1640
992
-665
476
1005
-1964
948
1352
-2513
2252
-1358
255
418
-504
838
-773
733
225
-1531
1371
-178
-921
1524
-1758
1252
-501
-567
1457
-2112
1505
208
-2151
1900
-528
-851
906
-751
792
-946
-571
1596
-1370
-184
409
231
-535
-659
1678
-1287
-843
2190
-1683
-178
1650
-1553
896
-699
859
-756
60
1020
-1422
730
867
-1595
877
550
-1710
1930
-1313
-103
1273
-1664
1292
-828
558
303
-1389
1644
-883
-539
1761
-1284
-174
935
-153
-548
92
806
-303
-1093
1194
34
-734
524
-135
621
-1318
718
966
-2179
1863
-276
-758
783
-287
259
-409
228
-98
252
-478
532
41
-472
410
175
-347
-74
566
-33
-305
417
-330
1007
-1339
710
182
-187
365
-888
986
-82
-486
294
353
-890
574
-267
124
69
-334
505
-630
458
-113
-339
584
27
-883
1239
-831
365
-206
387
-357
230
-102
111
155
-489
760
-903
348
258
134
-670
388
443
-907
190
747
-600
-39
651
-299
-93
242
-323
497
-521
118
323
-410
243
292
-618
681
-436
-409
1112
-1028
194
201
0
-425
480
76
-675
498
26
-563
623
83
-717
912
-734
273
63
-423
673
-871
885
-289
-259
392
10
-366
208
1
-194
292
-241
252
-264
370
-450
-3
407
-183
-337
423
-19
-101
261
-110
-179
239
232
-640
495
229
-132
-130
371
103
-528
440
-34
-104
141
192
-29
197
59
-346
632
-635
338
345
-558
619
-43
-189
213
220
-448
481
-55
125
145
38
190
39
178
-183
309
-490
488
8
-578
794
-386
-79
406
-744
425
-122
-543
581
-343
-50
-44
-92
57
-302
101
36
-275
48
0
196
-354
94
241
-833
522
77
-642
388
-221
-39
158
-96
63
-67
-445
395
-214
-159
282
-421
478
-386
-35
251
-346
136
-409
268
18
-333
212
-121
66
-239
-324
469
-376
-69
127
-22
10
-403
437
-56
-523
268
-156
125
3
-87
222
-325
306
-140
-200
42
123
-200
77
345
-46
57
-137
-186
179
-35
-168
380
-69
-99
261
-410
206
-2
-480
210
40
-100
152
158
-166
69
-17
-31
-22
213
54
-52
247
82
29
-48
-97
146
-370
-57
262
-11
79
-284
-12
-181
-97
-152
-93
83
-158
4
-28
-4
-42
48
-238
2
55
-22
257
-79
256
156
-291
183
41
61
333
112
141
340
-10
81
461
27
-18
118
335
235
51
172
136
105
-86
-25
73
-109
92
-41
-45
45
-249
9
-101
-299
-35
-172
-70
172
116
-75
-2
-45
-107
71
62
92
81
80
6
69
85
30
-35
8
136
-35
25
27
-36
79
-95
-26
-203
-132
-67
-126
-132
-98
-139
-239
-135
-312
-259
-261
-324
-92
-139
-144
-71
-140
-108
-52
-21
-137
55
14
70
-10
13
71
-18
25
42
45
-76
116
-103
32
63
-41
-32
-89
-151
-124
-73
-148
-34
-188
-118
-103
-160
-181
-164
-173
-123
-97
79
-46
6
112
-16
187
8
245
141
151
267
123
311
142
145
272
76
235
141
85
174
42
187
24
32
63
-55
34
-93
16
-17
-64
37
-98
-57
-44
-66
-24
4
-58
18
-12
-82
-85
-55
-130
-16
-7
-86
-21
-85
-111
-65
-83
-172
-19
-50
51
118
97
67
43
108
73
172
138
203
239
188
239
172
242
132
316
298
350
377
375
394
271
364
214
309
128
216
202
167
169
69
124
14
43
48
37
62
71
108
146
74
-20
3
-37
35
138
96
100
80
66
26
-123
-29
-112
-13
13
9
90
-123
-89
-212
-146
-327
-177
-206
-261
-195
-343
-410
-490
-613
-659
-647
-750
-716
-653
-708
-755
-652
-800
-773
-671
-661
-561
-464
-440
-378
-376
-377
-335
-307
-265
-196
-142
-84
-152
-106
-82
-149
-62
-81
-61
-40
-64
-9
-55
-51
89
47
164
188
123
344
326
495
574
622
780
870
946
1021
1150
1202
1414
1464
1587
1720
1835
1837
1998
2140
2193
2312
2271
2373
2440
2567
2300
1725
1132
576
-705
-1586
-1503
-853
-1315
-2330
-2219
-1964
-2682
-3612
-3720
-3572
-3799
-3322
-2180
-1698
-2376
-2287
-1813
-1676
-1588
-1077
-303
168
850
1652
1692
1151
1040
1329
1528
1612
2123
2390
2271
2084
1730
916
-23
-346
-119
-148
-174
-161
-425
-972
-1566
-1878
-2206
-2491
-2050
-1356
-854
-673
-663
-728
-1184
-1838
-1875
-1008
-210
437
800
1110
944
359
207
-4
-184
-12
725
1387
1139
953
258
-511
-794
-745
-414
-214
146
540
458
40
-412
-657
-672
-370
295
1038
1342
1601
1719
1230
1004
958
1293
1855
2488
3123
3299
3173
2953
2759
2564
2455
2776
3132
3649
3571
2809
1874
1074
-168
-2652
-3985
-2580
-1058
-2073
-3677
-3241
-2736
-4301
-5527
-4803
-4396
-4722
-3280
-931
-677
-2046
-2299
-1378
-1182
-875
122
1219
1570
2252
3218
2503
1114
724
1184
1477
1695
2145
1984
1451
985
326
-875
-2044
-2035
-1123
-741
-601
-671
-1032
-1675
-2061
-1867
-1878
-1700
-769
459
1073
1047
664
359
257
344
994
1311
1569
2018
2246
1999
1074
253
-91
-382
-195
173
-1831
-3704
-2958
-1449
-1876
-3132
-2745
-1635
-1394
-870
-433
-1404
-1964
-596
1181
1309
509
587
872
783
1210
1195
418
490
1604
2407
1991
1044
646
1122
1254
1423
1640
1618
2015
2620
2845
2018
1044
1136
2344
3127
3276
3525
3613
3688
3660
3048
1924
942
815
-860
-2733
-2138
-533
-1520
-4537
-4316
-2566
-3662
-5524
-4928
-3411
-4149
-4133
-1951
-998
-2318
-2823
-1005
-35
-346
417
1539
1732
2034
2459
2747
1578
1095
1795
1928
1680
1241
1380
986
210
-358
-1231
-2089
-2236
-1559
-1155
-1481
-1723
-1703
-1816
-2115
-1861
-1553
-1216
-460
559
1165
1013
859
938
1048
1174
1339
1615
1570
1652
1709
1213
428
-346
-483
-742
-841
-976
-1207
-1395
-1783
-2292
-3366
-4532
-4208
-2689
-1662
-1339
-1127
-609
-322
-233
-26
-119
39
1031
2272
2736
2028
1114
434
105
90
158
140
227
608
890
532
-358
-887
-620
35
950
1463
1876
2236
2491
2475
2010
1820
2217
3223
4247
4692
4696
4819
4461
4010
3943
3742
3471
2802
2559
2260
145
-3889
-6053
-4422
-2646
-4259
-6073
-4659
-3240
-4407
-5703
-5070
-4801
-5009
-2836
882
1586
-192
-224
1322
1614
1293
1671
2580
2881
3631
4289
3256
942
-547
-203
-56
-365
-746
-768
-856
-1299
-2062
-3248
-4230
-3997
-2442
-1185
-675
-441
-287
-213
-81
57
291
680
1724
3129
3735
3152
2204
1537
994
711
494
321
42
-18
6
-806
-2028
-3223
-3447
-3170
-2681
-2120
-2011
-1799
-1599
-1745
-2005
-2183
-2134
-1462
-83
1274
1375
1022
916
897
676
168
210
357
486
924
599
-366
-1512
-1899
-1798
-1538
-1398
-1076
-624
-248
121
15
-18
-11
893
2036
2948
3319
3431
3857
3873
3615
3347
3393
3727
4225
4536
4347
3869
3363
3031
2920
2936
2508
2010
1200
687
375
-987
-4544
-7298
-6042
-3088
-2901
-5073
-5014
-2924
-2626
-3812
-3514
-2457
-2345
-1270
2066
3847
2032
364
1109
2191
1781
1234
1593
1917
1867
2016
1431
-662
-2517
-2526
-1489
-1184
-1614
-1717
-1352
-1086
-1448
-2253
-2753
-2528
-1032
625
1492
1357
1150
1195
1135
1067
877
883
1396
2124
2620
2088
698
-394
-992
-1044
-1221
-1446
-1515
-1430
-1149
-1403
-2120
-2760
-2932
-2186
-1133
-447
-23
180
492
720
721
495
12
-461
-164
624
872
214
-538
-585
-691
-1051
-1270
-1495
-1519
-1362
-878
-798
-1248
-1666
-1489
-1078
-828
-524
-74
288
823
1267
1455
1409
1475
2080
2489
2795
2751
2819
2896
2830
2680
2298
1916
1841
1896
2085
2057
1917
1854
2002
2188
2268
2423
2782
3263
2959
2320
1538
896
-1096
-3998
-5184
-3343
-1412
-2646
-4243
-3459
-2140
-3081
-4376
-3812
-2866
-2721
-1407
1103
1511
-334
-1101
-31
691
405
404
1129
1786
1801
1737
930
-490
-1283
-1032
-93
149
-175
-94
37
-243
-1149
-2012
-2184
-1731
-509
491
741
629
304
147
-91
-322
-181
296
969
1766
1910
1246
308
-264
-512
-708
-539
-537
-280
-37
-115
-505
-1281
-1775
-1629
-1107
-464
-44
242
420
375
347
101
38
-158
-881
-1179
-590
-237
-833
-1374
-1131
-897
-1124
-1076
-943
-976
-1022
-589
-125
-259
-577
-511
-465
-275
19
123
435
659
1147
1306
1475
1592
1679
1955
2113
2336
2175
2349
2438
2410
2175
1943
1770
1485
1636
1787
1935
2110
2364
2929
2937
2914
3397
3778
3209
1809
1251
1207
198
-2518
-5182
-4775
-2694
-2424
-4248
-4690
-3238
-2834
-3658
-3578
-2513
-2458
-2310
-147
1954
1171
-409
-89
1074
1430
930
874
1264
1253
1249
1024
121
-1246
-1748
-1165
-653
-955
-1546
-1374
-1090
-1258
-1810
-2002
-1845
-1135
-9
687
837
638
576
611
743
673
578
894
1297
1685
1450
736
-49
-579
-676
-834
-1002
-1167
-1116
-883
-980
-1316
-1906
-2004
-1791
-1266
-657
-394
-283
-32
386
504
564
532
54
-587
-511
-296
-483
-1116
-1161
-578
-685
-835
-866
-965
-945
-829
-361
-167
-258
-66
73
164
199
135
318
695
1011
1373
1475
1638
1788
2006
2125
2113
2059
2274
2540
2651
2532
2175
1941
1603
1674
1664
1726
1848
2138
2651
2797
2998
3109
2984
3198
4001
4552
3713
2028
750
-430
-2982
-5508
-4938
-3002
-3013
-4752
-4610
-3069
-3624
-5373
-5169
-3312
-2586
-1943
86
1896
1085
-525
-25
1078
1134
683
1266
2227
2075
1503
889
71
-1402
-2044
-1427
-801
-783
-1177
-1009
-1110
-1832
-2649
-2850
-2291
-1531
-491
421
867
801
491
243
206
300
511
1175
1831
2178
1862
1055
311
-601
-978
-1017
-947
-817
-869
-711
-1077
-1764
-2329
-2456
-2140
-1667
-965
-230
215
333
483
431
534
298
-360
-682
-273
366
217
-416
-740
-534
-573
-708
-747
-866
-897
-680
-216
-208
-633
-1014
-1063
-583
-287
-143
-21
471
835
1152
1487
1562
1669
2128
2697
3066
3064
2932
3057
2982
2668
2214
2048
1761
1728
1780
1687
1818
1773
1759
2023
2619
2991
3017
3229
3630
4171
4690
3965
2023
115
-1649
-3593
-4715
-3996
-2727
-3328
-4545
-3866
-2879
-3905
-5548
-5114
-3495
-2381
-1309
95
842
-58
-672
-203
588
622
319
1167
2036
2257
1441
705
20
-930
-1259
-999
-482
-671
-666
-629
-888
-1619
-2542
-2618
-2092
-1208
-481
200
555
530
272
-122
-233
-281
-116
616
1338
1734
1310
721
291
-413
-706
-802
-554
-397
-176
-45
-389
-882
-1517
-1826
-1618
-1158
-679
-202
98
396
367
396
39
-875
-1187
-1049
-477
-381
-599
-711
-799
-878
-1043
-1252
-1417
-1461
-1110
-512
-468
-573
-983
-1152
-856
-738
-521
-244
193
802
1288
1600
1555
1527
1799
2136
2564
2834
2849
3126
3167
3068
2615
2037
1802
1647
1625
1856
1924
1796
1863
2360
2648
2583
2804
3174
3896
4303
4689
4871
4464
3439
1535
-1321
-4560
-5470
-3592
-2257
-3554
-4939
-3975
-2874
-3895
-5546
-5455
-4341
-3550
-1666
872
1663
79
-935
-22
1107
930
233
757
2054
2726
2373
1627
420
-946
-1642
-1178
-550
-760
-1099
-656
-499
-1451
-2824
-3615
-3185
-2443
-1378
-342
334
508
-1
-102
-3
-222
-285
379
1778
2680
2488
2009
1252
411
-400
-638
-571
-669
-480
-113
-86
-754
-1722
-2410
-2490
-2289
-1760
-1102
-574
-164
98
266
100
-493
-1341
-1283
-355
-23
-390
-539
-269
-327
-625
-1076
-1140
-1116
-972
-535
-53
-91
-681
-818
-755
-595
-750
-889
-406
300
692
916
1211
1187
1204
1623
2153
2376
2409
2619
2973
3057
2835
2331
1850
1783
1640
1755
1821
1865
1820
2021
2446
2656
2601
2656
3119
3515
3892
4082
4384
5001
5315
4349
2298
-863
-4023
-4928
-3266
-2167
-3727
-5115
-3852
-2638
-3849
-5562
-5809
-5386
-4835
-2903
-182
773
-676
-1554
-461
921
689
-460
-95
1588
2828
2948
2785
2037
581
-572
-460
21
-264
-673
-382
354
-181
-1738
-3096
-3420
-3082
-2670
-1902
-925
-581
-829
-971
-742
-924
-1653
-1455
-274
1131
1794
1879
1766
1392
610
108
-34
-25
54
270
921
1168
529
-608
-1344
-1452
-1443
-1310
-970
-430
-52
117
146
-18
-1085
-2276
-1982
-1031
-545
-630
-553
-278
-313
-706
-1078
-1446
-1503
-1420
-672
142
271
-186
-660
-548
-353
-601
-805
-297
326
957
1136
1436
1321
940
963
1214
1658
1702
1987
2304
2733
2528
2021
1560
1382
1462
1576
1962
2199
2413
2304
2413
2523
2419
2440
2644
3267
3958
4383
4592
4580
4671
4896
4654
3679
566
-3399
-4459
-2342
-1040
-3167
-5081
-3964
-2390
-3071
-4541
-4769
-4885
-5524
-4541
-1375
510
-632
-2460
-1768
506
817
-686
-1454
-226
1253
1751
2429
2644
1355
-419
-892
211
653
-317
-865
-128
732
-24
-1652
-2440
-2655
-2864
-2461
-1286
-383
-885
-1547
-919
-175
-520
-1533
-1336
-2
1127
1685
1890
1923
1390
633
519
919
767
174
78
868
1389
712
-385
-1016
-1209
-1392
-1493
-1180
-942
-1071
-1000
-713
-898
-2127
-2948
-2532
-1676
-1172
-1219
-1157
-699
-326
-278
-416
-562
-854
-962
-192
677
744
104
-389
-137
139
-226
-651
-680
-316
167
686
1083
964
638
551
1025
1706
1819
1675
1968
2542
2873
2793
2407
2109
1918
1976
2371
2539
2557
2351
2434
2925
3094
2999
2709
2774
3305
3630
3790
3666
3629
3729
3605
2484
-389
-3598
-4318
-2755
-2241
-3754
-4634
-3489
-2504
-3222
-4088
-4325
-4737
-5469
-4977
-2461
-696
-1382
-2695
-2100
-161
269
-956
-1619
-827
413
1235
2149
2941
2373
906
295
1064
1787
976
-120
43
907
1024
109
-655
-1153
-1773
-1966
-1382
-695
-1016
-1786
-1663
-845
-437
-1063
-1661
-1321
-556
-5
245
446
545
299
153
633
1112
878
270
371
1092
1329
931
446
361
275
-17
-93
-93
-273
-716
-991
-787
-719
-1531
-2449
-2503
-2079
-1681
-1780
-1629
-1269
-1033
-804
-730
-457
-609
-993
-755
-27
592
439
1
211
548
668
588
492
657
823
1105
1637
2008
1983
1697
1566
1941
2211
2051
1746
1727
1947
2024
1883
1800
1577
1301
1159
1272
1481
1256
1052
1039
1344
1500
1321
1213
1321
1482
1779
2069
2323
2606
2652
3001
3153
3020
1199
-1348
-1923
-789
-219
-1617
-2504
-1728
-998
-1437
-2206
-2432
-2939
-4296
-4849
-3601
-2040
-2068
-3254
-3209
-1584
-491
-1123
-2068
-2073
-1493
-1218
-673
449
1095
647
-161
311
1452
1531
407
-488
39
796
841
740
693
495
67
-166
195
269
-462
-1290
-1379
-515
-195
-715
-1202
-1141
-754
-831
-906
-848
-883
-1167
-1144
-562
10
-60
-614
-658
-227
102
-50
-256
-194
60
215
339
709
902
675
329
365
590
353
-169
-396
-129
86
39
-42
-84
-14
-280
-302
-230
-336
-572
-787
-424
-64
-55
-326
-410
-274
-67
-105
-131
-68
278
570
836
1215
1316
1277
1128
1304
1451
1523
1364
1228
1279
1418
1319
1168
933
685
498
381
446
490
533
521
469
701
1003
1045
1066
1099
1455
1657
1856
2066
2194
2319
2393
2644
3008
3120
2305
656
-462
-100
394
-525
-1545
-1574
-937
-739
-1197
-1462
-1749
-2530
-3485
-3689
-2856
-2489
-3183
-3644
-2997
-1705
-1467
-2267
-2844
-2615
-2344
-2077
-1407
-611
-127
-459
-492
291
1145
960
153
-37
607
1159
1173
1189
1310
1340
1083
960
1109
1014
403
-338
-297
125
214
-137
-459
-361
-369
-521
-580
-485
-550
-882
-963
-531
-59
-11
-337
-444
-104
188
208
13
-56
-32
-128
65
340
422
37
-532
-467
-82
-33
-413
-788
-657
-276
-91
39
3
-46
-185
-314
-82
17
-278
-610
-731
-316
-27
-129
-320
-428
-255
-162
13
245
390
369
447
597
1072
1207
1147
1141
1285
1687
1684
1614
1470
1501
1521
1557
1694
1776
1664
1385
1303
1358
1482
1149
826
787
765
806
686
618
596
437
463
639
939
1192
1245
1471
1464
694
-432
-602
53
5
-791
-1047
-551
-59
-365
-871
-1136
-1588
-2443
-3184
-3005
-2451
-2646
-3316
-3233
-2419
-1618
-1948
-2481
-2466
-2101
-1784
-1584
-925
-291
-200
-466
-124
709
1219
731
261
351
821
1036
909
970
972
884
611
719
844
594
-88
-531
-302
40
9
-316
-362
-201
-78
-120
-146
-210
-376
-611
-472
-77
170
140
-210
-152
73
95
-146
-396
-324
-221
-170
-7
97
22
-332
-624
-485
-309
-223
-404
-407
-113
28
32
3
-35
-60
-229
-233
119
231
10
-287
-158
147
185
90
-10
217
393
370
663
812
841
762
697
1037
1340
1377
1212
971
1166
1250
1065
1015
964
1060
1048
1094
1320
1188
831
575
521
757
747
537
531
674
864
895
870
922
919
1052
1265
1621
1908
2090
2214
2334
2034
931
-246
-315
240
-122
-912
-1142
-735
-587
-1139
-1626
-1874
-2387
-3184
-3745
-3234
-2626
-2842
-3287
-3027
-1966
-1406
-1687
-2044
-1862
-1483
-1269
-991
-227
377
247
-67
211
1016
1171
490
-85
-11
393
485
430
567
641
534
302
346
508
184
-519
-762
-430
31
12
-288
-216
-171
-183
-368
-443
-526
-825
-1096
-932
-528
-262
-445
-603
-447
-169
-30
-194
-247
-190
-103
11
291
440
350
-118
-329
-108
-36
-162
-397
-272
60
283
341
341
342
192
10
77
342
382
-24
-361
-196
-7
13
-214
-284
-107
62
210
387
755
695
710
809
1278
1613
1444
1270
1269
1494
1475
1270
1058
1012
960
1005
961
1015
947
658
469
547
680
715
681
614
758
899
991
993
1080
1110
1282
1505
1764
2126
2108
2139
1913
797
-464
-839
-229
-224
-1082
-1419
-923
-542
-932
-1492
-1722
-2085
-2984
-3654
-3173
-2255
-2250
-2932
-2874
-1875
-1078
-1402
-2025
-2030
-1663
-1279
-1053
-358
376
280
-146
-20
914
1495
980
393
477
968
1192
1017
1052
1026
752
389
340
435
181
-640
-1241
-992
-549
-575
-1007
-1156
-1074
-956
-1027
-970
-832
-890
-1041
-775
-204
207
59
-146
-18
269
400
287
304
351
432
454
687
952
948
499
53
-78
-55
-142
-447
-463
-301
-164
-59
-21
-2
-131
-474
-582
-380
-198
-259
-490
-294
6
73
-83
-258
-157
-274
-316
-95
237
504
457
499
747
955
942
800
935
1184
1425
1471
1446
1481
1433
1308
1289
1447
1500
1339
1094
1044
1148
998
834
663
691
873
909
1030
1081
1172
1257
1431
1642
1983
2207
2288
2159
1135
-358
-1072
-386
24
-607
-1271
-957
-386
-561
-1242
-1732
-2082
-2948
-3711
-3429
-2232
-1915
-2718
-3217
-2358
-1211
-1320
-1986
-2162
-1653
-1078
-634
123
1005
1113
454
307
1116
1876
1372
436
290
759
1046
729
522
350
-3
-462
-646
-323
-459
-1221
-1836
-1529
-812
-687
-1119
-1357
-1140
-962
-953
-806
-489
-462
-649
-562
150
621
455
-27
-83
350
657
599
485
599
597
612
668
855
762
256
-206
-216
-125
-340
-735
-883
-784
-625
-575
-632
-479
-418
-524
-563
-366
-180
-334
-524
-407
-213
-74
-137
-190
-44
77
105
176
396
560
529
541
713
1039
1095
945
1053
1330
1523
1417
1262
1218
1223
1107
1152
1372
1508
1393
1173
1296
1517
1494
1308
1302
1568
1752
1926
2149
2278
2299
2310
2568
2958
3179
2911
2145
519
-1507
-2561
-2056
-1444
-2022
-2950
-2735
-1889
-1918
-2731
-3383
-3590
-3915
-4106
-3103
-1389
-665
-1449
-1973
-908
196
170
-781
-967
-146
644
1278
1890
2338
1750
569
314
1163
1703
987
-25
40
676
660
1
-731
-1213
-1686
-1940
-1550
-1101
-1354
-2122
-2300
-1621
-1105
-1385
-1777
-1583
-798
-261
133
430
505
241
15
440
1111
1216
779
736
1195
1646
1375
862
499
257
33
24
314
270
-141
-592
-845
-984
-1499
-2074
-2262
-1845
-1409
-1289
-1220
-915
-752
-897
-892
-756
-551
-530
-335
116
447
282
-24
-147
20
64
-67
-82
204
618
705
881
910
896
697
646
1019
1409
1575
1537
1599
1800
1888
1712
1621
1774
1911
1976
2119
2317
2337
2166
2077
2130
2228
2305
2505
2649
2824
2836
2962
3178
3325
3347
3147
2389
497
-2086
-3773
-3130
-1897
-2168
-3530
-3769
-2865
-2665
-3411
-4090
-4013
-3947
-3847
-2431
-337
433
-718
-1761
-828
846
971
77
-19
897
1718
1950
2163
1889
746
-673
-936
207
863
160
-938
-1131
-876
-1297
-2185
-2820
-2948
-2904
-2417
-1436
-745
-1071
-2013
-2080
-1226
-552
-516
-530
158
1142
1696
1787
1581
1159
569
336
852
1516
1366
755
483
680
585
-171
-955
-1327
-1329
-1195
-759
-307
-291
-785
-1022
-774
-395
-627
-1314
-1477
-915
-114
129
-43
-322
-467
-479
-323
-107
-145
-453
-481
-80
262
21
-692
-1214
-1210
-837
-552
-458
-448
-389
-149
271
547
594
410
555
1127
1799
2169
2101
1969
1976
2058
2024
1960
1819
1774
1831
1988
2143
1974
1594
1437
1534
1760
1824
1888
2048
2338
2579
2738
2908
3086
3308
3631
4047
3531
1944
-600
-2726
-3121
-1994
-1276
-2249
-3324
-3172
-2553
-2776
-3380
-4150
-4369
-3847
-2625
-889
151
-440
-1916
-1940
-593
422
130
-402
122
1359
2080
2166
1668
442
-752
-1016
6
1134
1102
146
-482
-559
-856
-1774
-2572
-2618
-2093
-1368
-560
-188
-831
-1801
-2282
-1642
-724
-373
-274
277
1208
1623
1430
875
308
-117
103
844
1526
1518
815
308
85
-177
-896
-1580
-1687
-1379
-900
-599
-575
-880
-1370
-1534
-1044
-430
-103
-66
-78
160
80
-442
-974
-948
-811
-845
-569
-180
-256
-676
-1024
-1117
-1020
-1009
-961
-652
-180
33
-135
-150
65
30
78
363
838
1205
1329
1461
1525
1520
1323
1184
1413
1748
1891
1763
1721
1576
1304
1164
1197
1172
1078
1170
1366
1593
1569
1559
1612
1753
1915
2285
2685
3120
3560
3760
4013
4066
4091
4209
3963
2563
-110
-2904
-3943
-2786
-1693
-2700
-4475
-4700
-3922
-4110
-4829
-5139
-4788
-4447
-3532
-1319
295
-219
-2105
-2373
-473
1080
960
472
994
1904
2209
2104
1768
823
-409
-758
356
1651
1394
28
-937
-1173
-1548
-2394
-2792
-2455
-1903
-1305
-676
-365
-900
-1964
-2126
-1097
126
604
725
1282
1926
1995
1581
1161
887
673
913
1532
1856
1395
386
-294
-292
-448
-947
-1210
-1097
-687
-599
-682
-813
-1102
-1303
-1176
-443
121
299
175
62
58
-113
-634
-1146
-897
-399
-245
-571
-773
-953
-1238
-1347
-1280
-1106
-948
-884
-588
-237
-183
-557
-793
-380
220
612
819
943
1024
1139
1232
1408
1494
1505
1654
1958
2248
2137
1629
1298
1157
1109
1095
1063
1137
1103
1006
1025
1021
936
912
1298
1775
1949
2192
2409
2414
2295
2575
3132
3587
3639
3703
3918
3496
1915
-938
-3686
-4519
-3181
-1740
-2473
-4227
-4984
-4602
-4566
-5170
-5205
-4625
-3870
-2448
-282
709
-82
-1794
-1958
119
1810
1991
1670
1713
2286
2486
1698
859
-42
-681
-369
736
1372
604
-1079
-2102
-2173
-2121
-2445
-2255
-1618
-871
-252
-179
-343
-1093
-1693
-1074
273
1264
1440
1088
1175
1247
990
531
165
142
300
492
621
209
-662
-1511
-1590
-1177
-996
-1083
-1135
-781
-486
-330
-417
-286
22
547
1252
1823
2019
1647
1393
1263
1016
621
209
23
-343
-708
-1001
-1466
-1987
-2376
-2285
-1898
-1502
-1338
-1169
-832
-488
-300
-125
189
476
703
997
1141
1139
892
723
747
903
914
879
869
811
790
584
525
542
674
845
993
1025
868
628
609
726
954
1135
1454
1800
1994
2176
2224
2230
2056
2132
2563
3074
3299
3251
3036
3034
3273
3285
2309
605
-1578
-3847
-4847
-3622
-1978
-2700
-4661
-4998
-3724
-3065
-3635
-3585
-2480
-1232
-16
1320
2175
1218
-471
-578
1319
2570
1964
825
562
836
488
-322
-1123
-1714
-2120
-1923
-1087
-718
-1525
-2699
-2930
-2324
-2002
-2036
-1745
-795
159
503
547
416
45
-142
551
1604
2015
1511
920
909
832
364
-273
-561
-580
-589
-588
-741
-1020
-1452
-1603
-1249
-784
-541
-682
-568
-48
228
318
402
721
1110
1415
1670
1669
1445
1072
906
938
833
575
185
-361
-1159
-1877
-2096
-2091
-2217
-2508
-2611
-2298
-1921
-1654
-1548
-1222
-683
-95
534
1093
1379
1328
1284
1441
1644
1598
1302
1054
964
806
513
153
-115
-237
-207
-24
197
321
346
376
503
569
571
713
898
1233
1396
1709
1865
1878
2098
2258
2473
2506
2587
2612
2672
2679
2809
2726
2572
2629
2798
2846
2938
3026
2112
56
-2779
-5187
-5355
-3047
-1352
-2485
-4472
-4296
-3212
-3162
-3614
-2999
-1682
-592
691
2130
2266
159
-1923
-1271
1098
2196
1176
-6
-148
-177
-718
-1475
-2026
-2515
-2566
-1872
-694
-531
-1678
-2793
-2635
-1727
-1329
-1198
-744
196
809
963
979
788
378
337
1319
2368
2391
1557
905
841
765
443
78
-95
-180
-137
-265
-574
-1103
-1573
-1569
-1036
-413
-280
-569
-617
-354
-123
-48
39
318
564
835
887
722
366
139
108
274
348
125
-200
-422
-528
-1059
-1778
-2260
-2299
-1891
-1388
-1134
-1313
-1387
-1134
-808
-388
40
383
707
1187
1499
1440
993
619
557
804
1008
908
667
367
185
103
99
-41
-34
159
434
721
826
749
733
949
1278
1481
1579
1558
1564
1604
1657
1724
1675
1759
1927
2166
2237
2061
1986
2133
2340
2453
2511
2645
2881
3165
3403
3157
2033
-156
-2574
-3980
-3379
-1606
-1239
-2967
-4367
-4010
-3097
-3230
-3347
-2540
-1300
-266
628
1298
544
-1158
-2020
-562
1294
1483
221
-834
-819
-903
-1336
-1845
-2080
-2090
-1862
-1163
-759
-1105
-1980
-2201
-1552
-853
-578
-496
27
630
974
902
753
535
341
618
1294
1682
1259
593
288
259
142
-201
-437
-522
-580
-685
-787
-881
-1064
-1155
-982
-634
-477
-607
-686
-487
-174
67
222
334
481
695
782
827
734
622
560
634
669
480
142
-110
-262
-367
-489
-917
-1452
-1874
-1953
-1960
-1817
-1748
-1853
-1643
-1075
-660
-496
-305
12
376
739
947
982
943
905
903
987
957
613
315
156
176
196
246
338
545
841
994
1170
1308
1451
1528
1699
1909
1900
1911
1926
2018
2045
1998
1991
1887
1840
1826
1770
1680
1687
1696
1746
1806
1917
1928
1736
1626
1838
2298
2421
1735
385
-1154
-2851
-4178
-3963
-2163
-1327
-2728
-4083
-3635
-2676
-2898
-3301
-2449
-1120
-458
-247
109
-10
-1214
-1826
-697
1022
1200
-13
-753
-558
-357
-749
-1112
-1054
-937
-998
-789
-485
-668
-1296
-1482
-828
-294
-395
-643
-399
267
576
474
347
357
438
487
756
919
558
75
92
441
537
152
-337
-449
-420
-374
-462
-543
-564
-546
-441
-328
-242
-387
-522
-314
134
329
249
115
191
283
253
182
144
220
275
305
186
-14
-211
-291
-245
-247
-351
-538
-668
-882
-1210
-1338
-1238
-1007
-720
-452
-362
-452
-323
70
474
719
822
960
1114
1266
1178
1013
873
781
774
716
616
373
75
-43
-24
95
109
70
138
245
334
372
471
576
731
946
1074
1142
1234
1357
1450
1462
1494
1619
1813
1881
1795
1752
1683
1641
1708
1933
2075
2075
1973
1925
2111
2344
2473
1811
686
-301
-1001
-2220
-3543
-3342
-2053
-1881
-3207
-3979
-3356
-2752
-2875
-2576
-1361
-393
-319
-286
222
323
-475
-742
280
1422
1185
12
-660
-634
-583
-934
-1191
-1139
-1213
-1387
-1438
-1227
-1335
-1754
-1642
-950
-292
-312
-482
-191
254
440
379
478
657
621
615
763
775
331
-176
-277
-33
-22
-282
-567
-552
-435
-598
-678
-666
-508
-475
-346
2
111
33
-24
259
610
676
572
541
665
764
763
645
567
568
550
469
271
38
-183
-263
-184
-151
-292
-519
-704
-993
-1337
-1463
-1373
-1086
-604
-269
-408
-660
-613
-225
196
437
530
628
773
694
435
140
-70
-104
89
314
228
-85
-405
-434
-150
142
357
456
691
865
996
1097
1174
1317
1319
1365
1370
1345
1213
1088
1039
1046
933
812
808
849
960
945
923
926
1102
1221
1221
1375
1605
1659
1783
2026
2234
2275
1935
1108
-183
-1769
-3160
-2990
-1342
-683
-2070
-3460
-3204
-2425
-2416
-2449
-1735
-887
-369
80
520
190
-1065
-1735
-670
862
1161
119
-741
-764
-621
-819
-1276
-1391
-1255
-1178
-1085
-891
-927
-1317
-1449
-842
-182
-194
-589
-553
-16
411
459
536
713
763
828
995
1144
849
476
405
641
748
409
-43
-313
-287
-251
-318
-445
-472
-430
-339
-244
-234
-352
-368
-30
455
770
832
793
863
1042
1153
1127
977
908
873
819
657
274
-152
-471
-552
-537
-668
-893
-954
-1042
-1475
-1846
-1525
-820
-553
-529
-451
-351
-392
-352
-15
391
613
669
848
1024
814
314
18
102
296
286
120
-35
-123
-280
-445
-379
-203
-19
120
242
370
358
404
571
797
862
788
831
915
1053
1133
1102
1113
1102
1157
1199
1100
986
967
1143
1225
1145
1231
1519
1713
1659
1647
1776
1907
2026
1882
1298
75
-1953
-3590
-3044
-972
-570
-2467
-3697
-2899
-2040
-2332
-2552
-1857
-1062
-580
49
741
136
-1477
-1977
-495
1156
998
-151
-811
-602
-432
-750
-1114
-1096
-817
-592
-321
-187
-474
-1028
-959
-240
269
51
-328
-129
364
539
305
161
209
292
367
581
581
238
-56
51
372
367
69
-218
-219
-58
2
-96
-101
27
187
199
184
156
63
120
344
631
720
577
473
521
594
526
312
194
214
184
57
-121
-308
-438
-527
-393
-319
-414
-591
-612
-418
-320
-282
-268
-116
58
102
-118
-508
-779
-622
-119
224
132
-236
-441
-426
-307
-228
-175
-103
19
138
43
-330
-800
-979
-749
-361
-164
-228
-310
-306
-142
-33
76
205
429
748
962
1048
1037
1050
1180
1332
1390
1338
1238
1211
1285
1387
1348
1192
1103
1155
1239
1256
1105
985
1104
1338
1362
1399
1725
1946
1842
1473
1116
857
575
-392
-2189
-3225
-2264
-807
-1159
-2753
-3159
-2362
-1942
-2079
-1709
-1008
-935
-904
-41
711
-45
-1383
-1220
376
1276
590
-471
-738
-529
-681
-1013
-1055
-1060
-1169
-1073
-618
-567
-1160
-1555
-1110
-217
68
-97
-45
380
703
770
855
986
1065
1111
1374
1595
1344
766
488
637
692
386
-40
-224
-251
-346
-557
-723
-800
-828
-778
-669
-542
-576
-659
-573
-282
17
66
44
157
343
422
365
318
386
427
429
412
324
192
75
82
99
-32
-190
-273
-214
-129
-162
-152
-115
-22
60
95
110
33
64
-24
-250
-401
-521
-713
-811
-582
-407
-610
-914
-791
-455
-224
-204
-208
-45
92
235
319
333
288
316
512
687
683
428
162
153
286
344
260
185
144
120
62
-7
-103
-193
-81
209
453
533
506
520
705
872
967
1001
1129
1344
1518
1551
1441
1422
1649
1758
1572
1484
1693
1738
1184
650
642
624
-198
-1481
-2324
-2282
-1699
-1338
-1621
-2068
-2052
-1642
-1288
-1013
-734
-551
-326
302
944
740
-160
-594
30
777
809
307
-114
-263
-377
-627
-922
-1248
-1390
-1203
-743
-594
-925
-1239
-1099
-606
-278
-234
-254
-27
332
494
497
386
269
298
449
540
314
-100
-370
-336
-247
-400
-625
-701
-554
-425
-391
-362
-268
-119
97
327
488
579
567
718
982
1153
1113
985
973
1003
986
848
684
592
494
353
137
-73
-315
-534
-587
-493
-443
-549
-560
-376
-141
-58
-19
74
187
393
568
747
796
680
562
536
497
268
-27
-283
-482
-546
-957
-1919
-2725
-2571
-1957
-1939
-2283
-2282
-1983
-1820
-1662
-1387
-1168
-1039
-560
160
556
419
-12
26
605
1123
1180
989
994
1113
1136
984
752
628
683
890
1137
1057
708
520
607
802
749
660
707
907
1088
1129
1133
1064
1115
1336
1599
1711
1600
1561
1673
1844
1910
1765
1507
1133
835
688
661
621
336
-166
-753
-1408
-1974
-2234
-1907
-1532
-1510
-1620
-1415
-1091
-1201
-1453
-1197
-554
-78
145
282
256
-215
-589
-502
-183
-188
-420
-500
-479
-632
-1041
-1282
-1312
-1104
-901
-620
-358
-298
-282
-275
-68
131
283
507
836
1160
1158
978
857
809
851
893
968
877
596
307
64
-124
-344
-416
-286
-184
-199
-338
-503
-565
-587
-511
-345
-148
81
258
340
305
209
185
217
350
499
521
405
171
-43
-203
-322
-397
-457
-478
-560
-734
-885
-974
-960
-941
-908
-832
-792
-728
-694
-577
-423
-325
-240
-120
32
90
55
-52
-291
-536
-465
-158
36
-127
-408
-575
-614
-583
-511
-435
-374
-216
-98
-130
-356
-527
-480
-226
96
233
287
297
318
386
424
385
393
598
883
1025
942
780
684
732
795
801
794
841
953
1086
1133
1017
997
995
1078
1207
1346
1449
1338
1182
1112
1220
1285
1212
1130
1111
1018
808
638
623
511
200
56
47
-103
-590
-1288
-1900
-2213
-1970
-1462
-1333
-1564
-1613
-1215
-942
-1017
-1021
-764
-394
-13
332
395
11
-358
-208
104
139
-49
-129
-133
-278
-483
-712
-900
-988
-795
-438
-311
-471
-582
-398
-170
-138
-135
-18
260
506
715
764
657
515
476
693
809
776
675
654
622
407
125
-190
-399
-443
-381
-295
-379
-623
-863
-942
-982
-1019
-942
-720
-438
-260
-168
-161
-146
-86
77
278
419
476
531
548
469
275
94
34
45
97
112
-53
-276
-456
-529
-575
-668
-691
-685
-586
-569
-586
-635
-609
-482
-277
-70
34
20
-192
-343
-290
-33
53
-134
-283
-252
-163
-222
-267
-330
-332
-197
17
113
-56
-213
-239
-156
-70
-28
-15
45
158
297
378
356
323
370
526
679
735
785
828
862
818
650
485
443
525
578
577
543
451
373
348
346
356
399
521
653
773
799
804
797
858
990
1122
1176
1096
1118
1148
1106
952
779
635
437
148
-301
-693
-873
-868
-841
-909
-981
-972
-916
-878
-897
-843
-719
-482
-209
27
102
43
60
175
254
239
181
179
201
229
213
57
-105
-246
-282
-263
-262
-244
-196
-114
-115
-241
-358
-429
-369
-303
-299
-345
-403
-404
-453
-568
-706
-710
-580
-449
-399
-427
-412
-329
-325
-327
-342
-375
-368
-369
-303
-280
-250
-197
-148
-39
-9
52
151
313
494
603
609
650
736
811
844
776
732
684
682
670
564
444
327
296
275
169
124
39
-51
-129
-166
-154
-204
-264
-263
-207
-133
-212
-308
-305
-277
-177
-157
-138
-99
-78
-79
-121
-192
-309
-454
-505
-519
-548
-639
-840
-986
-1029
-1008
-1016
-1054
-1078
-1040
-978
-857
-753
-686
-619
-468
-276
-159
-80
-45
-15
34
123
209
263
266
256
300
368
394
408
440
531
550
569
623
657
718
758
828
876
931
983
1016
1015
1049
1109
1213
1322
1359
1385
1353
1341
1285
1237
1204
1101
1043
984
898
789
626
444
293
183
78
-16
-101
-155
-233
-283
-285
-262
-140
-106
-101
-174
-203
-111
-22
109
146
153
75
18
-18
-148
-377
-566
-646
-684
-791
-920
-1008
-1143
-1277
-1273
-1189
-1161
-1175
-1129
-996
-894
-803
-713
-600
-553
-511
-451
-354
-287
-285
-269
-218
-124
-102
-76
-33
-4
-11
-5
24
104
121
65
19
-68
-170
-263
-286
-325
-367
-336
-260
-246
-251
-292
-295
-284
-234
-141
-109
-125
-166
-174
-156
-130
-172
-173
-142
-86
-90
-113
-135
-187
-134
-25
136
271
378
442
526
588
611
608
607
643
626
642
645
646
609
570
590
536
446
319
277
261
233
226
217
244
203
127
31
-78
-187
-216
-164
-97
-105
-157
-223
-245
-268
-354
-441
-457
-423
-374
-351
-408
-443
-516
-517
-521
-578
-658
-704
-663
-621
-559
-550
-522
-467
-379
-248
-158
-90
-27
140
354
571
695
776
849
927
1046
1120
1214
1229
1249
1242
1271
1314
1301
1264
1210
1226
1199
1137
1049
1008
976
944
990
1019
999
943
925
909
812
694
536
341
292
341
334
194
82
19
-173
-341
-405
-543
-804
-971
-957
-1016
-1215
-1319
-1393
-1533
-1703
-1769
-1757
-1801
-1836
-1758
-1593
-1460
-1427
-1388
-1273
-1163
-1112
-1032
-890
-745
-616
-516
-358
-260
-253
-239
-154
-66
-61
-59
40
185
268
352
407
430
400
352
383
427
463
504
590
734
779
712
660
615
561
519
545
578
503
375
300
204
121
24
-16
-37
-72
-102
-133
-134
-158
-164
-150
-75
-54
-23
-4
53
88
64
58
39
99
102
50
-44
-137
-190
-255
-279
-319
-374
-408
-404
-412
-472
-561
-604
-572
-528
-495
-518
-545
-549
-480
-397
-381
-382
-389
-363
-326
-311
-326
-361
-357
-289
-220
-214
-213
-300
-351
-312
-226
-140
-55
84
192
260
321
440
550
606
668
825
927
965
979
1013
1066
1085
1103
1111
1104
1007
943
899
902
901
872
853
808
772
690
622
554
512
504
530
542
521
482
390
320
261
239
207
185
175
198
227
232
211
156
88
-21
-69
-53
-58
-134
-168
-183
-276
-405
-445
-503
-692
-808
-734
-664
-654
-596
-562
-600
-642
-625
-595
-544
-436
-346
-249
-200
-210
-232
-242
-178
-162
-128
-96
-116
-154
-188
-179
-192
-188
-128
-87
-92
-136
-207
-193
-204
-221
-211
-174
-137
-198
-207
-237
-261
-320
-340
-319
-293
-294
-296
-237
-234
-278
-360
-354
-360
-398
-453
-475
-470
-460
-432
-400
-382
-382
-342
-314
-259
-217
-198
-128
-5
95
82
68
25
6
6
-1
43
24
17
23
105
161
131
103
93
105
83
79
79
111
134
175
211
196
170
118
64
31
28
39
65
99
90
13
-57
-78
-17
62
65
81
98
89
73
34
30
15
30
89
135
144
106
103
153
189
229
274
343
380
357
315
271
295
328
391
438
440
437
403
437
511
541
611
702
817
887
903
902
899
946
946
930
886
888
873
884
893
907
922
930
949
933
878
811
785
760
797
775
774
669
560
472
334
158
18
58
28
-85
-172
-160
-291
-470
-493
-464
-603
-832
-914
-966
-1121
-1243
-1240
-1279
-1364
-1429
-1440
-1439
-1486
-1526
-1517
-1411
-1300
-1259
-1127
-1020
-988
-1019
-1012
-943
-948
-924
-841
-722
-653
-621
-561
-466
-415
-371
-317
-223
-113
-65
11
93
143
149
200
279
321
296
299
310
336
336
352
350
287
227
159
148
109
80
75
101
140
165
198
237
245
279
383
462
543
571
567
581
586
579
505
435
314
179
58
-26
-80
-158
-186
-151
-100
-130
-141
-115
-96
-103
-96
-57
-40
-26
13
95
102
20
-102
-184
-182
-170
-194
-219
-213
-229
-225
-175
-115
-139
-179
-123
-35
22
12
20
77
115
173
160
163
186
173
200
238
289
286
288
350
406
368
329
327
365
387
378
386
358
369
355
372
436
441
482
543
592
600
543
504
497
505
491
450
406
339
268
198
151
109
47
-4
-12
-28
-71
-105
-119
-118
-91
-69
-81
-121
-184
-257
-287
-266
-265
-295
-345
-358
-419
-445
-473
-485
-453
-406
-331
-340
-363
-353
-297
-272
-273
-308
-278
-237
-217
-211
-209
-227
-306
-291
-245
-245
-311
-319
-246
-196
-218
-259
-290
-366
-429
-418
-363
-333
-307
-280
-244
-171
-185
-207
-204
-183
-152
-132
-43
28
63
23
19
20
-13
-43
-36
10
-3
-22
-26
21
7
-43
-30
42
104
127
189
260
271
235
194
189
147
127
148
161
136
83
65
53
49
11
28
93
176
245
306
344
347
345
355
392
424
434
416
428
426
387
307
279
241
219
201
161
152
126
130
133
122
116
90
86
107
40
-12
-78
-87
-95
-88
-61
-86
-77
-63
-36
-24
15
25
84
137
161
116
45
-16
-126
-211
-279
-316
-417
-522
-575
-594
-616
-643
-660
-627
-560
-497
-423
-362
-332
-340
-297
-152
5
89
144
179
246
296
329
381
394
379
329
324
337
291
218
203
198
159
104
29
-32
-72
-76
-45
6
54
68
90
132
137
149
167
219
250
269
243
181
132
87
57
7
-33
-79
-124
-178
-233
-322
-394
-414
-403
-354
-310
-287
-279
-266
-237
-195
-161
-124
-85
-22
32
89
125
120
141
192
261
310
342
362
356
333
303
281
236
192
172
186
221
236
266
271
300
362
407
414
390
384
396
418
467
494
482
474
481
500
466
425
375
353
386
383
315
268
139
-58
-120
-8
0
-139
-95
-31
-196
-371
-320
-370
-647
-767
-637
-677
-884
-918
-900
-1028
-1157
-1179
-1227
-1291
-1342
-1325
-1283
-1184
-1131
-1127
-1020
-914
-925
-982
-843
-663
-583
-499
-332
-166
-113
-40
60
154
172
216
378
517
490
369
381
447
510
497
514
550
538
544
536
540
491
438
469
605
653
586
513
529
509
410
345
317
291
228
204
164
79
-53
-100
-84
-44
-49
-63
-3
24
40
26
46
102
136
161
190
183
124
53
-18
-45
-64
-59
-53
-52
-74
-136
-188
-170
-106
-67
-23
22
82
120
181
241
263
350
435
490
509
495
474
445
477
550
560
508
482
471
439
376
309
237
188
173
192
209
175
116
96
86
103
99
70
39
-8
-46
-95
-105
-147
-174
-188
-210
-213
-228
-278
-359
-440
-544
-577
-589
-555
-570
-599
-564
-573
-580
-588
-567
-555
-555
-522
-472
-505
-549
-546
-481
-383
-339
-327
-353
-411
-453
-467
-394
-335
-311
-249
-191
-154
-188
-164
-109
-55
2
81
167
185
180
182
207
218
269
318
394
444
431
411
424
429
425
444
488
557
562
566
590
598
580
574
589
594
565
502
462
431
351
254
177
116
55
-15
-33
-59
-111
-156
-189
-192
-190
-168
-118
-74
-77
-95
-99
-51
9
55
111
148
181
189
172
138
101
86
105
158
175
139
42
-42
-83
-111
-111
-104
-92
-97
-61
-59
-93
-135
-160
-140
-102
-44
-7
-25
-54
-14
13
33
7
-29
-42
-37
0
-10
-46
-68
-97
-99
-117
-176
-260
-340
-338
-335
-334
-341
-364
-357
-330
-279
-240
-216
-176
-112
-42
18
52
67
112
166
206
181
154
135
135
137
140
161
153
153
135
117
87
44
23
39
31
-15
-67
-88
-37
-22
-11
-20
-27
-29
-33
-30
-55
-67
-71
-27
21
47
20
-30
-53
-30
11
34
24
8
-4
-5
8
8
-15
-34
-24
31
50
29
25
9
24
23
31
12
-43
-69
-77
-57
-94
-156
-200
-231
-235
-249
-275
-294
-353
-429
-471
-478
-476
-472
-441
-390
-336
-273
-245
-222
-199
-169
-119
-98
-77
-86
-128
-176
-207
-269
-345
-387
-416
-419
-436
-438
-442
-408
-337
-253
-178
-86
46
194
322
425
505
552
636
743
861
912
909
911
906
913
882
817
760
710
679
629
548
457
355
300
263
222
174
114
95
120
170
230
275
290
339
375
424
472
490
526
541
543
484
395
268
124
29
-36
-82
-143
-179
-192
-214
-257
-274
-272
-254
-220
-182
-156
-160
-145
-122
-97
-90
-78
-57
-35
-6
20
-19
-50
-23
-3
-12
-31
-29
-66
-88
-84
-80
-174
-287
-341
-390
-434
-510
-544
-588
-609
-598
-582
-572
-595
-612
-591
-572
-586
-599
-595
-572
-603
-626
-622
-614
-599
-570
-519
-487
-445
-374
-287
-186
-109
-60
-9
77
141
145
127
147
169
187
224
226
187
125
155
200
229
221
208
269
311
359
377
383
360
336
350
363
337
269
222
191
139
49
-52
-145
-216
-265
-277
-269
-276
-300
-317
-295
-252
-238
-214
-169
-106
-54
-23
58
132
179
232
290
335
298
252
267
306
344
380
418
425
414
432
476
506
521
541
590
645
658
649
601
570
571
578
571
520
446
347
281
271
268
227
173
147
127
77
17
-39
-101
-132
-116
-100
-125
-204
-280
-294
-278
-229
-193
-179
-162
-177
-192
-204
-202
-179
-177
-158
-180
-222
-261
-281
-261
-237
-221
-207
-201
-202
-222
-250
-238
-228
-201
-173
-168
-190
-234
-249
-256
-260
-254
-278
-286
-270
-279
-272
-270
-219
-160
-93
-13
48
77
86
146
215
290
327
362
359
331
275
184
89
-27
-130
-227
-322
-437
-545
-612
-613
-601
-607
-615
-625
-612
-587
-560
-524
-475
-409
-341
-255
-201
-206
-215
-198
-178
-180
-202
-182
-152
-154
-163
-178
-170
-176
-154
-99
-45
12
80
145
204
242
290
378
462
565
621
668
707
775
857
901
917
912
899
877
850
804
765
711
681
625
539
420
290
184
92
25
-39
-65
-87
-99
-96
-80
-71
-62
-38
-15
-2
12
36
30
23
22
32
25
-1
-30
-86
-166
-241
-275
-292
-312
-330
-343
-336
-320
-272
-190
-106
-26
28
78
118
126
118
131
169
203
192
161
116
52
-16
-81
-115
-137
-157
-154
-131
-128
-139
-147
-124
-97
-77
-66
-54
-9
35
68
70
64
70
104
134
149
138
117
126
143
144
98
47
7
-5
3
3
-33
-80
-112
-123
-130
-166
-200
-228
-252
-260
-255
-233
-227
-206
-164
-114
-83
-72
-67
-52
-41
-5
25
36
37
9
11
2
-25
-71
-102
-105
-99
-99
-107
-148
-191
-212
-206
-200
-216
-183
-128
-80
-25
2
1
19
87
157
155
155
153
140
149
149
110
42
10
11
-37
-117
-207
-303
-348
-343
-323
-352
-397
-420
-422
-424
-407
-378
-351
-305
-251
-181
-130
-102
-77
-22
66
145
201
248
255
228
219
230
274
290
291
277
242
222
194
155
126
132
169
217
243
246
195
167
169
191
205
183
175
159
147
123
90
55
39
37
34
4
-22
-41
-32
-17
-22
-30
-57
-69
-68
-72
-84
-99
-92
-64
-51
-57
-84
-86
-70
-35
15
63
109
152
208
259
285
288
306
341
367
352
312
263
219
170
140
123
102
66
36
35
4
-43
-65
-40
5
44
60
67
36
0
-28
-44
-54
-88
-96
-86
-92
-120
-178
-228
-239
-245
-237
-240
-236
-223
-210
-176
-166
-167
-177
-171
-149
-140
-138
-141
-126
-72
-28
-13
-38
-93
-110
-107
-77
-53
-33
-26
-53
-87
-126
-188
-251
-279
-266
-253
-286
-328
-370
-399
-393
-341
-250
-173
-116
-78
-48
-24
6
51
110
188
269
342
368
373
347
313
295
293
294
268
228
201
170
143
139
122
119
119
133
156
138
131
139
152
147
114
91
58
33
54
76
96
84
66
58
25
-15
-51
-61
-38
-8
21
27
8
0
-14
-19
-22
-13
0
5
13
14
-1
-5
17
35
59
73
94
116
132
132
141
166
198
220
227
216
182
158
142
137
122
107
102
102
98
99
66
47
33
26
19
-6
-13
-50
-81
-89
-104
-121
-149
-155
-133
-132
-98
-67
-51
-37
-40
-47
-87
-128
-150
-161
-159
-162
-195
-245
-313
-348
-361
-375
-370
-359
-321
-295
-281
-291
-323
-341
-329
-278
-238
-224
-231
-235
-254
-275
-307
-354
-374
-354
-305
-258
-217
-190
-159
-122
-73
-41
-29
3
51
111
141
166
179
175
179
176
161
153
151
182
192
186
184
162
148
136
138
131
113
122
149
160
168
160
155
154
147
162
161
170
186
198
209
212
211
211
209
225
237
242
255
260
276
275
272
270
257
246
225
206
197
175
153
138
125
113
103
105
115
103
100
101
94
86
71
77
64
53
54
66
91
129
152
152
131
123
141
149
186
208
231
231
221
204
140
70
11
-26
-49
-85
-146
-199
-252
-273
-301
-332
-352
-384
-393
-386
-354
-333
-338
-320
-271
-221
-190
-187
-174
-174
-170
-162
-166
-179
-200
-207
-208
-215
-240
-273
-302
-303
-290
-277
-268
-260
-232
-213
-203
-205
-223
-252
-263
-242
-214
-190
-185
-177
-184
-189
-188
-169
-117
-55
11
49
60
55
54
73
110
139
171
197
213
223
204
182
143
133
151
161
168
143
121
109
98
116
132
137
139
121
113
93
65
58
73
127
166
184
193
190
193
209
245
294
299
284
277
267
245
199
180
179
163
135
96
62
32
27
50
90
123
142
140
140
138
115
104
108
145
180
197
213
238
257
281
301
304
271
225
207
188
178
164
145
130
91
50
-8
-76
-115
-130
-122
-117
-127
-134
-175
-203
-216
-218
-212
-203
-170
-130
-109
-100
-100
-92
-59
-32
-8
-14
-41
-63
-77
-64
-57
-85
-135
-194
-243
-307
-371
-414
-424
-418
-413
-442
-511
-583
-637
-616
-563
-488
-442
-405
-370
-349
-353
-367
-357
-308
-222
-157
-115
-132
-146
-157
-157
-133
-121
-96
-80
-55
-44
-78
-118
-113
-80
-33
-10
10
21
36
83
119
145
166
182
209
222
233
238
223
233
241
241
204
161
149
145
156
185
217
240
250
257
276
285
305
335
372
426
488
548
583
595
587
553
538
541
534
505
476
467
