-91
-67
-9
11
-71
23
-33
-4
35
22
-29
11
0
26
23
120
-102
38
-46
98
14
-48
71
-112
155
-81
-20
16
-113
-22
52
-94
116
-74
47
43
-70
93
-68
-15
28
85
21
2
120
19
6
68
-117
69
-25
53
86
5
109
38
80
136
63
44
137
17
190
24
144
43
90
121
28
156
9
79
17
56
123
13
106
41
43
144
92
158
-4
19
46
55
46
87
32
37
-29
11
9
-60
-47
2
-33
44
32
72
-48
-34
19
0
55
-34
16
-25
-72
-34
-111
-67
-52
-104
-24
-86
-48
-49
31
-108
-168
-55
-48
-71
80
-34
-103
44
-207
-27
-178
-95
-100
-123
42
-105
83
-1
-104
-87
21
-33
-18
44
-61
24
9
5
4
30
-68
-29
-3
-60
89
-24
-16
89
-142
17
-27
-6
-31
-38
-75
-4
-54
8
-63
-89
85
-116
70
-50
-20
-65
-56
-82
-110
-10
-161
-32
-16
-9
-65
-80
-3
-59
23
-94
11
-20
24
95
-28
135
-126
-65
15
-59
32
-69
22
-12
13
39
60
-25
34
-42
10
56
116
46
19
97
118
88
96
77
69
15
101
71
47
108
94
73
147
24
177
103
-35
212
-21
219
120
120
145
144
109
5
10
16
-45
44
-79
-52
50
-6
10
-24
-30
-47
-30
-38
56
8
95
0
-9
-10
-37
-47
-107
-61
-14
-66
-50
-2
-56
129
-117
102
4
93
77
-46
99
-44
91
66
60
53
2
12
-81
27
-53
-50
-1
3
8
48
40
-52
55
5
-84
-63
-132
36
-90
103
19
27
-257
-278
108
-107
-43
-163
-86
38
-12
-4
31
-98
1
-162
16
-62
-79
0
-122
42
16
5
73
-193
29
-126
-87
-51
-171
-63
-162
13
-99
52
-67
-135
-148
-27
-121
-37
5
-158
14
26
-16
14
-74
-120
-84
-80
-32
-22
-32
21
-35
77
191
29
-32
-97
42
69
9
37
66
16
141
129
106
-65
-82
0
-11
3
28
12
-38
104
60
7
17
-45
-108
46
-75
102
30
109
-29
82
55
-87
-59
42
71
-1
9
31
77
98
14
167
16
148
68
-1
107
0
107
159
8
127
105
-19
25
126
71
-13
102
-89
71
-34
-9
40
-13
24
-16
-151
51
-54
-20
230
4
-15
17
-83
119
20
63
21
-56
50
11
21
1
167
3
37
137
-68
56
104
-104
123
59
-104
131
-60
-84
82
-35
93
-60
-143
17
-27
-12
-76
-79
-43
32
-105
-62
-8
-176
132
-66
21
-44
-147
20
-119
-57
36
-39
-174
-14
-79
-69
39
-65
-165
-31
-159
-11
-81
-106
-62
-56
-103
-64
-186
-99
17
-199
-3
13
-160
-59
-125
-94
-9
-180
49
-107
-37
95
-131
30
-206
-42
4
-93
1
-97
81
25
55
95
31
-102
252
-132
-73
241
8
176
40
101
65
128
170
-15
107
122
-25
133
123
29
203
191
-10
166
-18
155
-21
-139
170
-7
70
71
187
-119
251
-106
71
164
-108
236
-36
214
58
114
133
-34
135
46
-13
66
88
175
40
65
47
40
-4
91
-61
7
10
-59
48
-126
-40
-116
111
-107
-37
-14
-179
-109
-146
-111
-63
-174
-26
15
-180
35
-43
-115
78
-47
-89
-23
-71
-23
-55
55
-19
-115
-75
-42
-21
93
-86
-96
89
-17
35
102
-194
-183
34
12
42
-70
-85
7
39
45
-30
-91
-21
-191
-66
-136
-79
-21
46
-6
5
-40
13
-94
-86
16
-99
2
29
-69
-164
54
-161
45
-42
-144
65
-119
-40
-40
10
4
-64
18
-101
-32
57
-113
108
-64
-79
-22
-142
71
-96
-129
-43
21
11
56
-122
60
-6
42
106
-106
161
12
22
41
165
130
61
158
23
99
82
151
99
69
7
89
257
94
171
38
224
158
7
206
47
217
158
42
208
114
126
77
65
-72
153
26
102
143
-72
179
-45
187
19
14
103
-68
76
-108
165
-37
111
-112
59
-13
-27
131
-121
148
-14
-52
-102
-97
125
50
-94
106
18
71
76
43
-6
-15
-90
9
-55
186
-87
-210
112
39
22
-131
-72
-133
3
52
-52
-53
-187
133
-40
42
-57
-201
-170
-59
-79
-97
89
-232
-35
-200
88
133
-287
-160
-210
-167
-12
-96
-90
-179
-160
-19
-229
-104
-172
-252
33
-154
27
-43
-293
-21
-259
-24
18
-130
-116
-205
-32
-45
13
-68
-163
-29
-11
70
40
2
-84
77
26
65
49
-290
46
145
-89
-27
120
119
-95
-89
114
49
-28
-25
-108
-79
303
-57
72
172
-40
73
23
-25
-32
58
-11
213
248
-122
19
-72
107
95
-82
149
36
73
10
123
274
106
-237
-8
85
92
153
-100
-27
166
173
108
82
112
9
-70
114
246
100
24
-171
158
138
54
299
42
-10
-4
159
367
108
-36
124
129
70
41
45
264
143
210
161
-27
131
290
12
32
154
124
104
-53
224
177
90
252
-221
196
-143
-126
66
-44
96
-241
199
-153
-1
-37
-86
-96
-230
98
-215
-261
191
-134
16
0
-65
-169
-1
-329
-150
-7
15
104
-20
-8
-58
-55
-48
-159
-158
91
-186
151
-217
168
55
61
-65
-250
-162
29
-259
-36
-120
-265
122
-243
43
4
63
-76
74
-59
-149
-66
-273
-213
-23
-41
-13
-44
-72
-9
11
-173
6
0
-162
84
149
-148
-145
-137
147
-37
147
-257
34
-121
-115
243
-139
152
-16
-185
101
-92
-147
244
-510
180
-318
91
-56
130
36
-46
-19
168
112
-289
-161
-311
54
262
73
135
-6
-243
84
14
125
-129
168
-47
207
86
45
-234
198
157
171
69
-491
480
-6
0
137
73
89
-59
37
-94
172
4
-154
383
-3
-88
-36
-56
-195
-84
165
94
204
-28
-29
284
74
152
-262
-216
-45
-142
17
-213
-74
369
263
19
311
-139
-133
-145
33
111
-120
-50
-10
-143
-29
0
141
57
65
-472
-318
50
-117
168
-42
263
48
-159
-196
-320
-256
96
-141
130
5
-182
87
-100
228
33
-439
-31
190
-249
-101
105
80
-299
231
66
-332
127
199
-43
112
405
-522
-215
83
211
432
-12
106
-553
-214
186
-13
232
-66
135
-3
-110
-20
-260
-21
33
217
-117
157
340
-304
624
-437
17
-116
-440
751
-100
341
354
44
169
-212
10
-189
178
210
-387
377
604
-59
-212
45
67
56
295
-311
50
225
84
226
14
-136
-286
224
-224
242
-149
-10
33
122
81
-37
163
-59
-118
-108
42
169
50
-43
70
233
244
-180
71
-64
321
261
-98
-5
-196
-324
-132
26
-29
334
-466
357
-60
100
-13
-276
148
-277
160
-72
-407
-103
346
-67
-56
-176
155
-398
114
99
148
115
74
-317
-66
-24
-589
167
-11
-40
-236
179
33
-191
-106
136
-345
-74
-42
97
-24
-74
58
-275
267
-342
117
-386
-40
267
115
-118
30
38
-64
-74
98
-217
-175
255
-682
516
233
-105
-266
-118
199
58
293
-353
-13
259
-377
195
-26
-44
256
-155
257
-63
16
31
-475
-404
538
307
319
88
-87
173
-430
221
67
-54
-27
227
119
117
341
-125
-153
89
-176
-148
277
-130
-140
-54
260
-90
39
-87
-163
-110
224
119
120
199
499
-578
-310
106
-391
153
-281
330
-261
186
26
271
-100
-249
297
-48
144
-108
289
296
120
337
-93
-166
-107
-45
-393
-201
478
-134
495
371
-297
69
16
259
-99
-19
89
-226
169
234
270
207
120
25
-214
80
555
-314
-250
67
-57
268
-18
-410
62
323
281
68
-102
151
-145
7
201
-73
131
-275
44
265
-233
-131
133
-19
4
-217
-76
77
-259
74
-70
-109
-23
-183
-179
53
-170
-91
-77
-269
38
-65
39
-163
-355
337
-349
133
-150
-62
236
-429
38
-107
-231
-287
-79
-162
-76
-110
217
149
-249
223
-56
21
167
-4
-41
-38
51
-28
-48
69
-178
-14
75
-235
-114
48
-149
82
18
373
126
-42
131
-59
-18
-87
164
-77
191
-11
-115
431
75
-112
-24
-85
48
6
73
-108
110
-229
206
171
143
185
-103
173
-21
-31
-251
-27
-69
58
205
111
240
64
-14
-71
56
336
-76
101
145
52
-58
-811
-806
-813
-730
-469
-229
56
300
276
468
584
251
207
-17
89
262
131
97
170
235
406
-7
42
408
-83
145
-199
-125
182
-67
-5
50
213
258
-50
22
30
-271
-129
-117
-41
238
62
-50
198
149
-273
-334
-87
68
219
0
147
79
57
59
-129
336
-134
-143
-155
175
53
-17
117
52
318
28
-115
-163
-186
-128
-270
-285
-186
-191
-4
-167
191
-83
-373
-36
-84
-132
-70
-182
-89
-4
75
-2
-110
-194
-304
-174
-111
50
-106
109
105
-137
-117
-68
-162
-414
-166
38
-176
31
106
-42
342
-28
-91
-74
-116
-81
-108
252
218
-106
-15
160
149
-7
17
-77
-130
179
-12
25
-155
-10
-169
-142
137
6
2
-7
18
78
245
80
45
196
350
115
-25
301
-117
-73
115
241
260
246
267
215
69
113
161
56
217
150
119
85
48
94
169
113
105
-5
180
121
58
38
72
1
-267
52
21
228
25
-90
130
10
-237
-265
-198
-129
-58
-62
334
79
23
-158
-288
-89
-270
-53
-18
-98
152
127
70
-177
-262
-90
-106
-89
-21
-69
-155
-73
104
28
-206
-114
-12
-70
105
-64
-112
-21
-51
-58
-175
-118
-112
-1
-125
-185
-134
-77
-29
86
148
59
280
300
301
107
66
45
47
103
148
260
244
181
252
208
176
83
-3
149
237
297
315
335
256
291
173
72
103
20
-54
-15
62
3
17
25
74
220
130
103
71
39
-37
-5
-64
-200
-272
-248
-200
-142
-106
-199
-308
-311
-287
-329
-363
-422
-404
-407
-301
-299
-426
-457
-433
-464
-405
-340
-350
-337
-440
-462
-441
-398
-324
-391
-267
-247
-176
-105
-94
-42
-172
-214
-98
-94
-150
-128
-148
-242
-200
-255
-235
-162
-213
-103
-51
41
176
189
261
195
162
318
184
14
118
106
114
161
187
320
395
443
431
428
542
511
430
507
432
545
506
453
564
493
470
437
416
543
639
566
709
732
676
756
745
911
847
752
769
715
807
758
644
706
616
495
468
355
350
225
160
287
202
183
151
-12
-35
-140
-205
-398
-552
-671
-812
-957
-1091
-1183
-1301
-1436
-1561
-1565
-1638
-1704
-1646
-1604
-1507
-1441
-1337
-1209
-1101
-959
-869
-776
-749
-701
-686
-669
-635
-566
-528
-537
-424
-328
-278
-169
-62
-15
11
44
102
149
145
124
115
104
81
139
159
203
251
295
319
406
502
499
448
427
479
472
423
417
493
509
516
566
638
652
665
661
712
779
776
776
720
683
622
589
522
554
658
681
757
888
890
886
869
938
934
896
818
762
779
697
765
701
682
883
684
827
927
846
736
611
780
762
750
580
495
591
591
747
692
455
470
412
378
189
23
-388
-835
-1285
-1534
-1752
-2325
-2944
-3211
-3280
-3349
-3353
-3223
-3100
-2760
-2306
-1838
-1382
-1116
-919
-780
-628
-447
-342
-578
-834
-809
-729
-801
-759
-649
-583
-472
-225
89
308
345
308
396
486
517
469
308
161
185
209
174
147
120
63
50
157
286
302
246
267
421
554
613
674
680
674
741
792
733
633
480
306
193
202
235
192
143
232
476
651
806
970
1056
1098
1205
1351
1392
1330
1144
1023
966
941
927
850
868
918
1170
1355
1523
1556
1638
1808
1684
1838
1784
1707
1673
1563
1512
1216
1143
1208
1155
1050
911
1143
1191
1025
808
233
-857
-2258
-3237
-3858
-4755
-6059
-6737
-6399
-5674
-4937
-3947
-2723
-1637
-672
350
1304
1790
1539
909
462
258
78
-417
-1132
-1400
-963
-369
-208
-148
-34
95
-20
-210
-324
-656
-1283
-1809
-1819
-1539
-1378
-1290
-1104
-656
-27
453
622
569
465
332
91
-124
-273
-456
-676
-699
-337
46
118
60
122
284
319
189
7
-131
-234
-245
-30
290
593
757
946
1265
1678
1885
1756
1524
1417
1274
1023
763
611
547
503
593
877
1143
1177
1107
1065
1123
1106
893
605
468
539
601
687
852
1167
1459
1586
1790
2051
2254
2093
1871
1887
1667
1232
819
706
527
205
391
702
1005
1029
1163
1395
1436
1174
585
-299
-1650
-3056
-4085
-4833
-5538
-6224
-6434
-5852
-4681
-3360
-2159
-1015
91
1046
1683
1966
1924
1429
501
-243
-484
-619
-974
-1340
-1260
-695
17
617
865
756
516
348
-309
-1124
-1684
-2192
-2815
-3108
-2568
-1626
-943
-480
257
1224
1707
1729
1488
892
180
-569
-1172
-1687
-1927
-1996
-1947
-1583
-850
-58
336
380
655
1025
937
548
432
389
189
201
596
995
1204
1304
1522
1765
1839
1694
1375
880
487
366
164
6
185
533
786
1063
1559
1983
1992
1735
1549
1423
1136
695
384
289
322
591
979
1415
1859
2247
2529
2787
3024
3161
3034
2818
2843
3030
3139
3150
3311
3518
3190
2550
1093
-1682
-4572
-6109
-7017
-9178
-11788
-12174
-9930
-7667
-6392
-4274
-897
1611
2874
4295
5874
5785
3719
1444
405
-117
-1205
-2855
-4051
-3772
-1987
-323
218
577
1413
1661
1009
616
490
-783
-3019
-4116
-3353
-2257
-1906
-1360
-75
1503
2762
3485
3554
2959
1842
205
-1514
-2579
-3168
-4211
-5500
-5398
-3736
-2167
-1591
-1088
126
1170
1368
1216
1240
975
241
-343
-211
470
905
831
787
1405
2285
2439
1809
1253
1046
659
52
-199
21
72
-69
346
1392
2290
2473
2215
2066
2071
1845
1203
414
-60
-207
-247
-92
436
1108
1435
1509
1927
2550
2664
2116
1563
1375
1308
1047
720
591
744
1058
1274
1607
2277
2961
3129
3125
3457
4140
4437
4149
4056
4171
3499
858
-2625
-4845
-5470
-6903
-10056
-12446
-11494
-8785
-7060
-6098
-3655
-340
1686
2611
4160
5783
5172
2520
419
266
247
-1190
-3434
-4286
-3003
-875
127
253
668
1236
891
156
-30
-408
-2223
-4335
-4666
-3222
-1911
-1460
-958
388
2245
3783
4362
4010
3092
1852
166
-1912
-3247
-4100
-5643
-6964
-6413
-4474
-2742
-2011
-1333
144
1637
2001
1898
1727
1198
539
60
-172
168
386
-58
-305
426
1388
1524
879
339
415
406
-16
-215
89
253
339
941
1884
2515
2695
2319
1907
1882
1809
1059
100
-468
-470
-282
-155
286
1007
1432
1606
2122
2757
2858
2349
1755
1412
1288
1225
966
572
753
1300
1758
2120
2500
2769
2906
2761
2759
3058
2875
2219
1991
2116
2286
2441
2429
1967
1585
885
-970
-3578
-5462
-6220
-7179
-9087
-10125
-8656
-6141
-4603
-3236
-706
1730
3078
3730
4321
4385
3353
1261
-535
-1458
-1911
-2723
-3787
-4169
-2874
-1013
-252
-234
265
773
374
-315
-671
-1156
-2285
-3260
-3119
-2028
-968
-166
581
1503
2589
3527
3484
2458
1394
345
-1290
-2998
-4026
-4697
-5414
-5723
-4962
-3374
-2016
-1169
-267
809
1693
2162
2132
1702
1381
1206
832
458
422
377
38
-281
-187
93
-9
-431
-597
-389
-154
76
441
846
1337
1919
2377
2615
2725
2586
2018
1300
773
376
-227
-832
-1000
-665
-265
85
588
1115
1458
1666
1860
1879
1721
1480
1237
1091
1139
1351
1523
1642
1983
2502
2900
3058
3197
3270
3096
2943
3063
3328
3334
3331
3628
4162
4512
4547
4096
2062
-1941
-5632
-6875
-7411
-9963
-13469
-13927
-10487
-6624
-4603
-2517
823
3787
5366
6495
7341
6658
3811
330
-1582
-1826
-2246
-4043
-5928
-5537
-2493
345
1033
728
989
1176
570
-137
-637
-1894
-3745
-4502
-3289
-1101
710
1820
2625
3691
5265
6357
5563
3166
779
-955
-2555
-3929
-4733
-5275
-5729
-5218
-3591
-1874
-841
-576
-829
-1005
-813
-621
-965
-1789
-2089
-1111
225
1169
2135
2776
2548
2229
2112
1496
175
-1542
-3057
-3831
-3712
-2960
-2030
-1267
-256
1488
3184
3957
4110
3794
2725
1418
753
263
-639
-1466
-1530
-882
129
1097
1734
1928
1864
1948
2045
1579
728
137
-191
-296
162
982
1506
1739
2189
2872
3315
3352
3029
2379
1624
1313
1439
1504
1434
1770
2675
3670
4472
5221
5737
5685
5213
4704
3960
1533
-3311
-8254
-10241
-9972
-10929
-13720
-14401
-10566
-5304
-2316
-403
2586
5384
6230
6130
6459
6157
3508
-484
-2850
-2749
-2118
-2951
-4674
-4888
-2388
567
1329
523
82
-175
-1239
-2208
-2148
-2239
-3396
-4133
-2677
337
2861
4089
4522
4837
5377
5625
4503
1931
-810
-2937
-4664
-5673
-5483
-4873
-4773
-4442
-2498
296
1773
1454
723
505
315
-337
-1239
-1941
-2240
-1967
-1214
-54
1266
2084
1894
1321
1295
1379
561
-1140
-2557
-2956
-2635
-2152
-1475
-520
464
1423
2441
3344
3693
3208
2085
1005
544
355
-119
-714
-825
-201
697
1378
1729
1811
1524
1034
697
486
108
-493
-890
-700
129
1081
1705
2082
2493
3006
3335
3231
2831
2223
1480
896
740
894
999
1033
1256
1890
2713
3225
3383
3457
3595
3726
3693
3458
3328
3087
2361
1282
-1028
-4876
-7914
-8395
-8235
-9898
-12008
-11028
-6696
-2956
-1456
566
3661
5525
5788
6078
6286
4932
1600
-1710
-3037
-2869
-3166
-4637
-5808
-4664
-1612
418
216
-343
-30
-321
-1545
-1970
-1514
-1875
-2933
-2713
-499
2176
3790
4297
4331
4350
4477
3920
1773
-1121
-3309
-4793
-6020
-6320
-5413
-4439
-3957
-2835
-545
1489
1872
1152
584
421
204
-241
-750
-1256
-1166
-369
389
1048
1695
1708
955
273
-7
-410
-1460
-2740
-3143
-2591
-1847
-922
230
1114
1795
2586
3135
3101
2554
1623
612
0
-61
71
42
75
580
1491
2164
2353
2292
1890
1134
557
331
9
-405
-522
-199
491
1366
2132
2618
2843
2967
3048
2926
2512
2007
1481
946
744
1024
1472
1753
2039
2557
3057
3465
3823
3862
3657
3520
3601
3669
3617
3316
2998
2235
-835
-5452
-8231
-8109
-8238
-10790
-13244
-11474
-6344
-2756
-1508
759
4049
5659
5422
5428
5715
4154
53
-3750
-4528
-3483
-3593
-5400
-6437
-4547
-957
837
179
-533
-422
-1166
-2659
-2942
-2193
-2390
-3449
-3005
-194
3080
4760
4910
4652
4583
4502
3485
1090
-1741
-3784
-5237
-6175
-5778
-4196
-3050
-2697
-1591
890
2972
2820
1149
-194
-631
-1006
-1820
-2626
-2741
-2021
-983
5
1238
2361
2353
1251
374
246
-125
-1420
-2815
-3130
-2421
-1414
-454
545
1482
2191
2583
2757
2811
2453
1366
112
-303
207
723
771
929
1594
2388
2805
2850
2566
1874
887
79
-222
-235
-251
-311
-58
825
2090
2953
3109
3050
3086
2988
2521
1952
1535
1074
612
555
956
1551
1868
1947
2288
2849
3242
3315
3174
3003
2949
2824
2592
2750
3104
3259
3089
2743
1784
-1332
-5992
-8954
-8970
-9154
-11560
-13316
-10732
-5301
-1674
-91
2532
5608
6643
5918
5495
5084
2784
-1425
-4681
-5153
-4232
-4242
-5479
-5861
-3749
-589
600
-332
-1106
-1212
-2195
-3540
-3349
-2138
-1940
-2343
-1171
1917
4794
5834
5420
4484
3497
2526
908
-1760
-4475
-6122
-6894
-6988
-5788
-3588
-1912
-1121
286
2501
3698
2923
1231
-74
-818
-1423
-1903
-1948
-1573
-770
386
1415
2168
2500
1772
181
-998
-1435
-1989
-2913
-3433
-2935
-1674
-179
1344
2659
3408
3621
3638
3466
2877
1858
625
-443
-785
-316
168
286
525
1122
1710
1935
1897
1640
1042
339
132
484
857
1084
1388
1921
2618
3237
3501
3192
2524
1932
1499
1109
810
768
833
946
1356
2200
2886
2986
2830
2777
2820
2758
2503
2236
2094
2136
2470
2836
3153
3529
4031
3937
3337
1601
-2629
-7797
-10253
-9803
-10274
-12976
-13751
-9357
-3279
-244
1327
4496
7018
6580
5048
4674
3746
338
-4212
-6545
-5849
-4338
-4214
-5098
-4692
-1845
1217
1504
-98
-981
-1438
-3085
-4349
-3301
-1702
-1727
-1912
193
3755
6064
6251
5286
3945
2599
1311
-606
-3194
-5262
-6044
-6131
-5537
-3497
-913
301
530
1693
3459
3309
1080
-830
-1511
-2255
-3200
-3298
-2425
-1312
-372
583
1727
2580
2410
1311
-108
-1037
-1349
-1840
-2733
-2728
-1506
-295
441
1421
2593
3007
2459
1785
1497
1196
401
-387
-502
17
784
1520
2053
2501
2986
3061
2467
1795
1389
750
-151
-606
-213
409
789
1166
1860
2621
2927
2836
2560
2069
1531
1097
737
494
618
948
1249
1561
2099
2616
2644
2328
2225
2321
2235
1890
1640
1846
2288
2593
2944
3497
3948
4051
3647
2908
554
-4424
-9477
-10809
-9757
-10502
-13046
-12538
-7055
-1136
1316
2928
5968
7645
6445
4816
4495
3326
-443
-4855
-6392
-4952
-3366
-3688
-4755
-4049
-1204
897
249
-1479
-2163
-2798
-4384
-4847
-2982
-1111
-947
-516
2126
5613
7292
6789
5330
3668
1935
118
-2132
-4549
-6154
-6659
-6487
-5328
-2842
-422
400
692
1974
3356
2859
711
-1080
-1763
-2250
-2656
-2288
-1436
-588
251
986
1608
1968
1291
-321
-1747
-2337
-2366
-2533
-2898
-2470
-1102
146
1029
2005
2685
2539
1910
1401
1170
871
235
-373
-315
497
1461
2062
2321
2520
2710
2579
2023
1536
1140
474
-168
-120
529
1096
1339
1494
1837
2187
2244
1932
1366
766
295
74
98
308
682
1108
1502
2085
2841
3271
3247
3080
2931
2932
2933
2712
2491
2533
2730
3056
3330
3422
3499
3543
3127
2415
1273
-2307
-7774
-11062
-10337
-9233
-10861
-12480
-9384
-2936
1184
2299
4411
7078
6943
4812
3858
3697
1524
-2885
-6188
-5973
-4055
-3432
-4580
-5242
-3616
-823
111
-1146
-2087
-1996
-2677
-3633
-2463
156
1235
836
1739
4463
6605
6539
5068
3257
1361
-339
-1842
-3565
-5184
-5912
-5803
-5142
-3389
-904
544
448
600
1731
2011
495
-1208
-1861
-2104
-2454
-2195
-1019
125
591
847
1278
1570
1246
126
-1488
-2601
-2693
-2489
-2495
-2055
-827
486
1350
2173
3167
3525
2715
1633
1204
1002
503
-95
-386
-174
498
1191
1521
1567
1592
1464
1012
579
411
176
-342
-606
-98
700
1097
1228
1424
1559
1536
1465
1315
974
604
539
798
1243
1820
2382
2716
2949
3343
3729
3666
3131
2614
2316
2029
1825
1816
2072
2412
2782
3083
3430
3781
3959
3659
2879
1870
-1187
-6644
-10752
-10518
-9084
-10508
-12854
-10651
-4085
805
1916
3493
6337
6867
4777
3431
3448
1885
-2173
-5690
-5674
-3421
-2145
-3099
-4116
-2940
-208
853
-674
-2314
-2678
-3414
-4646
-3899
-1226
389
249
1017
3854
6550
7049
5824
3996
2007
194
-1307
-2976
-4690
-5651
-5709
-5120
-3474
-1038
538
490
437
1459
2172
1328
-64
-736
-901
-976
-613
240
878
818
401
189
147
-252
-1412
-3069
-4157
-3903
-3122
-2613
-1857
-490
786
1613
2370
3047
2900
1647
194
-577
-827
-1115
-1478
-1615
-1255
-223
1012
1753
2012
2119
1998
1576
1267
1182
774
-46
-492
-80
746
1340
1676
1964
2183
2361
2562
2578
2179
1675
1444
1511
1817
2202
2433
2422
2473
2796
3069
2914
2515
2168
1847
1694
1774
1880
1886
1881
2080
2464
2747
2658
2458
2356
2235
1887
1187
-80
-3081
-7362
-10034
-9398
-8088
-9052
-10377
-7830
-2254
1394
2253
3703
5778
5608
3673
2834
2926
1116
-2598
-5053
-4512
-2946
-2542
-3408
-3943
-2952
-1073
-398
-1368
-2254
-2346
-2740
-3099
-1705
737
1885
1747
2642
4824
6216
5849
4532
2743
595
-1120
-2124
-3274
-4624
-5215
-4782
-3863
-2440
-556
664
570
385
965
1349
723
-207
-639
-756
-637
96
1163
1677
1567
1372
728
-495
-1721
-2979
-4532
-5904
-6258
-5373
-3844
-2290
-621
1083
2291
3261
4145
4057
2845
1391
200
-759
-1303
-1519
-1683
-1709
-1162
37
1272
1906
2038
2097
1957
1624
1507
1451
1006
564
645
1070
1496
1850
1964
1700
1363
1330
1512
1364
925
754
965
1282
1623
2008
2219
2180
2167
2287
2305
2089
1734
1323
1019
1054
1411
1656
1829
2185
2775
3351
3801
4015
3781
3431
3119
2703
1640
74
-2492
-6266
-9450
-9808
-8449
-8444
-9630
-8308
-3611
582
2000
3000
4883
5322
3882
2826
2896
1713
-1313
-3938
-4099
-2881
-2344
-3099
-4009
-3750
-2360
-1441
-2002
-2850
-2948
-2985
-3080
-1679
978
2598
2633
3197
5040
6448
6129
4808
3085
921
-1081
-2176
-2960
-4068
-4992
-5032
-4303
-3025
-1510
-583
-638
-758
-187
395
269
-53
21
236
573
1478
2664
3138
2731
2133
1668
1010
-166
-2188
-4349
-5713
-6161
-6090
-5560
-4331
-2443
-540
1054
2884
4666
5037
4108
3190
2477
1519
337
-800
-1688
-2037
-1960
-1598
-1121
-597
-126
160
300
624
1142
1163
684
632
1142
1436
1452
1596
1719
1598
1426
1420
1438
1292
1118
1147
1350
1642
1958
2059
1873
1677
1634
1473
1127
859
769
628
619
1093
1779
2178
2466
2860
3200
3395
3620
3851
3898
3684
3432
3301
2907
2155
1378
498
-2381
-7143
-10344
-9799
-8353
-9354
-11004
-8822
-3237
812
2053
3837
6433
6598
4611
3691
4125
2534
-1638
-5087
-5092
-3421
-2931
-4032
-4787
-3845
-2007
-1174
-1714
-2175
-2223
-2918
-3523
-1951
971
2448
2239
2969
5288
7120
7051
5873
4118
1748
-653
-2298
-3601
-5085
-6367
-6829
-6271
-4588
-2275
-715
-306
193
1461
2453
2382
1941
1766
1450
1076
1382
2250
2546
1984
1236
753
174
-691
-2167
-4554
-6652
-7216
-6702
-5909
-4694
-2921
-765
1428
3593
5665
6706
5888
4409
3432
2412
1005
-450
-1972
-3225
-3361
-2619
-1913
-1502
-1044
-408
360
1118
1817
2115
1688
1185
1454
1978
1923
1652
1443
1037
700
859
1091
807
288
176
585
1063
1357
1473
1360
1201
1290
1564
1579
1371
1254
1206
1203
1434
1914
2214
2223
2350
2716
3158
3649
4189
4325
4012
3719
3608
3431
2795
1692
427
-1003
-4026
-8167
-10457
-9794
-8869
-9784
-10295
-7087
-1662
1494
2310
4050
6094
5515
3427
2626
2489
335
-3194
-5167
-4466
-3182
-3017
-3681
-3828
-2735
-1086
-428
-1108
-1697
-1744
-2082
-2082
-318
2059
2880
2667
3627
5436
6091
5157
3652
1686
-777
-2773
-3739
-4527
-5533
-5936
-5258
-3879
-1970
98
1283
1420
1653
2349
2511
1823
1129
796
371
150
717
1533
1515
863
433
309
-302
-1700
-3181
-4185
-4782
-5220
-5032
-3891
-2135
-480
861
2322
4079
5132
4895
4098
3287
2129
700
-502
-1436
-2173
-2759
-2976
-2609
-1816
-1163
-785
-460
102
872
1414
1544
1670
1986
2119
2068
2243
2432
2064
1383
964
835
656
285
-23
28
363
776
1131
1372
1558
1697
1637
1467
1475
1596
1414
1097
1253
1797
2226
2472
2788
3085
3165
3260
3646
3966
3764
3094
2417
2066
2091
1944
947
-418
-2221
-5456
-8891
-9893
-8590
-8249
-9708
-9261
-4643
399
2304
2968
4960
6180
4838
3310
3037
1859
-1465
-4717
-5436
-4409
-3875
-4397
-5116
-4590
-2592
-635
-602
-1507
-1541
-1083
-1081
-362
1666
2981
2499
2413
4137
5636
4995
3198
1593
-44
-1770
-2906
-3637
-4716
-5531
-5140
-3789
-2211
-636
537
863
1085
2059
2847
2222
917
357
342
279
419
886
945
413
204
571
439
-891
-2692
-4029
-4680
-4801
-4415
-3662
-2661
-1210
659
2555
4018
4641
4263
3295
2366
1525
443
-847
-1981
-2483
-2354
-1815
-1009
-244
163
478
1075
1789
2078
1813
1275
897
870
995
991
755
481
361
496
790
1056
1116
940
840
1204
1821
2180
2109
1946
2030
2205
2220
2079
1851
1578
1415
1405
1515
1706
1676
1497
1471
1694
2054
2147
1967
2029
2599
3189
3319
3180
3027
3075
2810
1872
490
-2389
-6794
-10002
-10011
-8964
-9714
-10633
-8179
-2822
1241
2775
4447
6403
6180
4323
3337
2801
362
-3318
-5479
-5069
-3899
-3695
-4322
-4466
-3237
-1316
-442
-1190
-2036
-2069
-2141
-2073
-615
1412
2047
1779
2850
4933
5714
4549
2856
1271
-495
-2033
-2987
-3973
-5117
-5452
-4511
-2998
-1356
132
885
990
1475
2421
2532
1416
366
204
367
478
899
1295
1014
471
449
424
-565
-2128
-3429
-4195
-4488
-4073
-3488
-2966
-2005
-419
1342
2690
3379
3659
3449
2720
2001
1417
397
-929
-1630
-1841
-1842
-1516
-1011
-761
-484
117
793
1103
1087
1097
1229
1265
1297
1542
1591
1244
1103
1397
1536
1388
1286
1207
1030
1014
1357
1684
1670
1537
1535
1621
1601
1535
1451
1213
936
884
1053
1135
1192
1351
1603
1944
2448
2996
3349
3643
3967
4150
4044
3819
3617
3370
2770
1611
486
-954
-4480
-8764
-10423
-8993
-8172
-9400
-9094
-4598
703
2721
3292
5387
6713
4963
2572
1927
1094
-1970
-5335
-6276
-5027
-4059
-4327
-4931
-4461
-2758
-1170
-1286
-2245
-2311
-1838
-1946
-1397
712
2535
2554
2533
4128
5722
5310
3626
2039
376
-1451
-2692
-3443
-4468
-5306
-4958
-3658
-2213
-722
509
913
974
1642
2396
2002
838
261
372
491
670
1191
1403
972
593
675
450
-515
-2065
-3808
-4967
-4978
-4555
-4365
-3816
-2279
-37
1939
3276
4344
4884
4200
3078
2358
1459
-65
-1471
-2394
-2658
-2183
-1508
-1177
-911
-238
660
1253
1363
1393
1396
1048
706
1041
1448
1228
957
1219
1588
1714
1759
1702
1365
968
906
1120
1101
829
620
649
791
1009
1174
1052
883
1109
1589
1944
2087
2336
2545
2615
2864
3169
3212
2893
2622
2726
3243
3574
3455
3046
2903
3004
2926
1984
460
-995
-3264
-6814
-9525
-9449
-8224
-8363
-8782
-6253
-1352
2119
2948
3830
5318
5163
3149
1552
694
-1131
-3958
-5762
-5405
-4197
-3771
-4105
-4056
-2897
-1250
-593
-1251
-1816
-1501
-1214
-995
242
2082
2945
2884
3568
4988
5328
4019
2136
422
-1302
-2803
-3841
-4698
-5403
-5372
-4416
-3048
-1555
-123
694
849
1180
1910
2071
1254
437
328
524
601
766
954
819
403
86
-200
-714
-1601
-2952
-4022
-4131
-3483
-2910
-2566
-2025
-851
580
1616
2374
2914
2722
2183
1998
1824
1198
231
-810
-1606
-1717
-1559
-1597
-1828
-1850
-1371
-520
189
652
1031
1298
1561
2176
2760
2749
2328
1967
1740
1568
1436
1188
784
425
425
710
906
823
664
579
630
810
1008
1036
1031
1214
1617
2015
2309
2499
2549
2534
2704
3080
3181
3102
3094
3244
3506
3752
3704
3377
2957
2684
2552
2177
1030
-444
-2416
-5755
-9093
-10072
-8897
-8315
-8816
-7671
-3217
1670
3836
4447
5753
6420
5021
3053
1920
432
-2403
-5133
-5844
-4778
-3929
-4206
-4786
-4304
-2578
-994
-1012
-1906
-2004
-1310
-755
225
2087
3545
3620
3617
4698
5578
4643
2336
28
-1875
-3435
-4465
-5176
-5846
-5996
-5046
-3343
-1540
92
1134
1346
1402
2080
2692
2166
1011
499
719
957
1114
1299
1105
355
-361
-602
-918
-1896
-3175
-4042
-4079
-3541
-2882
-2303
-1768
-1198
-641
58
849
1433
1460
1165
1249
1797
2053
1693
1011
399
-33
-291
-620
-1177
-1756
-2089
-2054
-1675
-1049
-455
-64
260
948
1911
2486
2382
2037
1785
1570
1337
1141
876
500
214
297
709
1065
1130
1022
1063
1349
1661
1702
1545
1516
1657
1822
2004
2394
2764
2868
2875
3110
3436
3485
3214
2969
2941
2925
2752
2587
2556
2445
2186
2017
2134
2231
1783
704
-308
-1518
-4169
-7494
-8860
-7872
-7062
-7511
-6819
-3147
1126
3018
3580
4940
5800
4505
2413
1237
158
-2150
-4750
-5696
-4791
-3682
-3500
-3755
-3245
-1691
-313
-378
-1214
-1372
-1058
-1118
-790
687
2111
2280
2205
3161
4251
3853
2173
440
-1059
-2466
-3590
-4400
-5048
-5217
-4557
-3338
-1913
-362
865
1223
1184
1631
2139
1612
327
-408
-342
-308
-442
-319
-97
-266
-612
-661
-689
-1169
-2020
-2731
-2928
-2546
-2099
-2081
-1774
-902
-278
-130
36
575
1101
998
666
1056
1651
1380
808
522
168
-305
-841
-1534
-2067
-2188
-2255
-2289
-1910
-1111
-225
401
969
1962
2970
3163
2892
2942
2934
2441
1877
1516
1198
846
626
643
783
855
859
869
953
1152
1354
1385
1420
1685
2052
2288
2551
3018
3357
3364
3405
3674
3722
3428
3064
2860
2725
2606
2401
2134
1976
1977
2084
1854
1037
6
-990
-2730
-5529
-7882
-8245
-7292
-6672
-6352
-4419
-666
2531
3836
4564
5506
5300
3484
1481
245
-1212
-3479
-5346
-5611
-4820
-4182
-4042
-3873
-3119
-1900
-1073
-1105
-1303
-941
-341
115
1013
2507
3573
3605
3498
3869
3862
2662
729
-1163
-2801
-4130
-4980
-5421
-5613
-5257
-4190
-2737
-1196
268
1291
1640
1842
2343
2581
1965
994
534
526
457
263
109
-150
-626
-1028
-1195
-1434
-1986
-2649
-2959
-2726
-2006
-1155
-447
228
1071
1805
1687
1241
979
536
-359
-1236
-1581
-1367
-1119
-1101
-926
-471
-286
-318
-367
-630
-909
-1137
-1349
-1413
-950
-398
-69
253
878
1635
2080
2042
1948
1961
1762
1372
1183
1080
832
660
684
828
931
946
868
829
988
1314
1605
1753
1908
2280
2627
2841
3007
3128
2908
2485
2305
2226
1945
1553
1271
1424
1874
2303
2686
3049
3281
3351
3402
3318
3015
2129
782
-525
-1848
-4124
-6821
-8004
-7189
-6233
-6093
-5224
-2347
801
2281
2843
3734
4148
2996
1420
552
-138
-1583
-3179
-3874
-3513
-2958
-2871
-3210
-3235
-2546
-1755
-1739
-2076
-1793
-1070
-557
186
1650
2912
3077
2809
3050
3267
2533
1047
-401
-1601
-2592
-3233
-3545
-3773
-3762
-3309
-2560
-1714
-798
-87
142
280
884
1597
1696
1353
1258
1468
1511
1286
1000
583
-118
-814
-1206
-1454
-1772
-2083
-2220
-2041
-1516
-833
-312
11
346
476
197
-26
-116
-667
-1620
-2108
-1725
-985
-623
-463
99
782
1051
1081
939
341
-415
-929
-1193
-1225
-1033
-895
-760
-223
746
1573
1794
1662
1695
1809
1592
1251
1077
785
348
288
617
847
794
678
649
763
1007
1213
1226
1153
1293
1711
2120
2388
2568
2574
2385
2282
2434
2486
2190
1828
1820
2177
2445
2490
2547
2678
2778
2713
2502
2401
2205
1222
-105
-939
-1798
-3827
-6480
-7696
-6819
-5706
-5607
-4986
-2418
573
2157
2889
3781
4217
3236
1635
647
24
-1351
-3255
-4302
-4014
-3338
-3206
-3554
-3522
-2703
-1785
-1413
-1258
-766
-123
442
1337
2762
3894
3991
3532
3350
3260
2513
989
-744
-2226
-3285
-3897
-4161
-4215
-4027
-3527
-2744
-1702
-535
365
697
825
1300
1958
2173
1846
1523
1483
1442
1123
621
9
-813
-1763
-2450
-2790
-3027
-3292
-3346
-2902
-1949
-833
144
921
1562
2013
2020
1655
1203
730
-277
-1608
-2328
-2142
-1694
-1462
-1238
-601
199
668
833
839
464
-234
-722
-854
-718
-548
-512
-471
12
813
1298
1180
854
774
902
919
912
1032
1055
952
1159
1705
1998
1805
1416
1158
1055
1013
976
954
1027
1333
1905
2562
2999
3164
3061
2730
2439
2258
1833
1229
876
901
1199
1707
2294
2779
3043
3146
3335
3532
3450
2893
1820
430
-734
-1792
-3618
-6167
-7691
-7258
-6126
-5549
-4763
-2690
-173
1427
2234
3026
3308
2437
1063
235
-258
-1127
-2361
-3229
-3241
-2658
-2277
-2487
-2774
-2509
-1918
-1683
-1749
-1556
-1042
-527
177
1373
2592
3070
2923
2760
2650
2146
1094
-274
-1648
-2684
-3226
-3391
-3300
-2992
-2490
-1895
-1196
-387
245
394
198
176
422
501
286
86
145
302
396
438
418
262
-66
-435
-674
-834
-1023
-1246
-1324
-1096
-644
-204
98
335
242
7
-218
-495
-938
-1458
-1729
-1554
-1069
-555
-50
433
721
886
1014
877
495
-38
-533
-901
-974
-935
-939
-923
-707
-228
271
575
786
1017
1220
1411
1690
1876
1790
1661
1631
1665
1586
1359
1097
890
798
875
1041
1171
1257
1446
1688
1875
1910
1814
1655
1451
1369
1367
1389
1446
1610
1867
2263
2760
3150
3328
3293
3118
2965
2811
2571
2176
1308
97
-1088
-2400
-4346
-6528
-7706
-7455
-6697
-6061
-4809
-2283
505
2386
3493
4321
4512
3662
2268
955
-336
-1920
-3485
-4350
-4375
-3983
-3662
-3472
-3063
-2264
-1490
-1234
-1215
-972
-484
58
807
1888
2875
3340
3483
3632
3535
2767
1418
-123
-1612
-2867
-3776
-4300
-4495
-4289
-3616
-2617
-1442
-244
740
1294
1593
1936
2174
2012
1556
1168
954
744
528
347
97
-309
-746
-1070
-1356
-1744
-2158
-2360
-2207
-1773
-1215
-654
-55
592
906
866
891
1016
555
-574
-1334
-1176
-710
-627
-662
-217
516
909
987
968
646
-94
-814
-1293
-1455
-1427
-1538
-1709
-1326
-275
730
1187
1329
1716
2246
2449
2405
2381
2153
1612
1243
1322
1367
1040
580
324
391
625
761
695
615
742
1103
1505
1842
2182
2402
2402
2443
2715
2895
2640
2134
1860
2001
2182
2197
2200
2135
2058
2008
1945
1787
1522
1002
144
-722
-1523
-2826
-5223
-7535
-7873
-6476
-5584
-5572
-4280
-1010
1882
2924
3345
4075
3813
2111
563
-61
-973
-2826
-4311
-4411
-3563
-2827
-2637
-2818
-2613
-1586
-561
-575
-1048
-853
-250
70
669
1965
2848
2514
1964
2167
2336
1471
-42
-1387
-2363
-2930
-3011
-2919
-2932
-2649
-1841
-932
-188
592
1153
1045
775
1114
1677
1519
815
497
645
628
323
32
-334
-941
-1425
-1518
-1488
-1594
-1725
-1647
-1305
-728
-67
424
355
-11
-149
-238
-522
-789
-901
-801
-357
310
992
1434
1386
994
695
321
-246
-834
-1395
-1822
-1735
-1233
-685
-190
260
663
1125
1593
1891
1941
1744
1525
1584
1769
1689
1451
1258
1055
821
626
405
130
-132
-217
-27
394
830
1227
1566
1866
2225
2549
2600
2331
2054
1854
1753
1734
1698
1604
1483
1557
1885
2161
2110
2009
2044
2030
1887
1758
1663
1517
1046
230
-644
-1786
-3733
-6029
-7216
-6793
-5834
-5479
-4833
-2575
497
2376
2992
3503
3722
2774
1224
161
-675
-2107
-3742
-4414
-4008
-3344
-3071
-3099
-3019
-2379
-1397
-964
-1239
-1290
-737
-93
519
1557
2666
3002
2754
2815
3029
2471
1100
-290
-1346
-2181
-2656
-2773
-2818
-2731
-2177
-1345
-647
-88
442
635
460
519
986
1148
718
405
640
905
794
525
303
-66
-518
-813
-1015
-1278
-1501
-1521
-1263
-781
-180
319
258
-145
-182
-126
-716
-1325
-1290
-786
-169
500
1270
2077
2383
2091
1752
1281
288
-797
-1619
-2271
-2460
-2183
-1856
-1482
-739
131
825
1243
1510
1774
1857
1645
1545
1665
1591
1388
1405
1438
1312
1189
1044
780
528
458
506
566
693
1016
1429
1687
1882
2184
2390
2287
2121
2095
2070
1976
1824
1597
1384
1370
1533
1602
1546
1658
1890
1840
1414
1058
970
854
300
-620
-1444
-2311
-3960
-6177
-7429
-6913
-5900
-5681
-5312
-3178
-104
1664
2037
2478
2946
2284
872
9
-393
-1323
-2656
-3239
-2758
-2046
-1798
-2044
-2205
-1663
-699
-334
-694
-736
-67
588
1042
1873
2879
3079
2589
2423
2601
2175
941
-328
-1192
-1739
-2008
-2114
-2287
-2375
-2048
-1525
-1130
-725
-212
39
-1
382
1297
1807
1532
1247
1411
1486
1049
424
-135
-741
-1384
-1728
-1746
-1706
-1653
-1437
-992
-337
391
854
678
272
195
119
-352
-924
-1032
-683
-183
367
1036
1596
1601
1173
727
148
-679
-1628
-2422
-2822
-2657
-2149
-1624
-1078
-372
407
969
1263
1459
1574
1469
1280
1327
1506
1413
1140
987
953
826
548
205
-111
-318
-310
-87
291
732
1208
1650
2041
2389
2633
2631
2348
2070
1976
1934
1833
1732
1646
1589
1573
1528
1398
1282
1149
1017
848
691
788
1091
1323
1343
1109
589
-394
-2149
-4419
-6105
-6402
-6020
-5777
-5197
-3279
-455
1709
2698
3358
3758
3093
1566
274
-700
-2040
-3561
-4317
-3990
-3262
-2745
-2478
-2115
-1422
-502
57
-31
-192
66
460
858
1538
2372
2644
2362
2220
2282
1853
708
-553
-1520
-2234
-2650
-2703
-2595
-2423
-1982
-1206
-376
385
1022
1342
1327
1458
1852
1938
1446
922
746
600
223
-132
-336
-602
-947
-1077
-929
-802
-795
-763
-579
-257
152
458
559
406
60
-380
-903
-1432
-1768
-1855
-1692
-1126
-291
429
920
1228
1215
966
582
73
-499
-1003
-1361
-1456
-1329
-1150
-932
-642
-327
69
580
1071
1482
1830
2089
2219
2253
2131
1804
1334
833
395
74
-154
-291
-257
-34
336
789
1208
1523
1716
1827
1834
1802
1740
1564
1320
1214
1257
1295
1275
1255
1187
1017
809
642
601
611
621
759
1092
1385
1573
1746
1899
1701
1013
-247
-2355
-4929
-6568
-6534
-5925
-5902
-5579
-3477
-317
1821
2529
2917
2972
2005
641
-111
-697
-1893
-3112
-3245
-2349
-1336
-841
-964
-1326
-1187
-484
-170
-687
-1131
-815
-186
577
1818
3021
3205
2621
2410
2561
2070
799
-483
-1423
-2047
-2105
-1703
-1484
-1555
-1351
-789
-321
18
334
289
-90
-48
656
1138
870
511
582
717
586
389
116
-436
-1039
-1205
-1003
-869
-864
-817
-681
-373
154
539
448
73
-369
-841
-1194
-1503
-1855
-2237
-2351
-1769
-681
177
608
987
1282
1314
1242
1012
406
-353
-970
-1273
-1266
-1176
-1241
-1333
-1186
-644
139
757
1122
1574
2186
2670
2968
3111
2865
2228
1579
1131
742
215
-350
-683
-635
-308
164
597
864
1055
1272
1445
1534
1502
1354
1132
1018
1113
1340
1491
1419
1243
1074
993
1007
831
537
511
756
1032
1270
1607
1883
1948
1831
1628
1202
118
-1817
-4070
-5841
-6571
-6349
-5847
-5283
-3986
-1761
432
1783
2388
2432
1742
652
-81
-344
-860
-1740
-2127
-1662
-940
-485
-418
-677
-1023
-1026
-724
-581
-677
-656
-333
261
1201
2258
2728
2388
1888
1728
1527
876
63
-644
-1238
-1582
-1439
-1117
-1148
-1426
-1474
-1271
-999
-749
-599
-606
-537
-139
364
561
456
333
198
-1
-133
-158
-342
-714
-920
-790
-595
-550
-590
-610
-626
-569
-344
-52
37
-405
-958
-1132
-984
-781
-732
-719
-323
421
1071
1496
1731
1579
1159
834
609
404
38
-515
-939
-915
-659
-482
-417
-285
144
868
1630
2294
2763
2861
2607
2324
2042
1511
722
-93
-646
-830
-760
-586
-352
-36
397
926
1390
1691
1856
1830
1689
1628
1748
1832
1670
1404
1263
1218
1069
726
300
-180
-528
-468
26
709
1328
1849
2406
2910
3005
2732
2367
1794
814
-658
-2742
-4936
-6290
-6413
-6016
-5683
-5042
-3329
-1003
750
1643
2162
2212
1584
867
656
518
-121
-960
-1346
-1200
-1055
-1293
-2015
-2822
-3076
-2585
-1967
-1647
-1294
-639
76
876
1883
2670
2546
1760
1198
1051
764
111
-584
-1163
-1570
-1608
-1366
-1308
-1598
-1861
-1779
-1506
-1161
-777
-465
-244
171
849
1351
1375
1153
919
671
395
181
-10
-276
-487
-430
-168
30
74
-52
-293
-474
-439
-302
-302
-387
-307
4
438
807
821
325
-231
-505
-715
-838
-705
-283
296
854
1388
1889
1933
1345
641
105
-484
-1011
-1297
-1435
-1338
-906
-389
51
435
767
1043
1240
1407
1591
1623
1364
1110
1054
877
464
92
-245
-608
-838
-813
-639
-430
-141
315
861
1334
1718
1924
1849
1616
1466
1313
995
739
741
765
720
865
1200
1374
1371
1360
1412
1524
1630
1828
2109
2339
2454
2376
1795
791
-390
-2047
-4236
-5881
-6084
-5441
-4916
-4243
-2637
-523
971
1617
2015
2013
1305
392
-45
-199
-522
-1077
-1577
-1801
-1708
-1662
-2090
-2811
-3156
-2874
-2487
-2214
-1662
-794
-129
399
1237
2155
2362
1891
1436
1236
932
432
-72
-590
-1154
-1526
-1600
-1614
-1724
-1815
-1776
-1527
-933
-106
561
872
1144
1581
1870
1743
1425
1100
650
204
56
185
236
102
-4
-12
-35
-116
-235
-378
-443
-230
261
827
1348
1776
2069
2174
2113
1617
530
-728
-1636
-2195
-2455
-2308
-1677
-774
88
814
1429
1610
1136
370
-340
-975
-1413
-1512
-1445
-1221
-780
-288
-3
74
74
65
-8
-37
153
450
611
708
910
1065
988
773
510
198
-84
-212
-142
17
212
448
710
957
1147
1230
1175
1083
1097
1227
1400
1547
1691
1794
1750
1547
1305
1102
887
620
406
601
1288
1935
2213
2440
2822
2708
1571
-54
-1636
-3380
-5333
-6506
-6094
-4803
-3758
-2748
-1016
870
1812
1838
1503
952
228
-336
-554
-621
-734
-958
-1254
-1575
-1800
-2106
-2814
-3584
-3637
-2922
-2098
-1362
-308
923
1801
2383
2975
3292
2879
2032
1336
891
486
64
-366
-810
-1147
-1262
-1352
-1575
-1721
-1595
-1348
-997
-243
783
1511
1830
2142
2484
2455
2001
1496
1074
552
26
-212
-255
-379
-626
-801
-853
-909
-944
-886
-692
-366
107
694
1258
1694
1907
1826
1557
1251
933
511
96
-450
-1485
-2505
-2820
-2573
-2256
-2013
-1631
-859
-19
443
684
779
414
-44
-127
-23
18
-73
-459
-939
-1101
-1115
-1337
-1699
-1843
-1477
-719
100
911
1602
1853
1746
1787
1920
1775
1350
885
610
578
666
701
585
372
197
166
244
434
645
722
781
1080
1573
1911
2017
2020
1880
1773
1819
1824
1802
1787
1683
1638
1876
2126
2133
1855
1188
286
-685
-1919
-3431
-4882
-5864
-5837
-4745
-3354
-2169
-930
271
1023
1271
1222
836
176
-408
-552
-305
-126
-273
-697
-1362
-2102
-2658
-3109
-3559
-3689
-3154
-2171
-1040
159
1248
1895
2073
2086
2117
1958
1524
1071
848
807
858
883
678
165
-511
-1173
-1727
-2087
-2166
-1983
-1560
-773
345
1444
2210
2623
2688
2460
2001
1439
902
420
-25
-311
-340
-268
-359
-599
-829
-1009
-1133
-1136
-923
-544
-88
392
926
1413
1694
1667
1408
1072
697
302
-36
-340
-555
-732
-1319
-2206
-2704
-2933
-3240
-3183
-2551
-1548
-410
529
1222
1789
1786
1177
602
85
-539
-941
-1116
-1235
-1122
-865
-838
-954
-931
-812
-652
-344
211
886
1371
1607
1865
2081
1888
1425
1016
612
205
12
86
286
516
760
961
1099
1233
1382
1437
1424
1522
1758
1931
2052
2349
2636
2501
2186
2014
1716
1184
682
447
462
610
718
704
388
-193
-860
-1794
-3121
-4288
-4849
-4778
-4091
-2867
-1517
-505
198
788
1089
798
208
-258
-619
-880
-761
-439
-510
-991
-1340
-1528
-1833
-2123
-2092
-1775
-1308
-542
500
1359
1717
1805
1795
1582
1306
1178
1063
832
688
809
912
731
351
-158
-842
-1495
-1770
-1711
-1533
-1175
-547
181
784
1238
1478
1340
910
459
121
-110
-196
-87
107
277
460
616
576
303
-52
-373
-649
-796
-765
-664
-622
-556
-415
-305
-307
-356
-344
-253
-94
118
341
474
444
235
-102
-591
-1388
-2465
-3349
-3767
-3678
-3144
-2330
-1370
-372
394
847
1101
1051
702
389
278
371
683
946
942
768
535
135
-369
-799
-973
-851
-482
128
934
1649
2014
2078
2052
1950
1722
1436
1173
1025
960
902
826
797
738
601
442
443
657
943
1150
1379
1609
1655
1511
1368
1214
1075
1043
1014
1016
1096
1187
1253
1475
1776
1773
1233
428
-255
-864
-1802
-2893
-3646
-3827
-3407
-2415
-1325
-649
-297
57
348
364
297
415
557
640
1050
1705
1824
1059
2
-943
-1828
-2595
-2977
-2997
-2783
-2230
-1295
-359
262
613
765
699
687
1016
1451
1606
1617
1754
1770
1416
834
139
-808
-1864
-2560
-2721
-2622
-2394
-1961
-1411
-922
-445
31
362
524
702
957
1150
1273
1414
1443
1126
543
-48
-587
-1161
-1659
-1908
-1893
-1711
-1418
-1062
-701
-427
-337
-395
-453
-390
-231
-49
160
449
724
838
721
391
-75
-595
-1107
-1497
-1677
-1570
-1413
-1691
-2118
-2177
-1927
-1544
-964
-299
456
1226
1772
2144
2330
1967
1318
825
485
303
252
49
-307
-537
-681
-852
-993
-937
-652
-169
506
1361
2120
2514
2476
2310
2097
1801
1507
1248
937
623
443
376
332
226
85
-67
-145
30
453
832
1082
1281
1541
1713
1724
1770
1884
1803
1735
1827
1717
1458
1313
1182
1230
1312
859
13
-589
-833
-1167
-1949
-2806
-3052
-2955
-2921
-2413
-1212
-317
-216
-92
689
1338
1231
886
856
820
610
432
194
-398
-1160
-1723
-2089
-2239
-1992
-1621
-1457
-1169
-435
337
492
266
194
203
1
6
438
782
692
540
541
441
45
-434
-946
-1527
-1925
-1965
-1836
-1669
-1369
-1032
-838
-698
-390
-91
-48
-119
-42
82
153
210
264
151
-177
-497
-691
-867
-1069
-1185
-1181
-1090
-930
-685
-397
-159
-17
92
248
494
719
802
817
873
912
853
760
658
445
125
-199
-633
-1120
-1528
-2058
-2545
-2387
-1658
-860
-195
291
761
1220
1278
1068
1037
906
574
488
627
590
288
-244
-823
-1200
-1319
-1276
-1036
-517
201
918
1473
1841
2014
1936
1653
1476
1515
1517
1396
1285
1165
967
661
362
156
46
51
223
534
968
1417
1759
1940
2039
2180
2307
2191
1982
1912
1783
1615
1346
955
813
903
787
907
1321
1222
449
-222
-457
-526
-1109
-2036
-2582
-2794
-2941
-2531
-1596
-1020
-1046
-978
-436
58
124
23
-39
-246
-379
-277
-213
-578
-1149
-1627
-1974
-2159
-2081
-2004
-2032
-1868
-1303
-633
-210
24
243
325
270
503
942
1084
869
647
460
171
-169
-433
-772
-1262
-1622
-1665
-1535
-1331
-1042
-766
-593
-428
-130
212
439
597
717
728
638
560
507
337
-14
-376
-596
-677
-678
-631
-563
-469
-374
-268
-82
144
355
486
608
786
987
1053
979
825
627
382
168
24
-75
-199
-307
-394
-384
-517
-1255
-2126
-2306
-1935
-1595
-1147
-477
333
983
1292
1412
1537
1259
680
372
447
496
375
45
-434
-846
-1164
-1522
-1799
-1655
-1171
-598
45
862
1573
1947
2059
2237
2455
2532
2441
2298
2034
1585
1066
634
263
-138
-442
-479
-258
148
649
1057
1287
1432
1620
1758
1844
1925
1962
1914
1911
1837
1672
1487
906
62
-206
123
226
-68
-419
-512
-357
-338
-488
-554
-802
-1284
-1674
-1911
-1951
-1607
-1255
-1329
-1503
-1253
-767
-707
-958
-773
-228
-19
-27
223
434
51
-663
-1204
-1559
-1904
-2150
-2183
-2013
-1658
-1189
-825
-709
-714
-660
-622
-559
-193
352
614
559
570
587
347
-9
-188
-363
-731
-1010
-966
-850
-869
-949
-1015
-1075
-991
-617
-105
321
682
1053
1295
1332
1270
1139
805
342
12
-125
-198
-223
-181
-176
-248
-289
-242
-176
-144
-85
29
143
299
527
706
763
788
821
799
710
615
476
218
-77
-273
-443
-589
-943
-1702
-2315
-2212
-1789
-1396
-901
-385
12
250
275
312
468
393
232
455
902
1115
1035
649
86
-409
-711
-866
-786
-425
47
452
828
1188
1328
1194
1020
1071
1321
1578
1746
1789
1596
1194
773
519
411
346
360
535
762
931
1044
1022
817
610
544
610
836
1180
1473
1520
1366
1200
1106
871
483
261
346
568
766
843
774
610
212
-380
-687
-519
-397
-620
-931
-1005
-1294
-2229
-3125
-2939
-2204
-2016
-2159
-1726
-910
-624
-933
-977
-610
-517
-692
-488
129
447
131
-472
-851
-1026
-1255
-1522
-1482
-1078
-634
-501
-522
-450
-432
-679
-857
-494
233
777
1014
1227
1394
1251
886
611
391
55
-286
-414
-396
-399
-477
-578
-657
-630
-440
-135
208
592
907
977
849
718
654
524
339
297
449
635
781
883
848
618
287
-15
-192
-249
-271
-297
-304
-220
-94
-29
-71
-104
-106
-125
-177
-154
-104
-143
-249
-266
-218
-155
-109
-237
-544
-877
-1105
-1263
-1272
-1262
-1242
-1123
-823
-498
-90
288
534
713
969
1160
1257
1269
1142
888
607
352
138
-6
-114
-100
21
221
378
491
564
664
743
890
1130
1369
1479
1514
1477
1342
1119
892
709
533
352
213
141
61
-48
-153
-168
-111
0
187
524
881
1118
1151
1062
949
806
429
-16
-19
361
373
-115
-401
-205
-69
-249
-361
-230
-94
-105
-214
-408
-808
-1633
-2606
-2965
-2375
-1475
-975
-948
-871
-566
-467
-791
-1020
-885
-735
-724
-492
-37
48
-501
-1145
-1342
-1188
-938
-661
-308
22
156
1
-263
-478
-611
-664
-498
-66
510
911
905
590
232
-36
-218
-188
134
512
655
650
643
525
202
-156
-421
-570
-589
-442
-249
-183
-262
-369
-440
-435
-272
59
407
595
633
609
515
321
145
27
-70
-122
-80
-30
-64
-199
-360
-519
-603
-509
-253
6
212
421
603
681
668
668
722
770
778
803
822
635
33
-764
-1260
-1322
-1214
-988
-583
-209
-47
-45
-66
-36
65
192
416
811
1204
1361
1263
983
592
219
-13
-60
38
152
121
-31
-188
-309
-405
-373
-104
311
713
1033
1214
1160
891
530
249
169
247
341
393
388
270
39
-192
-285
-196
36
331
649
950
1168
1199
1062
900
835
847
855
899
983
939
701
384
58
-141
-136
-99
-86
96
350
440
344
83
-207
-346
-437
-784
-1366
-1783
-1601
-1049
-813
-1043
-1262
-1290
-1309
-1326
-1107
-624
-283
-281
-277
-36
123
-45
-379
-504
-273
86
283
348
372
252
-95
-499
-735
-800
-814
-773
-574
-253
14
84
11
-71
-42
106
329
514
547
401
189
-11
-163
-242
-263
-311
-438
-601
-738
-832
-913
-985
-990
-852
-558
-129
346
743
952
1003
1003
1003
1007
977
850
614
344
96
-128
-353
-570
-702
-702
-572
-353
-65
197
359
417
503
635
730
726
669
585
482
324
114
-79
-461
-1197
-1863
-1921
-1652
-1453
-1299
-1143
-1148
-1206
-1139
-874
-439
30
393
729
1080
1200
953
439
-67
-378
-479
-520
-473
-372
-394
-554
-612
-464
-227
38
387
831
1182
1317
1269
1080
784
557
510
620
830
995
941
685
367
45
-197
-278
-222
-94
41
142
250
428
657
896
1129
1371
1586
1707
1668
1445
1045
705
610
528
347
397
690
772
674
699
747
507
126
-127
-250
-537
-1055
-1490
-1449
-987
-565
-510
-668
-744
-778
-883
-938
-720
-393
-264
-280
-125
82
-45
-502
-862
-927
-842
-754
-713
-718
-779
-856
-891
-746
-410
-69
148
366
587
636
474
256
91
-11
-32
67
225
272
120
-155
-363
-392
-265
-101
70
223
289
246
177
136
120
103
95
146
258
336
307
173
-26
-203
-241
-127
49
194
283
348
413
444
422
375
293
160
-4
-151
-312
-475
-583
-555
-419
-213
-32
112
177
128
-56
-290
-496
-668
-834
-972
-974
-1183
-1669
-1919
-1567
-1137
-815
-525
-319
-339
-395
-411
-271
31
311
541
778
950
886
645
279
3
-106
-60
20
125
125
10
-102
-11
224
470
775
1167
1481
1581
1620
1557
1343
1084
1013
1111
1280
1354
1244
959
634
379
270
347
546
698
706
671
666
671
682
799
1033
1287
1463
1536
1494
1256
806
359
107
8
35
148
173
109
125
40
-362
-730
-733
-607
-816
-1365
-1917
-2102
-1933
-1656
-1556
-1552
-1448
-1245
-1187
-1189
-1061
-917
-968
-1046
-873
-593
-557
-780
-901
-809
-664
-570
-440
-347
-387
-520
-575
-484
-310
-212
-232
-187
26
240
264
168
68
0
21
199
437
566
529
410
319
287
276
300
360
373
275
148
75
25
-53
-125
-148
-179
-216
-223
-208
-256
-350
-409
-350
-208
-67
33
116
165
139
59
21
91
165
119
-39
-185
-285
-364
-420
-380
-278
-205
-135
18
156
160
91
67
71
79
132
156
70
-60
-349
-915
-1423
-1454
-1255
-1145
-1045
-914
-861
-831
-686
-392
55
533
955
1257
1379
1288
1092
846
638
595
680
742
745
715
593
360
157
138
242
358
513
695
808
874
973
1066
1159
1347
1577
1675
1581
1315
902
433
58
-81
3
177
303
374
382
350
338
410
557
705
825
884
885
779
608
381
200
147
243
373
479
548
494
293
18
-125
-161
-200
-386
-640
-980
-1428
-1929
-2083
-1710
-1171
-1028
-1249
-1432
-1450
-1487
-1565
-1381
-899
-418
-188
-54
58
78
-89
-259
-268
-146
-116
-224
-337
-365
-368
-438
-455
-275
26
215
249
206
107
-67
-223
-268
-191
-50
111
226
232
124
-16
-79
-50
54
164
225
195
135
107
153
243
321
361
323
193
-30
-288
-547
-715
-765
-705
-555
-370
-240
-175
-119
-52
50
144
179
161
139
99
29
-67
-131
-84
81
259
347
338
260
160
33
-95
-245
-385
-487
-501
-494
-445
-452
-696
-987
-843
-334
-48
-102
-264
-424
-595
-656
-589
-388
-83
277
606
834
835
653
449
390
477
531
383
153
87
200
391
560
730
875
987
1082
1168
1085
838
623
526
469
440
444
397
301
215
151
102
120
210
335
461
548
524
425
387
483
681
902
1086
1162
1126
1005
859
718
565
404
277
193
64
-64
-194
-317
-336
-124
70
69
28
85
42
-277
-689
-1030
-1193
-1109
-743
-546
-767
-1134
-1216
-1185
-1232
-1216
-985
-710
-530
-394
-299
-303
-383
-265
106
547
745
644
339
113
89
108
7
-73
24
182
273
278
211
25
-159
-211
-163
-187
-329
-476
-520
-434
-294
-158
-1
205
382
508
580
519
313
90
-8
2
20
-57
-229
-454
-632
-704
-700
-708
-718
-671
-566
-480
-455
-446
-435
-431
-387
-283
-208
-228
-291
-307
-241
-135
-43
16
49
42
-15
-67
-101
-87
-73
-81
-112
-97
-195
-497
-710
-547
-335
-398
-529
-529
-516
-564
-531
-415
-255
-88
145
362
435
300
95
-84
-120
-2
85
23
-41
23
111
187
266
353
371
383
466
591
576
449
440
573
696
746
747
643
509
430
420
405
370
292
250
354
583
801
946
1108
1355
1629
1778
1806
1732
1573
1345
1163
1014
849
659
546
538
543
515
555
603
446
255
270
313
108
-137
-241
-303
-491
-760
-962
-899
-633
-530
-830
-1244
-1359
-1298
-1391
-1507
-1321
-1015
-862
-703
-373
-154
-251
-397
-276
-8
109
25
-123
-196
-119
58
192
238
259
243
144
6
-120
-322
-596
-749
-718
-679
-728
-782
-769
-695
-576
-441
-326
-257
-246
-261
-243
-211
-256
-355
-361
-215
-51
14
7
23
60
70
59
40
-14
-103
-171
-175
-117
-32
52
130
260
442
577
568
492
436
386
269
116
11
-26
-63
-124
-136
-76
-2
28
40
22
-17
-84
-162
-237
-272
-396
-638
-831
-811
-672
-567
-564
-636
-674
-687
-715
-786
-788
-734
-572
-333
-56
129
219
263
388
584
718
706
593
478
427
496
594
659
669
721
832
950
974
915
802
664
583
574
578
519
465
486
583
673
769
878
981
1067
1181
1284
1331
1364
1392
1369
1307
1287
1229
1102
936
835
761
711
647
610
556
475
410
401
358
187
70
80
77
-194
-537
-672
-618
-800
-1348
-1775
-1608
-1102
-992
-1348
-1632
-1507
-1367
-1440
-1511
-1346
-1195
-1176
-1054
-749
-589
-802
-1030
-932
-594
-440
-545
-737
-749
-580
-339
-136
22
96
98
186
390
522
354
42
-122
-50
-28
-167
-344
-440
-490
-465
-357
-250
-206
-185
-92
97
291
335
253
209
269
332
287
136
-48
-173
-210
-208
-236
-300
-374
-430
-461
-455
-427
-451
-498
-461
-304
-158
-81
-38
5
49
85
111
74
-36
-168
-227
-241
-243
-247
-176
-31
144
299
441
449
144
-136
-11
314
251
-70
-271
-232
-195
-175
-129
-42
26
142
326
411
335
193
156
226
450
639
617
475
534
746
886
926
949
924
854
926
1099
1128
935
798
804
818
748
653
545
438
435
527
597
574
542
552
628
720
747
673
590
587
642
678
664
599
497
413
430
469
411
268
196
238
352
348
69
-292
-374
-207
-235
-498
-650
-569
-681
-965
-1033
-860
-1006
-1416
-1370
-720
-281
-587
-1042
-1052
-782
-788
-1001
-1151
-1131
-1176
-1242
-1205
-1065
-1037
-1132
-1040
-625
-147
-50
-237
-328
-141
0
-44
-149
-187
-277
-393
-396
-322
-415
-710
-904
-858
-752
-807
-930
-977
-897
-751
-565
-390
-251
-160
-38
154
328
363
298
273
340
432
451
389
322
317
313
286
242
204
117
6
-38
16
86
126
208
392
597
691
703
683
667
613
532
425
331
263
221
157
21
-109
-124
-36
-21
-50
-18
67
3
-114
-60
212
453
557
592
609
586
518
469
429
391
306
174
-6
-163
-263
-319
-320
-202
-36
23
34
156
371
540
691
878
1023
1046
1022
1040
1021
884
665
451
259
87
-44
-143
-196
-183
-112
-33
66
220
426
626
792
898
923
856
751
680
648
588
477
372
318
305
278
225
172
182
206
194
126
71
44
22
17
100
220
174
-85
-316
-347
-418
-857
-1447
-1627
-1392
-1364
-1807
-2176
-2093
-1872
-1873
-1890
-1688
-1465
-1446
-1432
-1229
-1028
-1043
-1123
-1016
-731
-485
-459
-551
-510
-268
-60
-36
-87
-95
-129
-210
-205
-128
-167
-311
-322
-142
21
58
61
99
140
172
202
176
86
58
160
302
386
444
511
605
746
909
983
885
717
651
714
784
819
847
890
932
1025
1107
1078
968
900
864
775
655
532
439
319
228
165
141
81
34
16
43
83
98
101
152
186
-40
-311
-285
-36
-100
-405
-600
-574
-602
-665
-643
-567
-524
-438
-257
-154
-170
-245
-272
-290
-195
-68
-78
-213
-160
84
236
238
238
262
221
266
396
460
388
406
522
630
707
809
853
789
759
806
797
629
466
406
414
413
434
454
460
461
488
533
601
671
644
556
499
510
477
389
305
277
272
239
162
54
-38
-132
-204
-273
-309
-333
-365
-460
-510
-477
-469
-691
-1095
-1321
-1199
-1047
-1300
-1751
-1950
-1843
-1794
-1859
-1853
-1724
-1637
-1567
-1392
-1187
-1135
-1186
-1062
-712
-331
-170
-175
-146
59
309
441
417
346
296
290
358
462
475
381
370
523
697
727
663
606
607
633
660
661
609
536
517
587
643
567
383
282
342
458
488
470
486
541
614
726
851
878
827
822
895
947
911
795
648
548
489
389
194
18
-73
-111
-158
-131
-85
-133
-146
83
382
361
134
36
127
67
-164
-354
-358
-332
-355
-411
-446
-455
-457
-449
-421
-310
-229
-244
-301
-197
-26
41
14
87
231
287
274
281
282
193
75
-53
-170
-287
-343
-343
-285
-197
-84
21
88
173
269
327
298
230
118
-28
-188
-309
-365
-364
-347
-379
-433
-480
-505
-542
-543
-488
-393
-326
-272
-189
-89
3
53
67
27
-29
-102
-196
-302
-351
-363
-361
-318
-197
-72
-79
-140
-112
-42
-255
-729
-1059
-921
-656
-729
-1135
-1396
-1353
-1254
-1291
-1317
-1231
-1137
-1054
-881
-624
-499
-540
-538
-258
178
479
485
395
486
738
888
811
670
578
533
545
671
781
765
696
760
931
1063
1063
978
889
857
883
887
828
742
719
746
790
783
690
513
385
371
404
336
159
-26
-120
-111
-71
-58
-54
43
241
452
576
597
532
437
347
249
103
-83
-278
-427
-483
-483
-490
-517
-532
-505
-420
-310
-222
-174
-150
-148
-151
-142
-118
-108
-141
-203
-249
-260
-282
-317
-334
-318
-298
-283
-275
-274
-261
-229
-171
-91
10
96
142
156
157
135
73
-19
-131
-252
-365
-438
-475
-492
-479
-419
-329
-249
-180
-91
-6
35
47
60
74
73
52
26
18
-3
-65
-140
-185
-218
-247
-241
-214
-195
-177
-116
-22
82
163
212
226
234
272
316
272
154
102
149
160
67
-38
-58
17
172
331
373
213
-39
-96
168
431
255
-241
-515
-385
-275
-413
-563
-532
-462
-421
-336
-252
-318
-454
-427
-177
112
265
267
249
414
736
947
860
668
549
464
394
431
465
349
242
369
624
748
754
762
794
794
775
687
492
298
259
341
393
360
273
169
108
132
161
81
-68
-139
-87
-1
46
42
36
92
221
321
317
256
215
170
79
-19
-78
-114
-195
-302
-384
-416
-435
-455
-474
-466
-439
-427
-481
-586
-669
-703
-690
-639
-517
-372
-266
-209
-140
-36
27
1
-83
-167
-254
-348
-425
-462
-451
-415
-385
-358
-288
-183
-113
-89
-71
-44
-26
-30
-39
-33
-31
-36
-20
-1
-33
-101
-122
-80
-27
15
43
35
-3
2
61
99
90
94
138
171
156
101
20
-52
-70
-45
-45
-62
-23
57
95
114
202
286
291
281
328
331
290
325
416
413
353
384
477
488
362
175
52
89
150
28
-246
-391
-342
-325
-401
-399
-321
-349
-419
-348
-213
-229
-316
-288
-170
-89
-54
-64
-110
-109
-39
-11
-77
-116
-115
-125
-102
39
185
221
239
353
494
554
580
602
575
504
473
449
363
241
172
130
71
4
-82
-204
-301
-286
-193
-133
-107
-39
74
190
281
349
350
299
229
150
33
-92
-178
-235
-298
-332
-293
-192
-89
-21
2
-7
-25
-54
-93
-141
-180
-204
-212
-216
-232
-262
-306
-357
-386
-404
-435
-459
-441
-380
-308
-227
-154
-105
-79
-44
14
62
52
-10
-51
-70
-100
-122
-90
-34
-9
-14
-17
5
38
85
132
182
232
274
273
241
213
190
133
36
-56
-117
-138
-128
-65
29
131
190
199
200
277
376
384
326
310
322
244
136
95
116
74
-4
-47
-44
-40
-27
-18
-39
-49
-11
40
51
58
71
90
130
217
259
205
134
124
103
4
-109
-195
-290
-393
-422
-385
-357
-359
-329
-263
-199
-146
-93
-61
-44
-8
58
113
150
174
168
124
77
27
-50
-146
-236
-300
-344
-363
-347
-287
-192
-77
49
185
318
448
557
646
696
691
648
592
538
451
333
229
173
124
62
-8
-56
-90
-99
-81
-31
26
73
115
175
244
262
220
155
108
40
-83
-221
-328
-407
-475
-495
-450
-379
-308
-208
-69
90
223
295
320
336
331
296
240
183
115
19
-100
-211
-302
-378
-440
-453
-423
-375
-327
-244
-148
-64
-12
23
40
30
14
4
-1
-14
-12
4
29
39
48
59
64
56
43
3
-67
-101
-81
-83
-132
-111
-5
89
119
155
205
194
106
4
-69
-137
-213
-311
-393
-389
-295
-215
-195
-151
-58
-6
-54
-113
-132
-153
-206
-236
-227
-212
-190
-125
-25
76
154
182
163
133
110
64
-1
-38
-44
-60
-73
-33
41
92
109
125
152
185
196
175
163
196
233
223
179
150
123
59
-14
-56
-86
-157
-239
-276
-266
-249
-216
-139
-35
56
123
178
216
238
246
255
262
248
175
70
-8
-42
-57
-65
-61
-62
-57
-39
-11
8
10
0
10
57
105
95
34
-15
-15
12
23
7
-26
-61
-75
-60
-27
6
20
21
43
115
210
253
218
154
130
125
105
82
98
147
209
277
343
383
387
365
335
313
264
158
6
-145
-259
-343
-400
-444
-485
-521
-521
-478
-412
-361
-323
-283
-237
-202
-172
-157
-155
-143
-91
-51
-87
-174
-233
-266
-313
-357
-355
-333
-338
-349
-334
-277
-207
-144
-92
-27
60
121
122
86
68
59
20
-41
-82
-122
-192
-264
-276
-264
-280
-309
-319
-293
-222
-106
3
71
113
159
191
208
217
230
225
221
242
268
271
261
