-20
-15
-10
-12
-17
-19
-15
-11
-13
-11
-11
-11
-14
-10
-6
-13
-8
6
3
-10
-8
1
7
8
6
9
18
24
25
23
23
22
20
20
16
12
17
23
29
30
25
28
32
33
30
35
44
37
28
33
34
33
37
36
34
26
26
28
24
22
19
18
22
17
12
17
15
12
8
7
2
-1
-3
1
7
-2
-10
-12
-10
-24
-30
-24
-25
-32
-34
-30
-35
-35
-25
-24
-29
-28
-25
-33
-31
-29
-24
-24
-29
-32
-37
-40
-42
-40
-42
-38
-41
-42
-41
-33
-31
-41
-30
-19
-19
-26
-25
-14
-14
-16
-18
-18
-19
-15
-22
-23
-24
-34
-30
-29
-34
-39
-32
-26
-23
-28
-28
-21
-15
-12
-14
-12
-12
-11
-7
3
2
-1
7
15
10
2
6
12
19
20
11
16
24
25
24
29
30
28
34
27
26
25
30
28
26
22
18
15
13
15
3
5
8
1
-4
-6
-9
-16
-19
-22
-29
-27
-19
-20
-19
-12
-13
-17
-11
-5
-4
1
8
11
7
3
6
3
3
5
11
11
17
14
13
21
29
32
33
37
35
38
42
44
39
38
39
39
37
38
47
52
55
54
53
57
57
49
41
42
35
24
25
23
17
20
17
13
16
15
5
5
13
13
11
10
9
6
13
19
12
9
8
5
5
-1
-12
-13
-15
-19
-28
-39
-40
-41
-36
-31
-37
-38
-36
-42
-48
-50
-53
-60
-64
-66
-72
-78
-76
-71
-68
-74
-81
-73
-65
-61
-59
-64
-63
-56
-47
-47
-42
-38
-32
-27
-22
-14
-11
-3
2
0
-9
-3
8
7
8
16
32
46
42
36
43
50
51
52
55
58
52
46
54
62
63
64
60
70
76
65
65
63
57
43
38
39
34
34
27
22
20
23
16
8
6
2
-6
-10
-16
-21
-22
-27
-39
-50
-41
-39
-43
-48
-48
-42
-35
-36
-47
-42
-33
-34
-34
-30
-22
-20
-22
-15
-13
-14
-16
-10
-6
-4
2
-2
-1
-2
11
16
14
25
30
31
33
29
25
22
27
33
29
23
22
22
21
13
4
7
9
2
-5
-5
-10
-6
-1
0
-13
-17
-3
2
-11
-17
-8
-8
-10
-22
-23
-18
-15
-16
-15
-12
-2
6
-3
-8
-7
3
-4
-2
-5
-7
-5
7
16
15
9
4
12
12
15
13
10
3
-8
-11
-16
-18
-15
-17
-18
-11
-1
-8
-12
-17
-23
-28
-22
-11
-19
-28
-29
-21
-19
-34
-60
-57
-37
-42
-62
-70
-59
-65
-78
-72
-56
-41
-37
-50
-48
-15
12
5
-18
-20
0
25
41
34
23
22
37
53
81
83
56
48
56
67
64
58
47
28
23
36
43
17
2
-2
5
11
20
26
2
-23
-12
27
37
24
11
36
54
64
69
84
86
62
53
92
136
105
53
28
87
142
98
40
45
68
31
-8
6
6
-55
-105
-102
-82
-75
-115
-159
-150
-110
-105
-124
-116
-114
-131
-131
-96
-104
-137
-126
-91
-99
-114
-101
-109
-112
-116
-108
-106
-111
-114
-122
-104
-74
-39
-5
11
23
36
101
195
254
232
231
308
398
421
417
466
515
496
462
483
520
515
427
387
326
287
218
237
264
162
-20
-202
-164
-114
-136
-239
-363
-433
-564
-613
-569
-533
-555
-710
-782
-780
-713
-639
-625
-609
-641
-651
-594
-443
-292
-300
-325
-304
-170
-99
-120
-59
24
84
36
30
65
124
134
148
122
125
121
145
163
261
367
478
557
541
483
474
729
910
968
843
894
891
910
927
1082
1125
1039
897
860
858
826
758
505
-1
-499
-354
285
436
-483
-1512
-1480
-737
-480
-846
-1090
-1035
-1245
-1649
-1434
-586
-100
-605
-1232
-1033
-271
13
-204
-194
239
439
251
133
545
834
774
423
706
927
935
331
224
431
644
491
-1616
-2626
-1998
1374
1249
-1598
-3787
-3041
-1437
-1169
-123
295
-1013
-3118
-2870
-506
1298
1309
179
-810
-457
852
1851
2050
2126
2042
1509
1621
2858
3514
2731
1705
2282
3235
3152
2303
1625
1514
1236
1117
1092
705
-794
-2174
-2059
-654
-305
-1830
-3610
-3812
-2869
-2312
-2212
-2051
-2111
-2905
-3533
-2509
-659
134
-738
-1369
-722
371
924
989
1322
1623
1773
1759
1999
2274
2203
1904
1854
2117
2061
1649
1064
606
318
398
472
63
-857
-1526
-1721
-1519
-1587
-1754
-2075
-2376
-2622
-2663
-2015
-2987
-4458
-4594
-985
1454
-809
-4051
-3762
-757
478
1187
2259
1838
-361
-1236
1049
3695
4397
3177
1237
730
1776
2917
3023
3001
3050
2051
1504
2378
3333
2707
1706
2179
2996
2773
1551
370
161
632
533
-583
-1166
-873
-1398
-3097
-3351
-1807
-1080
-2649
-3775
-2999
-2015
-2304
-2688
-1769
-1053
-1637
-2070
-1188
-134
-295
-449
95
579
674
740
1003
1143
1432
1742
1649
1467
1734
1871
1502
1316
1614
1576
801
187
342
440
-52
-561
-629
-786
-1381
-1884
-1688
-1631
-1809
-2207
-2055
-2117
-2058
-2154
-3672
-4449
-2987
438
372
-2257
-3756
-2745
-1202
-113
1262
1226
-244
-1528
-1064
899
2600
2708
1286
60
545
1783
2613
3173
3273
2873
2281
2703
3620
4150
4150
3967
4044
4429
4249
3522
2795
2893
2923
2504
1551
-135
-1541
-1391
-107
-637
-2359
-3535
-3909
-4616
-4623
-3284
-2623
-3983
-5587
-5428
-4203
-3460
-3069
-2676
-2724
-2871
-2361
-1145
-308
73
655
1125
1398
1932
2738
2988
2796
3306
4268
4305
3453
3079
3145
2779
2374
2539
2359
986
-354
-675
-584
-834
-1331
-1962
-2840
-3482
-3489
-3241
-3189
-3258
-3336
-3446
-3450
-2924
-2196
-1809
-1676
-1121
-649
-97
-184
-1249
-2135
-1058
1881
2732
1213
-782
-1245
-612
797
2382
2544
1016
-883
-1376
112
2114
3075
2141
486
-341
280
1958
3231
3620
2696
2048
2433
3631
4664
4888
4474
3835
3889
4202
4344
3879
3171
1556
-93
51
1632
1561
-1550
-4206
-4280
-3017
-3114
-3763
-3999
-4983
-6871
-7280
-5164
-3581
-4331
-5398
-5333
-4642
-3804
-2447
-1354
-1234
-1170
-329
760
1586
2478
3129
3101
3245
4420
5364
4882
4051
4312
4650
4196
3593
3384
2712
1274
416
535
515
-606
-1989
-2790
-3231
-3496
-3490
-3526
-4137
-4726
-4730
-4314
-3950
-3441
-3034
-3017
-3357
-3634
-2896
-1409
-266
-589
-1198
-1003
-110
679
1328
1743
1641
1291
1150
1511
2085
2275
1866
1405
1431
1789
2186
2491
2526
1940
1578
1944
3046
3333
3022
2954
3178
3838
4325
4760
4442
3850
3557
3723
4078
4025
3359
1892
-412
-1554
-621
1794
1155
-2633
-5607
-5058
-3617
-3813
-3640
-3242
-4722
-7526
-7745
-4793
-2985
-3694
-4554
-4322
-3938
-3493
-2051
-611
-261
-241
503
1476
1988
2632
3329
3610
3915
4904
5476
4532
3400
3683
4458
4082
3150
2790
1879
128
-716
-44
235
-1167
-2825
-3622
-3950
-4189
-3923
-3716
-4160
-5031
-5074
-4572
-3905
-3513
-3374
-3498
-4182
-3635
-2035
-420
-740
-1582
-1311
-21
990
1345
1769
1774
1582
1534
1960
2650
2649
2096
1388
1492
2100
2374
2325
2331
2294
1849
1668
2337
3198
2939
2466
2465
3197
4094
4494
4561
4231
3846
3464
3636
4336
4542
3415
2007
555
-1072
-1543
388
2148
-526
-4990
-6185
-4104
-3462
-4208
-3839
-3472
-6014
-8599
-6922
-3534
-2921
-4462
-4723
-3853
-3805
-3333
-1606
-132
-41
20
1049
1841
2096
2789
3720
4010
4399
5243
5351
3991
3233
4225
4797
3799
2766
2413
1285
-559
-913
161
-67
-2123
-3778
-3871
-3907
-4376
-4215
-3739
-4376
-5234
-5167
-4003
-3709
-4335
-4374
-3783
-2547
-2038
-1557
-1445
-1111
-768
125
1229
2002
2052
1379
1486
2185
2967
3005
2454
2114
1694
1725
1988
2322
2462
2206
2028
1898
1801
2062
2476
2697
2666
2675
2956
3383
3876
4466
4952
4884
4466
3874
3837
4149
4407
4127
3293
1137
-1704
-2304
716
2748
-289
-5187
-6230
-4406
-4465
-5047
-3772
-3268
-6714
-10017
-8028
-4007
-3540
-5347
-5532
-4541
-4604
-4345
-2345
-542
-612
-804
208
1434
1901
2334
3208
3673
4312
5202
5220
3961
3212
4111
4798
3887
3044
2709
1489
-464
-908
449
418
-1900
-3800
-3938
-3849
-4460
-4376
-3749
-4171
-5565
-5535
-4601
-5036
-5865
-4641
-1615
-1122
-2835
-3920
-2504
-687
613
1513
2009
1645
496
426
2047
4134
4298
2504
1205
1370
2170
2467
2662
2841
2421
1833
1861
2419
2695
2537
2328
2701
3301
3353
3108
3142
3990
4955
5293
5343
4906
4160
3540
3858
4763
5064
4267
1308
-2321
-3011
483
3587
913
-4820
-7005
-5224
-4629
-4805
-3672
-2770
-6305
-10680
-9250
-4419
-2871
-5138
-6019
-4894
-4747
-4827
-2948
-493
-224
-964
-208
1511
2133
2273
2982
3847
4733
5394
5489
4391
3342
4074
5119
4734
3599
2809
1783
-144
-768
736
1262
-1003
-3672
-4148
-3595
-4001
-4150
-3513
-3702
-5361
-6085
-5671
-5724
-5657
-3605
-1159
-2182
-4732
-5167
-2705
-425
1118
1459
867
-331
-758
568
2797
4408
3611
1373
231
1118
2420
2744
2702
2459
1824
1402
1995
2798
2854
2536
2410
3053
3426
3422
3258
3381
4159
4818
5314
5516
5399
4503
3925
3611
4540
5191
4967
2972
-644
-3210
-2279
1880
3153
-1525
-7031
-7444
-5374
-4815
-5119
-3490
-3836
-8679
-11586
-8133
-3275
-3261
-5881
-5889
-4786
-4950
-4492
-1903
300
-88
-823
416
1976
2359
2745
3736
4802
5118
5454
5345
4203
3758
4829
5630
4640
3224
2544
1459
-228
-138
1336
998
-1999
-4356
-3950
-3302
-3669
-3886
-3491
-4353
-6478
-7928
-6945
-3586
-1610
-2698
-5190
-6090
-4374
-2101
-304
911
471
-1028
-1600
-57
2430
3456
2806
1637
1026
1468
2269
2753
2755
2269
1885
1913
2571
3178
3010
2390
2365
3216
4177
4053
3284
3212
3814
4755
5334
5892
5719
4994
4944
5436
5617
4671
4379
4343
4229
2363
-915
-2970
-1295
2368
1424
-4066
-7750
-6284
-4808
-5731
-5589
-3416
-4946
-10372
-11808
-6718
-2558
-4304
-6960
-6131
-4859
-5336
-4573
-1054
822
-589
-1690
61
2263
2719
3006
3952
4713
4864
5131
5090
4495
4450
5227
5138
3941
3121
2671
1386
-157
231
1433
269
-2929
-4404
-3484
-3162
-4127
-4366
-3642
-4848
-7652
-8513
-5718
-2689
-3049
-5275
-6298
-5201
-3755
-2381
-882
27
-809
-2026
-1459
935
2748
2537
1709
1448
1665
1942
2339
2947
3054
2666
2289
2674
3334
3624
3279
3014
3361
3995
4208
3821
3674
3924
4415
4730
5277
5661
5642
5144
5419
5973
5880
4693
3784
3974
4569
3875
440
-2952
-2815
1235
2403
-2104
-6999
-6727
-5051
-5783
-6256
-3692
-3517
-8661
-12300
-8471
-3077
-3373
-6528
-6545
-5009
-5265
-5179
-2187
555
-342
-2022
-841
1692
2631
2734
3384
4212
4545
4975
5317
4822
4309
4911
5267
4360
3475
3296
2348
360
-32
1426
1448
-1406
-3841
-3508
-2858
-3643
-4188
-3520
-3855
-6250
-7879
-6786
-4310
-3196
-3963
-5478
-6055
-5101
-3318
-1719
-621
-712
-1757
-2125
-723
1429
2431
2123
1579
1282
1455
2163
3000
3269
2981
2678
2606
2950
3503
3799
3724
3528
3485
3619
3806
3948
4047
4077
4249
4405
4818
5161
5314
5159
5320
5908
6014
5057
3752
3391
4249
5048
2701
-1793
-4065
-767
3018
607
-5526
-7467
-5258
-5024
-6936
-5492
-2700
-5536
-11720
-11624
-5260
-2500
-5852
-7919
-5977
-5044
-6087
-4874
-1135
-56
-2113
-2512
57
2039
2179
2322
3353
4261
4833
5391
5261
4617
4868
5762
5444
4422
4219
4002
2240
591
1496
2817
1044
-2375
-3123
-1956
-2278
-3821
-3903
-3401
-4835
-6784
-7381
-6408
-5509
-4604
-4481
-5918
-6902
-5859
-3864
-2505
-1807
-1579
-2008
-2335
-1104
923
2114
2149
1644
1217
1441
2576
3642
3746
3431
3162
3117
3381
4130
4626
4564
4043
3656
3805
4170
4420
4331
4175
4057
3960
3936
4477
4951
5135
4905
4860
5039
5140
4282
3000
2932
4519
4710
640
-4084
-3751
1590
3248
-1961
-7094
-6441
-4528
-5835
-6676
-3265
-2251
-8065
-12827
-9165
-3039
-3177
-6933
-7175
-5403
-5853
-6433
-3625
-286
-776
-2896
-2360
188
1785
2097
2546
3480
4239
4755
4993
4600
4768
5845
6089
4999
4217
4552
3812
1624
1099
2860
3067
-77
-2794
-2380
-1585
-2771
-3795
-3317
-3644
-5928
-7546
-7064
-6263
-5670
-4688
-4754
-6657
-7832
-6150
-3416
-1990
-1795
-2070
-2554
-2368
-747
1463
2725
2580
1723
1152
1918
3502
4424
4213
3739
3508
3405
3639
4355
4861
4660
4077
3700
3600
3672
3904
4077
3979
3647
3339
3260
3695
4299
4750
4862
4721
4573
4915
4846
4114
3416
3709
5009
3653
-967
-4218
-940
4131
2487
-4938
-7602
-4344
-3518
-6527
-5949
-1794
-3629
-11200
-12664
-5877
-1749
-5438
-8686
-6619
-5226
-6988
-6573
-2525
-280
-2384
-3932
-1617
735
1339
1637
2809
3844
4291
4913
5007
4527
5167
6516
6264
4775
4437
5026
3601
1318
1870
3733
2484
-1504
-3037
-1469
-1534
-3754
-4250
-3284
-4219
-6992
-7533
-6248
-6522
-7166
-5735
-4358
-6088
-8173
-6701
-3373
-2018
-2206
-2252
-1906
-1686
-898
1068
2927
3348
2275
1176
1990
3896
4956
4494
3827
3671
3504
3510
4280
5056
4759
3730
2982
3139
3414
3513
3524
3266
2935
2392
2348
2695
3400
4029
4270
4030
4019
4262
4867
4894
4675
4057
3812
4382
3055
-795
-2910
1257
5393
1799
-6300
-7011
-2462
-2125
-5930
-5032
-1247
-4566
-12156
-11546
-3699
-1244
-6678
-9429
-6475
-5396
-7606
-6530
-2106
-755
-3874
-4869
-1950
205
664
1291
2612
3150
3368
4274
4572
4370
5432
6824
6086
4253
4310
5413
4062
1874
2530
4254
2505
-1553
-2373
-212
-577
-3252
-3890
-2782
-3728
-6712
-7436
-6024
-5325
-5413
-5325
-5821
-7139
-7078
-4974
-2947
-2337
-2308
-2782
-3048
-2012
257
2090
2140
1598
1202
1360
2445
3896
4641
4014
3116
2878
3335
3953
4403
4402
3969
3490
3204
3156
2950
3050
3364
3302
2752
2072
2156
2436
2852
3464
4268
4383
3858
3491
3892
5163
5906
5359
3355
3100
3523
1780
-1830
-968
4309
4534
-3353
-8733
-4574
-356
-3506
-7025
-3734
-2065
-8809
-13830
-8044
-851
-3537
-9917
-9288
-5657
-6521
-8276
-4607
-488
-2115
-5669
-4418
-811
769
955
2039
2998
2886
3330
4383
4702
5069
6508
6886
5060
3795
5059
5714
3639
2337
3906
4377
862
-2098
-752
1006
-907
-3419
-3015
-2315
-4507
-6430
-5465
-4632
-5939
-6248
-4615
-4391
-6688
-7214
-4945
-2790
-2569
-2638
-2466
-2369
-1958
-361
1427
2166
1872
1097
978
2037
3627
4245
3454
2725
2665
2970
3326
3830
4058
3428
2562
2561
3221
3293
2833
2643
2976
2856
2482
2446
2622
2931
3444
4191
4589
4459
4275
4317
4919
6101
6798
5795
3785
3234
3345
1715
-702
1095
4746
3073
-4914
-8407
-3748
-183
-3586
-6694
-4244
-3959
-10233
-13168
-6787
-1058
-4942
-10915
-9813
-6210
-6892
-7881
-4317
-1083
-3293
-6361
-4509
-598
917
1061
1957
2668
2408
3025
4529
5202
5525
6467
6471
4725
3910
5531
6179
4058
2694
3984
4051
832
-1358
332
1620
-722
-3244
-2828
-2150
-4190
-6054
-5475
-4810
-5641
-6045
-5383
-5610
-6744
-6631
-5090
-4011
-3463
-3051
-2963
-3205
-2498
-713
555
729
563
552
598
1157
2432
3251
2858
2069
2167
2794
3263
3483
3689
3539
3090
3154
3680
3877
3484
3366
3704
3737
3429
3311
3510
3805
4094
4673
5210
5383
5091
4896
5213
6146
6800
6649
5276
3813
2787
1580
86
283
3064
3659
-1735
-8131
-7418
-2479
-1625
-5400
-6216
-4724
-7915
-12975
-10736
-3079
-1890
-8493
-11729
-8436
-6137
-7508
-6288
-1972
-1504
-5597
-6440
-2228
1127
1158
1230
2663
2881
2617
4072
5912
6313
6374
7097
6707
5135
5314
6999
6613
4322
3897
5127
3808
434
-230
1732
1459
-1492
-2923
-1990
-2682
-5128
-5499
-4316
-5221
-7616
-7232
-4837
-5201
-7772
-8093
-5775
-4580
-4840
-4447
-3378
-3439
-3798
-2605
-567
405
26
-262
-64
743
2062
3106
3093
2448
2446
3067
3634
4033
4585
4578
3847
3554
4391
5151
4548
3767
3878
4235
3827
3353
3648
3864
3493
3221
3778
4569
4626
3965
3587
3985
4818
5099
4764
3850
2935
1664
-306
-1997
-927
2515
3063
-2313
-8452
-7727
-3260
-2152
-4854
-5024
-3806
-7273
-12403
-10311
-2480
-664
-6637
-10258
-7517
-5405
-6761
-5567
-939
153
-4139
-5942
-2310
1451
1919
1947
3323
3481
2712
3500
5590
6565
6606
6902
6426
4879
4678
6339
6517
4432
3319
4271
3586
610
-517
1161
1350
-1457
-3439
-2569
-2356
-4592
-5703
-4820
-5062
-7641
-7861
-5107
-4129
-6929
-8821
-7048
-5128
-4832
-4447
-2848
-2851
-4083
-3735
-1225
824
812
575
552
799
1451
3002
3988
3589
3046
3396
4119
4158
4464
4944
4819
4097
4230
5184
4931
3705
3189
3905
3951
3242
2997
3217
2760
2008
2412
3552
4045
3332
2731
2721
3155
3748
4390
4578
3596
2355
1125
-534
-2151
-686
3418
4425
-1539
-8055
-7305
-2201
-784
-3319
-3327
-2401
-6496
-12191
-9855
-1369
861
-5463
-9951
-7871
-5960
-6896
-5331
-613
-168
-4941
-6940
-3287
561
1152
1552
2750
2340
1161
2480
5216
5980
5446
5828
6023
4268
3582
5390
6551
4466
2662
3567
3782
1177
-712
649
1609
-657
-3207
-2931
-2411
-3910
-5514
-4820
-4283
-6337
-8506
-7220
-4262
-4168
-6863
-8206
-6565
-4611
-3656
-3198
-2542
-2650
-3171
-2675
-838
1313
2093
1331
169
506
2473
4189
4140
3319
3276
3846
3996
3943
4686
5238
4465
3357
3687
4928
4708
3206
2395
2936
3332
2958
2589
2560
2193
1697
1907
2893
3718
3699
3295
2974
3105
3759
4634
5290
5128
4165
2305
-170
-1739
78
4234
5590
692
-6052
-7318
-3730
-980
-1748
-2190
-2380
-5943
-11301
-10975
-4029
404
-3076
-8600
-9352
-7521
-6829
-5761
-2344
-450
-3123
-6309
-5365
-1607
789
1586
2081
1991
1355
1891
3815
5190
5445
5761
6089
4959
3826
4476
5890
5261
3523
3208
3708
2523
255
-283
515
232
-1696
-2736
-2553
-3020
-4549
-5465
-4542
-3917
-5298
-7781
-8153
-5716
-3732
-4765
-7457
-7644
-5580
-3657
-3614
-3314
-2338
-1899
-2657
-2637
-348
2116
2303
590
102
1628
3396
3667
3334
3482
3926
4024
3814
4150
4836
5021
4262
3699
4158
4854
4395
3064
2643
3266
3677
2971
2253
2128
2159
1975
2156
2893
3486
3267
2777
2695
3233
3888
4480
4767
4541
3617
1488
-1046
-1947
1248
5410
4932
-1787
-7241
-6192
-1828
-521
-1605
-1677
-2733
-7588
-11798
-8912
-1841
457
-3906
-8689
-9588
-8332
-6500
-3851
-1509
-1872
-4188
-5615
-4806
-2405
664
3032
2733
771
401
2602
4557
4773
5052
6342
6380
4510
3537
4871
6199
5280
3875
3608
3612
2365
896
467
551
-98
-1251
-2072
-2652
-3337
-4271
-4805
-4844
-4452
-4814
-6370
-8097
-7637
-5292
-3845
-5037
-6670
-6255
-4699
-3679
-3138
-1790
-724
-1104
-1960
-1216
972
2521
2587
1962
1763
2128
2966
3791
4159
3925
3777
3898
3806
3473
3561
4173
4229
3626
3235
3331
2969
2084
1883
2690
3165
2477
1507
1150
1383
1728
2356
2976
3047
2643
2530
2995
3402
3809
4189
4618
4435
4097
3393
1447
-1296
-1810
1877
5480
3673
-3218
-7464
-5982
-2189
-1181
-1911
-2558
-4399
-8419
-10946
-8127
-2932
-1209
-4540
-8496
-9762
-8212
-5540
-3014
-1967
-2754
-3860
-4046
-3193
-1652
804
3085
3390
1874
1399
3184
5280
5742
5460
5876
6221
5676
4851
4945
5362
5141
4353
3589
2837
1913
1155
524
-164
-1087
-1630
-2084
-2944
-4223
-5075
-5094
-4918
-4928
-5438
-6391
-7747
-7954
-6240
-3850
-3386
-4968
-6447
-6059
-4139
-2053
-481
16
-525
-1409
-1185
443
2661
4005
3955
2925
2091
2556
4118
5382
5302
4500
3930
3766
3536
3443
3728
3936
3481
2713
2349
2193
1805
1234
1020
1152
1243
1020
595
169
-83
213
781
1178
1056
910
1008
1177
1376
1818
2463
2640
2338
2375
2932
3325
2459
455
-1337
-1036
1112
2624
1139
-2050
-3811
-3340
-2368
-2081
-1869
-1765
-2828
-4832
-5911
-5121
-3506
-2521
-2775
-3990
-5160
-4932
-3440
-2157
-1949
-1835
-1167
-674
-789
-623
446
1576
2021
2128
2543
2989
3090
2987
2995
3053
3085
3203
3095
2500
1584
1059
1001
840
354
-178
-657
-1367
-2212
-2705
-2701
-2625
-2820
-3235
-3775
-4192
-4104
-3497
-2944
-3091
-3632
-3752
-2873
-1740
-1090
-1223
-1442
-1348
-576
449
1121
1174
1067
1342
1713
1879
2044
2490
2791
2545
2017
1961
2327
2507
2216
1737
1458
1341
1255
1064
724
375
270
378
336
-52
-411
-412
-197
-147
-237
-254
-171
-114
-31
187
487
664
781
901
1108
1357
1885
2590
3008
2697
2293
2527
3525
4445
4696
4314
3691
3787
4460
4801
3223
1124
383
2146
3538
3012
353
-1810
-2814
-2320
-1399
-759
-1300
-2912
-4727
-6064
-6280
-5249
-3456
-2905
-4509
-7017
-7885
-6623
-4700
-3542
-3384
-3753
-4416
-4540
-3841
-2380
-1010
33
519
498
172
369
1434
2831
3667
3655
3309
3031
3072
3274
3572
3804
3774
3297
2546
1878
1595
1483
1305
921
438
-192
-904
-1539
-1790
-1856
-1922
-2108
-2356
-2947
-3813
-4245
-3696
-2625
-2163
-2575
-3430
-3847
-3565
-2469
-1328
-760
-1108
-1582
-1573
-940
-158
553
1001
971
565
291
621
1283
1808
1861
1618
1242
1096
1291
1593
1727
1685
1680
1609
1401
1174
1236
1471
1688
1660
1590
1461
1410
1480
1822
2247
2582
2672
2718
2792
3047
3527
4025
4242
4114
4012
4167
4498
4567
4038
2892
1764
1222
1415
1822
2069
1487
-203
-2467
-3541
-2721
-1216
-1081
-2557
-4485
-5753
-6219
-5873
-4880
-4037
-4280
-5487
-6685
-6969
-6222
-4742
-3328
-2832
-3304
-3928
-3856
-2911
-1417
73
919
940
663
782
1391
2228
3116
3873
3973
3414
2856
3005
3567
3948
3888
3570
3078
2540
2149
1959
1779
1522
1138
588
-57
-567
-844
-1108
-1485
-1792
-1946
-2187
-2635
-3015
-3177
-3274
-3446
-3740
-4053
-4095
-3561
-2848
-2726
-3400
-3915
-3447
-2199
-1132
-761
-985
-1208
-958
-245
595
1236
1628
1787
1650
1428
1561
2188
2868
3103
2845
2430
2157
2148
2407
2729
2734
2361
1941
1835
1823
1704
1507
1367
1223
918
587
434
404
346
112
-146
-274
-271
-150
6
65
37
-3
191
476
748
951
1087
1157
1265
1520
1888
2014
1803
1512
1307
1090
745
833
1635
2392
1788
76
-1280
-1039
77
791
492
-526
-1854
-2794
-2684
-1806
-1193
-1510
-2317
-2975
-3322
-3410
-2970
-2090
-1400
-1412
-1901
-2300
-2262
-1741
-762
210
482
44
-483
-436
32
540
883
1001
820
492
224
240
412
664
815
749
444
-4
-258
-171
86
215
82
-171
-346
-456
-488
-420
-245
-132
-143
-221
-263
-308
-368
-247
90
367
309
67
-80
-42
87
295
430
250
-211
-460
-258
116
248
28
-383
-724
-728
-320
90
43
-345
-647
-660
-581
-426
-190
-43
-162
-474
-625
-520
-301
-52
149
226
63
-232
-334
-154
188
437
457
299
78
-23
112
345
534
550
417
270
238
397
598
693
667
649
692
742
759
761
793
855
919
893
817
762
708
650
619
649
700
671
550
376
295
402
561
560
406
287
282
296
273
279
376
435
354
227
254
419
552
523
441
495
646
704
617
564
618
643
526
421
416
451
367
181
39
-55
-196
-410
-538
-591
-705
-935
-1197
-1358
-1444
-1564
-1696
-1766
-1846
-1997
-2206
-2273
-2142
-1985
-1901
-1805
-1646
-1509
-1414
-1246
-936
-578
-343
-246
-119
70
255
438
660
882
966
934
974
1117
1222
1186
1142
1180
1168
1060
944
827
661
455
463
573
460
125
-151
-234
-254
-228
-209
-179
-258
-305
-317
-314
-315
-199
-17
27
-54
-77
7
-1
-77
3
171
104
-161
-294
-194
-163
-232
-182
-77
-273
-689
-798
-532
-350
-477
-636
-683
-778
-918
-792
-426
-250
-408
-616
-597
-374
-31
316
476
389
273
373
620
867
1061
1206
1252
1183
1122
1182
1326
1400
1371
1281
1156
1032
957
916
814
647
515
475
378
140
-129
-229
-179
-157
-243
-386
-530
-695
-807
-736
-459
-277
-332
-497
-553
-505
-443
-276
-37
23
-169
-320
-215
1
98
122
143
95
-41
-90
27
136
111
-12
-165
-266
-261
-153
-115
-218
-290
-259
-247
-312
-293
-162
-142
-260
-267
-136
-120
-274
-355
-243
-175
-218
-241
-219
-272
-381
-398
-329
-307
-364
-417
-437
-437
-453
-427
-430
-448
-427
-335
-254
-278
-304
-280
-227
-182
-83
32
87
29
-3
78
203
353
463
502
488
467
474
508
568
653
690
656
637
682
699
638
641
775
845
725
542
468
468
429
362
332
252
60
-109
-155
-111
-121
-196
-305
-418
-480
-507
-492
-462
-479
-506
-579
-687
-701
-599
-486
-495
-582
-637
-629
-571
-488
-392
-348
-384
-378
-274
-156
-60
2
50
91
142
266
387
412
373
374
456
477
457
480
499
466
405
430
527
574
490
363
288
295
322
297
266
227
217
-42
-382
-467
-213
193
260
-54
-475
-585
-401
-133
-18
-124
-244
-215
-117
-79
-149
-208
-123
96
208
135
9
-72
47
260
466
523
450
352
322
365
418
500
558
544
448
382
322
241
187
180
226
193
70
-21
-33
-49
-95
-134
-104
-131
-277
-411
-456
-411
-444
-539
-589
-638
-708
-758
-733
-684
-690
-692
-609
-528
-548
-604
-546
-377
-248
-198
-179
-154
-176
-228
-117
116
248
239
188
205
269
366
511
640
657
578
495
469
510
596
629
555
436
338
283
205
167
215
199
49
-105
-126
-118
-163
-200
-155
-131
-203
-344
-447
-401
-408
-241
-108
-162
-253
-404
-564
-478
-195
-10
-8
-97
-199
-309
-348
-143
116
128
17
46
217
-40
-198
24
299
456
436
436
381
262
147
282
535
688
698
436
329
67
222
301
291
515
210
94
-105
-152
-105
2
38
-64
-343
-287
-412
-358
-326
-316
-232
-335
-384
-316
-352
-463
-390
-266
-113
-171
-237
-256
-209
-154
-82
32
126
92
19
91
105
214
325
383
399
369
321
285
297
399
478
460
381
285
314
332
396
488
456
370
346
390
431
393
382
405
363
303
270
303
263
89
-50
-69
-49
-132
-282
-402
-481
-587
-695
-738
-722
-794
-932
-956
-886
-816
-851
-919
-879
-758
-617
-531
-484
-410
-342
-224
-100
23
160
230
262
326
458
586
622
619
637
653
631
595
605
631
562
422
289
194
196
211
138
14
-111
-180
-258
-331
-298
-224
-243
-414
-529
-498
-448
-415
-351
-259
-282
-465
-534
-408
-287
-222
-186
-186
-319
-443
-347
-177
-104
-163
-212
-245
-338
-359
-229
-88
-139
-238
-220
-126
-62
28
218
377
390
335
419
622
803
981
1101
1098
1053
1099
1238
1379
1446
1427
1339
1192
1069
1066
1104
1027
798
514
283
90
-71
-241
-406
-596
-840
-1104
-1268
-1319
-1350
-1412
-1447
-1434
-1431
-1461
-1458
-1322
-1132
-984
-857
-696
-550
-443
-330
-120
158
350
468
557
657
749
860
1024
1146
1159
1088
1044
1059
1016
931
882
805
656
485
403
361
242
40
-64
-69
-134
-297
-433
-454
-447
-486
-577
-678
-716
-710
-725
-735
-699
-652
-681
-764
-717
-521
-401
-427
-471
-468
-458
-443
-365
-248
-239
-351
-402
-343
-296
-305
-261
-119
-9
-20
-59
2
140
307
475
580
631
646
662
684
777
933
1037
1029
934
901
915
900
842
837
835
781
577
386
243
165
179
147
93
-187
-455
-611
-565
-495
-530
-639
-788
-890
-989
-904
-706
-547
-619
-799
-841
-748
-547
-399
-329
-383
-442
-491
-410
-236
-77
11
-68
-159
-187
-43
133
234
233
216
270
314
381
473
562
566
539
570
657
725
731
728
691
657
701
769
752
642
557
535
496
450
431
393
238
-2
-118
-71
-37
-148
-373
-580
-706
-777
-779
-701
-674
-853
-1119
-1225
-1050
-812
-726
-784
-846
-846
-796
-634
-380
-139
-35
-83
-128
8
279
535
642
662
647
632
641
699
845
906
794
576
433
401
365
316
274
185
-15
-218
-265
-225
-253
-329
-341
-370
-451
-482
-390
-275
-262
-277
-227
-142
-117
-88
17
139
190
177
176
247
296
239
215
281
302
180
76
88
91
-60
-223
-215
-166
-255
-436
-509
-507
-539
-591
-546
-467
-502
-619
-594
-401
-250
-187
-143
-55
-10
72
271
479
571
598
678
746
743
806
984
1100
1065
942
932
902
890
885
856
858
723
493
332
328
313
223
78
-56
-170
-328
-450
-483
-442
-498
-578
-658
-732
-740
-695
-619
-570
-560
-596
-562
-502
-451
-351
-263
-209
-247
-262
-180
-70
-56
-87
-49
6
0
-38
36
144
146
48
45
130
175
162
194
239
181
91
92
210
288
258
185
122
94
93
143
206
180
94
22
-7
-16
-22
-45
-76
-122
-165
-182
-220
-286
-302
-220
-144
-170
-235
-267
-247
-216
-156
-100
-102
-155
-209
-214
-190
-148
-122
-137
-155
-192
-227
-194
-110
-75
-128
-226
-231
-188
-152
-148
-145
-155
-226
-249
-180
-68
-1
-22
-24
40
123
181
280
416
504
529
534
582
631
669
709
734
724
683
621
593
548
533
485
400
335
286
196
120
23
-50
-86
-189
-231
-424
-504
-576
-567
-647
-701
-721
-698
-815
-885
-670
-599
-446
-607
-473
-349
-225
-233
-152
-6
65
97
112
242
290
334
331
459
458
408
349
429
472
490
432
366
344
251
210
194
189
141
86
-23
-74
-110
-96
-105
-118
-119
-134
-177
-213
-160
-91
-35
-30
-23
-40
-49
-32
47
126
126
113
129
95
24
38
168
263
192
67
29
13
2
64
154
94
-116
-245
-202
-129
-164
-206
-229
-284
-386
-451
-398
-296
-225
-230
-304
-374
-341
-211
-55
36
86
100
39
21
146
391
509
463
414
412
428
436
523
613
556
378
249
253
253
183
123
92
-12
-188
-314
-327
-338
-423
-480
-465
-475
-602
-713
-661
-557
-509
-507
-472
-463
-531
-536
-402
-223
-147
-188
-202
-146
-63
37
151
266
315
281
276
344
417
447
473
512
506
418
373
392
378
316
276
286
238
133
58
60
75
63
49
24
-46
-118
-120
-55
-17
-28
-71
-117
-151
-133
-51
55
73
1
-35
-15
35
98
163
218
208
94
8
38
104
151
135
65
-58
-206
-260
-229
-179
-193
-279
-375
-435
-451
-389
-297
-243
-235
-253
-218
-159
-72
44
174
280
319
338
343
357
445
605
712
672
566
510
535
590
645
663
582
393
209
177
250
312
226
33
-139
-270
-332
-313
-268
-323
-477
-621
-686
-702
-672
-577
-512
-574
-678
-656
-553
-447
-370
-282
-236
-252
-219
-88
43
80
109
180
242
249
280
340
357
307
295
350
369
293
199
154
77
-12
-36
-27
-100
-265
-370
-365
-362
-419
-444
-435
-455
-509
-505
-401
-314
-303
-316
-297
-212
-132
-53
28
65
84
100
159
209
265
299
325
335
338
347
348
317
283
306
332
300
204
132
87
63
73
115
108
28
-48
-37
15
84
176
223
188
119
103
167
250
328
380
324
204
157
241
342
349
325
314
259
176
189
291
332
211
69
35
35
-5
-79
-115
-207
-319
-391
-402
-387
-429
-512
-580
-575
-516
-437
-421
-452
-433
-368
-299
-226
-91
8
24
-7
40
206
320
321
312
379
422
438
428
458
470
380
320
337
339
223
78
-16
-60
-76
-141
-182
-214
-347
-507
-515
-439
-413
-482
-547
-503
-492
-567
-555
-458
-411
-447
-449
-372
-323
-321
-316
-200
-55
-29
-19
47
120
180
236
287
308
307
346
371
373
357
371
421
373
313
339
368
346
313
316
288
227
167
148
194
162
43
-11
15
11
-15
-73
-99
-64
-79
-167
-205
-155
-116
-123
-250
-298
-200
-182
-258
-254
-157
-145
-163
-192
-126
6
50
35
39
59
25
61
121
211
314
323
253
162
182
327
438
362
255
242
246
193
159
186
150
46
-85
-143
-118
-34
2
-118
-254
-299
-238
-167
-212
-233
-150
-187
-334
-365
-218
-85
-130
-221
-202
-56
-37
-71
15
81
112
58
-25
-27
19
13
11
26
-23
-98
-79
-29
-75
-88
-46
49
136
32
-46
-16
103
256
267
200
211
322
243
177
237
354
361
314
312
302
401
423
478
422
234
117
199
329
271
139
-2
-36
-138
-344
-422
-183
-15
-179
-349
-405
-343
-200
-203
-236
-95
-57
-316
-486
-408
-303
-408
-384
10
-170
-2181
-4023
-794
1743
-216
-2061
-766
2068
1445
-1624
-2704
-86
1140
229
-1092
-993
-23
-170
-2588
-4995
-1885
739
1700
551
-2089
-1315
1194
1952
211
-182
317
1408
1203
287
706
1185
926
-608
-141
1714
2201
1813
571
683
2350
2888
2610
2742
2580
1249
1049
1655
2180
2150
1014
-427
-49
-17
-959
-485
-671
-1320
-1495
-1357
-1657
-1053
-929
-1745
-1602
-1830
-1408
-262
-418
-1099
-990
-798
-597
-3
489
474
751
555
222
1344
1825
1579
1699
1379
1026
1201
1511
1482
1194
563
-132
-55
-3
-211
-39
-429
-1225
-1321
-1257
-1050
-831
-1006
-1323
-1514
-1350
-977
-436
-277
-625
-667
-358
11
450
752
718
491
319
700
1226
1259
936
585
369
240
362
454
128
-393
-940
-1207
-947
-864
-1106
-1388
-1672
-1761
-1666
-1296
-1011
-963
-973
-1053
-897
-290
107
340
497
372
579
861
1185
1485
1465
1378
1255
1140
1352
1414
1151
915
608
451
359
128
-139
-433
-702
-896
-972
-843
-1021
-1351
-1416
-1364
-1141
-977
-868
-724
-740
-795
-518
-69
290
363
271
344
415
613
869
948
901
738
614
624
686
679
566
389
199
19
26
151
107
-43
-257
-342
-212
-107
-66
-90
-126
-79
15
144
303
375
337
359
432
553
677
684
602
525
432
367
384
308
115
-99
-262
-331
-398
-510
-674
-872
-1003
-999
-952
-906
-881
-921
-941
-895
-762
-526
-341
-324
-331
-246
-46
189
382
488
499
459
475
630
798
866
811
663
536
515
504
472
437
303
125
-33
-91
-34
-17
-122
-295
-398
-364
-258
-193
-187
-145
-97
-79
12
132
200
211
218
255
265
253
244
255
213
127
71
31
-22
-125
-186
-201
-260
-276
-280
-342
-441
-498
-440
-338
-290
-339
-334
-284
-263
-190
-114
-108
-110
-144
-122
-29
21
37
53
51
-1
31
127
199
186
93
70
136
145
100
90
68
-1
-88
-105
-68
-48
-88
-109
-89
-47
-25
-61
-65
-61
-38
21
71
56
7
-53
-96
-137
-163
-129
-115
-171
-291
-344
-335
-282
-254
-223
-148
-168
-187
-94
78
191
213
221
247
298
329
396
529
551
502
520
564
636
618
568
608
597
494
406
364
325
293
219
117
55
3
-80
-158
-193
-191
-259
-373
-415
-430
-436
-455
-398
-305
-314
-400
-415
-314
-198
-129
-49
8
-62
-109
-9
191
282
207
160
118
68
84
171
268
220
31
-105
-106
-97
-115
-114
-154
-226
-277
-264
-218
-224
-278
-306
-294
-281
-253
-218
-181
-148
-131
-110
-70
-57
-60
-51
-37
-7
89
167
156
101
21
-13
12
37
74
104
25
-129
-220
-190
-101
-60
-106
-207
-261
-264
-173
-45
-35
-89
-136
-146
-116
-15
106
197
201
124
113
198
288
381
462
477
485
569
628
615
631
671
752
754
677
642
614
571
511
469
457
395
272
166
56
5
22
32
-41
-229
-371
-352
-312
-369
-377
-341
-414
-533
-537
-398
-261
-262
-321
-301
-263
-262
-149
56
116
62
21
42
123
158
193
231
200
146
96
18
-33
-5
-47
-209
-393
-470
-429
-446
-539
-566
-525
-582
-713
-710
-578
-449
-407
-378
-311
-297
-298
-206
-32
60
89
170
270
357
400
451
486
471
435
416
467
516
500
443
403
404
390
306
210
200
228
214
140
85
33
-52
-174
-193
-45
26
-65
-198
-235
-156
-82
-29
49
97
25
-70
21
221
324
270
214
231
223
193
210
303
318
172
67
89
128
124
72
59
64
0
-30
19
27
-44
-100
-100
-143
-210
-244
-247
-261
-350
-407
-396
-385
-393
-432
-469
-442
-372
-330
-300
-299
-328
-286
-192
-121
-133
-195
-220
-198
-152
-119
-105
-85
-97
-149
-175
-102
47
137
99
38
73
178
242
209
173
160
135
135
170
207
149
45
24
51
68
51
43
76
84
63
50
50
38
-5
-61
-53
-1
25
-22
-111
-120
-68
0
-4
-81
-116
-116
-97
-88
-61
-53
-104
-168
-223
-202
-116
-54
-67
-110
-142
-130
-40
54
112
135
139
168
246
298
368
480
538
514
456
488
608
687
643
584
557
498
450
443
442
404
250
49
-48
-49
-70
-158
-279
-412
-538
-631
-682
-692
-705
-742
-755
-766
-781
-752
-688
-609
-513
-405
-317
-303
-282
-178
-9
109
106
108
217
309
276
266
390
514
484
335
293
368
364
297
301
356
295
159
111
143
158
114
78
92
54
-9
9
20
-18
-60
-69
-37
-31
-46
-21
18
23
5
53
114
100
87
95
135
153
102
72
78
67
49
42
24
-8
13
41
38
13
2
49
86
74
86
129
161
149
125
145
201
264
279
261
235
230
290
344
330
295
307
313
235
178
207
227
187
94
13
-55
-147
-198
-186
-185
-251
-314
-352
-416
-470
-438
-323
-233
-271
-342
-322
-265
-222
-144
-40
-34
-100
-108
-9
107
108
96
150
208
209
206
234
228
191
183
214
207
108
15
9
38
18
-26
-79
-149
-195
-207
-166
-93
-71
-127
-199
-257
-206
-51
31
-28
-121
-147
-138
-127
-105
-47
-14
-90
-191
-219
-196
-186
-168
-138
-189
-283
-328
-279
-213
-230
-245
-210
-184
-221
-245
-195
-125
-97
-110
-80
0
59
66
83
154
247
296
337
401
441
416
370
440
544
491
354
293
334
313
207
159
192
144
-67
-212
-195
-162
-193
-245
-306
-376
-467
-498
-439
-409
-443
-467
-442
-442
-443
-406
-335
-284
-305
-329
-289
-153
-58
-47
-37
4
113
186
189
216
262
262
245
282
361
388
312
221
233
307
322
283
257
229
188
149
168
230
215
79
-39
-9
79
103
43
-28
-61
-69
-48
-11
4
-49
-156
-224
-206
-134
-64
-96
-226
-346
-373
-323
-269
-245
-241
-286
-366
-392
-326
-277
-280
-267
-268
-293
-300
-257
-178
-150
-176
-127
-38
-30
-18
93
236
242
205
275
399
454
421
468
588
606
507
458
468
440
391
355
332
250
131
56
40
8
-50
-71
-107
-208
-288
-294
-275
-286
-344
-413
-475
-517
-476
-386
-338
-366
-386
-343
-273
-217
-142
-32
46
51
40
92
203
297
315
298
292
326
345
315
317
377
415
342
241
239
319
366
298
225
207
185
141
128
134
110
48
-15
-43
-72
-131
-148
-112
-105
-147
-202
-226
-222
-207
-175
-129
-146
-221
-273
-288
-257
-208
-180
-190
-244
-275
-266
-212
-134
-67
-50
-77
-85
-54
17
77
115
140
150
161
193
262
309
326
333
343
369
406
465
511
513
474
434
414
410
434
461
443
358
241
154
116
105
87
27
-96
-230
-319
-357
-371
-411
-470
-552
-635
-678
-666
-608
-594
-641
-682
-656
-591
-540
-488
-444
-396
-361
-311
-202
-84
-16
40
139
254
328
381
457
538
582
607
689
777
774
709
685
727
735
680
627
588
500
365
284
289
274
134
-50
-181
-242
-246
-231
-261
-374
-510
-578
-548
-512
-510
-506
-511
-574
-623
-546
-415
-366
-410
-403
-295
-215
-204
-157
-38
31
14
10
78
187
254
258
248
248
281
323
331
315
326
351
313
252
267
339
355
312
295
335
351
308
295
352
373
324
287
263
209
147
136
146
92
-25
-104
-107
-144
-214
-241
-259
-320
-407
-431
-423
-433
-479
-517
-520
-558
-588
-558
-527
-537
-527
-462
-386
-359
-353
-277
-139
-55
-14
66
171
245
302
395
512
562
573
621
676
685
655
658
674
647
567
493
418
311
227
186
155
42
-159
-290
-362
-457
-531
-564
-611
-717
-835
-859
-802
-772
-784
-778
-745
-710
-637
-526
-417
-326
-252
-171
-99
-5
129
255
306
336
421
505
531
510
544
627
667
607
541
542
539
498
446
444
423
339
271
265
254
212
187
180
159
90
22
20
50
44
-25
-90
-123
-143
-176
-201
-208
-242
-321
-412
-465
-503
-487
-466
-535
-629
-693
-701
-690
-662
-622
-568
-561
-615
-622
-535
-383
-249
-189
-162
-107
-25
105
265
402
488
517
539
612
715
828
908
958
957
884
790
769
821
853
830
715
545
434
366
303
257
203
129
35
-123
-276
-332
-341
-364
-450
-563
-650
-662
-659
-666
-652
-634
-596
-594
-620
-607
-512
-415
-353
-310
-295
-278
-243
-157
-20
58
88
128
170
181
214
328
468
529
502
487
495
526
586
673
728
679
598
561
575
597
604
599
565
472
357
284
269
244
186
104
-13
-122
-217
-288
-304
-378
-458
-501
-583
-692
-751
-732
-673
-670
-736
-748
-702
-682
-672
-589
-511
-446
-407
-374
-328
-292
-231
-121
-9
26
42
118
196
241
265
310
335
311
271
255
283
294
278
202
109
23
-7
55
65
36
4
-103
-152
-132
-24
-46
-28
-168
-39
31
-344
-224
43
98
-158
-107
-129
-62
-87
-63
170
52
-72
-72
70
20
25
71
11
-55
-106
-47
45
6
-79
-170
-46
-34
-62
-45
-25
2
21
107
129
149
148
191
220
305
353
435
365
279
279
408
498
528
496
367
359
409
463
462
514
417
283
168
145
236
281
198
32
-111
-175
-165
-141
-159
-233
-337
-443
-455
-444
-428
-453
-501
-548
-595
-594
-580
-549
-555
-567
-558
-515
-470
-437
-381
-299
-222
-180
-130
-44
38
94
202
291
366
372
419
472
590
571
605
724
586
680
619
560
602
679
550
501
466
397
368
248
243
177
77
-45
-67
-222
-218
-222
-366
-446
-469
-501
-511
-566
-562
-546
-655
-697
-599
-544
-590
-573
-551
-515
-500
-453
-441
-336
-289
-277
-258
-209
-128
-78
-5
