-201
-123
-138
-138
-79
-78
-137
-150
34
-145
-35
26
-38
4
-56
22
-185
21
-54
-113
18
11
81
-26
-22
-62
-99
-4
-52
16
-12
59
-77
-35
16
-116
-5
-124
57
-136
-62
-9
-30
-16
-130
-74
-125
14
-107
-190
-31
-55
-92
-47
20
-94
31
-37
-144
50
-137
-68
-47
-59
67
-83
23
10
-74
-74
-86
-83
-9
-19
-73
-5
-143
-21
-84
-72
42
-147
-52
-21
-103
-44
-43
16
19
-25
35
-19
-15
47
37
-39
-41
-63
72
73
-11
23
-3
98
165
-4
47
45
-60
-14
-19
-1
64
58
-24
77
-35
140
30
135
59
9
10
-46
146
-11
34
-98
47
108
58
23
49
52
69
-27
35
63
-133
16
-102
-81
18
-20
74
32
12
85
-76
28
-92
-110
-46
-211
-8
-144
-98
3
-73
72
-31
-80
-35
-38
28
-87
-28
5
25
27
-37
0
-14
94
-14
128
94
68
165
81
36
83
149
-9
200
122
126
251
92
343
139
175
198
143
268
67
196
110
147
155
181
148
215
179
167
233
84
232
78
161
138
71
244
39
177
123
54
155
-44
110
50
-24
44
10
14
8
39
-7
-67
-29
-86
28
-16
123
19
-406
-289
-341
-158
-334
-81
-177
-29
165
128
296
250
206
160
64
-131
326
-105
313
456
90
473
282
406
305
299
643
268
253
211
-199
265
-57
-29
283
-279
444
155
283
549
-254
-253
-52
217
26
78
-298
-47
-636
268
438
-192
607
-33
355
-128
56
-189
-583
629
342
259
-69
-678
270
89
253
351
-349
649
91
-22
233
106
-50
-291
26
-6
22
380
250
-179
-241
-294
134
420
350
35
-712
-141
-421
393
-47
173
65
-747
309
-323
197
-142
-16
-303
58
-221
-119
243
-94
389
-640
-281
-241
119
46
48
-329
-401
-114
-10
370
283
-73
-482
-605
-200
413
197
-64
-432
-108
47
177
18
174
53
-165
71
122
311
180
119
227
-47
16
89
-107
255
-66
-69
-26
-16
235
405
170
262
123
-144
-178
-97
-233
-247
-42
-89
171
83
-63
-78
35
-63
-165
-218
30
-192
-52
-57
-245
81
-305
154
-210
-71
269
-263
327
-117
-10
-4
-243
165
72
-253
-181
108
334
110
-60
-66
-217
128
107
-230
33
-157
105
173
-261
71
-228
134
-185
-410
210
-225
184
-298
147
-94
-12
137
-320
295
-616
181
-345
224
8
-34
40
-341
240
-292
249
115
-170
175
169
-215
-165
114
-113
134
5
-61
-238
-102
-344
41
362
-428
56
-119
-46
239
251
-450
-133
-19
-284
12
193
-307
269
300
-5
128
147
-272
-117
239
-337
425
-327
61
224
-297
169
112
-67
152
-235
18
190
-66
48
-81
-99
50
-370
120
121
-274
346
-314
-51
137
-363
305
-259
-203
77
-190
253
-412
121
162
-192
199
-197
16
-133
109
63
-209
40
26
-68
28
195
-25
375
245
-71
-71
134
63
-109
106
-132
150
80
103
35
-55
145
-12
194
78
94
56
-82
-21
114
111
71
52
95
-165
110
20
61
-37
72
-67
-229
167
-298
12
-283
2
-156
-225
-29
-162
-129
-60
16
-316
29
-281
70
-226
149
-37
-157
247
-376
-71
-218
85
-38
32
-137
179
-153
11
143
-316
48
-57
-273
369
-320
-90
-220
19
302
-373
306
-156
80
248
-198
30
-120
-229
67
-407
68
95
-95
112
-40
145
79
-9
364
7
-41
209
-313
338
60
-187
380
94
158
165
-216
544
-252
281
92
-189
216
-275
482
-448
234
-163
-104
6
152
165
-271
688
-500
238
-530
-92
-85
-328
214
-320
208
161
157
52
25
340
-515
152
16
-146
315
111
345
-21
213
-346
293
-144
-206
309
-144
360
69
58
-53
-97
52
107
131
-174
245
125
186
86
26
-76
-122
196
-246
-77
-55
-308
130
-111
-87
52
35
58
-61
-151
-9
87
-229
198
-14
123
18
152
-34
-180
-61
-234
38
-64
-3
-171
22
178
-12
163
133
158
208
-161
352
-208
50
-25
-369
-112
190
232
-507
228
-127
-11
58
179
-86
133
-85
69
291
25
517
-467
15
86
-93
-186
123
86
-326
211
-306
66
-29
-196
-87
-114
142
207
57
123
95
-278
-185
-352
-193
-391
-123
39
-178
134
-114
178
-165
-43
-152
-77
-149
-92
323
-491
170
223
-242
130
-258
-1
264
-59
37
-8
-73
204
20
57
-237
14
111
-107
547
-278
284
77
88
152
155
197
-180
46
-195
34
-197
192
-165
-54
159
-45
402
-5
-112
24
-523
491
43
-179
86
-116
472
-197
315
91
-10
135
108
-35
95
173
31
75
96
172
-148
239
-134
-80
164
13
319
-47
142
55
69
22
-314
-260
-381
-246
-4
26
101
181
83
195
211
122
65
-105
-157
-91
45
-81
55
-142
-86
206
-409
-14
-22
214
594
-200
380
181
-79
60
-391
-145
-10
-280
123
-155
355
142
-62
445
-335
13
-259
-115
-139
83
-249
-108
0
-95
191
-530
132
-141
-248
110
-367
11
-55
-80
181
-19
8
-53
70
-68
230
-256
148
266
-146
-68
-104
231
-282
252
-144
-116
280
12
345
108
225
55
-281
301
-250
-23
87
-252
216
-106
459
120
-14
0
-58
45
-36
135
-300
-100
159
-24
-34
221
10
160
135
-111
195
-250
126
-167
-36
148
-223
172
36
108
98
44
45
-93
120
162
-264
337
-217
20
138
-209
276
-205
194
121
70
79
138
72
-30
-77
50
249
-114
188
97
25
241
194
408
-91
342
-167
26
250
-416
319
-177
334
-86
46
180
32
230
91
-108
-116
145
-220
216
-98
-88
42
120
50
-231
116
-146
85
-329
-179
178
-334
-82
-310
-8
215
-78
-67
159
-128
-91
-93
-488
119
-550
-270
100
-9
-33
-440
-66
28
-117
-53
-188
-43
217
-182
-10
-76
19
-250
-144
-153
-380
-152
-236
234
56
28
106
-76
-36
-173
76
-175
72
-147
-191
-46
-404
327
-173
-193
-69
-360
134
-226
-199
380
-14
-349
112
-179
-181
150
-385
77
-242
372
-51
76
250
-166
155
-311
40
-420
62
-155
-131
1
-227
270
142
-86
59
119
-404
138
98
-172
410
-37
194
101
264
97
-258
166
-179
391
-93
30
183
121
119
-85
85
-134
-93
-137
-261
246
229
-78
100
-259
61
98
-103
239
-68
183
255
41
636
-68
104
214
-9
157
-179
-28
146
157
186
-11
111
59
96
82
84
215
-107
76
30
282
-3
144
228
15
167
-7
59
62
-17
86
-83
-62
-69
102
37
29
-23
-87
121
-246
-93
-197
375
-56
60
248
-487
363
-101
-64
294
-212
141
58
58
-22
-53
-96
-23
315
-234
-200
-205
-109
-114
200
18
85
225
-130
16
13
-259
15
-322
-42
186
-177
244
174
-96
52
-149
-135
32
-426
123
-179
40
264
-132
57
-323
7
-95
113
-78
-15
238
83
77
66
-92
-228
4
88
45
-43
-167
9
312
-249
316
-146
-36
82
-296
96
-35
175
262
-131
153
-114
-14
73
-449
276
-454
-63
-174
99
-30
-117
189
-136
193
-240
-103
67
103
-21
423
-287
334
79
-260
268
-49
71
-313
291
128
125
-90
-15
175
31
38
-174
7
272
62
17
7
318
3
-77
71
200
17
79
299
-331
429
-146
121
25
-262
321
-306
480
-61
-53
76
-148
-37
38
-80
-231
169
-95
-41
-72
176
137
199
389
-207
56
76
-118
16
19
-68
-37
71
-123
148
25
-271
-61
-58
1
-91
-13
-38
-45
-51
-302
-234
-14
-192
28
48
-223
288
-78
79
-80
-68
-238
-316
-102
-229
260
-77
146
-80
64
-95
-200
-359
370
-60
4
444
-385
507
-161
8
2
-340
316
-287
158
-11
-74
188
-84
-64
-78
7
-402
273
-141
19
39
-388
250
-125
-166
5
-347
137
7
-148
35
197
-16
123
113
-208
435
-255
198
-218
-128
163
-355
125
97
77
-81
76
114
188
157
44
130
232
-5
27
211
-82
108
-189
-92
180
-130
-10
104
-137
244
101
-238
312
-366
42
39
-152
228
8
-55
244
-81
90
316
55
373
19
-21
204
228
120
-4
148
-72
300
500
-205
220
-267
-8
20
-277
-76
-9
-244
37
-149
-266
-19
-541
-111
-558
348
153
-76
421
-97
103
130
168
-248
122
-74
-297
303
-183
644
-32
121
112
-150
375
-62
385
82
139
-26
127
-169
-112
-196
-435
-93
-226
-158
-139
84
-52
-65
-198
-180
176
-202
0
-132
-126
-14
-151
-95
-277
-119
77
-283
53
175
255
-36
-235
-70
-244
-6
171
-65
-128
90
100
197
157
-20
-109
-24
-116
180
-20
306
130
-331
323
-124
198
-192
13
-390
63
-42
-84
414
-89
376
-320
257
-424
-144
633
-770
300
-254
-260
193
-485
360
-174
113
-61
-327
315
143
455
243
335
-126
96
-160
-236
-93
-576
81
-142
9
168
105
237
-232
287
-34
137
349
-23
537
138
326
26
-121
-199
-287
-487
265
-263
241
280
-16
573
-808
-173
67
-309
-126
-142
-140
405
-172
428
-224
-379
272
-138
159
45
390
-245
336
13
-253
214
-232
-20
183
-322
384
256
383
501
97
379
-52
324
-5
-351
-1082
-1134
-497
-891
-173
15
209
509
304
452
243
653
45
15
-10
256
-125
-182
-8
-169
-9
-633
-187
202
191
303
198
140
291
43
-135
-55
-172
-222
-231
-90
90
115
92
82
-29
-207
-543
-97
-282
-60
-185
-23
200
-102
-54
401
-26
448
12
-269
178
-291
90
-140
-317
4
372
-213
309
121
-13
319
-81
41
247
122
13
-126
164
218
200
-173
23
-190
-64
94
-195
90
-103
-184
-25
163
21
-12
-103
137
1
-39
-227
-2
154
-164
71
-216
-26
260
-369
230
-48
200
186
-232
138
-62
-120
-75
-179
-48
206
-32
435
-91
406
99
-279
150
-144
26
-189
-19
369
197
-140
375
-271
200
-45
-85
206
33
153
-423
-231
-159
-341
134
94
-30
423
-218
-147
-18
-42
-34
-7
-289
80
-261
-158
135
-354
-8
-215
399
-33
556
286
15
134
-227
-316
-426
-169
269
174
396
362
66
220
-71
47
-326
71
-284
-261
231
159
229
4
-197
-26
-182
-132
198
-175
108
38
228
-209
-253
104
-309
-293
29
-164
136
66
-178
-357
-288
177
-104
62
-170
69
-286
76
-247
-376
18
-121
368
197
294
7
-40
122
-196
-91
-79
76
309
-272
213
110
298
448
33
462
217
244
-19
-176
84
134
119
120
34
66
-29
-210
106
131
58
110
235
300
152
86
181
121
-216
-438
-278
-108
-35
-32
76
367
-20
46
-197
-250
10
-146
117
-207
133
310
21
253
-309
-346
43
-16
245
68
236
129
-35
40
-116
-169
-131
29
13
152
214
42
89
-18
-148
-298
-377
-140
-426
-339
-132
-72
-35
4
108
170
83
-69
-89
-72
-39
-260
-261
-166
-50
104
81
171
110
58
186
-48
-111
58
-12
74
50
-87
0
-220
-64
-96
-85
-18
-222
61
98
177
86
29
-175
-227
-386
-260
-22
19
67
109
244
147
323
37
4
142
-24
-24
147
250
274
290
329
307
471
566
416
409
486
582
435
360
347
230
84
65
14
74
121
88
130
183
357
187
31
12
-178
-232
-326
-260
-358
-458
-384
-456
-440
-500
-555
-527
-278
-302
-335
-294
-303
-208
-323
-438
-364
-383
-522
-630
-709
-578
-538
-510
-496
-416
-149
-149
-59
-37
-35
-9
-157
-169
-225
-141
-55
78
146
157
278
180
200
318
141
227
255
241
368
288
294
269
387
408
344
519
738
711
851
785
894
1107
1096
1257
1083
1206
1200
1270
1385
1418
1552
1542
1773
1871
1978
2075
2205
2468
2588
2669
2786
2830
2996
2480
1712
1281
685
200
-1284
-2395
-2910
-3614
-4213
-5235
-5183
-4937
-5173
-5120
-4611
-3683
-3234
-3257
-2739
-1928
-1686
-1716
-1864
-1438
-1344
-1584
-1403
-1325
-859
-1020
-1131
-657
-123
270
276
190
651
1048
939
623
287
414
88
-485
-674
-713
-896
-1512
-1710
-1321
-1188
-1376
-1497
-1192
-592
-376
-159
244
653
952
964
1298
1765
2008
1957
1933
2242
2646
2822
2551
2636
2974
3274
3149
3154
3514
3603
3650
3657
4249
4562
4692
4629
4908
5397
5498
5611
5519
5831
4225
3182
2465
1873
864
-2721
-4174
-4828
-5692
-7146
-9354
-8492
-8159
-8712
-8611
-7322
-4963
-4899
-5204
-3529
-1790
-1091
-1920
-2069
-894
-1256
-1653
-1722
-1073
-362
-1078
-359
830
2118
2918
2988
3827
4863
5615
5767
5216
4712
4527
3556
2333
1050
101
-1050
-2774
-3858
-4080
-4672
-5684
-6021
-5959
-5576
-6104
-6007
-4989
-4737
-4502
-4448
-3180
-2077
-1972
-1546
-838
209
609
718
1147
1447
1603
1716
1646
1947
2018
2077
2211
2297
3160
3418
3660
4051
4565
5152
4942
4768
4910
4738
4136
3574
3341
3547
3028
2863
3167
3722
4202
4521
5381
6156
7003
7444
8183
6772
5294
4615
3307
1942
-2693
-5314
-6306
-8234
-9904
-12792
-11913
-11180
-11882
-11478
-9630
-6179
-5574
-5728
-3812
-1299
-408
-1394
-1890
-651
-1101
-2151
-2464
-1812
-629
-1760
-1006
782
2847
4205
4370
5982
7452
8407
8619
7990
7327
6491
4841
2997
1057
-637
-2269
-4688
-6046
-6538
-6507
-6941
-7548
-7272
-6365
-5348
-5202
-4766
-4482
-4201
-4044
-3841
-3111
-3027
-3087
-2810
-2067
-804
14
469
995
1791
2936
3345
3431
3591
3560
3461
3160
3353
3558
3216
2967
2974
3727
4236
4148
4094
4235
4645
4682
4656
4838
4765
4679
4852
5266
6025
6331
6782
7276
7924
8965
9127
9284
7350
5631
4544
2870
1243
-3490
-6587
-7898
-9784
-11169
-14036
-13308
-12682
-13303
-12577
-10838
-7279
-6726
-6941
-5058
-2444
-1250
-2207
-2621
-1250
-1404
-2122
-2008
-894
337
-570
471
2560
4715
6079
6111
7603
8734
9556
9616
8595
7572
6054
4276
2381
260
-1590
-3370
-5515
-6749
-7098
-6832
-7070
-7639
-7371
-6121
-5383
-5286
-5114
-4895
-4577
-5105
-4958
-4327
-4280
-4215
-4326
-2947
-1468
-526
126
854
2220
3229
3662
3854
3951
3697
3237
2646
2585
2229
1735
1136
1101
2050
2556
2879
2985
3747
4616
4938
5329
5598
5913
5737
5611
5937
6414
6619
6556
6902
7799
8652
9307
9539
10019
9173
6964
5974
4331
2883
-1405
-6208
-7478
-9390
-10876
-14488
-15752
-13964
-14343
-14059
-13192
-9568
-7262
-7538
-6106
-3054
-722
-1005
-2079
-872
210
-422
-816
-601
1138
953
977
2912
4809
6746
6728
7655
9124
9918
10381
9083
7688
6208
4547
2486
-121
-2611
-4397
-6384
-8048
-8734
-8715
-8354
-8656
-8389
-7120
-5427
-4704
-4730
-4131
-3479
-2920
-3420
-3443
-2978
-2942
-2875
-2796
-1517
-42
471
948
1881
3639
4550
4324
4367
4549
4436
3627
2721
2440
1815
910
225
266
1114
1187
1216
1656
2815
3908
4216
4690
5324
5865
6153
6145
6607
7100
7319
7336
7765
8739
9451
9712
9780
10393
9133
7019
5523
3897
2061
-2789
-7090
-8501
-10495
-12578
-16272
-16644
-15092
-15532
-15306
-13946
-9958
-8131
-8125
-6109
-2914
-917
-1439
-1908
-217
442
-253
-517
223
1893
1443
1831
3730
5601
7207
7150
8287
9401
9836
9932
8516
7018
5299
3390
1164
-1598
-4034
-5823
-7746
-9237
-9838
-9665
-9199
-9146
-8515
-6846
-5283
-4301
-3909
-3055
-1939
-1849
-1941
-1748
-1510
-1271
-1732
-1382
-411
444
1056
1143
2176
3330
3875
3799
3601
3783
3412
2591
1878
1360
859
-11
-671
-421
59
416
550
1178
2534
3437
4161
4801
5732
6457
6744
7035
7546
8092
8289
8511
8817
9699
10161
10515
10697
10844
9988
7434
5781
4078
1963
-2236
-7408
-9368
-11112
-13347
-16584
-18133
-16339
-16205
-16126
-14863
-11085
-8093
-7793
-6343
-2998
-259
-142
-876
263
1693
1116
690
1061
2646
2860
2470
4196
5965
7642
7785
8063
9252
9510
9579
8250
6406
4451
2447
256
-2448
-5116
-7050
-8699
-10224
-10826
-10529
-9699
-9230
-8601
-6819
-4571
-3204
-2737
-1969
-693
-5
-480
-661
-463
-485
-978
-1500
-694
23
244
174
692
2157
2660
2664
2537
2789
2845
2075
1431
957
461
-351
-1141
-1228
-605
-342
-115
423
1856
3378
4079
4952
5889
7068
7736
7835
8236
8599
8830
8644
8707
9267
9833
9819
9986
10515
10812
10278
7637
5655
4009
1920
-1600
-6970
-10061
-11705
-14211
-16917
-19283
-18044
-17116
-17291
-15889
-12809
-8507
-7257
-6220
-3107
202
1571
849
1289
2967
2871
2093
2023
3064
3888
3074
3787
5544
7122
8068
7801
8657
9205
9238
8541
6494
4492
2344
166
-2400
-5241
-7438
-9068
-10705
-11704
-11555
-10580
-9686
-9149
-7596
-5102
-3071
-1957
-1308
-45
960
1044
782
653
586
124
-629
-687
-259
5
-132
-321
389
1193
1443
1270
1015
1290
1117
568
83
-246
-422
-1114
-1521
-1093
-433
-61
141
1048
2603
3727
4487
5245
6283
7306
7717
8016
8371
8723
8787
8698
8938
9502
9729
9878
9900
10462
10984
10729
9496
6289
4361
2458
-109
-4379
-10085
-12612
-14208
-16582
-19151
-20988
-18685
-17804
-17366
-15178
-11013
-6560
-5995
-4466
-833
2396
2907
1688
2293
3749
2925
1928
1922
3135
3506
2403
3738
5730
7291
7838
7467
8607
8776
8755
7673
5223
2945
538
-1590
-4316
-7290
-9411
-10875
-12131
-12636
-11981
-10420
-9237
-8354
-6331
-3235
-1061
-328
140
1342
2280
1717
700
378
-69
-851
-2129
-2246
-1528
-1440
-1558
-1579
-91
1102
1347
1308
1442
2042
1830
1175
624
243
-158
-1047
-1582
-995
-383
-143
133
1276
3411
4669
5510
6368
7676
8887
9108
9184
9200
9662
9417
8670
8789
9153
9009
8773
8959
9810
10314
10186
8136
5386
4238
2485
-349
-5563
-10629
-12317
-14369
-16843
-19884
-20397
-18003
-18048
-17036
-14282
-9093
-5784
-5448
-2815
1329
4201
3834
2759
3979
4651
3315
2295
2264
3427
2700
1897
3628
5405
7064
7070
7256
8514
8845
9145
7438
5038
2747
500
-1747
-4943
-7976
-9970
-11529
-12836
-13151
-12060
-10396
-9416
-8236
-5472
-2031
77
656
1429
2937
3710
3182
2109
1458
794
-208
-1264
-1453
-1274
-1319
-1617
-1315
182
1186
1613
1363
1746
2467
2395
1812
947
680
142
-834
-1352
-1046
-677
-733
-579
712
2638
3985
4814
5704
7206
8570
9101
9234
9310
9374
8971
8547
8374
8504
8317
7966
8181
8764
9972
10041
9740
7943
5619
4430
2448
-248
-5873
-10898
-12431
-14167
-16718
-20256
-20578
-18087
-17855
-16644
-13895
-8606
-5646
-5280
-2306
2080
4597
3671
2614
4144
4716
2965
2040
2164
3026
1856
1473
3520
5142
6300
6224
6932
8187
8400
8506
6866
4350
1831
-225
-2372
-5667
-8998
-10972
-12313
-13362
-13599
-12525
-10819
-9945
-8474
-5464
-2028
-96
410
1462
2944
3708
3137
2057
1422
461
-504
-1426
-1694
-1572
-2033
-2144
-1732
-338
783
875
882
1212
2038
2095
1362
619
220
-317
-1142
-1734
-1381
-1186
-1356
-961
281
2325
3520
4356
5441
6792
8285
8840
8990
9113
9000
8723
8225
8014
7880
7613
7217
7424
8178
9150
9789
9754
9700
7857
5837
4373
2501
-913
-7094
-11336
-12445
-14552
-17809
-21372
-20459
-18169
-18002
-16531
-13218
-7741
-5698
-4595
-826
3458
5090
3866
3717
5318
5036
3223
2390
2399
2594
1204
1485
3257
4273
5181
5293
6376
7221
7450
7544
5683
3249
1000
-621
-2960
-6483
-9506
-11036
-12201
-13200
-13257
-11979
-10315
-9241
-7207
-3729
-418
1448
2163
3526
5236
5819
5276
3978
3135
2231
1060
-90
-883
-1153
-1605
-2166
-1744
-708
226
272
125
936
1709
1797
987
386
270
-333
-1211
-1714
-1539
-1443
-1682
-1327
-19
1686
2890
3690
4833
6596
8147
8916
9007
9299
9560
9410
8913
8490
8377
7995
7463
7492
8249
9027
9373
9364
9548
7737
5656
4266
2637
-658
-7014
-11093
-12113
-14239
-17855
-21639
-20597
-18340
-18467
-17245
-13958
-8213
-6147
-4900
-972
3371
5206
4069
4107
5590
5182
3326
2235
2025
2044
528
731
2179
3149
4226
4544
5845
6780
7400
7949
6271
4085
2053
776
-1601
-5303
-8355
-9934
-11158
-12449
-12777
-11648
-9969
-8939
-6921
-3486
-39
1837
2646
4243
5876
6411
5650
4167
3084
1929
477
-1052
-2302
-2751
-3269
-3805
-3515
-2461
-1294
-924
-815
100
1243
1595
969
268
354
-189
-1194
-1954
-1943
-1901
-2365
-2137
-1004
631
1843
2706
3953
5775
7479
8429
8812
9219
9623
9540
9097
8565
8200
7709
7129
6906
7428
8122
8280
8605
9245
9872
7663
5305
3991
2522
-799
-7044
-10877
-12121
-14389
-17944
-21284
-19974
-17896
-18120
-16888
-13426
-7734
-5729
-4486
-876
3132
4951
3910
3835
5022
4501
2775
1598
1462
1544
262
586
1856
3029
4351
4950
6235
6969
7781
8499
7006
4942
2979
1777
-622
-4188
-7061
-8504
-9786
-11255
-11672
-10431
-8777
-7893
-6143
-3006
233
1887
2647
4000
5365
5574
4731
3330
2155
959
-639
-2046
-3190
-3663
-4030
-4602
-4170
-3177
-1885
-1321
-1213
-185
918
1471
926
294
486
47
-875
-1661
-1667
-1497
-1957
-1845
-752
836
2192
3076
4378
6381
8166
9308
9771
10296
10816
10676
10183
9462
9123
8458
7676
7162
7344
7868
7949
8081
8623
8735
6407
4616
3489
2212
-1744
-7742
-10528
-11732
-14358
-18364
-21275
-19427
-18480
-18783
-17481
-13438
-8408
-7277
-5137
-946
3261
4435
3874
4837
6140
5302
3926
3123
3096
2460
938
1567
2293
3154
3899
4418
5742
6272
7536
7994
6555
4723
3414
2579
-48
-3564
-6100
-7374
-9154
-10769
-11292
-10212
-9314
-8730
-6759
-3583
-751
578
1797
3544
5122
5284
4692
3695
2603
1437
-247
-1588
-2753
-3492
-4099
-4788
-4223
-3284
-2193
-1800
-1384
-27
1040
1450
1003
750
798
137
-839
-1356
-1590
-1858
-2389
-2152
-873
417
1722
2792
4381
6478
8142
9382
9950
10535
10878
10643
10026
9334
8706
7754
6812
6267
6636
6786
6777
7134
7989
8727
6625
4753
3896
2875
-189
-6346
-9872
-11170
-13649
-17447
-21236
-20125
-18724
-19165
-18166
-14935
-9153
-7121
-5394
-1393
3170
5606
5054
5438
6927
6552
5002
3617
2961
2587
701
628
1053
1749
2866
3334
4658
5478
6950
8238
7354
5760
4533
4048
1892
-1781
-4776
-6234
-8122
-10342
-11559
-11009
-10126
-10032
-8725
-5862
-2787
-1129
115
2092
4109
4887
4718
3947
3263
2329
860
-676
-2274
-3053
-3812
-4838
-5062
-4475
-3279
-2889
-2756
-1535
149
1098
884
822
1553
1532
654
-27
-39
-123
-907
-1122
-360
749
1564
2195
3439
5246
6835
7960
8519
9274
9877
9950
9561
8819
8407
7827
6811
6260
6045
6400
6069
5919
6854
7720
7901
5276
3767
3289
2143
-1035
-6932
-9787
-10885
-13277
-16639
-20004
-18410
-17371
-17709
-16611
-13222
-7804
-6333
-4892
-1110
3319
5340
4624
4791
6466
5897
4571
3187
2777
2452
424
621
947
1907
2837
3111
4319
5150
6957
8153
7146
5572
4746
4466
2440
-1228
-4013
-5424
-7574
-9881
-11312
-10818
-10625
-11009
-9929
-7102
-4123
-2697
-1340
861
3305
4651
4923
4518
4155
3565
2577
724
-1214
-2249
-3414
-4652
-5852
-5550
-4434
-4294
-4005
-2927
-399
1051
1299
1993
3212
3928
3144
2557
2473
1850
489
-606
-772
-420
-626
-566
124
1666
3525
4624
5741
6915
8416
9534
9523
9351
9198
8958
8046
6744
6312
6023
5454
4545
4800
5798
6324
6060
4019
3427
3252
2647
-53
-5160
-7463
-8340
-10322
-13690
-17131
-15848
-15347
-16088
-15541
-12539
-7712
-7115
-5781
-1913
2618
4350
3531
4444
6408
5948
4727
3575
3404
2704
530
810
917
1555
2004
2165
3354
4110
6046
7190
6202
4927
4619
4761
2778
-817
-3267
-4492
-6688
-9092
-10532
-10280
-10568
-11171
-9978
-7218
-4677
-3561
-1907
460
3069
4379
5093
4984
4370
3991
2968
1697
-541
-2097
-3089
-4437
-5260
-5418
-4547
-4005
-4073
-2617
-540
1237
1553
1776
2999
3359
2837
2024
1287
423
-1014
-2004
-2019
-2188
-1972
-1901
-824
1060
2939
4765
5906
7346
8979
10364
10773
10305
9817
9525
8611
7431
6508
6008
5264
4617
4817
5767
6481
6939
6793
5397
5153
4777
4082
480
-4638
-6529
-7833
-10224
-14620
-17624
-16070
-16516
-16975
-16342
-12362
-8457
-8234
-5768
-1311
3106
4029
3690
5114
6751
5887
4989
3515
3054
1422
-234
302
-262
142
185
1079
2310
3356
5700
6700
5897
5159
5762
5984
3621
-10
-1920
-3241
-5723
-8396
-10110
-10174
-11146
-11612
-10457
-7879
-5923
-4745
-2681
29
2662
4183
5251
5487
5465
5147
4508
3095
1095
-605
-2179
-3606
-4814
-5109
-5295
-5423
-5332
-4004
-2063
-1069
-392
277
1813
2385
2341
2061
1607
1000
47
-533
-830
-1203
-1508
-1282
-563
1022
2416
3740
4860
6284
8087
9210
9632
9480
9408
9229
8466
7427
6675
5897
5116
4460
4625
5131
5472
6154
6887
7620
6207
5417
5164
4246
1437
-3844
-6178
-7414
-9920
-13814
-17377
-16349
-16078
-16716
-16305
-13534
-9288
-8043
-6161
-2492
1311
2922
2806
3482
4930
4111
3173
1692
906
72
-1594
-986
-1269
-717
204
1562
3245
4370
6583
8452
8302
7576
7659
7747
5969
2240
-303
-1873
-4182
-7022
-9407
-9885
-10458
-10898
-10304
-8341
-6290
-4826
-2774
-472
1835
3318
4632
4882
4870
4670
4010
2572
632
-796
-2143
-3654
-5157
-5471
-5414
-5331
-5389
-4291
-2231
-1000
-155
714
2362
3220
3177
3198
2793
2227
1279
413
-284
-1093
-1588
-1658
-1541
-615
434
1707
3017
4127
5968
7394
8253
8501
8713
9195
8751
7814
7174
6752
6103
5441
5123
5569
5803
6290
7220
7911
8908
7444
6422
5857
4967
2981
-2267
-5468
-7148
-9362
-12559
-16875
-17069
-16518
-17306
-17239
-15814
-11463
-9650
-8708
-5589
-1934
771
1019
1283
2990
2885
2763
1983
1207
936
-516
247
397
650
1597
2769
4379
5242
6873
9209
9381
8347
7979
8288
7404
3804
765
-992
-3064
-5951
-8777
-9890
-10648
-11560
-11618
-10275
-8405
-6926
-5100
-2901
-629
1218
3119
4052
3999
3920
3919
3107
1416
-292
-1285
-2539
-4364
-4908
-4928
-4569
-5061
-4672
-2548
-1088
-160
185
1625
2900
2909
2860
2524
1958
1203
242
-305
-1160
-1815
-1629
-1741
-989
-83
1428
3025
3935
5696
7547
8997
9506
9608
10268
10408
9542
8769
8155
7592
6553
5812
5745
5748
5754
6114
6657
7333
7053
5401
4766
3703
2554
-1189
-5727
-7724
-9762
-12133
-16216
-18578
-17654
-18013
-18226
-17804
-14495
-10985
-10019
-7720
-4056
-468
1226
1569
3142
4314
4198
4518
3654
3633
2568
2534
3338
2857
3362
4250
5767
6548
7109
9028
10249
9213
8227
8151
8028
5337
1625
-356
-2159
-4785
-7890
-9644
-10361
-11479
-12109
-11476
-9932
-8659
-7156
-5194
-3021
-1314
583
2290
2721
2652
2721
3308
2279
545
-739
-1516
-2381
-3846
-4406
-4381
-4608
-4562
-3754
-2207
-1017
-492
616
1862
2881
3314
3295
3187
2511
2246
1701
802
-112
-636
-427
-556
-382
580
1788
2865
3820
5249
7127
7944
8396
8820
9235
9292
8377
7719
6961
6022
5192
4486
4132
3813
3876
4242
4907
5423
6378
5492
4047
3453
2914
1909
-3074
-6814
-8339
-9799
-12628
-17096
-17720
-16924
-17482
-17510
-15985
-11823
-9522
-8400
-4935
-1033
2255
3347
4031
5910
6113
6545
6345
5361
4647
3226
3895
3786
3135
3535
4492
5477
5767
6698
8832
8925
7546
6935
6970
6285
2971
-166
-2262
-4446
-7195
-9783
-11370
-12578
-13589
-13524
-12321
-10944
-9403
-7430
-5149
-2985
-917
1529
2875
3077
3328
4167
4283
3125
1501
578
0
-1332
-2013
-2690
-2758
-2939
-2789
-1415
-527
351
1106
1875
2944
3354
3797
3597
2501
2055
1516
913
-392
-1722
-1667
-1944
-1910
-1463
-660
893
1648
3076
4862
6224
7233
7536
8116
8458
8023
7586
6632
5601
4691
4017
3571
2862
2569
2974
3407
3992
4796
5815
6181
4277
3652
3200
2820
-437
-5541
-7562
-8798
-10537
-14125
-16891
-16044
-15668
-15553
-14595
-11954
-8109
-6550
-4384
-927
2495
4748
4875
5518
6421
6363
6453
4857
3657
2372
1795
2092
1142
851
1323
2236
2939
3424
4912
6348
5696
4861
4726
5061
3584
368
-2097
-3643
-5381
-7702
-9751
-10981
-11676
-11901
-11186
-9874
-8496
-6730
-4604
-2472
-349
1725
3821
4455
4482
4954
5530
5049
3206
1839
1097
-9
-1433
-2422
-2621
-2984
-3576
-2977
-1732
-538
-187
381
1656
2674
3262
3271
2915
2373
1865
1491
637
-592
-1252
-1403
-1487
-1676
-1192
-91
811
1474
2715
4457
5638
5975
6331
7008
7308
6728
5925
5358
4519
3698
2931
2575
2287
2209
2668
3376
4093
5425
6493
7624
6979
5653
5810
4914
3743
-862
-4453
-5896
-7774
-10046
-13925
-15098
-14158
-14246
-13726
-12601
-9290
-6207
-5192
-2541
372
3126
4069
3455
4168
4039
3571
2672
739
-128
-1377
-1383
-1186
-1569
-817
573
2157
3495
4783
7073
8145
7389
6920
7003
6564
3812
321
-1919
-3669
-6298
-8881
-10679
-11468
-11896
-11804
-10410
-8730
-7088
-4909
-2749
-445
1256
3044
4471
4259
4040
3850
3951
2635
666
-350
-1006
-1696
-2557
-2765
-2277
-2188
-1794
-596
714
1585
1817
2483
3137
3249
2901
2277
1260
71
-770
-1477
-2541
-3645
-3993
-3646
-3406
-2975
-1907
-406
860
1990
3588
5340
6239
6566
6977
7509
7475
6704
6077
5354
4740
4093
3817
3785
3695
4214
4920
5997
6760
7894
9021
9630
9447
7288
6633
5061
3610
-346
-5350
-7440
-9328
-11112
-14592
-16861
-15456
-14642
-14323
-13289
-10564
-6386
-5436
-3787
-878
1746
3167
2147
2559
3019
2415
1975
696
181
-485
-604
548
758
1219
2590
4145
5386
5800
7069
8273
7168
5481
4768
4289
2057
-1688
-4271
-5350
-7179
-9287
-10560
-10634
-10273
-10036
-8646
-6494
-4919
-3070
-1273
524
1885
2879
4150
3941
3070
2925
3092
2685
1038
-101
29
-227
-593
-989
-688
-590
-899
-562
123
198
-357
-750
-737
-919
-1444
-1790
-2485
-3211
-3429
-3037
-2957
-3283
-3187
-2080
-1172
-614
299
1648
2920
3403
4254
5763
6646
6649
6526
6883
7243
6719
6188
5665
5089
4649
4359
4291
4132
4048
4585
5150
5576
6248
6849
7713
7413
7552
6362
4480
2969
907
-325
-4795
-8191
-9611
-10575
-11934
-14705
-14435
-12304
-11740
-10840
-9214
-5665
-3260
-3241
-1173
690
2200
1661
857
1252
435
-257
-567
-1045
-1423
-1879
-678
706
998
2130
3781
5315
5715
6231
7590
7646
5820
4228
3824
2736
4
-2882
-4206
-5068
-6796
-7789
-7747
-7442
-7004
-6377
-4413
-2974
-1921
-489
597
1368
1615
2257
2681
1633
643
809
769
314
-993
-489
54
-362
-354
37
1232
809
51
363
589
168
-1020
-1995
-2050
-2943
-3316
-3697
-3942
-3750
-3489
-2443
-1900
-1190
37
1215
1920
2438
3383
4371
4236
3906
4162
4622
4305
3474
3282
3497
3322
2896
2959
3341
3460
3426
3706
4279
4650
4977
5324
5683
5994
6515
6895
6848
6787
6749
7011
4580
2798
1580
974
-1022
-5872
-7612
-8315
-9013
-11201
-13460
-12213
-11148
-11276
-10449
-8956
-5675
-4887
-4441
-2462
-951
734
231
144
293
57
547
477
-33
-29
291
1829
2388
2852
4240
5539
6142
6053
6856
7801
6937
4689
3395
2806
1468
-1291
-3690
-4993
-6015
-7439
-7959
-8091
-7824
-7522
-6758
-5110
-4005
-2716
-1529
-676
-128
619
1655
2097
1239
1037
1620
2107
1776
1032
1445
1857
1575
1295
1266
1299
660
-594
-875
-1290
-2012
-2747
-3723
-3752
-3791
-3429
-2886
-3000
-2325
-1397
-478
148
217
950
1382
1146
1123
1276
1763
1439
980
1652
2540
3203
3345
3795
4880
5566
5969
6196
6434
6400
6141
5826
5498
5113
4656
4539
4156
4133
4378
5102
5257
5574
5996
6897
6510
3937
3113
1743
1295
-2600
-6661
-7917
-9099
-10279
-12941
-13816
-11915
-11381
-10793
-9354
-6784
-3191
-3107
-1639
-249
1462
2254
1089
839
270
-255
-268
-865
-1076
-1018
-533
872
1384
2675
4223
5319
5318
5302
6023
6438
4608
2022
580
-282
-2105
-4674
-6618
-7036
-7702
-8318
-7805
-6947
-5425
-4870
-3362
-1654
-267
986
1566
1832
1842
1838
2333
1872
786
524
741
1241
803
563
1623
1933
1800
1325
1313
1538
179
-1241
-2199
-2950
-3834
-5046
-5823
-5685
-5803
-5087
-4409
-3394
-2260
-1311
-54
667
1276
1868
1965
1640
1401
1438
1718
1222
1031
1639
2604
3374
3766
4582
5734
6268
6439
6540
6714
6440
5536
4708
4309
3856
3382
3045
3073
3636
4220
5138
6231
7030
8490
9126
9877
8557
6288
5281
3224
1421
-3551
-7234
-8841
-10475
-11979
-14046
-13889
-11705
-11227
-9566
-7689
-4414
-1774
-2054
-751
-135
863
-20
-1839
-2606
-3507
-4267
-4464
-4490
-3343
-2551
-1057
862
2792
5076
6945
7875
7876
7716
7924
7303
4819
2028
44
-1348
-3440
-5418
-6598
-6379
-6869
-6692
-5732
-3819
-2278
-2049
-1119
-27
920
922
222
-262
-889
-1542
-1733
-2216
-2194
-1982
-1328
-224
432
1839
3012
3416
3399
2959
3351
2187
229
-1798
-3085
-3958
-5758
-6929
-7133
-6583
-6108
-5609
-4188
-2074
-807
83
708
1982
2532
2254
1851
1336
1158
673
535
646
951
1695
2454
3487
4541
5832
6862
7144
7191
7216
7427
6848
5743
4666
4196
3673
3108
2621
3058
3655
4149
4646
5585
7043
7380
7957
7612
7996
5707
2821
829
-1050
-2772
-7567
-10329
-11277
-11508
-11970
-12813
-11542
-9061
-8354
-6618
-5378
-2711
-1500
-2434
-2228
-2609
-2017
-2728
-3901
-3812
-3783
-2778
-1567
-164
2211
3699
5587
6749
7836
8592
8804
7816
6131
4125
2798
1242
-873
-2831
-4029
-4299
-4596
-4566
-4000
-2607
-1969
-1577
-1317
-438
60
-733
-1689
-2583
-3013
-3449
-4249
-4136
-3926
-3165
-2173
-818
1106
2673
3991
4948
5461
5685
5463
4295
2919
920
-544
-2465
-4342
-5869
-6806
-7048
-7174
-6802
-5870
-4337
-2973
-1771
-623
850
1780
1970
1889
2096
2100
1576
880
818
962
1041
1063
1600
2372
3064
3528
4165
4850
5280
5373
5055
4836
4336
3794
2935
2252
1664
1257
802
608
695
1159
1740
2488
3204
4198
5054
6058
6570
7080
7541
7353
6952
4134
2632
872
12
-2681
-6239
-7616
-8062
-8422
-9454
-9680
-8188
-7266
-7435
-6284
-5322
-3267
-3714
-4126
-3908
-3687
-2922
-3421
-3514
-2717
-2023
-462
154
1873
3810
4902
5692
5766
6741
7075
6427
5220
4270
3398
2554
850
-53
-893
-1220
-1922
-2623
-2693
-2710
-2693
-3137
-3514
-3798
-4046
-4452
-4884
-5084
-4972
-4750
-4475
-4107
-3008
-1694
-234
659
1628
2888
3954
4648
4688
4833
4574
4103
3025
1990
1607
996
160
-1508
-2136
-1981
-2025
-2460
-2881
-2687
-2386
-2640
-2408
-2027
-1738
-1715
-2349
-2059
-1750
-1348
-1279
-1767
-1371
-1061
-627
-219
-63
880
1011
1407
1974
2713
3536
3593
3817
4058
4140
4355
4177
3923
3655
3318
3388
3092
3189
3345
3666
4036
4532
5227
5933
6169
6679
6826
7077
6961
6502
5944
3004
1192
-789
-1441
-3815
-6877
-8156
-8820
-8923
-9418
-8985
-7877
-7459
-7159
-5807
-4994
-3975
-4096
-3867
-3903
-4495
-3966
-3088
-2647
-2324
-2201
-160
1409
2915
4249
4810
5896
5832
6107
5752
4978
4101
2778
1403
438
-392
-577
-1316
-1884
-2122
-2033
-1649
-1700
-1986
-2295
-2773
-3167
-3573
-4083
-4199
-4522
-4296
-4063
-3294
-2212
-942
485
1518
2518
3610
4655
5126
4811
4192
3596
2750
1641
489
-394
-1235
-1954
-2664
-3210
-3287
-3218
-3181
-3420
-3542
-3428
-3213
-3074
-3025
-3010
-2905
-2608
-2179
-1768
-1399
-781
-188
216
526
1017
1637
1997
2099
2242
2519
2925
3243
3487
3573
3680
3884
3944
3843
3611
3314
2996
2633
2310
2124
2101
2308
2578
2839
3434
4256
5219
5793
6235
6577
7015
7134
7037
6726
6147
5454
2873
795
-1303
-2019
-3678
-6201
-7809
-8876
-8622
-8849
-8511
-8045
-7825
-7239
-6626
-6153
-5581
-4999
-4374
-4740
-5019
-4597
-2968
-1814
-1042
-446
798
2681
4224
5614
5911
6232
6093
5621
4974
4052
3302
2499
1330
278
-570
-350
-4
73
-405
-746
-613
-576
-825
-1649
-2411
-3349
-3905
-4613
-5091
-5031
-4570
-3823
-3421
-2691
-1308
351
1871
2525
2836
3106
3440
3729
3105
1936
898
106
-482
-1253
-1879
-2086
-2396
-2666
-3023
-3063
-2642
-2275
-2210
-2660
-2780
-2384
-2018
-1692
-1582
-1490
-1452
-1151
-436
63
237
338
647
939
1095
1361
1777
2187
2353
2544
2848
3284
3823
4150
4205
3974
3815
3760
3508
3125
2726
2241
1805
1719
1771
1988
2300
2931
3499
4013
4685
5230
5843
6032
6177
5756
5613
5278
5019
3711
1384
-574
-2458
-3007
-4832
-6438
-8210
-8741
-8332
-8297
-7672
-7548
-6847
-5809
-5163
-4528
-4533
-3818
-3233
-3054
-3099
-3513
-2646
-1741
-143
669
1337
2296
3719
5372
6227
6351
5980
5625
5430
4728
3620
2387
1543
825
-76
-880
-1596
-1540
-1641
-1612
-2249
-2705
-2994
-3126
-3133
-3750
-4344
-4959
-4869
-4515
-4410
-4128
-3702
-2929
-2084
-1440
-683
-229
606
1172
1618
1699
1473
1602
1739
2085
1873
1438
902
399
152
-282
-740
-1413
-1968
-2213
-2439
-2353
-2385
-2116
-1884
-1470
-882
-416
214
571
962
1151
1192
1164
1044
1066
986
902
927
1052
1235
1333
1604
1961
2427
2794
3022
3142
3143
3138
3045
3014
2863
2649
2463
2374
2538
2771
3064
3259
3365
3703
3991
4419
4485
4453
4357
4274
4327
4060
4221
3187
2025
351
-1059
-1727
-3170
-4184
-5867
-6386
-6455
-6344
-5832
-6195
-5919
-5600
-4916
-3933
-3969
-3703
-4009
-3584
-2908
-2617
-2062
-2211
-1228
-30
1434
2575
3056
3618
4047
4660
5034
4928
4457
3376
2610
1986
1573
988
127
-485
-935
-992
-1396
-1753
-2362
-2949
-3338
-3745
-4008
-4437
-4739
-4820
-4676
-4207
-3821
-3160
-2489
-1765
-913
-293
378
573
779
791
854
861
729
837
826
889
814
808
848
903
1119
1097
1097
930
777
724
361
80
-443
-795
-1064
-1245
-1120
-1263
-1236
-1192
-940
-549
-414
-99
123
529
926
1214
1596
1641
1686
1669
1831
2127
2259
2406
2439
2620
2744
2765
2721
2510
2379
2274
2366
2488
2553
2627
2688
2842
2942
3039
3004
2940
2933
2898
2894
2657
2421
2089
1972
1695
1169
450
-602
-1199
-2135
-2876
-3674
-4235
-4202
-4050
-3407
-3003
-2638
-2251
-2035
-1577
-1448
-1434
-1560
-1730
-1377
-1199
-882
-947
-989
-699
-431
-89
69
118
117
56
-45
-211
-508
-1117
-1641
-1957
-2080
-1934
-1944
-1683
-1177
-708
-221
121
247
310
46
-260
-617
-1112
-1509
-1902
-2063
-1874
-1627
-1330
-886
-462
-15
400
588
722
694
562
505
280
36
-221
-471
-610
-650
-656
-622
-512
-318
30
303
564
744
817
963
998
960
941
839
777
741
659
589
478
291
185
49
-151
-280
-442
-619
-743
-787
-803
-814
-894
-861
-758
-731
-673
-654
-612
-594
-668
-665
-578
-516
-463
-383
-181
85
279
488
712
908
1057
1072
1089
1121
1079
940
774
694
731
767
764
840
961
1050
1082
1089
1098
992
769
542
335
174
-69
-263
-386
-376
-267
-187
-39
122
358
547
676
737
707
603
387
168
-93
-353
-615
-821
-859
-814
-710
-582
-361
-99
141
304
434
542
552
472
354
231
53
-136
-300
-403
-445
-401
-310
-143
71
358
627
849
1078
1238
1380
1421
1420
1378
1268
1112
943
808
681
546
439
400
413
442
508
554
550
544
490
379
203
-88
-391
-769
-1185
-1510
-1818
-1997
-2200
-2267
-2149
-1933
-1610
-1354
-992
-615
-344
-123
16
104
83
-30
-150
-289
-412
-513
-534
-477
-347
-217
-38
236
452
629
736
834
863
762
567
351
95
-170
-443
-649
-810
-944
-981
-955
-850
-768
-618
-419
-229
-38
127
332
465
571
704
795
805
743
722
690
661
592
550
515
507
473
435
437
364
342
249
111
-63
-231
-391
-632
-856
-1060
-1176
-1245
-1269
-1172
-1029
-848
-627
-344
-69
164
376
563
734
824
846
841
835
843
890
975
1022
1143
1285
1427
1591
1670
1707
1697
1599
1411
1154
816
377
-83
-506
-889
-1205
-1514
-1781
-1925
-1975
-2016
-1945
-1826
-1643
-1424
-1179
-808
-485
-184
126
506
860
1104
1314
1473
1612
1607
1491
1380
1236
1002
744
506
249
-10
-207
-399
-612
-812
-1004
-1119
-1240
-1386
-1463
-1529
-1585
-1630
-1612
-1506
-1435
-1350
-1247
-1080
-918
-722
-485
-221
73
366
697
1026
1372
1675
1895
2061
2197
2286
2308
2198
2045
1887
1750
1565
1341
1135
958
782
579
365
178
-63
-378
-698
-1080
-1344
-1592
-1755
-1870
-1899
-1870
-1610
-1488
-1272
-1152
-1438
-1266
-1559
-1301
-1221
-1335
-955
-775
-62
400
664
1113
1039
1287
1147
882
719
335
313
19
257
203
348
710
615
865
855
757
611
100
-529
-1392
-1699
-2132
-1903
-1722
-1558
-537
-48
843
1024
358
83
-595
-893
-982
-1394
-1086
-785
-111
553
942
1218
1326
1659
1878
1994
1925
1645
1405
941
435
-30
-410
-241
123
519
977
1296
1487
1682
1476
1026
548
259
196
208
210
191
332
578
848
977
935
856
779
699
482
186
7
-88
-56
28
275
589
870
1146
1228
1124
874
515
220
-84
-465
-820
-1039
-1014
-889
-782
-699
-563
-318
-177
-230
-458
-787
-1044
-1371
-1687
-1929
-2081
-2073
-1955
-1816
-1737
-1713
-1671
-1638
-1673
-1894
-2217
-2415
-2583
-2690
-2821
-2864
-2703
-2487
-2162
-1833
-1467
-1065
-714
-395
-139
96
290
505
701
814
898
939
990
936
773
570
332
142
-130
-438
-700
-934
-1039
-1112
-1174
-1134
-1041
-848
-754
-668
-645
-625
-639
-785
-818
-856
-814
-710
-482
-111
272
830
1421
2047
2636
3130
3622
4052
4302
4325
4246
4069
3810
3412
2954
2198
1404
525
-132
-580
-1210
-1696
-2094
-2091
-2049
-2134
-2210
-2247
-2094
-2155
-2272
-2348
-2493
-2405
-2445
-2383
-2224
-1972
-1520
-1159
-655
-222
288
879
1280
1644
1796
1940
2133
2287
2455
2393
2386
2367
2348
2315
2033
1810
1568
1187
693
67
-443
-869
-1329
-1788
-2137
-2267
-2307
-2279
-2250
-2180
-2041
-1905
-1879
-1988
-2213
-2336
-2393
-2401
-2389
-2361
-2085
-1776
-1387
-1040
-741
-362
-77
210
369
407
508
605
788
795
848
983
1155
1357
1455
1560
1585
1605
1499
1298
1117
972
993
1085
1172
1323
1556
1967
2328
2576
2771
2923
3074
3127
3078
2981
2875
2879
2893
2858
2888
2990
3229
3445
3549
3658
3782
3906
3928
3889
3907
3907
3994
3965
3873
3585
2959
2224
1365
700
-86
-1005
-1885
-2554
-2819
-3080
-3286
-3450
-3326
-3001
-2947
-2995
-3125
-3053
-2979
-3182
-3383
-3549
-3384
-3142
-2918
-2574
-2105
-1344
-700
-185
242
571
946
1211
1402
1478
1458
1438
1460
1523
1498
1375
1211
1023
754
288
-243
-679
-1039
-1334
-1736
-2027
-2082
-1971
-1826
-1729
-1559
-1322
-1108
-1055
-1142
-1216
-1203
-1279
-1420
-1531
-1488
-1305
-1097
-850
-607
-397
-206
-121
-167
-256
-411
-499
-612
-677
-686
-651
-531
-402
-197
-8
210
349
430
502
442
382
368
361
305
207
274
454
639
750
813
960
1049
1010
908
819
792
768
818
915
1070
1272
1500
1690
1794
1824
1717
1525
1231
933
631
387
155
8
28
175
445
781
1183
1570
1892
2163
2337
2414
2350
2228
2037
1767
1511
1093
561
-79
-647
-979
-1198
-1465
-1735
-1787
-1711
-1656
-1676
-1791
-1780
-1794
-2009
-2372
-2700
-2819
-2879
-3000
-3121
-3161
-2932
-2547
-2188
-1754
-1270
-665
-153
182
389
533
715
827
874
805
675
630
614
646
597
515
476
518
545
454
323
187
149
52
-118
-373
-516
-559
-642
-765
-902
-980
-943
-951
-1023
-1050
-952
-692
-537
-446
-400
-290
-110
29
49
-3
-123
-160
-239
-310
-330
-289
-97
70
167
286
495
736
909
971
1003
991
1019
951
808
665
457
285
126
-1
-99
-179
-192
-168
-128
-163
-187
-200
-173
-128
-161
-127
-65
6
73
81
63
90
159
236
235
196
242
338
400
441
470
560
632
624
531
440
366
245
147
3
-55
-70
-40
87
239
424
571
705
818
864
800
560
268
-48
-330
-611
-878
-1004
-1046
-996
-950
-856
-695
-605
-540
-531
-568
-613
-716
-781
-897
-1052
-1170
-1238
-1198
-1104
-950
-741
-508
-315
-185
-101
-59
-6
85
197
340
488
669
829
922
878
744
594
413
217
46
-97
-180
-224
-287
-329
-351
-280
-188
-78
46
52
94
31
-117
-223
-409
-404
-256
-103
183
415
657
925
1063
1195
1203
1263
1388
1423
1479
1365
1317
1254
1119
1057
925
928
826
699
601
418
378
133
-73
-219
-314
-286
-323
-328
-394
-462
-628
-872
-1035
-1242
-1370
-1468
-1436
-1264
-1116
-895
-726
-428
-162
28
301
506
723
870
947
1045
1092
1059
948
797
643
538
431
269
200
146
207
330
379
484
589
705
775
784
733
706
629
538
451
375
342
325
311
328
398
435
447
505
560
585
566
507
522
531
473
363
270
192
74
-131
-302
-421
-499
-543
-587
-559
-469
-353
-276
-180
-96
-76
-45
-27
-36
-43
-86
-171
-280
-381
-462
-552
-653
-683
-644
-580
-492
-381
-173
24
167
296
452
584
606
543
482
427
294
139
-13
-128
-204
-293
-326
-267
-189
-197
-147
-103
-51
63
76
68
33
-49
-76
-173
-294
-339
-446
-461
-463
-437
-373
-330
-330
-282
-196
-215
-240
-302
-355
-356
-382
-402
-396
-386
-343
-296
-290
-314
-286
-270
-244
-240
-242
-162
-89
15
151
266
395
509
652
806
927
1016
1069
1073
1026
884
713
527
315
87
-158
-347
-551
-676
-741
-787
-864
-905
-853
-794
-735
-694
-605
-495
-432
-425
-432
-424
-449
-462
-415
-295
-134
54
286
531
703
837
965
1059
1121
1104
1090
992
841
656
392
31
-396
-751
-1046
-1289
-1521
-1690
-1688
-1635
-1558
-1523
-1467
-1386
-1333
-1224
-1100
-902
-722
-555
-437
-351
-232
-146
-50
-9
71
205
385
543
596
661
640
586
516
402
285
115
-3
-96
-208
-352
-538
-772
-946
-1096
-1183
-1209
-1238
-1177
-1138
-1066
-1021
-1010
-968
-977
-978
-912
-794
-669
-572
-486
-403
-255
-117
-33
94
256
432
580
690
832
925
940
907
794
701
545
353
169
-43
-228
-420
-577
-694
-789
-807
-808
-798
-698
-540
-394
-253
-129
-10
58
111
177
217
298
356
445
532
630
710
781
814
848
862
857
818
665
512
250
79
-11
62
198
311
372
459
596
587
394
-23
-350
-572
-728
-825
-863
-849
-729
-517
-291
-170
-177
-203
-183
-198
-313
-477
-548
-499
-432
-338
-212
1
279
582
793
885
911
922
934
854
690
578
519
510
502
464
425
370
330
317
237
114
17
2
55
41
23
21
74
114
48
-88
-256
-414
-605
-826
-1045
-1243
-1351
-1403
-1434
-1475
-1482
-1469
-1474
-1482
-1540
-1660
-1837
-2060
-2276
-2446
-2666
-2887
-3003
-3022
-2976
-2980
-2954
-2823
-2628
-2417
-2223
-1931
-1605
-1254
-904
-511
-125
222
537
791
1088
1319
1490
1622
1756
1874
1975
2082
2201
2368
2529
2673
2808
2986
3121
3199
3224
3207
3173
3072
2928
2695
2447
2173
1927
1739
1552
1367
1223
1136
1092
1094
1071
1090
1101
1117
1187
1218
1209
1137
1063
936
743
541
299
114
-124
-340
-461
-542
-548
-567
-483
-332
-133
85
308
516
691
857
944
1015
1006
965
895
822
756
688
610
554
558
567
600
585
571
618
650
607
511
410
329
222
80
-78
-185
-276
-358
-408
-412
-385
-365
-309
-212
-41
120
264
401
572
720
854
950
1042
1125
1139
1181
1215
1261
1330
1360
1351
1348
1384
1377
1311
1213
1128
982
776
589
367
151
-68
-262
-405
-500
-571
-600
-585
-507
-443
-384
-291
-252
-229
-235
-279
-336
-456
-586
-722
-846
-965
-1107
-1163
-1220
-1280
-1265
-1196
-1117
-1029
-915
-749
-577
-484
-420
-370
-339
-404
-536
-636
-759
-896
-1073
-1218
-1308
-1377
-1413
-1406
-1362
-1275
-1117
-985
-850
-719
-568
-435
-371
-331
-297
-267
-319
-385
-390
-384
-452
-501
-490
-405
-356
-331
-230
-140
-33
20
49
73
49
-6
-101
-246
-423
-597
-791
-980
-1166
-1311
-1391
-1483
-1517
-1467
-1369
-1247
-1114
-957
-785
-616
-494
-408
-344
-293
-307
-310
-297
-305
-261
-221
-117
30
218
423
571
764
958
1140
1236
1234
1231
1216
1107
970
809
612
406
171
-31
-187
-381
-554
-672
-761
-829
-864
-863
-887
-944
-994
-990
-1031
-1102
-1163
-1159
-1127
-1096
-996
-840
-626
-411
-114
188
443
706
954
1186
1363
1464
1540
1560
1530
1462
1403
1347
1244
1147
1058
1014
931
845
765
664
512
341
189
28
-168
-350
-496
-650
-739
-837
-897
-887
-862
-804
-666
-504
-354
-167
76
297
518
719
870
1005
1103
1160
1163
1140
1080
993
885
771
688
568
433
311
226
164
70
-31
-105
-148
-198
-266
-307
-317
-329
-347
-358
-295
-210
-138
-93
12
90
165
236
300
401
441
499
542
613
709
778
851
900
996
1055
1077
1050
996
919
821
660
441
249
18
-194
-425
-648
-822
-957
-1043
-1104
-1081
-1011
-949
-851
-725
-535
-392
-310
-221
-107
-40
-15
20
59
65
73
157
240
325
415
521
628
733
801
837
872
868
814
716
590
463
299
138
-1
-144
-246
-302
-344
-398
-385
-333
-283
-239
-210
-137
-70
-42
-39
-17
-19
-50
-42
-3
8
21
60
93
105
131
135
146
161
128
91
4
-63
-174
-303
-408
-537
-591
-645
-685
-687
-695
-651
-628
-638
-594
-526
-468
-460
-476
-410
-374
-339
-307
-266
-203
-175
-118
-29
34
73
123
111
115
82
53
15
-80
-133
-211
-235
-257
-301
-300
-301
-307
-352
-420
-454
-512
-601
-685
-750
-807
-880
-934
-938
-924
-918
-865
-811
-723
-672
-615
-571
-559
-532
-556
-541
-530
-529
-518
-492
-416
-319
-242
-128
8
158
329
506
690
824
910
963
1002
1011
949
875
