8
3
-7
0
16
17
7
-2
-3
-7
2
9
-4
-17
-21
-24
-27
-28
-35
-51
-68
-76
-90
-101
-103
-108
-104
-102
-101
-105
-110
-108
-105
-104
-99
-84
-76
-68
-61
-58
-59
-60
-59
-64
-74
-75
-65
-66
-64
-57
-69
-80
-79
-72
-56
-56
-58
-64
-69
-68
-67
-62
-61
-59
-72
-81
-84
-78
-72
-73
-57
-54
-60
-57
-48
-53
-49
-49
-54
-59
-64
-59
-62
-67
-70
-62
-40
-27
-10
-4
-3
14
32
36
48
52
43
50
62
69
67
62
55
55
46
35
35
22
21
23
39
50
51
65
67
73
71
74
84
82
78
85
97
95
105
112
113
114
105
95
101
109
106
106
108
114
123
118
110
100
84
73
70
75
63
47
40
30
23
22
18
6
-7
-9
-15
-18
-11
-7
-1
2
10
14
22
27
37
34
20
25
20
13
12
15
8
-5
0
-11
-24
-36
-55
-74
-85
-86
-77
-71
-72
-69
-68
-67
-68
-69
-73
-85
-88
-66
-53
-52
-55
-59
-58
-53
-52
-52
-49
-41
-38
-40
-43
-41
-36
-30
-26
-37
-42
-48
-48
-40
-48
-54
-48
-33
-18
-13
-12
-19
-25
-31
-26
-26
-26
-25
-28
-23
-25
-29
-27
-36
-46
-48
-52
-58
-56
-59
-56
-54
-56
-52
-55
-46
-42
-45
-42
-36
-24
-11
6
8
8
17
26
33
38
37
29
12
2
-8
-17
-21
-20
-18
-25
-21
-16
-21
-6
14
20
30
46
60
71
87
90
87
88
86
84
83
89
97
98
109
115
110
103
102
102
102
97
92
81
77
77
80
74
78
89
85
91
88
92
96
93
98
94
89
91
92
87
80
67
44
33
24
18
18
12
-6
-19
-24
-31
-37
-36
-34
-25
-19
-16
-14
-9
-7
-18
-15
-22
-31
-28
-39
-44
-50
-57
-64
-73
-77
-88
-95
-90
-89
-88
-80
-83
-87
-76
-71
-62
-51
-47
-48
-51
-43
-40
-42
-48
-68
-78
-80
-74
-66
-65
-67
-60
-49
-55
-55
-34
-15
-1
6
16
24
15
12
2
-20
-30
-29
-44
-51
-59
-79
-72
-58
-50
-44
-43
-34
-20
-16
-17
-21
-22
-26
-27
-35
-48
-47
-54
-68
-85
-100
-105
-107
-90
-79
-76
-66
-39
-17
-1
24
31
43
53
59
59
52
45
30
20
12
6
-2
-6
6
9
6
9
12
20
29
40
50
63
81
91
98
103
99
93
103
106
99
93
93
95
91
90
90
83
77
77
81
81
90
106
110
109
112
108
108
110
105
97
90
93
88
75
55
54
41
25
21
7
-3
-12
-20
-37
-46
-46
-47
-37
-26
-20
-26
-20
-12
-24
-32
-40
-35
-27
-28
-26
-32
-29
-25
-24
-16
-10
-9
-8
-13
-21
-23
-25
-37
-44
-51
-58
-57
-61
-61
-66
-71
-78
-77
-75
-81
-76
-77
-73
-75
-76
-76
-79
-74
-71
-66
-62
-51
-49
-48
-39
-40
-34
-24
-15
-4
5
17
33
51
52
49
37
29
32
21
9
6
4
-2
-4
-1
10
24
35
51
56
53
50
44
45
38
43
55
72
90
98
99
96
109
112
106
101
99
89
75
56
37
26
18
18
15
7
-1
-14
-30
-48
-56
-61
-59
-54
-45
-48
-61
-65
-67
-66
-63
-56
-71
-79
-85
-99
-107
-112
-112
-108
-98
-90
-85
-83
-83
-70
-70
-67
-60
-58
-49
-44
-44
-49
-39
-32
-21
-1
19
42
59
81
92
94
99
108
118
130
145
148
149
158
161
169
181
181
180
183
180
184
191
200
208
213
218
223
219
216
222
221
215
200
189
167
137
112
77
54
29
2
-21
-53
-89
-123
-162
-189
-212
-234
-250
-262
-271
-285
-297
-304
-306
-308
-307
-312
-317
-323
-336
-359
-367
-376
-386
-383
-390
-397
-397
-400
-390
-364
-339
-318
-300
-285
-266
-248
-230
-211
-183
-149
-122
-96
-71
-52
-24
3
31
61
90
127
164
206
255
288
335
385
421
450
481
497
512
536
548
558
556
553
549
543
538
527
518
506
496
493
484
471
444
421
396
373
348
321
305
279
246
205
165
117
72
29
-17
-57
-99
-137
-168
-201
-238
-272
-296
-318
-332
-344
-353
-356
-362
-374
-383
-393
-402
-415
-426
-426
-426
-431
-439
-445
-452
-450
-447
-446
-437
-432
-419
-399
-380
-363
-336
-307
-286
-258
-232
-216
-196
-172
-153
-134
-115
-86
-55
-33
-12
2
1
11
26
36
61
82
90
95
94
90
77
62
55
56
55
54
45
27
6
-2
-3
-6
3
6
12
27
40
49
60
82
99
113
131
145
167
198
224
244
262
285
308
337
366
389
405
424
432
438
446
445
440
435
438
434
425
417
403
385
373
361
345
328
302
264
225
178
129
93
54
20
-17
-59
-98
-136
-179
-221
-255
-278
-291
-300
-318
-333
-348
-365
-387
-411
-430
-441
-440
-437
-439
-445
-448
-451
-449
-445
-436
-413
-386
-366
-351
-331
-321
-303
-278
-257
-236
-212
-186
-160
-141
-111
-85
-65
-43
-16
14
43
66
80
105
133
161
184
201
213
223
230
238
247
247
252
257
248
239
229
217
203
187
164
134
116
101
82
62
50
36
26
22
17
24
32
44
53
63
69
66
62
54
55
70
80
95
117
138
169
196
216
239
267
305
335
357
374
384
398
410
422
419
415
412
396
378
351
325
309
298
275
257
231
197
170
129
97
66
34
4
-33
-66
-109
-151
-200
-247
-289
-326
-360
-394
-428
-459
-481
-494
-504
-518
-521
-517
-522
-516
-512
-510
-500
-484
-474
-468
-459
-451
-446
-444
-441
-437
-433
-435
-439
-440
-438
-430
-424
-409
-384
-358
-327
-297
-268
-243
-222
-200
-166
-132
-102
-71
-53
-40
-26
-14
-5
1
3
6
17
30
38
48
64
79
98
111
126
149
179
211
237
265
292
314
341
362
374
390
419
449
480
508
526
550
572
589
612
638
666
701
732
748
757
769
782
799
813
811
804
789
763
734
700
664
624
578
539
495
447
403
356
307
253
193
131
65
-1
-70
-139
-199
-254
-295
-337
-377
-422
-479
-520
-560
-594
-612
-633
-663
-684
-701
-715
-722
-730
-727
-730
-731
-717
-711
-703
-687
-680
-671
-658
-642
-629
-609
-587
-571
-553
-531
-502
-465
-433
-403
-368
-338
-303
-277
-256
-234
-226
-218
-207
-195
-185
-164
-144
-130
-123
-122
-122
-123
-113
-94
-74
-54
-30
3
28
59
86
108
131
152
176
195
217
246
272
299
331
361
395
447
502
550
597
647
698
748
790
830
859
879
904
930
941
951
956
953
946
949
941
925
917
902
872
835
801
762
709
655
600
538
477
411
346
276
201
116
35
-45
-123
-194
-259
-329
-394
-452
-518
-574
-630
-683
-729
-775
-814
-847
-882
-915
-945
-962
-976
-991
-1002
-1010
-1012
-1001
-989
-978
-957
-933
-914
-890
-852
-819
-786
-744
-704
-671
-633
-600
-570
-531
-493
-447
-404
-359
-310
-271
-243
-210
-189
-166
-133
-97
-63
-39
-14
10
37
61
83
101
113
134
144
152
169
179
197
223
250
278
313
350
391
434
480
520
552
591
622
651
672
698
723
746
774
796
812
839
870
898
936
970
998
1022
1040
1053
1057
1052
1052
1054
1041
1025
1009
974
937
898
853
802
740
685
622
554
486
418
347
277
208
128
42
-43
-134
-221
-309
-399
-491
-579
-669
-748
-825
-899
-959
-1019
-1057
-1087
-1113
-1146
-1177
-1194
-1197
-1196
-1198
-1196
-1192
-1183
-1172
-1167
-1155
-1131
-1100
-1064
-1025
-1001
-967
-929
-890
-841
-799
-752
-696
-626
-560
-499
-440
-377
-311
-258
-211
-169
-135
-104
-74
-49
-31
-13
15
38
55
74
91
121
157
199
252
300
347
393
443
486
524
563
598
629
658
688
715
747
775
800
829
862
884
911
947
974
993
1006
1019
1026
1032
1035
1034
1018
1006
996
984
970
947
916
881
847
821
796
769
737
706
671
620
577
531
484
437
387
331
271
204
138
64
-25
-117
-206
-292
-370
-443
-523
-605
-689
-769
-842
-912
-975
-1023
-1074
-1122
-1164
-1208
-1233
-1252
-1260
-1260
-1254
-1239
-1220
-1196
-1168
-1142
-1114
-1075
-1034
-989
-942
-891
-842
-803
-758
-706
-648
-596
-549
-500
-456
-415
-374
-333
-300
-278
-255
-243
-235
-220
-198
-166
-132
-102
-69
-33
11
54
94
133
176
225
273
328
373
405
445
491
537
588
634
673
714
750
780
803
829
853
877
899
914
932
942
961
974
976
977
974
970
962
949
930
914
899
877
859
836
812
789
774
765
755
745
732
718
706
683
657
626
596
572
542
505
467
424
383
337
270
200
125
41
-58
-166
-271
-376
-472
-569
-667
-750
-839
-913
-976
-1038
-1087
-1141
-1187
-1226
-1267
-1300
-1330
-1359
-1385
-1401
-1403
-1402
-1389
-1375
-1355
-1320
-1283
-1235
-1184
-1132
-1073
-1022
-976
-924
-881
-844
-808
-772
-730
-696
-660
-629
-605
-575
-551
-524
-488
-441
-385
-333
-273
-205
-132
-60
11
75
138
207
274
342
407
475
539
599
660
729
803
880
953
1019
1081
1134
1181
1224
1252
1274
1294
1303
1302
1298
1298
1284
1255
1230
1204
1179
1158
1141
1118
1093
1070
1045
1015
987
960
922
886
859
838
818
796
766
737
709
678
647
624
606
588
568
546
525
497
474
440
398
355
302
253
196
122
43
-48
-138
-231
-331
-425
-520
-623
-721
-816
-906
-995
-1085
-1161
-1232
-1294
-1347
-1392
-1430
-1462
-1476
-1492
-1501
-1499
-1497
-1491
-1481
-1460
-1442
-1423
-1389
-1362
-1332
-1296
-1252
-1200
-1152
-1096
-1036
-981
-926
-863
-802
-747
-702
-646
-591
-541
-494
-452
-415
-379
-337
-297
-260
-217
-172
-130
-81
-31
23
79
136
193
247
304
367
437
500
559
618
663
703
749
787
818
847
867
890
918
936
947
951
951
944
940
933
916
905
895
876
851
829
812
797
782
775
762
752
747
736
725
716
704
696
685
682
678
666
658
642
635
623
611
611
604
603
615
619
621
609
596
576
539
501
454
403
348
287
207
120
28
-52
-141
-232
-321
-411
-491
-572
-648
-719
-786
-843
-895
-948
-1001
-1053
-1099
-1141
-1171
-1209
-1249
-1276
-1296
-1307
-1302
-1299
-1298
-1284
-1269
-1245
-1214
-1184
-1143
-1094
-1059
-998
-953
-902
-848
-813
-775
-748
-715
-685
-657
-612
-580
-564
-532
-494
-467
-432
-380
-331
-293
-229
-152
-100
-29
48
118
182
250
317
364
419
477
518
547
589
632
665
702
744
776
809
836
859
888
894
901
908
903
908
910
903
904
877
853
847
823
785
764
749
740
720
695
680
656
648
634
593
576
580
571
554
546
564
550
535
551
543
532
540
533
526
531
544
551
530
514
515
497
477
455
422
409
376
346
309
250
200
158
93
9
-60
-132
-202
-257
-323
-408
-478
-539
-601
-672
-726
-771
-828
-883
-923
-960
-1018
-1062
-1070
-1074
-1112
-1112
-1089
-1088
-1084
-1075
-1059
-1081
-1080
-1024
-1013
-1000
-969
-964
-925
-876
-840
-791
-775
-745
-711
-708
-679
-643
-586
-545
-520
-456
-399
-374
-322
-254
-225
-171
-111
-50
17
77
130
170
211
266
335
376
448
472
517
550
571
599
626
646
655
704
752
767
796
835
813
855
816
751
708
783
752
647
686
647
547
516
491
457
-191
126
938
677
592
738
760
631
538
680
770
355
669
727
370
462
546
361
170
539
533
239
419
506
300
276
618
502
305
394
422
446
296
297
340
203
136
155
-4
-95
-81
-212
-307
-356
-337
-486
-581
-558
-672
-793
-768
-772
-878
-897
-879
-1004
-970
-1079
-1149
-1083
-1243
-1212
-1208
-1264
-1225
-1274
-1258
-1222
-1240
-1199
-1180
-1197
-1178
-1109
-1076
-982
-962
-926
-802
-786
-784
-748
-638
-646
-578
-634
-533
-486
-436
-411
-481
-212
-363
-251
-163
-105
-60
44
132
194
133
232
504
226
568
512
487
745
616
618
698
889
744
659
949
898
889
789
962
1013
920
979
872
1100
929
1040
1007
902
996
1040
724
996
911
743
934
595
923
617
751
708
493
888
540
474
811
384
613
788
342
321
980
254
487
507
506
656
196
454
505
494
170
547
723
-459
707
775
-170
295
469
301
320
150
220
697
-394
497
219
-78
207
-379
416
-345
-536
62
-151
-725
-231
-610
-545
-323
-981
-720
-695
-718
-1013
-1022
-619
-1310
-1070
-820
-1298
-1213
-1194
-1153
-1339
-1335
-1097
-1464
-1065
-1299
-1421
-1082
-1414
-1015
-1181
-1463
-984
-511
-1629
-1064
-397
-1455
-688
-905
-972
-621
-1037
-505
-874
-755
-723
-509
-723
-276
-740
-481
495
-618
-152
81
291
-141
506
167
-25
1116
120
821
484
581
1031
495
759
1192
601
597
1939
571
1115
1100
1270
1340
380
2034
905
699
1695
912
1078
1179
906
1275
417
1342
1248
151
1418
449
1193
743
202
901
1202
-683
1740
591
-385
1269
239
1077
-148
337
1390
-771
1279
-77
737
12
369
1242
-970
1229
312
47
28
813
0
583
-532
776
923
-740
229
520
423
-473
-213
1022
-227
-881
1549
-1404
411
227
-544
-1032
1036
-1031
-671
211
-1421
291
-1607
265
-1861
-594
-244
-1810
-741
-959
-1196
-859
-1393
-1065
-1136
-1005
-1743
-601
-502
-3244
699
-1742
-597
-2758
-272
-486
-2461
-1084
-475
-2324
-310
271
-5067
2395
-2371
-536
-1748
-1495
1656
-3373
-7
158
-2650
1821
-3140
1009
-513
-1864
1974
-3070
2699
-2328
453
534
-258
-1037
1262
50
-629
838
1422
-2129
3596
-1382
653
1567
-1224
4257
-3619
3711
826
83
767
1567
1022
-23
2986
-2379
4070
295
-688
3072
458
-141
2854
112
-807
4513
-439
-1391
3720
2360
-3783
4839
-332
912
1556
-2066
5298
-2223
312
3684
-2381
1790
1368
-210
-229
2287
-35
257
347
1257
1149
-630
359
2908
-1417
-26
2765
-1264
1199
250
983
164
550
26
1577
-1332
966
1825
-3377
2555
1256
-2982
2906
-1764
286
720
-702
-826
1563
-1907
638
-609
-1414
1491
-1809
-1476
1738
-3742
947
-44
-3219
363
-1545
1033
-3325
-1496
2073
-3822
-705
-543
-498
-3119
1505
-3808
515
-1153
-2629
-239
-1508
-79
-4285
2952
-3857
-145
-1585
-828
1623
-5608
1801
299
-2120
-1934
924
-194
-3724
2432
-1550
-245
-1850
1878
-582
-2575
1453
1073
-778
-1591
2340
1166
-1832
4832
210
-10538
1508
6352
-519
-5452
-284
4177
3258
-5946
-260
6118
-350
-2294
2793
3076
889
-3252
4713
944
-1687
2731
3790
-76
1674
-796
2959
1787
1006
-401
981
3368
-1682
1527
2557
-2245
3415
2439
-6304
7546
498
-2328
539
1111
3552
-3393
826
3444
-1334
34
180
1265
-396
649
1250
-1363
2044
-1140
1775
-1400
-1430
3667
-1779
1423
-302
-208
1738
-458
-216
1320
177
259
144
31
1819
-2448
2730
-2007
456
431
-1072
2186
-2664
986
-419
-914
-1122
786
-1625
-802
393
-2311
-771
42
-824
-2917
-1043
2139
-3485
-3562
2337
-1125
-2751
-3525
3996
-4254
-2309
1402
-3248
1422
-3974
-319
108
-2821
-572
-753
-2117
1088
-1833
-2702
1598
-7
-4648
1929
-1224
-1788
924
-1294
-512
-9
-1377
-1919
3455
-3881
661
1776
-2526
2285
-3983
3501
-435
-315
-2030
4338
-3070
3347
-185
-2962
8244
-7913
6283
-1423
885
2345
-2947
6217
-4173
5333
-3500
5876
-1960
475
2836
-2411
9323
-7949
6518
-3470
6365
-1475
-1840
4724
-387
2153
-2508
6792
-6985
8228
-3599
2075
684
578
3720
-6384
10590
-8608
5285
4393
-6705
3755
2291
-884
256
3607
-4969
5512
-1257
1433
-977
-895
5392
-4492
4114
-4589
6270
332
-3221
985
2836
-698
-1005
-22
4208
-3901
260
6377
-6921
756
2731
-2254
15
660
-3010
3146
-2684
1682
-2147
-1574
888
10
424
-4858
3576
-1630
-294
-3314
783
1144
-7123
3108
-1694
-1602
-1514
-1808
-551
-340
-4505
2945
-6110
582
3008
-7392
1228
1765
-2950
-2644
1349
-4254
208
-1012
-890
-2629
1928
-5427
1233
1600
-3616
62
-4943
8689
-10034
2711
3049
-5491
-29
-996
4502
-7485
6145
-3156
1005
-3050
3119
3282
-5139
-980
6002
-951
-4589
5085
745
349
-1886
4204
-2617
235
4741
-1213
1358
1689
2468
-2643
1678
4265
2666
-8679
11301
-3122
756
5667
-1641
363
-2225
10469
-7244
4627
-740
4006
-2196
1244
2561
-427
1581
-1141
7171
-4772
-1811
4454
2932
-4218
1550
1823
1378
1803
-3820
4116
-632
-2035
3694
-168
-114
1440
-205
-1284
-1080
2652
3707
-6370
4629
2479
-4981
4737
-4470
2943
4880
-8271
4940
2751
-2859
711
-6
-48
-1119
2489
-2929
600
3471
-2961
-1642
1013
662
-3118
-354
2458
-3892
1064
-2586
1691
-2923
-3024
2962
-6025
2818
-3049
-960
-1725
267
-3054
-2654
-67
-3252
2567
-5394
-1268
2451
-4372
-2618
-1843
2284
-3186
-4581
1086
533
687
-10166
6032
-3279
204
1080
-9322
7663
-3557
1376
-3110
-1688
2881
-2570
-236
-2618
6981
-6644
728
-1132
2031
-1325
-1198
4670
-3461
-1349
3476
1819
-4673
3428
2818
410
-3929
3649
2819
-1029
410
993
-1065
6618
-402
-3036
4833
-1167
7167
-7117
2090
8344
-2913
1536
-15
5301
-4344
4455
2145
2730
-4435
1766
6511
360
-3007
-978
7458
-76
-2135
-2
6110
-5009
7172
-2266
-4265
7530
-2066
3079
-467
-2552
6309
612
-5366
5039
1440
-923
743
2070
-1845
4334
-1568
2824
782
-2549
4604
-1739
1974
3949
-4741
2105
2807
-4957
4520
-2328
318
3159
-3433
881
-1154
152
-1140
-1318
1033
-4211
681
-147
-3732
863
-7490
3695
-5148
-5110
610
-4020
397
-5558
-1416
-977
-4504
328
-3335
-1298
441
-2518
-1749
-2257
-1450
-1058
-493
-4235
-787
419
-397
-6679
25
-4908
-2834
3420
-6705
2328
-4474
3122
-2516
-1099
1166
1051
3534
-2678
6041
-2809
2356
-1782
-434
4147
-1526
-929
4291
-1430
-1220
2040
-337
-29
2817
1401
-358
3517
1112
1699
-1211
829
3816
2133
-2861
5203
871
2476
-200
-894
3783
581
1956
2509
-1605
3179
4137
-5202
4573
4649
-3801
4287
3732
-3302
2646
4207
3573
-4025
1981
2775
3617
1378
-2382
3063
2561
1618
-974
1984
2413
1892
551
-574
4381
965
-346
366
1946
1742
-1791
3249
820
-1888
3800
-141
251
1355
-556
1955
-2900
1026
-170
-1193
293
-1524
1227
-3006
-2098
-52
-2604
-876
-985
-3220
-1948
-2392
-2930
-2877
-3572
-803
-3474
-5270
-836
-4303
-2724
-3055
-3619
-1994
-3955
-2586
-4224
-634
-1898
-4195
-1222
-1682
-2189
-1764
-861
-1719
583
-3048
-1688
224
-3269
1894
-1510
-1799
495
-1416
521
-712
-1715
2433
-1252
5
22
329
553
-1697
1359
-1060
91
3994
-5315
2745
2675
-3392
28
2083
812
1008
992
-2243
7124
-2661
87
2442
3802
-1458
982
4853
-635
3496
-637
2426
3668
3948
206
3020
1583
113
6474
-2322
5585
3804
-746
3152
198
4345
-278
952
3210
805
551
1143
3349
2071
1642
690
1489
1746
2743
3326
287
230
4512
930
1202
3106
2154
1178
-288
1688
3858
2611
3247
1023
2551
-2224
-2500
3941
-290
2339
1024
-966
-1115
-3778
-1469
-2164
-218
-964
-2837
-2076
-3902
-4628
-5303
-3970
-5188
-3424
-5573
-3192
-3518
-5746
-5646
-7525
-2961
-5296
-3315
-2246
-4129
-2995
-5934
-4707
-2598
-1811
-1215
-1498
-395
-1962
-2961
-723
-175
-1149
-7
-2127
1313
226
-1951
1823
344
-680
-1503
1470
640
2441
-1099
954
2288
-3430
1541
-211
2099
949
-342
-128
-696
1376
-1067
-283
2141
1321
-1575
1939
1559
156
1886
249
4004
-290
1724
7109
-1835
5454
-2961
5715
1643
-3288
11606
389
2358
1766
1080
4209
4115
-681
5125
5460
2421
5524
-1332
5804
2430
1955
4640
1220
9857
-497
1123
3851
54
2544
3402
3501
1266
2848
1199
4167
-554
2852
3870
329
3144
1462
4030
-603
-3028
912
127
884
563
-1026
326
-4246
-4880
-3354
-2023
-1358
-3390
-5118
-3856
-5471
-7114
-5794
-5488
-3223
-7334
-6638
-5051
-6171
-5497
-7483
-5528
-5330
-4531
-5000
-4390
-2537
-4326
-4635
-4196
-2721
-1389
534
-2325
-708
230
-2338
-742
-60
1544
-452
1082
-850
-426
3101
-435
1288
685
-440
847
2463
-155
868
2840
-2461
-905
-359
559
658
435
318
-2820
-647
-287
-764
1460
303
1894
-200
-2955
5164
-419
620
1939
909
3246
756
1282
3234
4702
65
2296
5202
4632
2745
2858
6241
2781
2957
4776
4076
5985
2213
7025
3266
2621
3580
4299
7199
1140
5155
3243
989
4305
2381
5480
2647
3159
4102
1238
3099
3088
3707
3162
3647
2019
2164
2740
-50
-1250
-738
2196
1034
116
-1375
-1460
-3727
-3546
-4476
-2604
-662
-4330
-3876
-7117
-6903
-7131
-7292
-5418
-5368
-5271
-7683
-7585
-7820
-7926
-7798
-5749
-5688
-5234
-4651
-7188
-4402
-4906
-4649
-3508
-3028
-350
-1329
-1930
-1979
-987
-218
-707
528
1972
2212
1041
-112
545
658
1582
2703
3050
2778
-255
439
451
141
2122
1600
52
-482
-977
176
-91
-118
-414
-915
-149
-2433
1184
-33
-549
865
-1080
-414
19
1263
580
1883
2510
423
298
4336
3299
1713
3089
2739
2776
3931
3950
4904
7167
3881
2629
4614
4036
4509
7174
4685
3259
5446
3832
4367
5404
4499
3171
3823
3629
3329
5051
5187
2612
2809
2906
1508
4731
3786
3477
5421
274
1683
-561
-3352
2982
-2285
2756
665
-4283
-1561
-7231
-3317
-5423
-2854
-2114
-5340
-4549
-8828
-8176
-8018
-6912
-7503
-5417
-7768
-7567
-7949
-10322
-7586
-9316
-5084
-7017
-4715
-4586
-7127
-4293
-6796
-4036
-2973
-1180
-132
-736
-697
-1763
-780
187
1082
2647
3895
1739
1295
-189
1415
3310
2023
3863
2306
2733
947
728
2682
756
2458
1507
89
450
-106
-572
258
-1064
-1165
285
-606
-782
-322
-1065
-1229
-1328
-880
77
404
1581
-792
1133
507
1940
3228
716
4105
3127
2683
4000
2567
3122
6272
3678
6103
6828
5201
8070
1335
5050
6334
4032
8047
6100
5917
5724
2928
4709
4909
4342
5921
5468
2703
3941
3522
2083
3184
2768
4027
4661
2779
1636
-960
-3840
-94
-2753
1488
218
-2707
-1802
-7109
-4296
-7282
-4013
-3117
-5599
-4671
-8726
-8366
-9414
-8958
-7443
-6195
-7108
-7209
-9256
-9643
-9469
-9433
-6041
-7023
-4222
-6000
-6587
-5315
-6386
-4482
-3811
-1164
-422
-449
-697
-1835
-368
319
975
2983
3470
3525
1838
592
2135
2906
3263
3900
4076
3187
1671
1702
1640
1664
2677
1360
1876
1390
485
-542
-1397
991
246
-413
-531
-1010
-1019
-1689
-1221
2
1170
-438
-656
758
141
1213
789
1655
2083
2316
4177
1071
3051
4625
3116
5542
5905
4838
5047
5265
4613
6383
6002
5866
7712
5944
5963
5316
6167
6326
4092
6328
5832
5331
4612
4630
4409
3616
4641
3826
4364
4125
3523
1483
2714
-1174
-2205
1808
-3057
2037
-2320
-4072
-2793
-7605
-3758
-7996
-2689
-5106
-7957
-6514
-10914
-8111
-9536
-8485
-8093
-7894
-9223
-10316
-10364
-9670
-8989
-8363
-6990
-7881
-6217
-7984
-6925
-5099
-4855
-3188
-3280
-1728
-1394
-988
-1072
-449
1602
1008
2238
3034
3600
3322
2190
2219
3717
4263
3684
4472
3975
3683
2159
2337
2037
2917
2938
1620
1940
257
-614
-879
-259
-210
-26
-841
-1869
-1642
-1331
-2210
-1918
-798
-722
-174
-977
-570
-522
-146
255
763
1732
2707
3360
2514
2399
3044
4161
4784
5527
6276
4909
5890
6522
5286
5766
6479
6612
6667
6554
5824
6261
4884
4860
6268
5168
5124
5048
4906
4310
3895
4121
3200
4017
3774
2945
3794
1673
2779
-2378
-2345
230
-2180
2336
-3467
-1057
-5008
-6596
-4587
-8074
-1222
-7261
-3486
-8038
-10096
-8284
-10357
-6589
-8941
-6184
-9245
-9180
-10503
-10190
-8709
-7704
-6573
-7158
-6204
-7855
-5933
-6391
-4417
-3351
-2813
-1402
-1401
-788
-1361
367
941
1361
2587
2810
3200
3344
2532
2324
3941
3780
4442
4362
4011
3269
2346
2577
1861
3462
2379
2391
1371
-10
-595
-903
-78
-332
290
-785
-1561
-1939
-1931
-2139
-1026
-531
-709
-988
-1403
-754
-199
373
585
1697
1846
1741
1651
2142
3499
3681
3826
4412
4618
4559
4894
4982
5217
5998
5495
5675
5790
5777
5591
5161
5383
4780
5321
5200
5280
4891
4288
4078
3410
3109
3512
3934
3708
2478
1449
3177
1487
3196
-173
-3230
973
-3481
420
-3294
-2855
-2111
-5888
-3500
-8792
-2648
-6184
-5594
-5897
-9051
-6737
-9844
-7189
-8536
-5968
-7544
-8579
-8131
-9489
-7989
-7394
-6202
-5855
-5510
-5769
-5708
-4838
-3939
-2782
-1806
-1623
-491
-136
-179
454
1300
1952
2418
2964
3478
3234
3384
3054
3816
3740
3674
4476
3848
3852
2556
2683
2110
2509
2128
1155
1776
547
-121
-548
-865
-700
-631
-816
-1372
-1506
-1722
-2556
-1766
-1305
-968
-625
-924
-666
-574
-117
231
894
1547
1722
2003
2276
3020
3230
4167
4489
4902
5463
4862
4790
4685
5397
5245
5269
6114
5691
4795
4471
4444
4948
4490
4616
4695
4244
3968
3379
3698
3614
3206
2519
2922
2804
2528
2428
1349
1637
1198
2164
-266
-2781
-502
-3307
-1329
-2668
-2081
-1780
-5495
-4194
-7697
-4169
-6291
-5484
-5333
-8068
-6432
-8845
-7570
-8529
-6374
-7080
-7971
-7772
-8529
-7703
-7298
-6743
-5557
-5235
-5132
-5433
-4962
-4404
-3459
-1911
-1797
-205
-256
323
549
1291
1676
1806
3004
3062
3855
3771
3555
3486
2999
3159
3245
3684
3077
2883
2158
1446
1307
1312
1245
890
921
-651
-1078
-1718
-1576
-1719
-1318
-1527
-1966
-2138
-2532
-2318
-1955
-1142
-827
-291
-639
6
377
765
1337
2128
2693
3051
3234
3773
4022
4360
4713
5116
5519
5414
5313
5170
5517
5341
5087
5146
5501
5057
5112
4563
4706
4103
4110
4294
4233
4599
3600
3456
2778
2879
2060
2181
2310
2613
2340
2273
1950
697
1105
-48
2069
-2846
-1986
-1765
-2753
-532
-4443
-516
-4718
-3447
-6256
-5619
-3538
-6673
-3511
-8204
-5340
-8116
-7047
-7036
-7302
-5167
-8646
-6850
-8836
-7116
-7036
-6605
-4879
-5657
-4554
-5942
-4096
-4044
-3354
-1650
-1472
-213
-644
477
718
1544
2162
2223
2835
3216
3742
3848
3535
3658
3187
2715
2916
2779
3377
2598
2139
1359
650
454
87
233
-343
-1017
-1629
-2519
-2546
-2932
-2483
-2403
-2780
-2878
-3524
-3091
-2940
-2438
-1806
-1029
-478
-412
141
545
1198
1710
2303
3227
3551
3969
4570
4905
4829
5214
5559
5576
6339
6435
6217
6251
6011
5693
5324
5439
5299
5309
4664
4133
4661
3524
3901
3647
3378
2822
2482
2363
1569
1630
1656
2304
1638
1326
1355
1476
847
664
1015
816
802
1309
-2609
-1322
-1675
-2442
-969
-3269
-1086
-4171
-3060
-5730
-4331
-3693
-5509
-3677
-7277
-5774
-7936
-6786
-7555
-6711
-5721
-7848
-6333
-7978
-7239
-7144
-6461
-5419
-6005
-4672
-5094
-4050
-3749
-2905
-2066
-1870
-913
-557
719
912
1460
2107
2515
2516
3482
3810
4287
3750
3822
2678
2671
2779
2274
3293
2276
2164
626
494
-332
-495
-491
-1051
-1145
-2263
-2527
-3142
-3364
-3430
-3358
-3283
-3604
-3692
-3463
-3030
-2883
-2316
-1404
-900
-576
8
889
1645
2109
2434
3196
3620
4129
4792
5315
5737
5743
5864
6146
6287
6265
6327
6559
6147
5979
5941
5559
5353
5298
5178
4535
4257
3550
3544
3270
3015
3148
2316
2320
1864
1390
1013
1184
1693
1300
1568
1223
1580
1393
1004
1270
883
1505
929
-1991
-1060
-2033
-1158
-1046
-1767
-1302
-3354
-2557
-5177
-3330
-4613
-4696
-4691
-6570
-5780
-7640
-6262
-7447
-6437
-6173
-7210
-6587
-7731
-6689
-6895
-6325
-6059
-5892
-4283
-4588
-3416
-3070
-2093
-1764
-1541
-665
202
1355
1348
1941
2736
2761
3113
3487
4073
4361
4229
3756
2594
2950
2503
2150
2189
1552
1194
294
-305
-1172
-1095
-1437
-2195
-2321
-3052
-3260
-3970
-4177
-4239
-4155
-4410
-4493
-4013
-3515
-3249
-3035
-2213
-1901
-1048
-492
364
1242
2214
2541
2875
3925
4284
4835
5197
5633
5871
5997
6169
6626
6785
6838
6640
6654
6443
6018
5775
5654
5616
5140
4623
4074
3845
3506
3342
2712
2651
2061
2131
1946
1389
1691
1217
1848
941
954
677
1102
1733
1129
1747
1529
2295
1539
2445
-1010
-722
-716
-2206
137
-2874
-246
-2979
-1952
-4414
-3983
-2827
-5014
-3147
-6886
-5093
-8029
-6447
-7641
-7154
-5555
-7107
-5842
-7964
-6459
-7544
-6211
-6516
-5938
-4706
-4683
-3473
-3477
-1838
-1880
-737
-926
278
1264
1762
1662
2388
2976
2927
3747
3752
5010
4485
4445
3377
3420
3143
2067
2195
1686
1392
447
-112
-1023
-1389
-2068
-2516
-2958
-3188
-3738
-4048
-4361
-4823
-4625
-4732
-4759
-4705
-3949
-3626
-3484
-3120
-2375
-1658
-980
-299
730
1744
2166
2644
3284
3974
4546
5060
5641
6251
6450
6263
6246
6447
6468
5917
5842
5844
5796
5195
4676
4689
4425
4174
3480
3412
3014
2490
2119
1665
1417
1492
1546
1229
1445
1426
1176
836
884
896
1078
1269
1295
1922
1867
2034
2106
2442
3192
1773
-799
318
-1412
-169
-1397
-1373
-993
-2245
-2397
-4573
-2389
-4263
-3536
-5388
-6185
-6420
-7296
-6915
-8041
-6329
-6778
-6496
-7028
-6934
-6249
-6376
-6120
-6331
-5143
-4492
-4048
-3185
-1721
-966
-485
-494
232
1387
2139
2122
2490
3179
3191
3546
3597
4582
5013
4575
3822
3495
3634
3006
2121
1194
845
-18
-942
-1624
-1349
-1721
-2587
-3436
-3683
-3883
-4326
-4439
-4788
-4314
-4867
-4891
-4937
-4261
-3681
-3383
-3006
-2470
-1867
-1367
-625
55
1250
1916
2656
3385
4465
5180
5560
5695
6047
6510
6349
6426
6725
6965
6302
5858
5618
5687
5508
4997
4650
4405
3846
3328
2741
2820
2568
2098
1863
1341
1536
1214
1093
896
1035
818
474
858
732
977
1133
1449
1757
1967
2645
2447
3283
2676
4174
1497
219
512
-1084
996
-1529
-164
-1358
-1146
-3149
-3899
-2445
-3892
-3531
-6234
-5607
-6899
-6863
-7631
-7548
-6048
-7158
-6654
-6807
-6458
-6435
-6262
-6417
-5972
-5409
-4726
-4539
-2529
-2055
-1265
-814
-405
997
1355
2253
2085
3115
2750
2955
3445
4006
4643
4480
4462
3959
4103
3580
3165
2572
2191
847
-31
-812
-1059
-1493
-2006
-2633
-3251
-3650
-4364
-4328
-4542
-4612
-4933
-5161
-5291
-4841
-4575
-4355
-3846
-3176
-2964
-2700
-1779
-776
89
883
1731
2386
2991
3494
4218
4669
5085
5449
5680
5985
6210
6638
6611
6290
6110
5653
5046
4770
4536
4189
3673
3402
2991
2977
2990
2604
2479
1817
1550
1120
1074
854
941
1033
706
999
1042
1503
1637
2187
2148
2346
2492
2637
2953
3171
4030
3597
4634
2762
2173
990
-451
848
-28
34
-1301
-1612
-2867
-2176
-2294
-3004
-3430
-4952
-6002
-6893
-6841
-7632
-7305
-7743
-7919
-7316
-7029
-6981
-6197
-6427
-6313
-5881
-5808
-5322
-4609
-3608
-3037
-1401
-1217
-17
877
1697
2309
2556
2636
2478
2864
3106
3540
3942
4394
4342
4411
4197
4074
3399
3172
1990
1112
414
-560
-682
-1381
-1759
-2272
-2696
-3139
-3559
-3865
-4058
-3998
-4108
-4335
-4339
-4292
-3946
-3330
-2952
-2615
-2015
-1975
-1453
-592
-110
837
1095
1274
2092
2892
3381
3860
3675
3586
3694
3627
4005
3946
3979
4497
4965
3976
3677
4049
3368
3792
2850
1663
1577
1444
1958
2156
1729
1782
2461
1672
1597
1100
98
-111
-132
-272
213
871
331
1282
1469
1206
1666
1202
642
520
252
-192
174
220
662
883
1043
1574
1690
1549
861
-194
-1258
-1616
-1973
-1831
-1589
-1761
-1259
-1043
-836
-455
-777
-1462
-2057
-3060
-3566
-3476
-3500
-3125
-2890
-2592
-2030
-1550
-1284
-971
-1283
-1700
-2214
-2356
-2327
-2154
-1613
-1202
-728
-442
-85
178
273
166
-106
-463
-740
-987
-883
-749
-375
17
244
545
532
548
262
83
-327
-678
-693
-841
-647
-560
-303
-226
-240
-118
-212
-541
-894
-1194
-1572
-1730
-1812
-1573
-1269
-1180
-937
-700
-710
-616
-604
-763
-1008
-1509
-1763
-1653
-1141
-765
-222
243
758
1066
1126
1269
1014
808
653
625
908
1037
1285
1593
1680
2034
2153
2232
2350
2270
2129
1820
1568
1565
1725
1868
2031
2221
2203
2118
2140
2045
1884
1645
1316
1146
1106
1101
1128
1223
1420
1624
1653
1808
1859
1656
1427
1161
1062
1052
1097
1275
1499
1740
1987
2021
2289
2270
2156
2183
2011
1983
1922
1981
1772
1743
1201
631
353
-55
-160
-494
-757
-1036
-1254
-1542
-1607
-1725
-2169
-2492
-2791
-3051
-3113
-3127
-3360
-3621
-3867
-3960
-3727
-3365
-3009
-2866
-2910
-2836
-2812
-2495
-2368
-2026
-1951
-1859
-1720
-1501
-1163
-1091
-915
-847
-774
-769
-478
-398
-241
-338
-522
-439
-323
-210
-70
-208
-431
-290
-518
-758
-899
-971
-1161
-1557
-1476
-1239
-1004
-915
-878
-829
-842
-515
-260
-290
-320
-432
-381
-180
-254
-200
-214
377
934
1299
1308
1053
1088
1250
1102
1338
1756
1187
1030
1282
1673
1329
1063
403
345
1278
1145
1321
1412
890
969
1529
1615
1806
2066
1571
1794
2511
2457
2394
2609
2414
3163
3561
3355
3669
3236
3157
3304
3318
3501
3288
3180
3395
3818
3929
3978
3744
3589
3809
3728
3832
3384
3220
2667
1868
862
-687
-1243
-1649
-2033
-2259
-2975
-3449
-3792
-3991
-4170
-4541
-5012
-5758
-6303
-6338
-6447
-6371
-6495
-6841
-6549
-5907
-5154
-4488
-4331
-4244
-4084
-3495
-2930
-2570
-2256
-1919
-1349
-476
343
1068
1586
1903
2134
2121
2096
1936
1891
1561
1605
1681
1637
1695
1671
1844
1852
1558
987
324
-214
-649
-879
-1426
-2367
-2843
-3116
-3070
-2784
-2773
-2904
-3033
-2756
-2576
-2364
-2245
-2381
-2309
-2217
-1870
-1238
-931
-692
-318
9
557
961
1173
1422
1416
1595
1764
1844
2124
2205
2345
2271
2262
2207
2065
2240
2112
2085
2009
1804
1761
1950
2266
2413
2461
2265
2474
2658
2887
2943
2864
2972
3224
3480
3819
3899
3670
3852
3783
4035
4010
3921
3823
3686
3820
3578
3531
3372
3290
3429
3322
3185
3344
3063
3262
2175
453
-1016
-3029
-3092
-3463
-4491
-5276
-6444
-6259
-5827
-5307
-5349
-6288
-6441
-7175
-6898
-6677
-7601
-7688
-7858
-7229
-6109
-5297
-4512
-4047
-3078
-2302
-1534
-882
-749
-303
24
345
938
1389
2115
2857
3546
3915
3828
3888
3886
3760
3435
2759
1915
1197
917
940
713
431
78
-166
-127
-404
-745
-1469
-2177
-2489
-3014
-3398
-3844
-4349
-4497
-4381
-4055
-3609
-3289
-2902
-2313
-1772
-1506
-1354
-1193
-997
-726
-493
-476
-201
66
471
931
1372
1712
1643
1998
2072
2189
2285
2252
2246
2102
2246
2225
2173
2176
2288
2407
2454
2448
2393
2452
2462
2630
2901
2801
2744
2928
3135
3317
3495
3580
3687
3648
3800
3938
3765
3917
3851
3927
3897
4003
3803
3451
3532
3417
3398
3065
2904
2769
2639
2582
2623
2613
2564
1799
115
-1585
-3479
-3632
-4230
-5506
-6341
-7662
-7225
-6629
-6051
-5622
-6314
-5878
-6045
-5475
-5446
-6480
-6567
-7127
-6431
-5667
-4979
-3939
-3434
-1773
-882
240
1127
1279
2046
1934
2131
2044
1826
2400
2363
3008
3182
3105
3459
3431
3651
2875
2150
1548
672
251
-732
-1392
-2175
-2635
-2391
-2321
-2290
-2685
-2990
-2923
-3012
-2948
-3510
-3953
-4558
-4773
-4472
-4652
-4101
-3862
-3234
-2230
-1661
-759
-322
289
458
530
835
613
846
887
1063
1280
1394
1909
2374
2716
2800
2893
2838
2676
2739
2456
2113
1810
1560
1514
1363
1626
1643
1602
1930
1943
2192
2194
2105
2019
1881
2124
2198
2142
2311
2556
2786
3009
3176
3442
3633
3807
4102
3978
4101
4097
4003
4096
3911
3943
3750
3857
3844
3699
3749
3463
3342
3380
3202
3502
2551
464
-922
-2631
-3119
-3869
-5502
-6557
-7799
-7218
-6593
-6059
-5766
-6236
-5233
-5027
-4292
-4583
-5549
-5409
-5950
-5147
-5031
-4633
-3822
-3117
-1357
-642
603
1327
1861
2648
2456
2726
2159
2029
2076
1631
1809
1446
1828
1980
2016
2105
1324
1077
451
54
-841
-2074
-2821
-3647
-3745
-3816
-3962
-4029
-3966
-3424
-2979
-2758
-2714
-2750
-2646
-2716
-2712
-2987
-3493
-3138
-2792
-2238
-1733
-1247
-329
245
1048
1485
1689
1940
1838
1916
1339
1008
793
568
753
621
755
642
1000
1289
1303
1382
1058
981
772
629
371
-55
-112
-80
135
374
697
1087
1458
1888
2183
2439
2672
2825
3054
3126
3189
3304
3540
3945
4274
4517
4813
5108
5414
5602
5625
5473
5246
5228
4860
4667
4355
3992
3804
3599
3589
3432
3478
3526
3601
3248
1335
-617
-1984
-2958
-3740
-5901
-7522
-8497
-8723
-7830
-7521
-6754
-6999
-6234
-4897
-4389
-4140
-4945
-4800
-4977
-5073
-5051
-5280
-4292
-3686
-2523
-1514
-678
760
1575
2754
2991
2868
2500
2223
2291
1545
1025
423
254
279
154
238
173
211
172
-254
-829
-1584
-2083
-2572
-3213
-3806
-4396
-4229
-3885
-3382
-3004
-2769
-2118
-1541
-797
-641
-738
-921
-1093
-1288
-1433
-1383
-1609
-1369
-1262
-913
-309
221
881
1119
1261
1192
1194
1176
774
353
-162
-425
-658
-625
-470
-401
0
291
744
1097
1180
1368
1344
1358
1387
1354
1443
1563
1879
2219
2495
2909
3412
3946
4249
4505
4742
4628
4650
4581
4415
4193
4053
4208
4235
4400
4457
4570
4708
4665
4791
4750
4591
4289
3887
3540
3123
2881
2539
2504
2368
2293
2451
2570
3009
2929
2586
606
-885
-1552
-2413
-3657
-6368
-7122
-7730
-7900
-7505
-7108
-5939
-6334
-5294
-4012
-3034
-3124
-4119
-3433
-3747
-4115
-4803
-4548
-3694
-3776
-3098
-2276
-931
128
1034
1841
2002
2121
1836
1795
1481
561
-192
-673
-884
-969
-1153
-1031
-989
-763
-613
-618
-663
-1071
-1358
-2034
-2503
-2847
-3013
-2884
-3004
-2619
-2313
-1749
-1140
-741
-135
-194
39
37
-95
-368
-903
-958
-1424
-1550
-1546
-1407
-1202
-1271
-829
-510
-232
23
162
175
-116
-303
-418
-540
-481
-585
-591
-411
-268
175
582
1039
1396
1670
2068
2235
2428
2502
2544
2513
2462
2546
2633
2869
2871
2974
3190
3291
3400
3395
3490
3450
3298
3211
3191
3153
2949
2956
3045
3089
3215
3291
3479
3590
3793
4128
4080
3959
4006
4063
4092
3810
3857
3727
3677
3518
3416
3526
3644
3839
3170
2016
39
-656
-1547
-2732
-5177
-6909
-6868
-7595
-7905
-8571
-7480
-6780
-6504
-6108
-5163
-3717
-4197
-4332
-4641
-4353
-4195
-4525
-4324
-4341
-3731
-3039
-1946
-903
61
951
1473
2004
2319
2752
2566
1962
1173
782
511
72
-460
-803
-726
-947
-883
-907
-793
-849
-1146
-1508
-1720
-1868
-2260
-2526
-2876
-2715
-2586
-2377
-2166
-1882
-1247
-950
-801
-685
-93
-240
-651
-940
-905
-921
-1418
-1544
-1509
-1195
-1056
-606
-307
93
635
860
1120
1176
1401
1298
1032
748
590
726
628
590
709
1224
1620
1926
2206
2573
2985
3083
2995
2866
2769
2499
2190
1961
1927
2016
2005
1990
2251
2760
3015
3173
3258
3512
3797
3662
3487
3327
3390
3424
3394
3473
3644
3832
4101
4265
4308
4530
4583
4517
4335
4064
3860
3640
3257
2908
2674
2503
2377
1964
1879
1927
1607
823
-955
-2180
-2966
-4011
-5888
-8079
-8878
-9140
-9349
-10060
-9707
-8620
-7794
-6922
-5974
-4511
-3723
-3344
-3258
-3099
-2842
-2683
-2630
-2864
-2892
-2442
-1549
-827
-395
260
1256
2079
2405
2511
2606
2256
1604
1053
540
-28
-846
-1615
-2098
-2244
-2150
-2271
-2160
-2171
-2005
-1630
-1622
-1549
-1555
-1478
-1603
-1585
-1494
-1414
-1147
-1101
-725
-244
308
639
861
1174
1235
1210
1106
856
455
107
-178
-437
-663
-688
-644
-462
-242
45
420
742
923
975
1168
1138
1034
841
574
496
353
405
464
625
891
1184
1596
1889
2198
2499
2729
2857
2804
2848
2711
2490
2466
2509
2599
2679
2789
3055
3337
3707
3919
4118
4407
4499
4550
4406
4363
4340
4283
4173
3959
3981
3992
4003
3986
3925
3851
3734
3635
3398
3163
2914
2516
2155
1749
1279
915
730
657
451
198
-137
-1451
-2904
-3629
-4280
-5500
-8014
-9685
-9922
-10083
-10858
-11549
-10838
-9605
-8709
-8274
-7205
-5722
-5073
-5158
-5155
-4517
-4270
-4637
-5263
-5636
-5396
-4841
-4284
-4127
-3685
-2627
-1472
-788
-612
-165
393
503
82
-334
-435
-839
-1507
-1983
-1978
-1642
-1602
-1655
-1458
-858
-59
333
418
614
975
1325
1440
1336
1266
1418
1298
1341
1661
2013
2143
2100
2290
2515
2784
2716
2233
1692
1333
1136
555
-327
-675
-563
-484
-523
-479
96
686
1036
1318
1818
2112
2015
1766
1477
1461
1302
983
534
350
478
746
889
845
1059
1367
1592
1484
1344
1346
1090
639
303
99
-120
-388
-631
-683
-540
-368
-282
-163
-47
245
540
633
568
453
683
811
823
848
944
1067
1119
1267
1539
1742
1818
1965
2149
2240
2360
2272
2267
2413
2528
2544
2607
2712
2890
3176
3328
3575
3078
2406
1281
727
54
-1271
-2860
-4495
-4512
-4756
-5087
-5645
-5172
-4034
-3200
-2384
-1607
-404
65
273
189
479
433
-135
-661
-1226
-1157
-1018
-703
-779
-533
328
1236
1813
1971
2216
2565
2712
2259
1713
1239
728
-161
-828
-1141
-1311
-1513
-1788
-1538
-1170
-635
-261
-70
182
682
1193
1197
1086
1003
1165
1005
788
792
936
935
776
1040
1356
1516
1308
1207
1159
943
677
253
-218
-789
-1092
-1155
-1173
-1235
-1033
-759
-436
30
400
703
801
801
712
672
472
75
-275
-418
-517
-582
-524
-316
-113
99
461
728
908
1002
1043
1041
978
811
590
409
294
295
522
702
849
1054
1396
1775
2036
2304
2451
2528
2513
2433
2373
2281
2043
1893
1847
1821
1858
1908
1938
2031
2210
2240
2237
2286
2320
2279
2192
2184
2080
2051
2058
2069
1991
2022
2142
2183
2012
1478
785
-289
-1127
-2300
-3578
-5177
-6419
-7001
-7461
-7937
-8351
-7899
-7262
-6386
-5713
-4966
-4144
-3611
-3283
-3287
-3157
-3286
-3515
-3944
-4048
-4073
-3998
-3711
-3503
-3019
-2339
-1407
-815
-410
7
485
717
472
193
-114
-588
-1269
-1785
-2226
-2544
-2734
-2976
-2909
-2656
-2328
-2035
-1773
-1422
-1084
-715
-495
-476
-470
-456
-371
-576
-708
-635
-562
-450
-469
-299
-7
177
238
217
272
347
395
157
-122
-189
-118
-99
-182
-25
328
677
910
1202
1492
1836
2108
2105
2077
1995
1939
1705
1471
1236
1127
1140
1019
1004
1101
1340
1475
1386
1411
1528
1491
1299
1084
902
661
483
353
231
238
341
481
595
897
1202
1444
1592
1737
1983
2045
1885
1683
1556
1546
1432
1307
1189
1246
1274
1238
1318
1422
1641
1734
1760
1780
1750
1708
1616
1549
1457
1385
1303
1263
1306
1387
1511
1620
1653
1704
1468
1026
460
-207
-977
-2159
-2981
-3934
-4695
-5220
-5478
-5540
-5549
-4983
-4275
-3496
-2846
-2043
-1369
-983
-831
-687
-689
-856
-1081
-1448
-1601
-1896
-1888
-1900
-1744
-1273
-889
-366
-3
409
645
889
949
778
665
410
91
-284
-589
-818
-790
-806
-636
-356
-22
449
845
1361
1813
2268
2602
2868
3093
3082
3083
2958
2869
2706
2459
2377
2192
2134
1961
1759
1696
1508
1252
1030
914
598
286
-84
-306
-518
-724
-742
-878
-778
-689
-557
-215
-4
318
534
740
831
896
969
915
844
747
757
745
710
731
861
1025
1225
1468
1700
1839
1975
2022
2005
1918
1750
1606
1427
1226
1082
1021
1009
1040
1185
1400
1591
1652
1839
1994
1925
1859
1734
1575
1391
1191
1059
891
757
721
725
759
825
999
1069
1146
1232
1305
1368
1375
1395
1335
1343
1428
1448
1510
1510
1554
1660
1679
1686
1513
1193
722
226
-541
-1597
-2463
-3557
-4412
-5337
-6140
-6532
-6812
-6804
-6668
-6314
-5677
-4990
-4442
-3723
-3249
-2756
-2456
-2234
-2107
-2254
-2101
-2120
-1941
-1938
-1755
-1235
-862
-324
89
674
1257
1619
1845
2036
2141
2013
1723
1431
1037
577
151
-432
-806
-1176
-1312
-1407
-1566
-1413
-1286
-1045
-915
-773
-601
-511
-494
-472
-472
-592
-631
-819
-991
-1006
-990
-989
-941
-897
-763
-641
-577
-545
-420
-322
-250
-302
-402
-429
-431
-406
-471
-456
-383
-246
-43
112
258
489
639
745
927
994
936
861
747
725
735
710
641
624
685
807
901
988
1124
1208
1252
1260
1238
1186
1099
993
789
592
480
342
190
79
190
298
350
398
507
652
751
841
832
870
832
783
695
488
444
386
327
262
322
463
575
679
768
945
1074
1266
1273
1260
1319
1281
1272
1159
1157
1191
1248
1181
1113
1135
1120
1127
932
545
280
174
-333
-1258
-1958
-2310
-2707
-3452
-4143
-4299
-4226
-4118
-4258
-4002
-3294
-2708
-2425
-2159
-1498
-913
-806
-1006
-910
-721
-693
-1029
-1211
-1088
-925
-839
-976
-642
-179
170
259
379
669
741
689
518
383
180
-157
-580
-949
-1255
-1395
-1484
-1549
-1534
-1433
-1097
-804
-612
-349
33
334
517
645
797
844
814
654
562
549
437
345
94
46
-74
-192
-253
-306
-292
-356
-289
-388
-319
-225
-113
-36
40
202
239
210
194
174
72
-14
-124
-199
-312
-341
-325
-335
-254
-114
94
236
450
722
948
1115
1214
1321
1417
1488
1447
1427
1339
1205
1152
1133
1107
1126
1218
1362
1457
1604
1739
1882
2003
2064
2145
2079
1945
1692
1447
1188
834
618
357
109
-101
-166
-151
-89
90
224
471
749
936
1046
1179
1164
1231
1220
1158
1150
1062
1068
1034
1054
1131
1351
1465
1470
1562
1620
1746
1638
1285
943
724
428
-197
-956
-1472
-1712
-2104
-2682
-3010
-2892
-2741
-2841
-2869
-2593
-2122
-1903
-1851
-1709
-1475
-1216
-1287
-1327
-1317
-1272
-1191
-1288
-1277
-1127
-942
-794
-661
-472
-266
-63
50
84
81
41
-11
-111
-369
-527
-660
-847
-1046
-1187
-1150
-1164
-1207
-1141
-1031
-818
-678
-544
-441
-360
-188
-243
-243
-279
-276
-264
-342
-405
-415
-439
-487
-381
-371
-381
-451
-392
-289
-194
-117
-130
-6
80
249
391
483
604
734
788
802
818
878
926
854
757
674
606
504
419
451
396
356
339
296
320
332
374
394
276
240
155
83
-37
-67
-128
-212
-138
-171
-51
45
245
374
533
778
884
1070
1154
1217
1246
1266
1202
1169
1194
1140
1099
1176
1154
1103
1154
1148
1209
1237
1177
1119
1111
1133
1067
949
926
908
835
740
766
703
657
645
604
589
509
553
424
303
262
173
106
8
-49
-156
-298
-363
-529
-691
-799
-1094
-1387
-1605
-1762
-2038
-2285
-2377
-2410
-2426
-2444
-2428
-2227
-1998
-1906
-1836
-1696
-1465
-1474
-1473
-1365
-1309
-1310
-1338
-1253
-1179
-1081
-975
-906
-753
-663
-577
-453
-272
-192
-154
-127
-57
-24
-73
-8
9
90
136
110
236
329
417
496
627
768
849
961
989
1088
1017
1054
1079
989
922
778
690
545
405
199
48
-100
-276
-395
-578
-674
-732
-689
-641
-587
-514
-340
-128
1
92
191
367
394
356
403
399
319
271
289
283
312
372
447
566
646
790
846
947
958
944
962
840
753
619
498
375
273
176
92
125
138
178
245
397
468
494
591
690
719
659
659
581
479
443
371
277
172
164
214
183
220
308
376
492
595
640
708
768
880
923
945
895
880
912
866
874
840
868
771
615
622
588
492
406
330
286
261
151
-45
-88
-186
-327
-427
-575
-726
-938
-1095
-1280
-1441
-1569
-1683
-1782
-1805
-1717
-1729
-1743
-1622
-1399
-1230
-1072
-848
-718
-624
-487
-364
-289
-254
-204
-243
-179
-120
-122
-47
-9
24
134
225
201
199
195
86
-15
-35
-48
-105
-135
-196
-111
-91
-108
-68
-2
139
157
137
103
142
132
49
124
81
107
141
114
133
249
328
245
317
350
347
282
176
35
-129
-203
-315
-530
-685
-747
-854
-893
-956
-986
-928
-919
-925
-918
-886
-915
-851
-889
-945
-898
-914
-936
-976
-940
-848
-774
-704
-679
-538
-426
-362
-303
-228
-124
-122
-93
-82
-51
-36
-19
6
34
56
54
131
190
254
301
368
472
558
560
553
544
430
363
281
192
121
24
-82
-104
-57
11
65
130
192
219
338
414
414
432
465
482
408
324
398
453
426
552
632
681
800
959
1132
1281
1450
1468
1516
1529
1573
1574
1482
1473
1326
1228
1133
959
868
740
580
437
340
234
151
-27
-158
-209
-343
-417
-390
-368
-439
-478
-551
-542
-526
-601
-582
-579
-576
-639
-612
-569
-508
-346
-229
-140
6
140
230
361
473
524
484
535
487
384
381
314
312
215
102
50
-4
13
-3
-96
-192
-273
-343
-462
-608
-712
-839
-961
-1178
-1274
-1353
-1397
-1463
-1470
-1413
-1413
-1311
-1254
-1146
-1089
-1022
-967
-862
-809
-778
-738
-737
-781
-770
-704
-713
-684
-647
-592
-565
-507
-444
-410
-337
-251
-235
-237
-164
-147
-90
-36
-97
-144
-164
-96
-56
-15
56
141
240
332
531
661
773
893
894
941
922
869
840
754
715
659
621
658
714
743
800
882
975
1051
1109
1135
1115
1079
973
896
810
683
619
580
551
489
548
599
612
739
823
910
984
1084
1161
1140
1177
1165
1086
1102
1046
983
1009
958
912
973
930
961
1028
963
1008
1001
967
908
825
811
752
626
555
456
410
258
101
53
14
-104
-219
-264
-373
-462
-575
-699
-698
-693
-756
-814
-947
-897
-937
-969
-931
-954
-857
-925
-983
-967
-903
-899
-980
-994
-1053
-1074
-1196
-1235
-1163
-1249
-1102
-1039
-1124
-864
-845
-904
-697
-816
-762
-740
-856
-971
-1043
-997
-1231
-1271
-1189
-1288
-1113
-1044
-1079
-901
-870
-775
-739
-647
-578
-662
-658
-729
-725
-684
-725
-713
-583
-458
-380
-221
-120
-68
91
110
129
199
160
114
43
-8
-4
23
89
79
153
227
271
358
388
472
511
532
589
648
684
724
720
733
693
754
800
767
820
822
803
783
811
883
902
956
964
921
976
958
935
932
942
901
734
599
520
399
252
107
-4
-83
-224
-290
-370
-376
-382
-409
-328
-357
-312
-287
-294
-329
-346
-349
-370
-358
-357
-340
-446
-462
-495
-520
-501
-536
-595
-591
-604
-630
-594
-484
-353
-292
-116
16
75
137
235
319
316
377
342
250
172
82
0
-43
-4
24
39
74
142
237
382
476
618
716
708
673
680
616
486
372
272
237
106
-106
-187
-199
-279
-299
-294
-306
-330
-386
-461
-537
-578
-675
-768
-855
-920
-938
-994
-1004
-954
-822
-748
-648
-517
-392
-324
-201
-118
-44
68
137
223
258
328
417
540
633
723
810
864
871
843
832
776
700
591
465
327
204
94
-29
-107
-141
-145
-164
-107
-62
-73
-10
17
48
-22
-99
-168
-255
-291
-379
-393
-453
-426
-364
-292
-163
-49
117
229
387
463
550
613
615
571
510
476
390
335
210
201
216
200
239
279
367
427
504
581
631
677
719
698
643
621
595
500
413
349
333
306
289
268
254
249
218
298
310
328
361
410
424
387
413
372
392
375
362
310
270
332
266
255
266
355
392
388
436
441
487
497
471
503
528
470
452
385
364
264
213
206
128
79
-22
-49
-150
-245
-212
-280
-299
-306
-364
-397
-389
-403
-467
-421
-397
-415
-375
-318
-290
-259
-213
-168
-142
-102
-118
-155
-129
-185
-282
-349
-361
-408
-515
-563
-569
-612
-658
-632
-642
-643
-636
-634
-632
-709
-692
-731
-846
-907
-1013
-1092
-1173
-1268
-1291
-1326
-1297
-1235
-1169
-1040
-929
-756
-669
-584
-424
-314
-249
-251
-143
-66
-95
-81
-13
45
24
13
44
23
48
53
53
112
66
77
37
39
93
60
60
-5
-26
-77
-117
-155
-215
-211
-265
-347
-386
-402
-373
-391
-351
-255
-173
-66
47
174
309
394
409
507
534
599
582
497
488
444
433
377
439
439
495
547
557
657
709
764
794
820
779
696
639
543
366
325
266
127
91
67
80
67
100
184
210
249
278
273
295
301
306
243
198
195
162
135
77
89
71
29
-27
-16
16
6
-33
-45
-37
-111
-148
-146
-121
-137
-157
-126
-111
-52
-27
37
103
138
221
237
202
183
184
164
86
84
66
80
50
30
115
170
225
255
391
372
382
423
430
514
536
475
437
513
436
367
316
230
172
49
-51
-195
-315
-475
-636
-725
-809
-866
-881
-873
-853
-839
-811
-777
-752
-729
-712
-681
-753
-761
-714
-702
-726
-682
-563
-517
-432
-350
-269
-130
-62
-23
40
106
132
125
141
110
89
84
75
116
147
186
222
276
337
411
422
463
564
598
551
500
468
394
338
311
247
168
162
79
6
-37
-66
-84
-100
-134
-160
-180
-246
-251
-302
-355
-356
-392
-442
-489
-533
-570
-586
-574
-535
-508
-455
-462
-410
-303
-281
-236
-118
-89
-82
-44
-54
-43
-2
51
86
125
137
210
272
324
418
510
615
671
714
791
852
861
860
887
909
840
819
815
806
769
760
852
810
859
847
811
754
691
641
533
501
376
312
205
133
99
68
56
45
77
80
74
57
77
28
-6
-57
-165
-255
-325
-384
-438
-506
-502
-491
-520
-464
-454
-399
-412
-362
-328
-351
-345
-317
-302
-345
-314
-329
-298
-269
-230
-216
-168
-96
-118
-87
-107
-137
-155
-191
-229
-289
-324
-355
-406
-429
-478
-483
-444
-418
-420
-393
-345
-375
-339
-325
-298
-234
-206
-218
-203
-169
-114
-96
-26
50
69
82
58
66
75
108
123
119
95
88
76
66
69
52
64
38
-15
-77
-131
-215
-259
-265
-287
-297
-300
-294
-298
-239
-226
-178
-77
-39
2
24
50
86
178
228
278
365
432
487
559
658
698
769
815
843
832
799
704
631
632
540
468
424
375
292
326
339
321
344
380
412
358
373
347
330
264
197
183
88
-8
-46
-38
-76
-45
-19
-11
23
57
76
85
136
122
108
44
-33
-70
-107
-128
-201
-206
-237
-316
-325
-376
-395
-388
-355
-395
-477
-479
-517
-538
-555
-524
-540
-569
-565
-603
-645
-619
-633
-675
-635
-608
-575
-515
-414
-318
-231
-101
-19
63
121
152
146
134
176
172
152
161
122
101
60
97
168
156
185
197
213
168
172
185
172
199
118
92
92
72
107
132
98
67
86
103
76
46
50
44
28
-6
-13
-22
31
61
77
106
104
142
140
140
139
124
96
91
96
77
82
73
57
72
70
89
98
121
118
145
173
189
203
193
249
284
293
353
430
466
540
587
556
570
568
526
458
470
441
386
328
259
189
157
162
134
130
114
29
2
-28
-86
-92
-145
-205
-274
-308
-325
-371
-379
-365
-321
-343
-356
-340
-344
-368
-378
-352
-407
-406
-384
-435
-476
-498
-515
-509
-525
-522
-530
-547
-590
-609
-589
-587
-569
-586
-575
-577
-591
-569
-529
-505
-443
-399
-355
-290
-236
-159
-147
-44
5
1
34
59
85
63
105
155
165
130
116
71
36
13
-18
-36
-45
-23
-39
-22
9
21
93
188
265
285
347
415
392
387
427
446
434
430
457
441
484
501
504
520
539
557
528
487
444
424
345
276
230
193
144
83
53
32
25
37
47
64
94
53
14
32
-30
-58
-79
-116
-126
-152
-116
-119
-97
-71
-41
-2
27
58
61
75
45
41
28
25
36
