79
100
93
87
103
127
132
104
55
2
-24
-22
-3
3
-22
-55
-85
-104
-108
-114
-133
-154
-153
-128
-94
-82
-103
-137
-157
-154
-132
-111
-123
-145
-157
-163
-172
-193
-235
-292
-346
-376
-369
-342
-319
-312
-303
-288
-266
-248
-251
-278
-296
-278
-222
-149
-105
-106
-121
-117
-93
-66
-47
-39
-30
-10
12
27
19
-9
-45
-75
-96
-107
-98
-76
-52
-26
2
30
64
110
148
185
234
294
359
417
459
480
495
510
522
526
521
520
543
578
593
578
543
512
497
502
496
466
432
411
417
449
481
480
451
420
409
433
467
470
433
386
346
305
243
140
21
-68
-112
-108
-84
-94
-159
-228
-279
-329
-375
-424
-503
-598
-672
-715
-757
-817
-876
-906
-911
-895
-850
-791
-760
-752
-723
-665
-605
-563
-532
-510
-493
-440
-348
-275
-242
-222
-187
-137
-81
-31
10
56
118
192
260
293
297
303
307
294
274
245
218
201
188
167
137
109
77
55
46
39
16
-21
-66
-94
-89
-59
-23
-4
-12
-18
9
43
46
31
10
-1
20
68
99
91
60
28
21
40
70
90
110
135
163
193
199
170
140
135
151
185
228
264
291
323
357
380
386
376
369
397
443
470
469
449
417
390
384
383
379
380
386
387
382
364
339
309
259
190
117
48
3
3
14
-32
-116
-194
-262
-316
-362
-424
-513
-598
-644
-650
-649
-672
-698
-698
-683
-640
-549
-450
-393
-352
-289
-220
-156
-95
-46
-10
29
74
110
117
90
66
58
62
78
100
121
126
120
114
85
29
-31
-64
-85
-101
-112
-130
-154
-174
-190
-201
-200
-199
-205
-193
-179
-187
-212
-231
-244
-255
-251
-234
-213
-201
-180
-132
-91
-97
-115
-89
-20
50
90
100
99
108
134
167
180
169
171
211
264
307
332
322
291
286
305
315
301
279
279
317
370
395
397
407
439
497
555
579
572
573
614
676
720
703
632
554
497
459
417
339
227
153
167
199
152
34
-96
-212
-311
-377
-444
-561
-703
-808
-857
-907
-970
-1021
-1031
-1010
-947
-829
-714
-663
-639
-579
-510
-462
-419
-362
-304
-233
-150
-68
-8
20
38
56
70
80
111
154
181
199
202
177
144
139
142
126
82
37
36
75
114
125
103
62
32
33
55
61
37
7
11
26
14
-18
-46
-63
-62
-37
-9
-1
-10
-4
32
70
83
81
105
156
209
240
237
219
211
229
267
291
276
254
251
264
271
248
197
151
138
160
203
222
196
158
141
128
117
116
104
91
113
178
254
299
291
277
309
368
432
494
537
557
580
605
588
515
420
347
296
245
215
211
200
128
27
-71
-163
-278
-393
-463
-508
-575
-649
-706
-784
-883
-945
-950
-942
-933
-900
-852
-811
-754
-668
-599
-588
-589
-524
-398
-277
-201
-170
-161
-138
-85
-34
-30
-58
-58
-23
21
63
69
17
-60
-104
-103
-90
-94
-122
-146
-132
-93
-80
-109
-157
-198
-208
-183
-154
-149
-171
-190
-202
-211
-221
-212
-171
-124
-77
3
84
103
91
116
165
201
234
269
282
277
281
280
252
213
205
227
240
240
245
265
275
283
298
318
350
401
468
516
542
559
574
579
576
575
589
618
648
658
649
631
617
618
643
674
688
715
773
825
836
807
751
649
540
466
407
328
260
256
273
229
120
-2
-128
-282
-408
-480
-574
-724
-852
-917
-980
-1083
-1179
-1247
-1287
-1270
-1181
-1088
-1060
-1045
-982
-884
-798
-750
-721
-670
-562
-403
-255
-183
-192
-206
-181
-135
-78
-41
-58
-75
-19
58
65
11
-58
-105
-102
-69
-48
-61
-97
-120
-97
-50
-32
-35
-26
1
47
92
104
76
44
31
25
19
5
-4
12
38
43
19
-8
-34
-56
-62
-42
-14
24
79
129
160
185
209
231
258
279
289
294
299
308
327
326
281
234
219
217
208
199
197
214
254
288
303
311
313
307
331
400
479
545
607
677
756
836
886
907
917
955
1018
1054
1019
940
877
801
682
531
360
188
62
44
82
41
-93
-211
-260
-293
-338
-409
-558
-753
-857
-845
-852
-960
-1105
-1181
-1171
-1101
-1010
-949
-948
-972
-949
-866
-789
-767
-769
-729
-611
-433
-283
-257
-326
-357
-301
-212
-111
-17
67
171
314
427
448
387
310
268
258
248
213
155
79
21
-12
-66
-162
-272
-352
-365
-327
-296
-299
-316
-335
-337
-311
-276
-258
-259
-268
-235
-151
-59
9
33
4
-59
-93
-100
-116
-162
-205
-211
-206
-202
-191
-177
-169
-172
-161
-125
-56
30
122
237
345
437
518
558
550
572
615
661
687
684
664
659
655
622
580
551
555
582
644
712
804
894
928
936
950
970
997
1039
1052
1047
1059
1081
1062
978
866
729
559
415
397
435
368
201
41
-85
-237
-411
-598
-820
-1043
-1162
-1176
-1216
-1293
-1371
-1424
-1440
-1384
-1277
-1185
-1138
-1105
-1013
-869
-747
-695
-707
-713
-640
-534
-472
-471
-483
-452
-406
-364
-289
-198
-116
-47
51
148
208
246
262
278
301
341
357
357
366
404
438
412
335
238
161
121
106
68
-18
-117
-201
-257
-255
-257
-289
-327
-307
-276
-204
-149
-127
-168
-190
-161
-75
56
-124
-16
104
27
11
126
150
-64
-18
76
110
28
90
141
-1
27
171
147
60
144
152
94
188
298
242
250
347
393
386
466
556
570
569
577
664
683
662
747
816
776
784
865
885
876
955
1020
1017
1024
1041
999
890
808
674
467
356
421
459
334
170
24
-166
-351
-465
-596
-828
-1093
-1222
-1235
-1266
-1347
-1418
-1486
-1514
-1436
-1333
-1281
-1250
-1165
-1025
-880
-762
-715
-688
-603
-437
-245
-146
-120
-112
-91
-30
75
163
196
198
235
327
382
331
229
170
144
133
106
48
-19
-55
-36
-8
-15
-51
-103
-132
-130
-128
-154
-193
-207
-206
-192
-192
-209
-253
-257
-226
-184
-139
-122
-77
-25
10
13
28
24
2
12
46
58
32
4
-2
27
46
38
25
32
37
49
83
86
81
91
128
166
181
181
179
184
202
268
340
390
412
403
394
406
427
452
497
556
606
651
716
781
827
862
860
834
815
838
898
948
1004
1061
1048
959
837
711
588
412
243
234
309
294
196
60
-132
-329
-432
-531
-742
-1017
-1197
-1211
-1192
-1218
-1272
-1330
-1378
-1361
-1267
-1170
-1129
-1128
-1044
-853
-643
-511
-476
-462
-413
-274
-158
-134
-156
-150
-57
107
263
339
342
318
329
341
313
250
191
194
231
263
241
152
53
34
60
64
7
-97
-155
-101
15
13
-90
-216
-307
-336
-300
-259
-277
-293
-247
-141
-41
-6
-20
-39
-41
-32
14
42
8
-24
7
87
131
118
79
73
79
82
79
58
50
45
42
33
42
49
55
69
84
100
121
161
217
307
409
478
486
489
506
509
492
485
503
548
630
702
773
837
889
944
976
992
1021
1085
1150
1216
1295
1355
1330
1201
974
591
141
-126
-94
-22
-102
-159
-108
-139
-351
-545
-734
-1148
-1678
-1890
-1729
-1601
-1608
-1496
-1261
-1185
-1258
-1285
-1326
-1511
-1659
-1450
-1008
-673
-490
-276
-78
-27
-5
60
31
-136
-237
-121
89
185
268
361
380
303
193
98
-74
-267
-342
-252
-191
-186
-155
-95
-69
-109
-136
-197
-278
-347
-278
-262
-281
-244
-169
-108
-204
-253
-152
-91
-202
-185
5
125
126
130
230
247
157
101
133
123
93
176
316
396
437
545
601
485
350
286
269
252
250
361
489
533
522
522
500
465
444
440
501
580
671
736
776
839
848
797
758
824
912
1011
1181
1355
1475
1396
1292
1276
1313
1411
1474
1617
1760
1797
1513
1028
219
-1242
-2593
-2922
-2284
-2217
-2508
-1833
-690
-624
-1474
-1552
-1502
-2159
-2795
-2207
-1254
-1056
-742
61
753
635
410
371
183
-9
-1
210
262
252
119
-64
-113
-351
-853
-1220
-1037
-814
-1044
-1152
-817
-467
-464
-295
22
-32
-274
-227
96
131
1
17
158
321
437
424
157
-77
-150
-296
-464
-532
-482
-542
-518
-270
-215
-424
-576
-393
-340
-543
-585
-381
-141
-53
111
263
300
262
205
234
229
213
177
201
306
341
316
193
122
37
-8
12
31
68
73
213
324
294
191
269
402
430
512
632
810
924
1052
1224
1332
1340
1292
1268
1250
1253
1210
1179
1309
1430
1530
1601
1705
1741
1683
1585
1452
1455
1543
1628
1681
1913
2099
1848
1172
296
-1356
-3349
-4371
-3848
-3291
-3529
-2935
-1316
-83
-508
-1147
-1402
-1610
-1952
-1869
-1109
-502
56
501
1335
1827
1533
639
35
-81
-374
-680
-767
-595
-860
-1091
-1019
-1055
-1572
-2019
-1657
-1014
-660
-634
-374
95
518
784
840
779
551
347
261
383
342
55
-79
47
97
-291
-719
-963
-918
-856
-773
-680
-686
-550
-290
87
37
-215
-389
-277
-65
-100
-333
-577
-406
-159
-95
-264
-334
-378
-425
-367
-302
-348
-463
-287
4
241
272
214
153
233
395
403
319
248
304
442
585
543
292
104
164
341
414
415
511
746
1012
1197
1266
1204
1136
1162
1275
1319
1308
1349
1492
1683
1833
1918
1913
2032
2118
2117
1981
1886
1803
1806
1879
2050
2211
2252
2039
1495
587
-1574
-3965
-5197
-4534
-3968
-4029
-3145
-1098
525
108
-605
-882
-866
-1472
-1871
-1565
-865
-161
350
1184
1599
1234
104
-504
-715
-1091
-1695
-1908
-1642
-1561
-1508
-1335
-1049
-1192
-1273
-810
-48
208
70
331
968
1488
1463
1243
1050
968
612
110
-201
-489
-780
-930
-687
-597
-849
-1127
-980
-643
-599
-695
-717
-329
52
390
573
605
377
55
6
-64
-345
-1011
-1283
-1160
-868
-879
-983
-853
-627
-483
-609
-576
-540
-386
-208
119
390
526
592
603
603
424
239
114
150
113
115
174
297
295
190
124
125
197
224
426
731
1057
1238
1390
1491
1478
1393
1306
1258
1150
1055
1042
1172
1321
1396
1484
1730
1944
1997
1868
1807
1740
1696
1674
1718
2070
2395
2897
2929
2544
483
-2771
-5151
-5436
-4637
-4871
-4186
-2090
406
777
458
653
691
-534
-2336
-2437
-1316
-84
-130
121
1228
2337
1891
550
-325
-878
-1436
-2062
-2025
-1821
-1576
-1438
-1034
-710
-464
-119
287
291
-22
134
700
1169
1114
1110
1326
1439
798
-218
-680
-747
-1223
-2061
-2157
-1491
-870
-816
-850
-575
-283
-332
-526
-319
203
558
686
868
1225
1086
482
-132
-490
-912
-1426
-1603
-1792
-1771
-1604
-1059
-711
-465
-289
-127
109
269
402
450
752
893
829
730
769
540
37
-323
-454
-472
-534
-518
-364
-80
51
121
189
223
191
313
601
916
1225
1518
1799
1978
1941
1646
1338
1086
759
425
306
460
685
906
1144
1341
1432
1378
1281
1163
1068
1029
1079
1301
1608
1903
2174
2524
3012
3109
2584
125
-3728
-6651
-6858
-5761
-5627
-4860
-2632
290
1512
1830
1781
1352
-71
-1717
-2221
-1655
-773
-688
-12
1224
2372
2160
1338
279
-1019
-2129
-2696
-2509
-2539
-2470
-1878
-507
377
592
711
1058
1020
477
75
42
357
555
890
1207
1328
751
-115
-664
-1144
-1976
-2796
-2692
-1964
-1183
-578
117
633
761
675
607
614
486
466
746
1152
1314
1149
940
290
-692
-1662
-2359
-2699
-2793
-2447
-1902
-912
90
784
1004
1090
985
706
563
554
559
519
831
1038
1080
809
462
-6
-446
-759
-935
-710
-400
-52
265
732
988
1088
1055
1026
1084
1192
1257
1284
1468
1478
1397
1295
1211
836
437
176
-11
-153
-174
61
360
883
1294
1607
1643
1639
1585
1554
1541
1373
1352
1481
1940
2428
2726
2927
2942
2720
516
-3512
-6883
-7395
-6228
-5980
-5385
-3180
256
2161
2515
2325
2127
940
-1126
-2441
-2214
-1352
-1398
-1145
52
1788
2046
1167
-86
-1097
-2141
-3092
-3216
-3063
-2746
-2290
-803
612
1315
1312
1417
1411
907
132
-427
-218
201
534
748
1166
1041
240
-651
-1102
-1633
-2392
-2772
-2264
-1125
-123
664
1127
1415
1345
1144
887
613
283
44
147
492
765
574
215
-337
-1056
-2020
-2758
-2934
-2820
-2351
-1522
-177
1005
1743
1931
1862
1648
1228
630
128
-14
-52
-25
77
398
440
238
-123
-315
-452
-532
-422
-150
357
768
1218
1496
1699
1631
1495
1295
1116
951
833
903
960
1002
927
893
711
407
35
-148
-210
-116
187
589
1032
1425
1800
1955
1947
1777
1531
1318
1259
1366
1600
1897
2257
2443
2631
2785
2737
682
-3427
-6974
-7560
-6189
-5770
-5282
-3258
325
2614
3085
2748
2502
1369
-1052
-2904
-2863
-2006
-2248
-2259
-940
1097
1508
682
-418
-1123
-2077
-3111
-3383
-3113
-2696
-2319
-977
408
1260
1285
1417
1427
935
-27
-815
-700
-308
7
197
765
942
426
-354
-787
-1254
-2109
-2674
-2187
-899
121
583
959
1553
1742
1335
724
335
3
-293
-234
289
668
538
226
210
-17
-1068
-2140
-2711
-2684
-2584
-1856
-570
752
1576
1915
2169
2157
1693
746
17
-299
-329
-355
-98
302
587
528
365
315
240
105
-80
191
685
1229
1473
1675
1754
1670
1437
1183
1027
757
451
253
414
577
605
602
720
666
437
250
253
339
400
581
992
1601
1980
2117
2155
2126
1874
1461
1186
1040
1048
1151
1442
1975
2426
2752
2883
2920
794
-3420
-7022
-7435
-6143
-5881
-5342
-3039
653
2719
2970
2713
2572
1140
-1546
-3281
-2998
-2359
-2660
-2321
-572
1445
1821
1187
238
-574
-1859
-2885
-3099
-2820
-2667
-2304
-921
494
1329
1343
1502
1489
1039
-29
-772
-585
-152
126
421
1106
1220
615
-116
-485
-1074
-2045
-2590
-2096
-1070
-345
201
864
1392
1285
932
707
455
-60
-391
-181
314
594
438
285
123
-186
-1230
-2279
-2649
-2516
-2123
-1630
-639
249
848
1042
1210
1347
1209
707
310
289
381
371
398
582
487
312
295
468
311
85
-3
283
620
783
819
842
913
810
724
612
522
296
154
150
389
635
746
801
872
819
578
462
403
344
304
531
984
1352
1574
1660
1719
1640
1312
1035
938
1054
1092
1346
1530
1764
1913
2291
2680
2982
2529
-661
-4803
-7317
-6517
-5779
-5984
-5318
-2436
1016
2414
2539
2390
2080
186
-2020
-2890
-2316
-2319
-2689
-2021
2
1592
1708
889
-23
-681
-1609
-2256
-2749
-2762
-2865
-2087
-765
632
1210
1365
1761
1914
1440
180
-286
-131
258
376
879
1297
907
85
-426
-694
-1530
-2503
-2837
-2089
-1130
-339
228
802
1180
1243
1166
1047
860
435
156
296
718
698
260
-120
-271
-915
-2123
-2914
-2952
-2637
-2313
-1428
-20
1163
1697
1904
2145
2031
1385
602
237
200
150
106
251
483
563
437
205
-31
-227
-379
-384
-102
281
569
748
996
1139
1096
979
1039
1186
1152
1074
1096
1243
1246
1234
1267
1189
868
556
486
455
354
356
587
1013
1371
1616
1669
1612
1453
1155
965
784
732
721
919
1322
1753
2090
2360
2633
2846
1444
-2354
-6154
-7303
-6104
-5675
-5495
-3913
-618
1917
2516
2250
1848
857
-1186
-2725
-2831
-2303
-2436
-2340
-1141
653
1479
978
-112
-879
-1394
-1956
-2290
-2342
-2363
-2246
-1245
122
980
969
1093
1429
1437
710
6
0
207
373
599
1009
790
51
-596
-809
-1160
-1837
-2345
-2121
-1208
-223
448
834
1207
1370
1339
1179
1084
771
340
253
575
683
201
-332
-628
-940
-1422
-1698
-1830
-1979
-2214
-1975
-1321
-592
-85
288
830
1341
1725
1716
1417
961
552
187
-115
-265
-291
-338
-345
-155
26
16
-143
-105
143
442
672
865
1071
1211
1272
1268
1270
1264
1235
1266
1375
1545
1554
1304
1037
840
693
412
181
91
101
159
283
562
751
848
1027
1362
1564
1520
1344
1255
1122
951
843
935
1108
1552
2041
2593
3060
3736
3220
-531
-5248
-7640
-6453
-5902
-6315
-5381
-1804
1662
2611
2586
2516
1991
-213
-2180
-2625
-2047
-2086
-2253
-1276
610
1848
1524
429
-354
-973
-1851
-2360
-2177
-2047
-2245
-1410
265
1347
1031
1010
1633
1803
832
-44
165
505
518
497
845
655
-170
-1063
-1407
-1693
-2329
-2954
-2673
-1433
-328
174
508
1085
1265
941
651
693
450
-54
-67
487
724
192
-426
-769
-1087
-1627
-1943
-1931
-2010
-2330
-2249
-1510
-613
-11
344
893
1557
2037
2020
1772
1477
977
315
-143
-273
-459
-772
-792
-401
23
175
200
315
479
625
833
1073
1099
992
1109
1454
1584
1459
1233
1177
1190
1089
857
600
422
174
-2
29
169
72
-114
-79
339
725
841
936
1116
1352
1407
1388
1370
1249
1090
963
1206
1469
1739
1894
2138
2604
3099
3374
836
-3634
-7255
-7181
-5877
-5860
-5338
-2762
1059
2620
2722
2462
2195
577
-1608
-2569
-2268
-1753
-1827
-1305
-21
1478
1657
701
-319
-815
-1420
-1989
-1841
-1476
-1648
-1432
-192
979
924
588
986
1393
1080
477
603
897
908
743
798
560
-252
-1167
-1657
-1816
-2040
-2365
-2146
-1126
-67
376
502
936
1062
684
313
554
719
552
531
910
1031
409
-370
-916
-1287
-1831
-2075
-1978
-1498
-1268
-1088
-740
-543
-478
-757
-553
43
896
1523
1911
2200
2042
1497
751
84
-699
-1376
-1600
-1305
-868
-431
51
422
597
647
652
598
477
417
611
917
1165
1255
1274
1208
1153
1057
852
539
216
-22
-67
63
254
357
410
516
576
617
611
714
949
1244
1558
1846
1869
1662
1406
1348
1127
880
778
954
1402
1753
2372
2979
3846
2330
-1976
-6437
-7438
-5808
-5449
-5256
-3381
521
2626
2691
2155
1705
283
-2131
-3312
-2821
-1510
-1051
-664
238
1592
1945
831
-536
-1286
-1672
-2007
-1553
-795
-856
-1290
-736
274
283
-302
-92
657
883
608
725
1104
1158
849
553
214
-367
-998
-1318
-1192
-953
-993
-1124
-677
63
360
91
21
174
170
196
606
1012
951
737
833
920
377
-443
-981
-1116
-1220
-1195
-1043
-685
-456
-277
-572
-846
-843
-1002
-1131
-1018
-43
613
1027
1242
1391
1151
604
285
-28
-268
-495
-308
-30
158
177
175
96
-46
-84
-30
83
364
635
679
709
926
934
613
464
568
730
680
749
751
686
502
367
290
91
-48
-75
157
369
693
876
940
976
1085
1222
1187
1175
1133
1211
1327
1677
1927
2194
2307
2677
3063
3667
3444
253
-4448
-7400
-6135
-4397
-3921
-3445
-1160
1366
1785
1082
344
-123
-1492
-2544
-2099
-242
1059
962
568
721
1098
336
-1131
-1989
-1785
-1487
-1178
-564
-424
-1287
-2034
-1834
-1430
-1424
-1008
159
1290
1688
1691
1782
1627
936
98
-382
-550
-648
-649
-412
-162
-212
-836
-1420
-1451
-1170
-1127
-1031
-388
286
647
925
1396
1535
1181
756
623
433
65
-97
11
65
-130
-281
-287
-239
-366
-609
-738
-525
-674
-1023
-1161
-933
-620
-527
-77
418
879
937
961
1053
955
515
-34
-207
-246
-303
-489
-529
-530
-533
-586
-554
-290
-24
128
377
836
1166
1218
1193
1143
978
818
688
674
623
533
445
548
567
345
108
9
-37
-9
200
419
661
913
1100
1131
1248
1391
1329
1086
925
909
1123
1332
1690
1937
2325
2724
3459
3845
1179
-3666
-7380
-6638
-4602
-3845
-3541
-1688
843
1389
610
-166
-207
-1083
-2042
-1521
707
2248
1793
689
333
514
-144
-1360
-2035
-1582
-1056
-676
-257
-279
-1360
-2523
-2611
-1886
-1226
-500
815
2080
2395
1791
1352
1080
519
-31
131
623
628
336
281
176
-592
-1788
-2468
-2166
-1381
-806
-325
397
1014
1069
832
824
771
457
266
685
1251
1310
932
570
277
-338
-1019
-1353
-1348
-1399
-1520
-1191
-553
-144
-414
-1140
-1444
-1281
-833
-381
351
1212
1639
1662
1505
1238
605
-286
-913
-905
-660
-520
-586
-632
-797
-1077
-1162
-929
-510
-10
655
1313
1756
1753
1403
999
736
594
672
1022
1388
1454
1266
977
584
170
-207
-402
-331
-57
296
660
892
848
669
650
780
848
1017
1218
1496
1689
1871
1948
1972
2058
2158
2521
3012
3476
1606
-2603
-6610
-6940
-4785
-3435
-2968
-2045
-101
488
-174
-1257
-1199
-965
-1086
-741
1083
3059
2823
1148
-270
-653
-1186
-1678
-1775
-1135
-529
-253
-277
-688
-1811
-3219
-3724
-3066
-1726
-366
1171
2272
2555
1534
447
114
470
621
670
1206
1630
1549
830
137
-884
-2022
-2875
-2517
-1207
-61
331
276
493
511
379
179
357
653
1050
1527
1921
1876
1055
45
-639
-728
-860
-976
-912
-592
-444
-576
-740
-870
-921
-899
-526
-350
-236
-228
-27
179
436
767
819
806
580
351
-22
-193
-417
-657
-851
-841
-766
-714
-588
-532
-263
88
458
544
741
949
1064
946
768
694
638
613
595
849
1072
1128
921
730
473
297
245
308
384
434
542
677
878
937
921
830
850
848
932
1062
1205
1285
1425
1770
2037
2143
2248
2661
3266
2275
-1213
-5043
-5823
-3777
-2293
-1834
-1338
-372
-536
-1538
-2240
-1890
-1012
-717
-470
435
1850
1448
-484
-2155
-2258
-1677
-1013
-171
628
974
431
-455
-1493
-2413
-3281
-3220
-2213
-639
701
1580
1774
1001
-244
-1214
-877
102
1085
1595
1957
1883
1161
328
-340
-844
-1454
-1475
-723
377
841
444
-327
-917
-1174
-1119
-476
418
1107
1289
1380
1313
858
83
-498
-532
-338
-96
10
52
-230
-777
-1169
-1100
-640
-249
-2
131
-80
-530
-894
-928
-702
-309
300
800
1132
1100
707
124
-256
-381
-434
-291
-22
182
89
5
-70
14
262
614
938
1225
1338
1026
554
125
-12
-60
112
438
844
1072
938
640
247
-42
-195
46
557
1088
1381
1384
1232
1016
818
623
523
522
676
982
1400
1711
1754
1593
1572
1899
2562
3191
3734
3409
639
-3611
-5954
-4467
-2361
-1715
-1421
-445
-399
-2304
-3882
-3679
-1978
-1124
-1312
-1006
660
1477
-404
-2522
-2582
-1183
-479
238
1452
2425
1860
197
-1007
-1455
-1406
-1573
-1130
-245
577
712
399
-154
-1229
-2065
-1804
-203
1134
1495
1241
926
323
-537
-689
-25
705
597
315
416
609
94
-1008
-1570
-1363
-705
-147
458
840
614
-130
-705
-653
-451
-341
-197
245
474
293
-4
-60
23
-33
60
473
920
785
79
-520
-855
-1131
-1342
-1028
-229
274
270
7
-185
-559
-1018
-1073
-505
234
461
396
399
463
225
-52
43
422
755
921
1010
904
577
162
5
143
389
577
714
842
841
697
507
514
679
831
907
1102
1262
1089
767
625
725
776
832
1004
1231
1296
1201
1214
1425
1743
1912
2125
2374
2671
2837
2920
2256
-406
-3785
-4998
-2889
-983
-1269
-2069
-1643
-1486
-2982
-4215
-3708
-1830
-457
-119
-373
-491
-863
-1921
-2329
-1112
588
1054
1050
1468
1617
699
-502
-976
-919
-589
-99
300
143
-609
-1245
-1297
-993
-1003
-1147
-588
552
1199
781
-17
-560
-674
-403
281
963
1016
376
-314
-412
-271
-373
-555
-280
285
557
474
282
179
87
40
33
107
115
-113
-330
-400
-447
-573
-457
-18
410
497
276
-62
-369
-624
-842
-805
-448
-76
22
50
126
21
-380
-703
-649
-332
-167
-221
-177
98
297
173
56
85
151
-25
-149
-82
23
-3
34
440
906
1160
1073
1019
1015
955
830
799
997
1159
1108
968
967
906
558
205
187
395
538
645
890
1188
1354
1292
1360
1673
1961
2059
2097
2359
2488
2586
2814
3360
3025
318
-3148
-4086
-1556
-115
-1589
-3330
-2931
-2210
-3028
-3638
-3171
-2074
-1691
-1574
-1280
-808
-1116
-2433
-2558
-522
1907
2261
1384
947
823
431
215
540
597
102
-125
165
164
-841
-1968
-2161
-1512
-919
-941
-920
-713
-598
-869
-1002
-690
-532
-537
-287
436
707
194
-352
-259
237
364
347
423
576
490
283
270
244
112
-173
-187
-56
-141
-503
-753
-502
-140
76
142
188
-23
-340
-488
-248
-305
-784
-973
-449
460
581
424
142
176
118
26
12
-75
-40
-265
-83
256
590
245
-284
-287
-143
-140
-522
-719
-761
-626
-243
216
596
603
516
603
861
1159
1108
1106
1218
1456
1570
1479
1439
1193
926
659
628
705
743
748
782
1074
1372
1462
1432
1451
1586
1734
1986
2391
2686
3087
3417
3867
2800
-126
-2639
-1891
835
619
-1933
-3593
-2809
-2526
-3123
-3000
-2291
-1872
-2405
-2473
-2271
-1909
-2542
-3384
-2570
-153
1669
1231
383
401
729
597
665
878
518
-88
162
865
663
-514
-1404
-1311
-943
-809
-900
-701
-495
-700
-1068
-1147
-842
-753
-714
-393
-26
-222
-785
-729
-25
487
310
32
41
116
175
447
835
856
404
33
52
203
149
-5
146
323
273
-7
-193
-284
-578
-890
-976
-709
-609
-844
-1056
-972
-515
-225
-112
-214
-304
-270
-160
180
369
319
160
308
572
589
453
292
159
-106
-246
-335
-424
-482
-433
-202
-17
79
-13
-7
229
627
976
1072
1148
1209
1355
1534
1669
1724
1547
1401
1425
1559
1554
1459
1427
1471
1603
1716
1854
1901
1919
1880
2070
2402
2762
3015
3318
2867
577
-1693
-1447
1135
1449
-1129
-3236
-2854
-1860
-2085
-2083
-1917
-2060
-2775
-2903
-2512
-2233
-2472
-3211
-3193
-2014
-554
-473
-1036
-788
257
898
937
715
-71
-709
-179
1239
1670
763
-36
-24
132
-30
-196
-294
-369
-471
-415
-342
-423
-665
-830
-650
-427
-677
-1451
-1745
-1142
-244
45
-213
-379
-367
-214
83
449
469
198
149
499
781
710
406
160
69
3
-125
-324
-421
-421
-440
-352
-437
-683
-1371
-1832
-1280
-465
38
-510
-726
-640
-364
9
157
411
294
472
599
651
490
274
219
334
563
557
294
22
87
184
199
-59
-277
-399
-311
156
520
627
478
417
634
928
1172
1253
1176
1221
1381
1600
1720
1684
1664
1707
1897
2028
2045
1910
1916
2185
2513
2623
2587
2542
2666
2705
1338
-679
-1330
783
2284
133
-2813
-3406
-1914
-1710
-2400
-2449
-2315
-2416
-2511
-1914
-1851
-2395
-3117
-3265
-2597
-1605
-1283
-1647
-1309
65
1187
887
336
-52
-285
131
1363
2264
1493
457
698
1479
1440
708
313
309
298
190
-49
-391
-663
-677
-445
-430
-908
-1738
-2179
-1571
-722
-695
-1399
-1707
-1051
-240
248
405
270
-36
-218
89
425
344
174
449
1005
1104
618
-65
-494
-498
-255
-108
-191
-413
-647
-602
-577
-529
-783
-1117
-1144
-1071
-647
-527
-341
-235
-347
-378
-323
5
14
-35
0
190
236
79
-49
-9
212
377
347
171
136
48
70
187
353
421
340
472
735
961
1020
1047
1082
1093
988
1045
1223
1359
1381
1264
1350
1439
1605
1555
1609
1751
1883
2010
2191
2585
2851
2915
1608
-61
-105
1968
2910
205
-2403
-2195
-222
-198
-1468
-2141
-2457
-2600
-2662
-2219
-2487
-2962
-3091
-2606
-2066
-1829
-2066
-2564
-2120
-825
354
288
11
141
421
967
1469
1328
324
-29
969
1812
1484
793
790
1096
968
526
-15
-505
-603
-186
279
22
-811
-1453
-1354
-664
-276
-810
-1650
-1802
-1136
-472
-387
-584
-815
-825
-511
-93
20
-340
-533
-119
474
657
464
437
677
924
933
613
220
-35
-31
-85
-222
-435
-567
-584
-657
-752
-1057
-1192
-1206
-966
-652
-526
-511
-520
-230
-18
-22
-246
-305
-40
291
475
491
533
528
477
396
355
226
25
-26
124
333
399
401
411
466
561
762
1031
1329
1597
1762
1896
1926
1915
1679
1383
1219
1147
1173
1131
1371
1636
1997
2279
2391
1625
-64
-426
1146
2789
1231
-1274
-1236
759
1387
-98
-1040
-1257
-1602
-2272
-2578
-2858
-3288
-3203
-2738
-2382
-2472
-2502
-2380
-1844
-1013
-512
-592
-760
-219
325
696
1106
1294
970
624
1004
1330
823
239
513
1087
1049
484
170
259
453
596
511
129
-428
-734
-592
-216
-15
-285
-737
-820
-588
-461
-542
-590
-539
-516
-451
-352
-381
-534
-540
-303
-94
-121
-97
259
687
800
620
391
269
168
157
84
30
-182
-450
-474
-444
-359
-674
-863
-978
-954
-836
-748
-598
-630
-633
-579
-380
-261
-222
-209
-108
94
181
289
340
421
462
489
623
688
666
523
462
517
603
697
723
722
703
813
1016
1116
1048
1033
1208
1517
1736
1777
1802
1831
1837
1693
1604
1461
1492
1709
2054
1458
42
-53
1468
2401
195
-1754
-909
980
687
-984
-1253
-769
-755
-1311
-1743
-2421
-2870
-2755
-2656
-3131
-3628
-3308
-2595
-1864
-1434
-1414
-1436
-1000
-259
-134
-214
162
546
520
539
1122
1347
815
400
613
754
476
285
370
500
459
580
681
532
259
58
140
246
225
-41
-277
-258
-242
-348
-410
-298
-317
-535
-644
-488
-487
-672
-621
-300
-61
-163
-158
51
162
66
-19
122
294
313
253
82
-101
-241
-492
-774
-1004
-867
-622
-519
-493
-492
-423
-282
-110
-137
-379
-563
-435
-217
-91
-118
-166
-155
-131
-59
29
181
300
366
418
483
472
420
436
583
691
649
663
771
867
953
1066
1164
1106
1018
1091
1226
1259
1187
1260
1444
1835
2000
2121
2008
2058
2245
2303
1770
344
80
1086
2127
625
-1152
-551
1140
952
-983
-1640
-1167
-942
-1586
-2087
-2405
-2433
-2079
-2042
-2412
-2850
-2547
-2178
-2137
-2224
-2243
-1985
-1589
-1039
-861
-859
-403
134
146
-115
202
784
928
734
753
897
781
691
668
636
435
370
534
543
259
-188
-346
-289
-234
-382
-573
-460
-211
-115
-208
-196
-144
-188
-280
-244
-130
-195
-246
-166
-27
-97
-257
-116
173
317
248
224
277
304
179
32
7
66
132
-19
-103
-183
-216
-262
-376
-383
-408
-430
-474
-495
-528
-572
-552
-410
-291
-320
-322
-246
-91
-24
-55
-94
-96
71
336
546
554
461
583
822
927
789
538
452
542
694
849
985
1160
1355
1535
1674
1750
1713
1691
1661
1804
2022
2227
2260
2306
2475
2562
2056
801
590
1421
1923
57
-1626
-705
1028
650
-1318
-1637
-731
-497
-1381
-2117
-2451
-2505
-2333
-2424
-2792
-2967
-2318
-1690
-1674
-1947
-1880
-1375
-1011
-1036
-1360
-1339
-689
-269
-477
-678
-143
503
527
236
283
647
971
1303
1409
1332
1110
1101
1172
828
188
-294
-288
-192
-365
-731
-853
-704
-659
-843
-947
-700
-377
-191
-103
-24
9
20
194
352
228
-27
-59
135
101
-135
-204
-50
81
-8
-86
-50
48
-13
-179
-299
-321
-323
-295
-102
4
-49
-172
-101
67
23
-207
-486
-637
-658
-565
-574
-683
-705
-569
-380
-295
-195
-62
112
289
432
538
624
810
1036
1201
1250
1279
1253
1129
977
977
1062
973
852
796
944
1126
1240
1354
1342
1401
1476
1686
1863
1913
2152
2302
2470
1730
981
1160
1888
1532
-439
-920
376
1276
-121
-1430
-1035
-383
-861
-1870
-2213
-2439
-2419
-2526
-2708
-3017
-2861
-2193
-1952
-2135
-2285
-1903
-1332
-1120
-1266
-1301
-712
-22
-50
-534
-483
128
300
-114
-451
-149
241
453
581
653
760
912
1246
1413
1208
865
746
740
489
-40
-403
-340
-290
-497
-821
-879
-729
-666
-688
-755
-758
-694
-473
-107
72
0
-26
188
389
294
81
30
82
52
-3
-29
15
19
77
102
-55
-145
-122
146
128
-31
-69
24
118
26
-88
-176
-237
-356
-473
-608
-574
-510
-518
-554
-614
-536
-444
-362
-235
-98
48
178
362
634
899
1105
1216
1205
1106
1007
1000
1086
1121
1085
1014
938
896
865
870
967
1109
1255
1299
1266
1361
1611
1869
2156
2116
1992
1230
808
1318
1978
1366
-610
-805
552
1195
-220
-1320
-911
-302
-643
-1433
-1786
-2156
-2072
-2116
-2241
-2648
-2802
-2433
-2138
-2047
-2056
-1721
-1224
-969
-1188
-1396
-1094
-620
-551
-691
-261
420
628
481
434
554
382
275
444
569
545
617
1083
1456
1324
993
895
892
699
379
176
94
-51
-205
-369
-522
-685
-758
-653
-621
-743
-860
-765
-543
-514
-614
-543
-234
22
13
-90
-66
8
18
-5
-21
2
-12
-54
-119
-182
-246
-187
-9
132
133
30
89
120
63
-48
-50
37
9
-92
-162
-185
-192
-156
-159
-194
-306
-277
-73
9
-44
-109
-22
142
274
328
379
481
599
770
955
1073
1035
960
969
1040
1045
905
882
938
1064
1019
949
1014
1168
1403
1553
1702
1687
1837
1911
2063
1512
1020
1213
1705
1293
-508
-960
-217
331
-676
-1439
-1045
-599
-915
-1575
-1766
-2114
-2132
-2134
-1954
-1979
-2058
-1746
-1523
-1519
-1733
-1607
-1135
-834
-951
-1200
-1011
-720
-815
-1002
-640
30
261
221
449
877
807
550
623
884
986
898
1038
1216
1057
809
748
714
404
-104
-330
-266
-265
-392
-452
-331
-269
-388
-448
-438
-585
-820
-898
-633
-360
-277
-189
-12
151
120
62
122
153
69
-49
-83
-74
-9
38
131
120
39
-49
-126
2
-26
46
-26
109
394
464
409
208
169
151
126
-10
-189
-386
-351
-208
-235
-343
-482
-357
-188
-162
-180
-178
-185
-221
-174
59
338
525
606
653
686
684
641
613
679
764
812
774
800
853
904
915
952
1039
1079
1108
1367
1598
1841
1899
1976
1744
1071
1043
1336
1584
380
-623
-449
266
96
-743
-883
-665
-669
-1248
-1495
-1824
-2054
-2151
-2005
-1663
-1647
-1653
-1556
-1318
-1225
-1286
-1277
-1139
-1013
-1099
-1117
-935
-798
-671
-405
138
346
179
142
602
1070
1066
942
994
1266
1415
1474
1506
1324
865
500
437
404
42
-528
-749
-634
-587
-740
-819
-642
-521
-626
-778
-850
-954
-1082
-991
-727
-631
-748
-754
-522
-379
-488
-591
-492
-310
-226
-220
-155
-74
40
242
469
583
432
331
410
623
677
610
546
533
570
545
498
298
121
75
158
165
77
-39
-121
-149
-190
-206
-288
-413
-462
-369
-245
-238
-306
-290
-152
-45
-12
41
106
247
435
674
806
759
625
588
699
781
725
536
405
444
560
686
652
623
730
938
1317
1535
1749
1227
851
950
1509
1353
19
-491
-55
600
69
-512
-558
-472
-829
-1253
-1280
-1546
-1844
-2050
-1664
-1276
-1360
-1467
-1211
-769
-729
-994
-961
-647
-484
-560
-404
-130
-214
-487
-246
511
779
368
109
499
870
877
840
1033
1193
1134
1195
1341
1063
432
88
265
356
-127
-666
-736
-577
-609
-767
-730
-658
-761
-779
-510
-259
-415
-698
-609
-296
-238
-417
-366
-15
152
-20
-169
-82
-14
-111
-87
179
400
379
393
634
828
694
413
431
559
623
539
570
677
550
411
331
291
30
-307
-371
-230
-221
-419
-530
-441
-315
-339
-342
-270
-316
-395
-370
-197
-128
-259
-287
-141
45
62
-23
-67
-50
30
164
305
320
203
85
58
48
42
38
199
434
610
732
828
958
1131
1324
1576
1764
1892
1598
976
664
797
1070
438
-137
-180
193
195
-90
-23
-140
-654
-1305
-1314
-1171
-1159
-1352
-1397
-1208
-1166
-1233
-1303
-1287
-1339
-1366
-1237
-993
-942
-1008
-811
-365
-119
-163
-192
133
438
419
335
495
724
728
669
738
934
967
865
806
678
356
-37
-215
-105
-91
-296
-492
-490
-438
-509
-569
-440
-281
-282
-326
-264
-127
-152
-243
-214
-92
-70
-133
-49
91
96
-44
-56
57
104
100
287
679
897
844
716
739
828
836
827
874
934
882
731
603
512
318
34
-160
-226
-252
-284
-229
-74
-14
-109
-171
-121
-122
-280
-482
-501
-404
-403
-508
-582
-559
-517
-552
-639
-763
-894
-872
-623
-284
-122
-215
-338
-307
-251
-336
-512
-539
-337
-59
206
390
562
630
612
697
874
973
900
909
1113
1284
1301
1295
1304
1116
760
586
706
750
614
526
460
249
50
162
314
162
-108
-232
-370
-611
-829
-805
-803
-1005
-1226
-1279
-1170
-1117
-1089
-1057
-1041
-1029
-950
-775
-552
-511
-687
-793
-635
-431
-466
-554
-436
-298
-345
-391
-210
-44
-183
-457
-482
-276
-152
-111
-37
29
-13
-67
18
190
237
165
129
207
279
315
329
348
334
308
339
405
450
417
364
346
424
564
702
785
786
734
652
634
653
618
546
482
527
596
556
360
111
3
-45
-79
-73
55
265
392
444
439
411
304
144
9
-130
-347
-565
-644
-551
-463
-522
-593
-619
-678
-806
-827
-635
-466
-474
-481
-349
-177
-178
-232
-208
-195
-306
-393
-233
36
184
227
373
574
679
664
683
785
857
923
1072
1277
1362
1291
1295
1414
1479
1208
707
367
309
384
345
426
573
466
139
53
259
241
-86
-261
-283
-520
-884
-951
-744
-822
-1221
-1450
-1318
-1197
-1226
-1212
-1041
-956
-1058
-1114
-971
-827
-914
-1096
-1016
-715
-461
-358
-279
-250
-458
-646
-579
-351
-321
-500
-515
-322
-172
-70
86
229
152
-4
48
271
408
372
312
356
496
627
671
583
444
317
246
227
233
206
155
174
280
364
356
321
303
288
256
231
230
279
328
370
382
407
433
425
394
389
464
578
693
743
715
636
558
437
259
74
-51
-134
-225
-321
-391
-416
-451
-492
-534
-566
-637
-772
-887
-911
-763
-543
-412
-383
-414
-465
-535
-571
-536
-470
-419
-344
-207
-45
73
107
148
224
317
375
408
516
631
675
689
750
837
821
785
851
975
988
899
918
1093
1242
1107
837
673
701
708
669
789
850
642
319
334
559
513
186
-78
-311
-648
-979
-1046
-1020
-1200
-1428
-1438
-1279
-1199
-1229
-1229
-1231
-1332
-1454
-1477
-1341
-1202
-1206
-1255
-1173
-1011
-904
-911
-853
-719
-602
-493
-318
-44
157
261
405
559
657
680
681
627
466
368
381
422
354
222
112
46
44
111
200
198
149
141
188
241
315
360
297
185
126
160
201
234
265
238
197
214
338
479
556
584
586
589
617
697
784
808
753
704
640
551
442
311
140
-52
-140
-182
-243
-373
-489
-595
-668
-661
-634
-644
-681
-630
-494
-411
-435
-504
-580
-661
-700
-624
-485
-380
-316
-280
-318
-379
-396
-363
-301
-206
-78
38
137
277
403
429
400
424
517
572
620
745
912
1051
1095
1129
1197
1266
1332
1404
1593
1699
1479
1126
1002
1135
1126
1035
1030
885
425
45
121
306
151
-237
-600
-852
-1020
-1103
-1143
-1331
-1627
-1849
-1853
-1761
-1657
-1591
-1546
-1514
-1448
-1356
-1317
-1259
-1207
-1179
-1030
-704
-347
-216
-206
-140
-101
-106
-56
125
247
184
150
292
438
414
299
272
225
100
5
79
234
319
360
420
517
519
446
373
302
177
21
-16
59
161
237
308
348
326
345
454
565
536
403
352
470
674
837
873
770
587
454
418
376
254
107
8
24
92
141
122
48
-98
-272
-383
-405
-401
-428
-441
-473
-507
-553
-572
-576
-621
-712
-811
-831
-812
-808
-815
-753
-699
-757
-892
-945
-876
-805
-749
-658
-495
-333
-181
-15
148
237
257
305
401
482
519
562
649
746
836
945
1091
1216
1312
1438
1583
1639
1570
1522
1600
1711
1767
1729
1558
1290
1036
927
851
758
677
537
298
91
78
82
-95
-318
-509
-786
-1130
-1319
-1306
-1385
-1597
-1696
-1553
-1392
-1356
-1376
-1348
-1321
-1250
-1053
-826
-719
-754
-784
-738
-640
-567
-506
-450
-421
-491
-604
-602
-476
-338
-293
-184
61
308
418
424
473
456
320
167
150
244
296
290
260
231
212
200
173
135
102
91
129
247
385
425
391
371
366
292
187
160
228
269
238
212
211
199
168
193
239
165
7
-82
-45
-15
-75
-125
-123
-94
-102
-107
-92
-106
-146
-175
-162
-157
-178
-214
-276
-378
-464
-507
-544
-639
-747
-794
-788
-791
-818
-824
-797
-726
-601
-421
-227
-56
40
60
82
145
197
174
119
102
189
374
589
735
818
907
964
943
910
966
1080
1153
1165
1163
1180
1194
1152
1056
921
808
762
783
844
929
1031
1163
1282
1340
1266
1063
837
666
607
598
622
652
637
551
397
208
-7
-228
-410
-595
-797
-966
-1061
-1133
-1273
-1445
-1579
-1659
-1689
-1664
-1570
-1473
-1467
-1520
-1487
-1274
-1016
-833
-737
-627
-538
-507
-516
-542
-578
-598
-478
-205
25
77
18
37
155
245
261
245
299
403
485
504
508
496
410
251
133
114
124
107
79
93
144
157
111
45
-6
-68
-167
-241
-232
-194
-183
-222
-245
-267
-318
-336
-275
-138
-46
-54
-101
-124
-117
-99
-33
55
35
-111
-225
-217
-207
-265
-317
-295
-271
-303
-325
-293
-227
-182
-148
-90
-32
14
28
0
-72
-163
-241
-272
-252
-146
14
163
258
291
276
251
270
361
462
509
488
421
348
284
256
245
214
157
152
265
458
636
791
926
1005
1009
1001
1028
1043
1030
1065
1145
1157
1046
941
914
914
911
915
929
924
979
1106
1156
987
716
556
495
432
365
261
10
-314
-450
-395
-438
-658
-879
-1055
-1276
-1493
-1522
-1421
-1390
-1444
-1419
-1287
-1162
-1071
-990
-934
-971
-1006
-924
-755
-637
-674
-734
-680
-548
-466
-469
-430
-356
-311
-251
-108
21
11
-35
70
249
318
276
254
245
171
81
54
5
-153
-321
-378
-347
-329
-361
-417
-482
-495
-435
-359
-293
-219
-129
-102
-136
-115
-21
40
49
73
128
117
38
-1
33
109
177
245
304
326
333
383
489
579
578
532
525
568
566
456
292
174
119
73
43
69
107
56
-98
-262
-375
-401
-342
-236
-155
-144
-128
-88
-71
-117
-160
-110
8
147
303
439
467
398
383
475
540
510
486
569
682
746
794
855
826
653
490
487
571
585
558
567
551
446
342
337
395
432
425
400
353
305
316
391
503
594
630
569
419
249
125
84
170
331
383
234
32
-11
37
-2
-149
-315
-496
-717
-850
-816
-775
-923
-1176
-1319
-1288
-1183
-1096
-1046
-1080
-1183
-1267
-1226
-1085
-957
-876
-774
-636
-551
-549
-575
-553
-516
-475
-387
-229
-122
-180
-307
-347
-290
-254
-273
-281
-256
-186
-79
-1
4
-36
-66
-101
-138
-116
-41
4
-10
-45
-64
-77
-49
50
182
284
350
416
462
484
505
526
511
462
425
393
350
312
316
340
340
323
321
344
375
402
380
275
156
152
245
313
299
265
263
233
158
49
-80
-220
-296
-225
-82
-4
-13
-16
0
10
0
37
117
169
201
254
312
270
140
44
0
-43
-95
-116
-124
-169
-216
-205
-172
-178
-203
-170
-88
-22
10
44
103
148
189
279
434
543
507
400
389
489
563
605
695
827
906
951
1082
1215
1178
1003
901
911
863
779
756
727
517
274
252
344
246
-44
-324
-542
-750
-862
-817
-795
-932
-1129
-1173
-1093
-1026
-1003
-974
-962
-1005
-1026
-974
-940
-1029
-1164
-1205
-1112
-977
-908
-866
-807
-766
-772
-736
-532
-288
-182
-208
-181
-35
132
252
314
284
161
66
111
216
218
119
47
99
186
201
141
80
29
-49
-96
-23
118
175
124
91
123
130
57
-18
-47
-87
-155
-147
-27
78
105
121
199
283
301
272
250
250
285
366
504
645
733
789
815
803
734
644
546
423
325
320
408
460
389
253
156
104
24
-116
-282
-398
-425
-387
-344
-366
-470
-571
-601
-571
-548
-535
-456
-309
-154
-66
-38
-66
-157
-284
-340
-256
-86
66
143
177
210
271
341
398
439
510
612
671
637
571
551
563
564
577
635
678
684
727
842
922
913
891
956
1069
1118
1082
958
760
536
377
334
367
433
434
305
78
-148
-352
-540
-684
-816
-984
-1126
-1136
-1057
-1058
-1200
-1388
-1502
-1511
-1439
-1292
-1133
-1022
-916
-779
-648
-574
-574
-632
-685
-650
-536
-442
-399
-356
-290
-222
-146
-67
-30
-71
-125
-100
-46
-9
22
84
135
153
132
74
-41
-201
-338
-408
-401
-327
-236
-174
-150
-149
-130
-103
-55
6
79
156
252
386
511
590
597
580
599
607
567
481
424
401
432
512
573
560
499
462
446
378
242
120
55
37
52
96
114
85
-14
-121
-211
-249
-197
-133
-105
-107
-96
-125
-222
-346
-421
-426
-394
-345
-295
-267
-267
-246
-194
-174
-205
-193
-110
-6
44
28
4
11
70
168
273
378
480
559
585
565
559
568
568
575
622
657
632
591
565
527
479
466
486
506
527
552
570
558
534
530
546
586
646
716
806
850
797
564
327
124
72
188
299
448
404
288
186
106
-74
-333
-579
-757
-852
-971
-966
-972
-1064
-1193
-1306
-1433
-1572
-1669
-1702
-1670
-1583
-1426
-1231
-1059
-929
-807
-722
-653
-595
-524
-464
-444
-414
-338
-194
-54
18
53
67
53
48
138
319
442
440
423
453
457
400
354
346
305
216
180
209
207
158
128
128
89
-8
-95
-170
-260
-306
-266
-163
-78
-17
37
102
172
214
238
213
175
168
231
340
438
479
459
413
352
275
204
180
170
115
62
109
196
211
158
128
109
-5
-134
-126
-18
12
-50
-82
-35
-4
-33
-55
-31
-23
-82
-136
-135
-69
-34
-27
-12
-11
-76
-159
-98
66
154
118
166
338
444
411
369
387
375
310
321
413
431
341
289
343
382
348
292
295
340
405
498
595
669
695
701
692
620
493
397
401
469
511
504
475
464
405
272
119
-15
-95
-141
-127
-76
-12
41
94
114
25
-164
-341
-432
-495
-566
-589
-581
-658
-827
-958
-998
-1058
-1159
-1205
-1120
-994
-910
-825
-721
-667
-712
-746
-706
-661
-659
-645
-538
-410
-347
-356
-350
-340
-370
-407
-377
-249
-158
-116
-20
173
336
374
367
426
472
415
296
206
171
149
153
163
160
146
163
203
219
179
132
117
143
224
296
318
290
251
216
164
116
94
63
22
17
91
184
228
251
280
284
246
218
236
244
216
186
151
107
49
9
-26
-93
-148
-125
-36
34
32
3
-14
-23
-36
-69
-110
-125
-129
-114
-64
5
27
-21
-69
-81
-99
-128
-122
-73
-43
-63
-38
61
146
136
73
31
-9
-53
-19
83
171
200
188
164
95
7
-53
-72
-86
-103
-67
43
192
297
326
320
332
354
393
460
547
644
732
829
927
965
943
848
640
369
163
120
158
212
235
191
49
-129
-256
-377
-549
-732
-854
-912
-960
-1002
-1036
-1101
-1239
-1385
-1429
-1377
-1301
-1224
-1119
-991
-830
-650
-488
-389
-360
-360
-334
-260
-185
-154
-155
-179
-203
-161
-17
177
299
325
359
455
570
608
595
584
551
492
438
416
368
279
182
146
176
206
200
184
193
183
143
141
205
247
244
294
415
446
335
213
190
161
74
67
201
359
392
358
334
297
223
172
195
221
178
101
68
93
91
6
-122
-193
-191
-169
-164
-193
-244
-305
-328
-300
-259
-274
-343
-390
-372
-310
-240
-169
-110
-40
20
60
63
33
-31
-129
-197
-182
-129
-76
13
149
255
251
180
122
131
172
238
332
441
543
612
618
536
412
284
202
153
123
97
73
78
124
175
189
144
53
-44
-112
-117
-68
-5
33
63
113
155
154
109
57
39
60
120
218
315
397
452
479
445
322
160
41
-37
-111
-169
-158
-126
-155
-227
-299
-345
-401
-435
-401
-330
-285
-268
-223
-168
-168
-262
-385
-481
-536
-579
-633
-685
-730
-741
-687
-574
-461
-423
-423
-356
-260
-211
-209
-155
-26
63
82
91
117
89
1
-37
4
32
26
37
100
145
129
109
113
123
123
142
168
162
114
77
74
82
73
33
3
-5
-18
-46
-101
-163
-244
-313
-323
-295
-278
-302
-299
-214
-100
-7
72
145
225
312
409
459
423
345
310
337
374
385
406
445
457
407
337
312
311
284
243
281
384
476
502
482
419
285
157
126
180
196
102
-1
-62
-122
-224
-332
-430
-541
-618
-622
-572
-551
-579
-601
-572
-518
-465
-394
-321
-244
-151
-59
2
20
36
79
136
169
174
153
109
43
12
71
196
318
412
493
571
628
653
658
699
790
886
947
964
969
937
822
671
558
487
442
429
425
359
199
57
23
15
-58
-174
-254
-304
-356
-394
-423
-490
-610
-718
-761
-768
-792
-852
-933
-967
-937
-885
-881
-906
-887
-812
-753
-738
-733
-720
-698
-651
-569
-494
-439
-386
-316
-237
-170
-122
-60
12
78
122
130
99
39
-26
-73
-108
-140
-150
-89
45
191
282
325
362
398
438
498
566
602
616
640
670
653
585
532
504
418
257
117
60
28
-53
-124
-122
-91
-78
-59
-6
45
42
10
16
94
199
264
260
214
147
82
28
-19
-70
-131
-170
-152
-109
-144
-256
-337
-336
-303
-273
-219
-132
-67
-59
-53
-3
36
9
-49
-72
-87
-139
-198
-217
-195
-163
-121
-47
31
66
66
85
153
244
355
474
554
565
550
560
568
524
425
344
323
367
433
465
450
432
456
464
403
310
259
267
275
275
305
339
323
253
220
255
273
208
121
100
99
60
-6
-58
-118
-183
-185
-144
-173
-313
-433
-470
-472
-499
-515
-472
-443
-470
-507
-517
-540
-599
-612
-578
-581
-659
-743
-786
-809
-832
-842
-805
-737
-668
-564
-407
-256
-146
-32
97
188
239
290
385
474
469
406
369
353
297
221
157
84
-19
-99
-121
-128
-171
-256
-307
-292
-227
-150
-80
-9
53
76
58
53
81
107
91
46
-4
-68
-142
-179
-134
-69
-64
-111
-117
-57
-20
-45
-65
-25
55
153
283
444
540
517
456
464
517
518
453
404
410
401
356
308
296
276
261
292
343
357
353
380
437
467
445
414
401
400
367
305
246
214
217
233
208
127
36
-13
-21
-32
-76
-154
-246
-315
-347
-329
-303
-345
-428
-477
-491
-517
-582
-632
-641
-636
-648
-661
-655
-644
-638
-612
-559
-519
-523
-511
-445
-383
-356
-323
-262
-157
-9
114
152
126
97
144
216
230
198
186
231
300
368
392
377
364
390
470
591
706
756
731
674
647
624
563
464
427
425
396
361
401
431
370
259
299
392
175
-7
57
218
142
-63
-187
-115
-132
-319
-417
-386
-265
-326
-525
-577
-488
-526
-657
-702
-655
-636
-716
-771
-727
-648
-667
-757
-816
-834
-848
-807
-741
-689
-635
-552
-428
-290
-213
-192
-119
-23
66
184
323
428
477
467
450
462
469
487
520
551
580
613
675
727
694
588
526
559
602
622
618
586
541
487
460
469
457
373
271
181
104
40
-27
-70
-79
-67
-59
-69
-92
-105
-98
-127
-203
-285
-326
-329
-309
-299
-302
-332
-391
-416
-395
-371
-373
-382
-391
-375
-326
-283
-289
-319
-335
-330
-312
-292
-274
-262
-273
-289
-254
-162
-59
26
142
288
402
458
527
629
716
768
811
886
930
880
776
698
623
540
494
511
545
558
557
566
563
502
428
391
351
247
117
2
-112
-246
-384
-499
-615
-729
-831
-895
-931
-931
-934
-968
-969
-875
-720
-587
-497
-477
-473
-480
-497
-502
-515
-537
-570
-566
-522
-463
-411
-385
-360
-323
-231
-78
86
207
293
338
342
339
359
398
408
369
322
298
266
227
193
179
168
180
239
344
459
533
567
600
648
698
736
729
691
616
508
401
351
356
319
222
128
122
183
220
235
260
282
261
209
150
92
17
-75
-159
-208
-237
-270
-314
-325
-312
-355
-468
-576
-588
-565
-577
-610
-611
-576
-540
-486
-423
-406
-462
-529
-548
-531
-522
-518
-501
-462
-421
-375
-301
-218
-133
-49
31
90
122
148
200
265
302
328
351
347
293
228
211
242
257
257
310
381
403
381
370
360
327
268
219
218
205
154
76
-31
-141
-233
-276
-291
-318
-380
-419
-375
-292
-221
-210
-239
-266
-261
-222
-177
-186
-265
-353
-386
-366
-340
-324
-306
-268
-205
-119
-41
19
82
173
278
347
386
434
459
458
450
427
385
324
297
311
318
291
268
296
356
409
436
459
487
512
540
554
527
458
381
364
395
414
350
245
190
195
211
219
258
303
307
297
340
409
409
330
249
188
107
-4
-90
-106
-118
-167
-205
-188
-150
-164
-230
-290
-319
-347
-376
-386
-374
-360
-351
-351
-364
-406
-488
-565
-594
-578
-566
-564
-557
-527
-486
-437
-378
-323
-289
-280
-260
-216
-175
-167
-174
-163
