104
109
109
112
117
117
120
121
118
121
117
117
120
107
101
98
91
92
88
89
96
92
93
93
84
76
67
53
43
37
34
35
44
46
46
41
26
14
1
-13
-25
-26
-33
-35
-35
-38
-45
-54
-53
-64
-72
-77
-81
-81
-84
-77
-74
-80
-84
-93
-102
-111
-111
-107
-109
-104
-97
-102
-109
-121
-134
-139
-147
-147
-143
-143
-135
-130
-122
-121
-127
-133
-141
-148
-145
-136
-135
-127
-117
-117
-117
-121
-127
-137
-144
-145
-145
-148
-157
-152
-147
-147
-138
-135
-134
-134
-129
-124
-118
-110
-107
-103
-102
-106
-107
-108
-109
-103
-95
-90
-79
-63
-57
-49
-43
-41
-39
-39
-39
-29
-29
-24
-10
-5
5
8
14
22
28
40
47
54
58
64
68
68
68
71
75
70
76
77
75
76
83
99
101
109
117
116
117
116
121
120
113
116
111
106
98
90
92
94
101
113
115
119
125
125
121
121
117
109
104
102
106
111
114
123
129
126
133
136
136
127
124
120
105
95
87
77
73
75
83
90
94
95
95
85
75
82
81
77
72
59
47
34
25
18
9
-2
-9
-18
-29
-41
-52
-59
-64
-67
-69
-73
-69
-63
-59
-52
-43
-40
-48
-54
-59
-60
-65
-75
-76
-76
-78
-75
-70
-64
-58
-49
-39
-41
-50
-58
-62
-62
-60
-52
-44
-39
-34
-32
-30
-32
-37
-44
-55
-62
-70
-78
-82
-86
-83
-84
-78
-78
-76
-73
-68
-52
-41
-29
-23
-25
-33
-39
-45
-53
-55
-52
-42
-29
-15
6
23
28
34
35
36
40
43
48
54
59
72
78
81
85
77
73
73
74
76
76
79
85
85
85
86
88
81
78
81
82
84
89
91
96
96
94
95
85
81
76
78
76
80
89
90
96
99
90
73
62
58
48
42
43
48
58
56
57
55
36
22
7
-1
-6
-4
3
7
14
22
21
14
3
-7
-17
-25
-26
-22
-22
-26
-22
-23
-32
-37
-43
-48
-48
-43
-30
-17
-12
-12
-10
-18
-31
-39
-51
-61
-66
-72
-74
-76
-76
-76
-89
-97
-101
-111
-117
-123
-123
-123
-124
-122
-121
-122
-127
-126
-128
-134
-129
-124
-117
-114
-110
-104
-104
-102
-99
-97
-95
-93
-86
-80
-79
-66
-54
-52
-47
-36
-28
-28
-36
-35
-37
-37
-31
-26
-21
-22
-21
-17
-22
-21
-26
-34
-31
-30
-26
-20
-14
-4
2
11
17
20
26
29
43
54
54
56
59
60
61
59
61
65
71
81
93
108
117
127
134
132
131
121
107
99
103
102
98
101
98
99
95
88
88
81
72
70
66
61
60
59
64
67
69
71
67
68
71
79
87
97
102
98
97
88
79
68
60
60
52
48
46
51
57
58
61
60
52
39
30
23
19
13
19
26
32
33
26
15
5
-1
-17
-27
-36
-43
-42
-42
-39
-30
-39
-45
-52
-74
-78
-87
-87
-83
-85
-77
-84
-82
-79
-79
-76
-87
-79
-85
-89
-76
-81
-73
-80
-77
-66
-93
-90
-90
-84
-58
-68
-53
-43
-60
-50
-65
-62
-46
-56
-36
-24
-11
14
13
20
20
14
-5
-25
-26
-36
-32
-21
-5
9
4
21
35
31
26
18
28
47
55
68
73
76
90
91
75
64
29
-10
-24
-31
-22
-36
-68
-62
-62
-65
-68
-91
-83
-79
-50
-11
-11
6
21
41
61
41
55
71
89
118
124
156
163
194
188
166
170
142
155
150
148
189
186
166
200
209
220
204
161
170
130
109
89
40
22
7
1
-7
-16
-11
-23
-20
-19
-7
-6
-28
-22
-50
-37
-33
-34
-15
-27
-4
44
49
29
48
44
85
83
34
28
16
0
-6
-8
-58
-50
-78
-88
-42
-92
-103
-131
-150
-102
-133
-164
-228
-257
-217
-215
-212
-252
-279
-262
-227
-226
-249
-238
-258
-198
-174
-167
-193
-228
-124
-150
-98
-143
-117
-150
-141
-60
-164
-42
-193
-164
-152
-221
-192
-302
-263
-334
-272
-315
-276
-254
-278
-140
-196
-118
-132
-218
-174
-225
-209
-229
-254
-238
-195
-129
-166
-110
-249
-174
-161
-108
-75
-175
-111
-117
30
17
167
-68
109
281
385
696
660
659
523
225
99
-602
-1693
-1907
-2505
-2067
-2208
-3368
-3092
-2182
-1066
-244
-1167
-2093
-1316
-327
391
-291
-1282
-1622
9
1241
1281
1016
-63
1354
2338
2794
2582
1563
2296
2835
3196
2893
2190
2622
2796
3113
3111
2128
2162
2963
2929
2116
1473
1062
1313
1122
147
-983
-1090
-736
-1048
-1138
-2595
-2129
-1613
-2251
-2241
-3041
-2721
-2274
-2525
-2906
-3197
-2607
-1671
-1689
-1644
-1645
-932
187
145
69
290
1162
1589
1734
1547
1832
2761
2801
2742
3312
3659
4143
4155
3505
3818
3707
3522
3045
2593
3000
2872
2742
2633
2623
2972
2716
2234
459
338
-658
-1307
-1532
-3893
-3155
-3649
-3728
-3305
-3684
-3000
-2721
-3414
-3725
-3666
-3790
-3551
-4894
-4788
-4558
-3904
-3676
-3113
-2519
-1573
-967
-1310
-619
-44
-257
-745
-825
-1646
-169
-1009
-710
-348
-364
428
-233
469
574
937
93
-176
-609
-246
-297
-683
-268
69
610
817
1641
2101
3342
2710
3484
3456
3904
4413
3827
4385
4200
4702
4911
5652
5543
6268
5274
5632
4315
3671
3755
1691
2262
-569
-396
-1431
-1586
-1396
-2519
-1978
-2852
-2635
-3774
-3753
-4349
-4651
-5792
-6551
-6892
-6490
-6692
-6778
-6094
-5933
-4168
-4637
-2922
-2461
-1634
-1209
-1433
-172
322
948
773
1263
1482
2692
2161
3031
3142
3271
3531
1889
2533
1697
1301
538
-666
-543
-1204
-1994
-2098
-2068
-1754
-1553
-1880
-1139
-895
-564
-716
-38
129
260
593
273
2053
1315
2760
2939
3814
5606
5274
6706
6847
7785
8425
8322
8108
8210
7802
7265
5313
5486
4237
3963
2839
598
1828
-456
282
-1506
-1712
-1692
-3333
-3653
-5154
-5184
-6166
-6878
-8290
-8426
-8935
-8822
-9181
-8753
-8542
-7534
-7255
-6730
-5156
-5045
-3152
-3959
-2510
-1918
-1541
-273
-1010
826
816
1391
1473
1146
2605
1720
2180
1366
1491
1803
924
1422
1126
1621
1432
1215
2050
2063
2658
2359
2292
2809
2306
2943
2236
2881
3031
2563
3900
3479
4955
5384
5411
6602
6661
6581
7166
5087
5809
4714
3080
3239
252
1356
-497
-727
-1368
-1527
-1439
-2328
-2075
-2978
-2156
-3846
-4207
-4999
-6059
-6349
-7421
-8258
-7762
-8867
-8486
-8130
-8229
-6200
-6690
-4990
-4724
-3534
-3152
-2421
-1876
-1772
-988
-1950
-823
-1378
-915
-313
-778
103
292
562
1664
1448
2398
2723
2436
3475
3086
3976
3895
4109
4270
4652
4648
5296
5739
5806
6683
6556
7596
7848
7747
8472
8487
8716
8483
7246
6910
5732
5474
3966
3111
1628
733
326
-793
-644
-1661
-1562
-2495
-3078
-3223
-3645
-4169
-5190
-6436
-7331
-7790
-8522
-8742
-9591
-9459
-9731
-9224
-8742
-7493
-6632
-5807
-5331
-4685
-3540
-2565
-2142
-1917
-1651
-1883
-751
-1440
72
-484
219
74
221
1508
1371
2351
1667
2396
2101
3058
2840
3543
3564
3732
4087
4140
5405
5389
6297
6047
7055
7191
8266
7948
8759
8636
8779
8350
7378
7088
5803
5643
3175
3066
786
948
-416
-1388
-1262
-2675
-2000
-3491
-3144
-3896
-3927
-5136
-5866
-6930
-7518
-8160
-9343
-9654
-10525
-10375
-10753
-10063
-9826
-8521
-8224
-7109
-5986
-5476
-3640
-3558
-2603
-1828
-2098
-896
-1186
-567
30
-315
485
195
987
1302
1472
1786
1883
2226
2044
2746
2818
3194
3390
3283
4222
4312
4925
5291
5450
6438
6043
7438
7477
8034
8435
8172
8792
8349
8327
6905
6733
5360
4845
3471
1932
1490
301
-136
-1111
-1458
-1669
-1823
-2879
-2754
-3363
-3351
-4321
-5707
-6106
-7150
-7630
-9024
-9426
-10026
-9807
-10495
-9808
-9165
-8189
-7237
-6786
-5371
-4661
-2707
-3125
-1479
-1895
-986
-826
-1185
22
-551
89
-608
-71
452
1038
834
1418
1624
2053
2433
2753
3552
3612
3986
3911
4893
4923
5892
5540
6112
6719
6733
8159
7854
8557
9052
8638
9267
8751
7766
8034
5976
5745
4318
2492
2249
265
49
-1317
-1862
-2349
-2490
-3167
-3413
-3653
-4305
-4322
-6011
-6453
-7061
-8266
-8948
-10203
-10727
-10445
-11589
-11004
-10759
-10087
-8801
-8638
-7060
-5523
-5047
-3497
-2848
-2229
-722
-1780
-303
-547
-346
159
-693
175
66
384
518
754
1003
1805
1673
2311
3078
3402
4038
4203
4697
5830
6029
6043
7159
6889
8571
8374
9115
10388
10229
11583
11030
12303
11538
11245
10970
9557
9659
6987
6492
4736
3494
2522
448
284
-1020
-1859
-2570
-3664
-3720
-4721
-5726
-6741
-7827
-8393
-9737
-10912
-11942
-12478
-12943
-13712
-13207
-13129
-11775
-11362
-10319
-8079
-7488
-4872
-4584
-2938
-1425
-1564
-7
-427
523
332
-178
229
-288
287
108
88
583
999
1814
2191
3328
4148
4818
5735
5985
7654
7675
8360
8538
8474
9725
9017
10109
9860
10088
10610
10084
10916
10628
9675
9709
8657
7951
7351
4989
5016
2749
2299
633
-326
-728
-1864
-2103
-3624
-3028
-4384
-4217
-5758
-6704
-7125
-8752
-9452
-11173
-11741
-12231
-13153
-13486
-12895
-12676
-11337
-11491
-9759
-8505
-7677
-5957
-5781
-3738
-3638
-2745
-2738
-1945
-1910
-2095
-2363
-2962
-2573
-3258
-3153
-3656
-3433
-2998
-2755
-2389
-1266
-729
419
745
1665
2971
2844
3874
3056
4306
3750
4211
4014
3982
4461
3962
4279
4126
4311
3146
3821
1852
2492
374
-216
-1082
-2867
-2870
-5008
-4739
-6195
-6012
-7116
-7064
-7228
-7522
-7300
-8450
-7817
-8688
-8430
-9286
-9492
-9673
-9525
-10058
-9569
-9307
-8484
-7558
-7259
-5030
-4492
-2512
-1430
48
1650
2581
3671
4425
5284
5687
5992
5675
5984
5700
5704
5426
5261
5305
5678
5605
6262
6773
7531
8320
8472
9817
10196
11020
11014
11291
11924
11705
12479
11630
12480
11838
11703
12636
10705
11650
9798
10008
9241
7700
7018
5536
4788
3413
2118
1115
207
-817
-1862
-2718
-3278
-3879
-4438
-5578
-5985
-6441
-6868
-7202
-8544
-7953
-8736
-8403
-8770
-8790
-7581
-7574
-6771
-5967
-4813
-3547
-2248
-1867
305
738
2183
2912
3328
4411
4308
4738
4603
4793
4713
4816
4159
4588
4694
4854
5313
5210
6286
6725
7300
7982
8620
9168
9863
9726
10573
10874
10816
11458
10301
11774
10130
11029
10262
8623
9408
7077
7812
5416
4945
3746
2561
1950
23
297
-1572
-1456
-3068
-3636
-3868
-4944
-5441
-6558
-7451
-7743
-8731
-9501
-10215
-11273
-10830
-12045
-11618
-12251
-11381
-11051
-10917
-9653
-9047
-7446
-7058
-5673
-4608
-3399
-2725
-2075
-1372
-983
-475
-456
-421
-320
-359
-378
-263
-515
306
133
774
1186
1776
3045
3184
4206
4734
5889
6442
6714
7149
7897
8054
8420
8064
8660
8368
7967
8617
6306
7564
5413
5556
4499
2480
2751
459
519
-1631
-1944
-3052
-3662
-4588
-5633
-5703
-6667
-7112
-7973
-8660
-9000
-9597
-10490
-10673
-11916
-11474
-12510
-12378
-12563
-12617
-11459
-11990
-10294
-10364
-8377
-7742
-6713
-5286
-4468
-2969
-2798
-1606
-1426
-623
-704
-601
-554
-624
-588
-723
-934
-425
-345
-26
809
886
2713
2639
4121
4803
5611
7060
7130
8315
8448
9456
9747
9702
10097
10000
9900
10175
8540
8831
7927
7031
7033
4880
4688
3531
2512
1908
482
122
-928
-1523
-2620
-2897
-3682
-4382
-4879
-6243
-6289
-7136
-7826
-8460
-9549
-9595
-10085
-10604
-10410
-10722
-9899
-9810
-8980
-8080
-7204
-5566
-5228
-3317
-2697
-1119
-390
-115
1079
914
1772
1268
1378
1190
1106
1151
699
1055
1075
1413
1973
2131
3474
3939
4591
5676
5963
7483
7560
8047
8818
8857
9559
9429
9304
9671
9484
9014
8542
7835
7565
7255
5654
5262
3803
3511
2383
1370
281
-311
-1220
-2060
-2772
-3808
-3886
-5182
-5799
-6629
-7134
-7594
-8540
-9352
-9845
-10109
-10579
-10902
-11315
-10974
-10844
-10427
-10122
-9161
-8231
-7545
-6498
-5489
-4233
-3316
-2388
-1828
-868
-458
331
179
430
607
593
650
472
655
839
992
1277
1922
2509
3503
3927
4837
5993
6887
7689
8223
8954
9945
10152
10699
10690
10925
11030
10840
10134
9320
9244
8150
7732
5944
5257
4422
3284
2468
1206
738
-5
-762
-1813
-2220
-2858
-3338
-4324
-5184
-5700
-6320
-7060
-8018
-8835
-9454
-9612
-10413
-10571
-10716
-10277
-9900
-9828
-8665
-7849
-6513
-5659
-4695
-3003
-2291
-810
-551
355
1013
1286
1604
1193
1411
1332
1222
968
970
1171
1466
1670
2202
2779
3833
4279
5095
5930
6895
7975
7834
9049
9012
10194
9825
10391
9845
10509
9884
9749
8649
7417
8678
5683
6896
3472
4135
2847
1660
1136
-789
-458
-2315
-2191
-4390
-3928
-5250
-5946
-6846
-8084
-8129
-8925
-9804
-10604
-11163
-11750
-11113
-12731
-11720
-12359
-11107
-11182
-10733
-9466
-8530
-7477
-6853
-5103
-4292
-2706
-2284
-958
-546
657
792
1292
1011
1549
1839
1418
1646
1248
2114
1928
2541
2488
3475
4208
4657
5482
5952
7519
7915
8072
9234
9574
10421
10414
10556
10889
10848
10885
10547
9562
9133
8893
8075
6835
5723
4707
4101
2781
1583
1041
-127
-646
-1718
-2677
-2879
-3771
-4558
-5421
-6277
-6555
-7354
-8253
-8900
-9739
-10182
-10429
-11042
-11351
-11243
-11050
-10642
-10538
-9508
-8379
-7875
-6473
-5599
-4024
-3069
-2193
-1168
-477
261
713
927
844
1051
1043
887
705
588
875
1099
1259
1833
2276
3389
3896
4714
5750
6784
7761
7969
9145
9687
10206
10805
10356
11115
10712
10640
10430
8457
9252
7644
7403
5878
4619
4445
2936
2870
790
1290
-292
-240
-1384
-2404
-1870
-3477
-3695
-5027
-5620
-5943
-6910
-7862
-8335
-9576
-9318
-10118
-10460
-10649
-10468
-9926
-10035
-9121
-8691
-6822
-7203
-5315
-4640
-3506
-1940
-2153
-361
-672
641
718
752
759
943
916
704
541
617
842
1087
1173
1771
2439
3300
4119
4341
5951
6608
7749
7682
8815
9455
9810
10020
10007
10153
10047
9852
9059
8411
7484
7610
5996
5257
3918
3314
2768
1196
711
-446
-849
-1979
-2589
-3685
-3935
-4745
-5783
-6321
-7268
-7233
-8098
-8831
-9200
-9677
-9881
-9817
-10451
-10105
-10076
-9643
-9117
-9061
-7629
-6996
-6070
-5468
-4230
-2790
-2249
-1195
-931
188
344
876
976
768
990
739
699
353
328
524
454
662
924
1532
2365
2779
3685
4307
5560
6521
6819
7948
8505
9416
9651
10046
10218
10817
10251
10621
9555
8813
9294
7390
7569
5546
5052
4291
3184
2052
1346
211
-685
-1158
-2955
-2583
-4096
-4844
-5501
-6703
-6824
-7481
-8738
-8724
-9743
-10175
-9796
-10965
-10374
-10855
-10350
-9881
-9583
-8999
-7520
-7471
-6019
-4812
-4218
-2231
-2235
-619
-98
612
1155
1649
1280
1777
1463
1295
1392
593
993
786
868
1037
1318
1683
2787
2764
3913
4604
5552
6385
6704
7985
8325
9141
9068
10011
9783
10182
10306
9537
9278
8437
8726
7522
6602
5391
4813
3917
2918
1970
836
120
-587
-1342
-2143
-2751
-3491
-3974
-5123
-5321
-6120
-6762
-7406
-8334
-8817
-9477
-9635
-10288
-10649
-10828
-10256
-10225
-9991
-8982
-8281
-7105
-6552
-4957
-3878
-2916
-1517
-1030
-197
510
1125
1475
1109
1167
1365
1004
729
643
539
740
857
955
1615
2255
3060
3769
4168
5496
6592
6862
7776
8189
8893
9390
9366
9985
9743
9664
10018
8916
8362
8533
7666
7090
5927
5123
4876
3804
2686
2301
791
322
-270
-1745
-2014
-3195
-3917
-4541
-5931
-6115
-6664
-7856
-8032
-8935
-9465
-9330
-10118
-10191
-10435
-10428
-9717
-9829
-9581
-8192
-7953
-7150
-5939
-5404
-3839
-3320
-2461
-1318
-1253
-305
455
41
557
533
604
719
260
570
867
557
1058
1337
1647
2680
2839
3407
4500
4841
6315
6391
7041
8193
8239
9066
9326
9846
9881
10148
9944
9918
8805
9151
8644
6995
6636
5276
4826
3570
2280
1557
520
-775
-980
-2270
-3096
-3379
-4650
-4848
-6006
-6311
-6630
-7650
-8286
-8474
-9474
-9470
-9970
-10623
-10395
-10833
-10164
-10285
-9902
-8800
-7990
-7712
-6245
-5201
-4130
-2962
-2324
-1053
-906
103
639
798
452
1000
838
669
516
438
728
416
750
1110
1576
2119
3005
3265
4347
5204
5987
6916
7045
8236
8713
8790
9718
9638
9907
9958
9902
9833
8900
9158
8374
7913
6769
6210
5414
4043
3625
2205
1612
36
-557
-1382
-2669
-3204
-4365
-4918
-5843
-6491
-6789
-7751
-8149
-8607
-9206
-9332
-9913
-9832
-10252
-10188
-10035
-9922
-9419
-8891
-8048
-7755
-6663
-5674
-4691
-3790
-2842
-1847
-1194
-701
397
457
890
824
1190
1126
916
1197
896
1077
835
1383
1548
1863
2495
2940
3666
4405
5009
6147
6527
7387
8114
8477
9466
9479
10325
10007
10513
10293
10355
8926
9803
8499
7714
7217
4942
5742
3076
3151
1462
407
-615
-938
-2395
-3113
-3518
-4979
-4256
-6667
-5920
-6760
-7798
-7701
-8672
-9290
-9028
-10164
-9866
-10229
-10938
-9427
-10410
-9277
-8794
-8015
-7128
-6060
-5465
-3567
-3138
-1877
-756
-1040
767
820
1287
1243
1065
1450
1433
757
1197
734
794
1246
1011
1809
2038
2949
3350
4151
4865
6094
6624
7202
7905
8680
9196
9491
9906
10011
10319
10341
10275
9813
9643
9234
9099
7419
7319
5714
5639
4400
2952
2474
727
595
-724
-1557
-2684
-3129
-4260
-4705
-5751
-6401
-6536
-8013
-7978
-8950
-9331
-9508
-10116
-10418
-10284
-10823
-9845
-10158
-9683
-8677
-8486
-7139
-6889
-5668
-4562
-3455
-2837
-1543
-1256
-326
720
339
1309
722
1323
1363
930
1262
1079
1058
1299
1447
1763
2493
2665
3537
3902
4872
5674
6394
6879
7531
8524
8374
9438
9038
9828
9669
9680
9887
9207
9048
8698
8314
7450
6712
5765
5422
4065
3307
2128
1171
193
-572
-1741
-2652
-3352
-4557
-4731
-6435
-6268
-7334
-8013
-8250
-9226
-9157
-9881
-10002
-10261
-10311
-10559
-9977
-10232
-9569
-9066
-8511
-7739
-7195
-6216
-5231
-4464
-3456
-2590
-2190
-983
-490
189
236
739
928
1162
1023
1223
1200
1234
1480
1561
1903
2285
2939
3200
3942
4482
5496
5826
6824
7166
7979
8399
8804
9306
9304
9923
9661
9973
9622
9760
8681
8923
8052
7439
6946
5161
5201
3495
2885
1488
465
-948
-1370
-2942
-3586
-4375
-5692
-5508
-7110
-7088
-7648
-8371
-8393
-8783
-9526
-9192
-9785
-9547
-9538
-10089
-9045
-9371
-8723
-8164
-7597
-6986
-5907
-5476
-4281
-3319
-2420
-1204
-1171
42
659
1309
1338
1678
1597
1950
1692
1716
1469
1398
1474
1465
1562
1703
2358
2284
3169
3400
4343
4728
5676
6112
6770
7373
7702
8849
8106
9507
8826
9573
9331
9357
8764
8523
8391
7256
7309
5188
5637
3814
3174
2111
789
-107
-1124
-2241
-3359
-3999
-5368
-5324
-6999
-7070
-7680
-8310
-8583
-8891
-9490
-9462
-9774
-9949
-9534
-10487
-9300
-9809
-9149
-8780
-8188
-7607
-6757
-6071
-5079
-3869
-3404
-1685
-1588
-326
344
1110
1262
1685
1692
2132
1886
1699
1884
1477
1746
1515
1737
1768
2453
2368
3154
3492
4240
5044
5123
6290
6430
7199
7685
8025
8396
8728
8937
9169
9137
9208
9232
8660
8187
7865
7323
6287
5557
3982
3674
2011
1384
78
-1267
-1890
-3173
-3727
-4953
-5331
-6212
-6623
-7309
-7655
-7828
-8326
-8338
-8865
-9183
-9112
-9208
-9273
-9373
-9434
-8728
-8741
-7952
-7539
-6581
-5998
-4850
-4059
-2949
-1599
-1111
473
418
1837
2170
2680
2669
2797
2734
2847
2472
2218
2288
1882
2148
1916
2203
2547
2892
3009
3786
3902
4922
4930
5670
5958
6241
7132
6812
7752
7241
8182
7758
8234
8063
8131
7909
6911
7548
6176
6395
4974
4107
3486
2172
1748
226
-716
-1761
-2397
-3609
-4210
-5049
-5638
-6220
-6848
-7212
-7381
-8015
-7752
-8412
-8770
-8541
-8967
-8456
-9192
-8817
-8673
-8418
-7956
-7503
-6957
-6302
-5563
-4679
-3730
-2834
-1888
-1029
-442
458
1345
1613
2054
1830
2565
2387
2468
2339
2056
2355
1997
2304
2027
2479
2569
2844
2996
3585
4076
4424
4841
5207
5797
5983
6652
6789
7119
7296
7600
7720
7728
7740
7841
7274
6621
6776
5880
5512
4250
3308
2752
1622
912
-170
-1397
-2042
-2678
-3754
-4114
-5039
-5341
-5823
-6591
-6535
-7010
-7283
-7250
-7969
-8122
-8026
-8202
-7994
-8583
-8342
-7934
-7902
-7325
-6926
-6483
-5748
-5025
-4202
-3148
-2408
-1226
-435
145
1395
2193
2447
2882
2985
3291
3469
2944
3006
2486
2335
2214
1854
1555
1894
1744
1914
2197
2364
3400
3211
3943
4511
4666
5568
5573
6073
6145
6356
6874
6606
6669
6786
6810
6539
6078
5777
5961
5350
4751
4297
3076
3229
2178
1378
541
-789
-855
-1976
-3026
-3366
-4461
-4840
-5469
-6392
-6252
-6994
-7180
-7363
-8160
-7938
-7893
-8225
-8110
-8499
-8222
-7758
-8030
-7188
-7119
-6579
-5562
-5283
-3941
-3499
-2300
-1280
-669
369
1392
1920
2348
2686
2723
3521
2760
3016
2515
2231
2383
1786
1656
1591
1505
1656
1681
1790
2408
2396
2848
3067
3516
3833
4413
4275
4880
5017
5193
5996
5299
6267
5937
6485
6428
6494
6398
6550
6466
5447
5916
4363
4632
3237
2201
1653
226
-345
-1371
-2699
-3472
-3964
-5085
-5144
-6310
-6393
-6552
-7233
-7114
-7291
-7749
-7250
-7890
-7828
-7472
-8087
-7179
-7805
-7282
-6760
-6568
-5869
-5167
-4763
-3471
-2768
-1875
-467
-116
1423
1915
2576
3443
3602
3881
4130
3628
3890
3322
2886
2656
1760
1724
1202
870
670
642
556
868
823
1354
1669
1994
2558
2879
3502
3944
4406
4730
5175
5638
5957
6281
6560
6673
7127
6735
6749
6740
6190
5984
5093
4645
3853
3043
2067
1338
99
-453
-1439
-2451
-3003
-4098
-4330
-5267
-5781
-6120
-6688
-7000
-7255
-7663
-7743
-7920
-7990
-7940
-8243
-7865
-7665
-7449
-7123
-6651
-6061
-5301
-4573
-3743
-2690
-2005
-779
8
902
1764
2481
2854
3235
3559
3417
3588
2783
2887
2142
1666
1260
484
181
-70
-458
-449
-494
-381
242
80
951
1224
1923
2469
2927
3457
3970
4429
4748
5214
5210
5931
5741
6434
6324
6689
6857
6558
6805
6626
6606
6053
5492
4934
4335
3346
2630
1338
479
-654
-1703
-2639
-3815
-4489
-5295
-6092
-6657
-6962
-7421
-7313
-7877
-7606
-7753
-7590
-7115
-7367
-6925
-6775
-6316
-5941
-5691
-5242
-4658
-4335
-3513
-3011
-2301
-1502
-763
-63
802
1464
2232
2557
2751
3418
3296
3486
2896
2846
2368
1990
1409
881
490
59
-135
-536
-444
-394
-97
-71
358
710
1341
1776
2229
2621
3123
3647
4018
4412
4453
5049
5150
5512
5520
5951
6000
6353
6225
6238
6233
6333
5898
5515
4917
4312
3846
2572
1903
697
-109
-1148
-2212
-3159
-3765
-4544
-5204
-5611
-6284
-5971
-6625
-6545
-6743
-6838
-6597
-6735
-6787
-6643
-6822
-6565
-6485
-6532
-6010
-5967
-5433
-5025
-4510
-3807
-3000
-2605
-1379
-1118
240
916
1276
2400
2253
3368
3261
3362
3434
3133
2916
2763
2018
1791
1424
716
844
7
272
204
-126
290
154
546
1117
803
1689
1656
2081
2707
2520
3275
3355
3683
4048
4149
4580
5010
5026
5434
5704
5771
6088
5834
6204
5672
5533
5121
4678
4030
3417
2524
1879
773
192
-809
-1745
-2306
-3362
-3639
-4595
-4843
-5271
-5811
-5853
-6161
-6379
-6473
-6623
-6666
-6632
-6994
-6496
-6737
-6461
-6192
-6119
-5488
-5071
-4529
-3707
-3349
-2086
-1342
-704
301
914
2184
2252
3052
3329
3627
3644
3564
3228
2946
2305
1850
1265
457
239
-616
-897
-1219
-1630
-1442
-1745
-1441
-1302
-1316
-646
-503
-137
313
544
1153
1476
1724
2573
2673
3284
3955
4173
5167
5334
6212
6764
7129
7854
7880
8059
8464
7975
7940
7124
6322
5931
4471
3733
2462
1084
350
-1022
-2143
-2778
-4073
-4299
-5249
-5942
-5723
-6700
-6443
-6889
-7247
-7061
-7475
-7386
-7478
-7972
-7609
-7670
-7787
-7344
-7586
-6850
-6598
-6157
-5281
-4747
-3779
-2705
-2101
-753
34
825
2061
2092
3339
3355
3707
3949
3657
3523
3116
2650
2079
1509
722
440
-402
-602
-798
-1152
-1057
-1137
-738
-435
-235
377
769
1272
1809
2174
2749
3060
3520
3753
4179
4417
4758
5128
5304
5710
6047
6426
6822
7193
7447
7966
7759
8131
8131
7665
7674
6558
6115
5240
3990
2961
1537
36
-789
-2653
-3616
-4709
-6154
-6499
-7801
-8158
-8451
-9189
-8929
-9246
-9539
-8984
-9304
-8842
-8860
-9021
-8204
-8406
-7989
-7628
-7569
-6790
-6384
-5879
-4852
-4449
-3173
-2267
-1448
69
849
2170
2968
3900
4864
5492
5930
6296
6178
6411
5992
5468
5075
4142
3686
2576
1932
1292
496
-12
-495
-835
-791
-1006
-754
-612
-527
184
245
883
1042
1450
2011
2287
2621
3001
3238
3794
4011
4269
4830
4943
5521
5596
6057
6286
6544
6789
6428
6479
6423
5944
5558
4476
3911
3120
1754
830
-629
-1838
-2769
-4405
-5314
-6315
-7449
-7757
-8956
-9213
-9286
-9937
-9412
-9833
-9587
-9063
-9037
-8256
-8157
-7824
-6821
-6628
-5933
-5339
-4955
-3903
-3553
-2716
-1803
-1322
-127
546
1348
2465
3247
4224
5040
5392
6325
6904
7103
7556
7233
7431
7219
6653
6201
5649
4491
4107
2847
2168
1400
111
-243
-1107
-1775
-1943
-2607
-2710
-2729
-3268
-2632
-2909
-2777
-2466
-2701
-2078
-2035
-1893
-1335
-1407
-945
-467
-217
601
654
1346
2078
2400
3273
3614
4231
4774
5133
5606
5683
5709
6079
5552
5533
4778
4364
3837
2816
2153
1046
183
-531
-1691
-2492
-3083
-3930
-4222
-5071
-5225
-5294
-5760
-5391
-5725
-5580
-5371
-5269
-4905
-4934
-4812
-4193
-4286
-3842
-3593
-3279
-2680
-2495
-1822
-1236
-638
288
932
1720
2774
3498
4558
5041
5801
6599
6577
7207
6972
6930
6665
5940
5422
4562
3542
2827
1424
492
-393
-1806
-2308
-3661
-4154
-4835
-5639
-5762
-6201
-6447
-6182
-6512
-6127
-5869
-5658
-4864
-4945
-4030
-3446
-2984
-2019
-1557
-610
264
1003
2180
2965
3872
5108
5641
6741
7367
8126
8738
9113
9512
9999
10079
10223
10131
9596
9907
8740
8549
7167
6517
5331
4075
2757
1445
100
-1382
-2341
-4000
-4499
-5844
-6268
-7085
-7672
-7666
-8001
-8092
-8209
-8207
-8075
-7892
-8005
-7717
-7875
-7555
-7507
-7387
-7204
-6843
-6692
-6092
-5736
-5024
-4216
-3578
-2398
-1759
-433
502
1635
2420
3469
4197
5025
5306
5857
5824
5748
6022
5238
5313
4319
4050
3487
2652
2171
1692
726
605
-219
-502
-637
-1505
-1158
-1782
-1817
-1628
-2030
-1575
-1692
-1799
-1122
-1299
-741
-659
-530
328
365
1033
1648
2014
2919
3410
4271
5185
5477
6472
6942
7348
7950
7943
8393
8185
8033
8163
7697
7652
6954
6721
6087
5271
4963
3622
3129
1603
604
-573
-1844
-3366
-4299
-6010
-6618
-7922
-9011
-8970
-10456
-10068
-10812
-10765
-10267
-10716
-9910
-9617
-9585
-8511
-8422
-7656
-7105
-7088
-5831
-5753
-5181
-4288
-4123
-3133
-2610
-2030
-611
-374
974
1884
2645
4273
4730
6093
6784
7478
8323
8693
8981
9251
8901
8938
8484
7610
7305
6172
5300
4249
2984
2208
893
-265
-1077
-2370
-3229
-3999
-4980
-5508
-6353
-6965
-7219
-7895
-8098
-8254
-8771
-8448
-8819
-8539
-8111
-8176
-7488
-7064
-6344
-5351
-4760
-3534
-2377
-1539
15
1071
2300
3534
4360
5687
6377
7030
7946
8061
8567
8686
8858
9048
8868
8778
8893
8302
8542
7747
7183
6992
5453
5225
3510
2587
1388
-191
-1385
-2498
-4189
-4695
-5997
-6939
-7058
-8299
-7616
-8421
-8236
-7626
-7801
-6946
-6616
-6272
-5254
-5180
-4432
-3874
-3843
-2875
-2939
-2500
-2045
-1963
-1327
-1030
-819
87
240
1201
1763
2268
3418
3864
4844
5329
6004
6572
6902
7030
7231
7036
6885
6468
5915
5388
4591
4002
3045
2324
1647
828
268
-375
-854
-1217
-1907
-1905
-2473
-2723
-2911
-3366
-3393
-3817
-3939
-4046
-4312
-4341
-4176
-4380
-3894
-3907
-3361
-2811
-2467
-1510
-977
49
1063
1770
3036
4038
5032
6136
6820
7894
8407
8850
9355
9308
9313
9168
8849
8571
8082
7774
7560
6966
6799
6358
6058
5583
4936
4563
3154
2825
1363
377
-877
-2542
-3467
-5024
-6254
-7306
-8587
-9385
-9805
-11050
-10628
-11301
-11019
-10673
-10914
-9552
-9460
-8550
-7483
-7159
-5926
-5168
-4514
-3357
-3367
-2197
-1647
-1379
-456
-198
527
1236
1439
2588
3055
3796
4836
5041
6318
6778
7452
8073
8217
8733
8686
8575
8428
7835
7290
6600
5549
4734
3599
2673
1530
353
-423
-1388
-2198
-2938
-3541
-3936
-4603
-4727
-5175
-5351
-5778
-6149
-6095
-6730
-6800
-7219
-7494
-7637
-7957
-7974
-7846
-8089
-7552
-7375
-6768
-5934
-5544
-4180
-3407
-2327
-974
-42
1423
2281
3267
4661
5231
6181
6697
7217
7702
7636
7880
7859
7519
7477
7147
6999
6721
6383
6497
6210
6144
6241
6180
6347
5977
6023
5754
5519
4771
3968
3481
2101
1307
-351
-1285
-2637
-3968
-5108
-5959
-7178
-7484
-8341
-8590
-8520
-8997
-8066
-8360
-7795
-7064
-6833
-5863
-5703
-5273
-4341
-4473
-3886
-3801
-3756
-3160
-3558
-3149
-2848
-2859
-2138
-1996
-1388
-526
-235
1117
1555
2461
3585
4141
5165
5503
6140
6683
6670
6742
6708
6357
6137
5310
4869
4232
3418
2816
1993
1519
970
461
213
-133
-254
-339
-384
-326
-469
-273
-355
-362
-512
-596
-742
-1018
-1455
-1753
-2124
-2784
-3004
-3679
-3794
-4364
-4520
-4685
-4702
-4666
-4431
-4299
-3889
-3436
-2985
-2314
-2000
-1374
-914
-510
-58
128
355
540
458
616
617
619
615
554
751
899
969
1271
1486
1830
2273
2597
3234
3506
4095
4574
5020
5376
5698
5817
6037
5891
5838
5493
4778
4769
3635
3479
2307
1791
1077
389
-234
-623
-1260
-1246
-1680
-1913
-1556
-2082
-1496
-1973
-1737
-1624
-1900
-1739
-2047
-2404
-2353
-2915
-3114
-3549
-4084
-3999
-4614
-4654
-4679
-4747
-4419
-4320
-3917
-3186
-2874
-1976
-1589
-769
37
527
1237
1619
2172
2456
2660
2751
2839
2623
2581
2176
1963
1584
1292
939
500
313
79
-88
-273
-392
-399
-458
-431
-402
-530
-458
-626
-637
-834
-967
-1066
-1376
-1488
-1624
-1681
-1709
-1793
-1810
-1511
-1484
-947
-834
-465
229
480
1205
1558
2067
2653
2817
3321
3646
3608
3956
3697
3700
3609
3096
3011
2378
1915
1597
865
663
70
-388
-539
-955
-967
-1114
-1194
-1010
-1115
-917
-595
-573
-238
-180
91
273
329
586
702
682
890
849
1076
1074
1163
1421
1420
1784
1544
2137
1923
2155
1982
1887
1891
1539
1190
946
441
-39
-332
-1223
-1142
-2210
-2237
-2717
-3290
-3187
-3730
-3616
-3714
-3866
-3422
-3373
-3191
-2699
-2664
-1906
-1798
-1416
-816
-640
-82
249
454
1146
1044
1588
1647
1757
2087
1955
2144
2031
2023
2059
1939
1742
1729
1400
1355
933
719
480
48
-225
-702
-917
-1306
-1690
-2027
-2404
-2683
-2997
-3259
-3415
-3687
-3710
-3816
-3783
-3701
-3658
-3397
-3264
-2993
-2678
-2376
-1984
-1683
-1320
-827
-614
-135
121
485
819
963
1380
1510
1817
1987
2137
2431
2393
2665
2642
2753
2796
2748
2806
2728
2568
2616
2345
2326
2189
1926
1954
1466
1485
1242
980
856
377
235
-104
-460
-610
-1049
-1250
-1531
-1809
-1815
-2021
-2029
-1956
-2058
-1816
-1814
-1547
-1289
-1231
-807
-698
-300
-60
220
581
818
1094
1431
1600
1985
2045
2293
2458
2231
2718
2177
2460
1982
1853
1751
1327
1043
890
287
362
-232
-481
-408
-1173
-843
-1419
-1368
-1363
-1800
-1557
-1797
-1965
-1659
-1995
-1765
-1989
-2088
-1678
-2010
-1706
-1627
-1602
-1164
-1227
-768
-401
-359
214
171
702
971
1119
1448
1447
1679
1796
1787
1836
1753
1658
1655
1332
1315
1036
935
614
403
274
42
-122
-402
-540
-669
-890
-881
-1084
-1106
-1147
-1248
-1149
-1315
-1250
-1248
-1334
-1284
-1328
-1321
-1282
-1399
-1165
-1092
-975
-780
-715
-321
-149
133
519
762
1198
1485
1829
2304
2521
2954
3192
3430
3718
3844
4039
4068
4062
4112
4006
3808
3693
3457
3250
2826
2614
2220
1854
1373
955
554
54
-321
-791
-1189
-1588
-1962
-2278
-2551
-2831
-2978
-3209
-3364
-3498
-3593
-3534
-3670
-3673
-3549
-3424
-3316
-3216
-2871
-2550
-2281
-1791
-1321
-773
-357
243
842
1366
1860
2357
2800
3167
3472
3779
3941
3988
4040
4073
4062
3948
3882
3833
3643
3561
3347
3447
2976
2801
2681
2305
2177
1441
1356
896
360
-37
-460
-1029
-1232
-2057
-2037
-2658
-3047
-3079
-3667
-3529
-3896
-3944
-3825
-4231
-4054
-3994
-4076
-3860
-4132
-3775
-3680
-3772
-3437
-3399
-3178
-2965
-3020
-2469
-2478
-2122
-1820
-1655
-1187
-977
-534
-126
149
597
989
1300
1666
1894
2285
2455
2628
2808
2900
2918
2816
2794
2626
2461
2218
1967
1748
1328
1113
881
565
384
27
-43
-266
-439
-487
-653
-696
-780
-872
-847
-1008
-1004
-957
-1121
-1029
-1107
-950
-876
-929
-684
-576
-388
-253
-178
149
248
408
596
736
944
1025
1121
1245
1260
1362
1370
1299
1302
1234
1234
1063
925
823
648
438
179
-22
-184
-401
-552
-733
-870
-986
-1126
-1155
-1276
-1291
-1371
-1425
-1418
-1424
-1302
-1230
-1181
-1011
-886
-686
-601
-482
-260
-171
-6
99
276
428
586
778
970
1101
1266
1402
1544
1673
1794
1925
1985
2061
2144
2197
2209
2133
2113
2059
1964
1836
1680
1541
1297
1088
842
625
291
33
-204
-431
-674
-845
-984
-1070
-1177
-1148
-1164
-1187
-1174
-1145
-1082
-1080
-1045
-992
-989
-988
-932
-908
-714
-850
-616
-785
-639
-622
-803
-676
-1048
-1006
-1156
-1353
-1436
-1622
-1843
-1732
-2247
-1950
-2301
-2335
-2255
-2537
-2161
-2310
-2169
-1945
-2074
-1708
-1627
-1540
-1271
-1425
-1073
-1085
-1031
-811
-865
-738
-695
-748
-395
-503
-205
-178
30
248
294
555
681
818
881
912
949
945
887
858
684
630
439
371
140
-13
-114
-321
-431
-628
-747
-785
-997
-935
-1081
-1161
-1169
-1312
-1160
-1206
-1174
-1106
-1132
-993
-934
-862
-683
-706
-543
-492
-428
-244
-210
-29
40
162
398
506
744
889
1158
1518
1730
2098
2348
2679
2925
3113
3344
3529
3650
3764
3751
3797
3745
3687
3608
3463
3427
3255
3129
2914
2762
2610
2369
2150
1899
1661
1438
1104
892
618
400
119
-218
-445
-732
-943
-1113
-1298
-1383
-1541
-1631
-1631
-1738
-1659
-1686
-1587
-1473
-1367
-1128
-952
-756
-577
-454
-279
-135
27
218
379
578
721
910
1071
1260
1415
1520
1659
1755
1897
2041
2149
2248
2286
2359
2439
2471
2501
2469
2428
2359
2222
2124
1981
1817
1642
1432
1288
1101
913
692
426
206
-36
-282
-543
-824
-1019
-1255
-1492
-1742
-2018
-2208
-2416
-2547
-2696
-2807
-2858
-2935
-2890
-2818
-2733
-2628
-2578
-2436
-2290
-2099
-1837
-1595
-1327
-1096
-868
-636
-441
-220
-47
127
268
387
531
635
712
754
755
827
730
751
730
662
630
378
339
62
-102
-284
-492
-581
-707
-872
-875
-1064
-1033
-1071
-1130
-1052
-1156
-1011
-1016
-976
-819
-771
-614
-568
-476
-291
-248
-93
-5
152
262
367
489
595
639
787
899
1032
1086
1156
1210
1225
1286
1333
1420
1417
1413
1430
1389
1431
1355
1354
1209
1083
954
874
754
627
521
217
251
-153
-175
-573
-827
-1005
-1293
-1485
-1675
-2016
-2007
-2236
-2279
-2161
-2330
-2021
-2067
-1833
-1543
-1437
-985
-792
-447
6
239
715
947
1266
1581
1747
2050
2259
2332
2471
2451
2625
2687
2623
2609
2492
2490
2325
2193
2000
1801
1499
1222
979
669
400
16
-360
-736
-1139
-1417
-1803
-2170
-2428
-2760
-2948
-3184
-3326
-3345
-3466
-3443
-3321
-3269
-3059
-3028
-2709
-2413
-2142
-1800
-1582
-1218
-954
-676
-316
-110
127
342
530
761
925
1159
1303
1393
1527
1584
1715
1696
1762
1862
1906
2062
1891
2020
1918
1950
1850
1855
1768
1734
1585
1515
1367
1245
1126
913
777
530
441
154
81
-133
-198
-400
-574
-624
-734
-857
-870
-955
-1015
-1077
-1174
-1164
-1296
-1323
-1369
-1426
-1454
-1493
-1525
-1550
-1570
-1540
-1542
-1528
-1533
-1483
-1423
-1289
-1134
-958
-795
-647
-503
-394
-275
-192
-123
-40
59
124
234
308
385
424
450
493
489
543
616
635
671
701
784
875
935
1056
1137
1221
1266
1307
1314
1346
1366
1353
1328
1281
1235
1208
1167
1131
1105
1072
1035
924
853
777
669
556
405
309
212
99
21
-90
-188
-320
-431
-492
-553
-622
-731
-866
-975
-1105
-1182
-1283
-1378
-1444
-1514
-1549
-1604
-1630
-1639
-1667
-1657
-1687
-1675
-1681
-1719
-1703
-1723
-1670
-1629
-1527
-1380
-1216
-1051
-908
-741
-609
-422
-183
48
304
559
779
1051
1281
1542
1773
1948
2133
2235
2320
2388
2412
2425
2418
2426
2404
2312
2235
2110
1966
1772
1566
1367
1169
959
741
501
222
-47
-325
-549
-748
-927
-1097
-1258
-1441
-1609
-1754
-1868
-1950
-2004
-2017
-2001
-1965
-1949
-1896
-1816
-1713
-1575
-1461
-1338
-1194
-1022
-860
-777
-700
-605
-527
-492
-455
-402
-336
-292
-243
-202
-130
-125
-128
-108
-76
-8
38
141
254
343
412
503
590
668
749
800
865
880
931
973
1013
1076
1120
1150
1123
1119
1099
1096
1065
1028
992
968
904
801
691
579
484
337
215
73
-15
-113
-243
-376
-504
-590
-697
-798
-879
-931
-1013
-1127
-1194
-1221
-1191
-1170
-1182
-1171
-1168
-1122
-1127
-1133
-1107
-1038
-939
-854
-791
-709
-636
-558
-449
-391
-296
-191
-125
-33
28
108
168
222
316
482
694
823
1039
1100
1286
1413
1437
1609
1579
1630
1663
1668
1671
1631
1563
1570
1473
1428
1354
1236
1147
1010
934
865
822
729
647
489
334
179
32
-80
-236
-325
-428
-520
-625
-766
-788
-872
-863
-877
-875
-822
-873
-822
-844
-811
-763
-776
-730
-708
-652
-597
-641
-628
-681
-696
-684
-733
-655
-661
-668
-642
-655
-598
-606
-604
-563
-604
-583
-589
-529
-496
-431
-329
-208
-107
-54
81
190
322
446
582
714
836
954
1085
1218
1371
1484
1598
1702
1774
1900
1923
1951
1943
1915
1924
1853
1859
1813
1762
1702
1605
1517
1385
1239
1111
929
782
629
457
332
89
-99
-259
-451
-618
-806
-1020
-1208
-1378
-1534
-1628
-1734
-1840
-1939
-2024
-2057
-2064
-2067
-2042
-1994
-1947
-1884
-1829
-1737
-1634
-1548
-1470
-1390
-1334
-1263
-1147
-1019
-858
-732
-618
-484
-351
-186
-68
55
152
225
342
475
614
767
850
906
912
950
1009
995
1018
1006
1024
1011
932
899
907
876
817
728
706
695
675
653
631
598
563
551
535
525
502
517
569
602
672
747
805
870
906
943
946
936
927
933
927
886
844
774
692
617
549
458
361
289
229
158
30
-55
-175
-266
-338
-348
-384
-428
-524
-621
-668
-824
-942
-1135
-1292
-1471
-1597
-1708
-1797
-1910
-1962
-2002
-1958
-1949
-1897
-1797
-1668
-1461
-1287
-1083
-865
-701
-495
-354
-176
-3
99
220
267
357
421
491
565
627
659
684
718
807
897
1012
1072
1129
1207
1287
1349
1402
1383
1321
1220
1125
1049
925
805
661
524
379
207
45
-96
-233
-371
-483
-579
-648
-717
-745
-708
-670
-646
-698
-687
-703
-690
-725
-736
-766
-762
-756
-722
-699
-696
-705
-703
-641
-579
-499
-460
-390
-331
-260
-179
-97
-10
56
122
228
330
417
416
407
387
385
372
371
391
397
395
378
364
344
324
313
337
358
339
357
379
412
418
420
377
326
259
207
159
81
36
-33
-110
-194
-225
-252
-221
-228
-194
-188
-142
-85
-56
4
43
90
111
145
187
247
305
320
314
316
332
323
303
296
310
317
320
321
285
250
193
137
105
24
-72
-149
-216
-252
-328
-403
-486
-545
-588
-632
-653
-656
-648
-600
-543
-477
-416
-356
-259
-175
-35
121
265
364
480
618
759
861
925
967
961
946
930
934
905
862
799
736
721
648
556
440
332
229
104
-23
-151
-257
-377
-499
-630
-756
-879
-996
-1085
-1129
-1158
-1203
-1226
-1249
-1224
-1186
-1148
-1070
-972
-875
-791
-714
-600
-444
-313
-185
-101
-41
-24
-11
-16
-36
-48
-39
-11
16
67
119
197
209
218
236
232
236
243
302
401
399
380
355
347
388
401
425
430
401
391
391
398
409
385
312
258
226
247
268
260
276
314
362
386
299
304
383
319
280
317
273
280
300
207
154
88
-34
-88
-72
-76
-37
-34
-35
-5
27
79
81
83
117
128
121
94
15
-19
-87
-173
-223
-255
-272
-323
-363
-411
-463
-519
-559
-582
-610
-620
-632
-610
-571
-511
-449
-391
-342
-261
-175
-105
-32
46
126
182
281
378
468
524
550
599
642
660
675
692
684
681
673
645
616
593
596
586
559
530
474
442
393
348
323
274
220
174
156
134
116
123
125
97
89
77
65
36
-15
-69
-144
-193
-256
-290
-369
-436
-522
-565
-621
-737
-752
-829
-864
-897
-968
-1071
-1107
-1144
-1168
-1188
-1224
-1277
-1302
-1274
-1246
-1155
-1088
-1034
-986
-867
-721
-618
-493
-373
-234
-73
61
172
301
422
516
586
644
695
732
746
750
738
722
678
620
573
537
477
403
303
230
202
172
196
211
285
348
367
394
395
423
474
499
585
650
678
688
659
686
693
652
642
605
582
528
443
399
338
263
192
112
22
-45
-142
-248
-359
-448
-540
-642
-729
-806
-902
-1025
-1111
-1161
-1161
-1123
-1085
-1033
-971
-966
-927
-849
-741
-598
-452
-309
-157
-37
92
190
294
382
455
545
593
639
659
650
581
523
515
516
492
448
427
387
339
297
292
306
318
310
304
295
297
308
303
327
322
326
309
297
276
253
238
224
216
185
184
180
175
163
141
151
142
161
162
101
33
-55
-147
-230
-306
-348
-373
-412
-460
-498
-535
-563
-607
-664
-699
-741
-764
-762
-769
-743
-720
-695
-633
-591
-519
-455
-458
-493
-542
-574
-573
-576
-540
-522
-525
-506
-506
-494
-469
-438
-374
-318
-252
-148
-13
135
293
489
633
789
935
1068
1190
1267
1338
1428
1497
1557
1614
1637
1626
1569
1504
1486
1464
1426
1383
1278
1153
1018
868
744
618
519
373
171
-11
-176
-346
-528
-715
-835
-940
-1100
-1249
-1384
-1422
-1466
-1496
-1501
-1462
-1398
-1309
-1247
-1156
-1043
-938
-809
-665
-488
-367
-289
-197
-94
47
155
232
332
404
482
537
538
557
595
642
675
676
690
656
641
637
614
622
629
609
603
557
517
448
374
361
340
332
326
316
295
275
231
232
164
119
196
229
204
163
193
179
203
223
239
205
198
162
77
-21
-109
-181
-252
-304
-378
-483
-568
-649
-718
-736
-779
-805
-831
-863
-909
-974
-1015
-1022
-998
-952
-936
-889
-863
-861
-810
-723
-647
-536
-392
-305
-222
-142
-51
23
95
200
286
356
413
450
526
573
617
655
657
678
673
668
636
605
597
565
504
467
423
385
394
352
352
332
328
334
327
359
369
394
446
486
535
607
628
648
628
619
632
597
569
499
467
430
339
259
147
-12
-201
-376
-532
-661
-807
-927
-1066
-1180
-1308
-1438
-1543
-1638
-1682
-1707
-1696
-1683
-1649
-1606
-1520
-1404
-1287
-1147
-1017
-825
-617
-370
-144
44
220
419
610
796
1008
1165
1288
1359
1456
1546
1581
1543
1484
1436
1378
1297
1204
1133
1030
937
799
654
529
394
284
162
75
17
-47
-86
-97
-94
-89
-102
-89
-63
-30
39
86
145
202
243
281
294
295
276
219
158
76
-33
-177
-330
-500
-675
-808
-915
-1003
-1094
-1179
-1265
-1357
-1429
-1471
-1489
-1506
-1521
-1509
-1480
-1454
-1402
-1335
-1235
-1077
-925
-748
-588
-433
-282
-115
106
300
456
620
760
870
981
1083
1201
1292
1329
1382
1387
1339
1244
1128
1042
964
863
766
674
567
463
355
267
201
145
115
89
55
42
22
-3
0
41
108
155
151
149
140
127
78
23
-27
-77
-145
-243
-330
-408
-455
-512
-543
-521
-523
-567
-619
-668
-715
-768
-815
-817
-778
-718
-672
-646
-598
-506
-396
-289
-191
-78
51
199
357
492
623
733
853
981
1100
1191
1244
1275
1306
1292
1224
1135
1048
971
878
756
603
441
310
195
68
-52
-150
-269
-389
-500
-586
-641
-697
-736
-750
-757
-756
-762
-777
-732
-667
-575
-501
-459
-387
-307
-249
-204
-138
-82
-17
34
77
140
199
239
252
260
278
268
249
249
238
255
265
259
266
264
262
218
163
129
131
109
74
36
9
-3
-50
-72
-115
-166
-195
-212
-231
-242
-261
-332
-403
-449
-447
-469
-492
-519
-529
-553
-601
-632
-636
-607
-594
-566
-519
-453
-397
-331
-270
-199
-121
-71
-3
58
127
186
236
279
299
334
358
355
354
341
296
244
210
201
170
124
63
4
-29
-72
-101
-121
-156
-189
-229
-252
-275
-307
-309
-310
-287
-239
-189
-134
-54
22
107
192
261
329
379
445
501
551
607
648
687
708
701
701
701
669
655
671
683
662
633
596
562
536
507
478
451
421
362
272
185
91
0
-90
-180
-279
-366
-450
-531
-614
-698
-745
-798
-845
-896
-944
-992
-1045
-1084
-1080
-1047
-982
-891
-800
-703
-644
-604
-559
-488
-387
-293
-206
-118
-17
106
218
330
484
636
772
887
994
1105
1188
1232
1275
1307
1345
1366
1344
1289
1212
1107
1002
878
727
574
417
249
75
-82
-215
-337
-451
-544
-632
-740
-842
-916
-960
-987
-1027
-1055
-1063
-1043
-1026
-1013
-988
-942
-875
-806
-731
-678
-621
-573
-516
-464
-432
-390
-328
-254
-158
-55
54
173
284
406
503
573
638
689
748
791
819
841
831
817
811
809
811
797
808
805
746
689
642
607
578
529
474
413
349
260
166
71
-14
-138
-281
-405
-529
-627
-752
-843
-990
-1030
-967
-896
-877
-907
-858
-759
-690
-650
-557
-472
-329
-237
-138
-89
-34
72
192
275
302
353
431
479
456
453
411
418
442
377
284
201
164
106
36
-50
-127
-205
-255
-342
-453
-518
-544
-538
-563
-594
-587
-561
-521
-465
-386
-277
-153
-11
130
205
296
424
557
659
740
799
856
903
936
965
971
1012
1050
1050
992
915
873
843
799
737
655
551
469
362
251
140
53
-62
-195
-296
-405
-512
-620
-696
-791
-877
-955
-1011
-1042
-1106
-1144
-1166
-1124
-1083
-1070
-1086
-1117
-1129
-1107
-1083
-1024
-926
-841
-754
-696
-627
-550
-446
-330
-240
-160
-69
52
174
290
404
521
614
694
796
904
980
1024
1079
1131
1145
1141
1120
1087
1053
982
919
870
837
798
720
648
574
518
