2
-10
-15
-22
-26
-25
-24
-14
-6
2
6
11
21
34
41
46
53
60
65
72
79
83
86
85
81
76
71
71
77
87
95
104
110
111
105
91
74
55
43
37
36
42
55
66
76
82
79
74
65
54
40
24
12
5
3
5
8
12
16
24
30
31
27
19
9
-1
-16
-31
-45
-53
-60
-61
-56
-48
-31
-14
3
14
19
17
10
0
-12
-29
-47
-69
-92
-119
-138
-151
-156
-150
-139
-126
-113
-106
-103
-114
-133
-153
-173
-190
-201
-200
-194
-183
-171
-154
-134
-118
-100
-82
-68
-65
-74
-88
-112
-139
-163
-180
-187
-185
-169
-144
-116
-89
-64
-49
-43
-47
-57
-69
-85
-96
-103
-99
-88
-64
-32
-1
29
47
56
53
42
27
11
-3
-13
-17
-17
-3
18
42
71
96
117
127
130
127
116
104
90
83
82
88
97
108
123
135
143
147
151
152
154
160
163
170
177
179
179
175
170
163
155
152
147
150
151
153
157
161
166
171
182
192
197
200
196
188
178
172
166
161
163
167
168
170
171
172
169
167
164
157
148
138
130
121
117
115
115
119
118
112
104
87
65
40
24
10
5
10
18
30
42
55
56
52
43
24
2
-23
-46
-65
-75
-76
-73
-67
-59
-51
-46
-47
-52
-63
-75
-88
-101
-109
-118
-124
-126
-121
-116
-111
-103
-94
-87
-79
-78
-81
-84
-83
-78
-73
-60
-48
-36
-29
-33
-40
-53
-69
-87
-103
-110
-110
-101
-87
-74
-60
-53
-45
-43
-43
-46
-49
-51
-54
-53
-45
-38
-30
-12
14
38
59
69
71
69
58
43
30
17
10
14
26
41
59
77
86
87
78
64
47
33
25
19
15
17
25
32
35
37
38
43
37
29
21
8
-3
-11
-16
-18
-12
-5
-2
-2
-3
-4
-3
-11
-20
-29
-37
-41
-37
-22
-14
-2
9
18
20
13
6
-8
-19
-31
-33
-30
-29
-22
-17
-15
-20
-23
-28
-40
-51
-63
-78
-89
-96
-97
-101
-106
-109
-101
-93
-88
-83
-74
-76
-88
-102
-111
-115
-108
-97
-87
-78
-79
-83
-82
-83
-90
-95
-97
-95
-85
-73
-65
-56
-52
-55
-62
-63
-57
-57
-59
-58
-49
-38
-30
-24
-12
-1
1
-2
-7
-18
-29
-34
-38
-37
-28
-14
0
7
14
16
10
-3
-15
-21
-32
-37
-31
-15
1
24
56
86
110
126
132
127
109
76
39
10
-12
-25
-19
3
36
68
100
128
145
155
148
131
113
92
69
47
34
31
45
68
88
105
114
112
93
61
32
9
-7
-13
-7
3
12
33
59
85
101
112
109
90
65
35
6
-16
-32
-36
-31
-14
9
31
37
31
27
14
-13
-39
-53
-57
-59
-55
-45
-24
8
37
60
76
81
61
25
-16
-51
-81
-108
-119
-112
-97
-75
-44
-13
-1
-2
1
-2
-18
-43
-63
-83
-112
-141
-161
-156
-144
-128
-109
-98
-86
-73
-66
-70
-71
-66
-60
-54
-57
-67
-79
-86
-88
-81
-65
-51
-40
-32
-25
-18
-10
7
25
41
44
42
42
41
42
52
74
81
72
68
62
52
39
38
27
17
18
32
41
54
89
115
112
91
75
60
50
42
35
32
34
24
2
-9
-5
-3
1
11
29
40
45
39
33
22
4
3
23
32
36
56
87
92
90
86
73
53
29
10
-9
4
27
36
31
29
35
33
27
22
9
-28
-76
-103
-113
-127
-124
-108
-96
-88
-66
-30
7
41
63
53
23
-18
-57
-88
-93
-75
-63
-59
-44
-4
40
73
104
119
118
94
59
25
9
28
42
42
36
41
52
55
70
64
32
-15
-55
-76
-94
-88
-73
-68
-87
-94
-72
-42
-44
-70
-120
-191
-241
-257
-249
-285
-275
-478
-987
-1421
-1024
-113
375
153
-205
-401
-525
-382
211
938
1124
656
-109
-331
66
754
1035
1004
811
523
233
196
622
997
974
619
339
89
-313
-374
48
480
113
-445
-651
-546
-571
-540
-302
-224
-367
-574
-591
-413
-70
115
-32
-150
-135
-198
-352
-103
285
242
-110
-232
-121
-161
-96
119
240
110
-27
-108
-197
-98
95
62
-165
-211
-197
-372
-440
-181
8
-135
-211
-73
-22
-91
-27
121
141
182
277
289
241
369
438
402
389
584
517
310
167
-97
-433
-345
370
300
-409
-891
-503
-484
-660
-509
-241
-575
-1044
-871
-455
-289
-320
-470
-640
-572
-126
166
206
352
527
533
586
1116
1541
1520
1319
1436
1606
1692
1895
2115
2047
1693
1520
1521
1569
1621
1597
1262
781
580
527
311
72
61
-133
-637
-1009
-996
-1166
-1689
-1964
-1700
-1440
-1660
-1988
-2089
-2045
-2060
-1792
-1227
-759
-763
-977
-983
-706
-202
305
564
523
423
415
405
551
955
1249
1001
570
483
557
452
359
518
478
62
-361
-472
-516
-701
-840
-951
-1125
-1258
-1247
-1222
-1279
-1217
-1110
-1069
-1033
-712
-507
-544
-602
-359
29
174
433
551
824
223
-669
-875
773
2331
1574
-115
-760
-304
-715
-306
1153
1869
217
-1697
-1789
-1005
-108
396
304
-518
-1253
-1379
-1419
-741
308
615
-342
-826
-145
313
228
431
1379
1626
1334
1256
1639
1895
1917
2346
2733
2875
2595
2348
2171
2250
2512
2445
2170
2050
2141
1596
850
654
1001
819
184
-103
-187
-691
-1286
-1385
-1591
-2273
-2671
-1987
-1569
-2105
-2864
-2743
-2537
-2662
-2241
-1157
-701
-1365
-1733
-1257
-690
-269
480
1036
654
156
322
732
877
1254
1761
1413
636
477
902
844
558
747
814
131
-614
-534
-374
-734
-1089
-1007
-1042
-1477
-1569
-1385
-1338
-1593
-1445
-1215
-1118
-1193
-946
-756
-680
-503
-9
404
-771
-2210
-1970
1173
2730
1081
-1476
-1438
-723
-780
88
1999
2262
-275
-2198
-1916
-355
858
1007
35
-1192
-1435
-1330
-1272
-409
794
625
-762
-724
701
1453
1030
1182
1897
1985
1850
2309
3120
3056
2559
2250
2575
3217
3700
3571
2903
2468
2214
1983
1874
2333
2410
1478
212
-335
-138
-157
-252
-899
-2339
-3881
-3757
-2155
-1534
-2615
-3904
-4043
-4219
-4180
-2916
-845
-621
-2257
-3045
-1991
-578
163
1015
1562
944
94
445
1693
2453
2736
2704
2191
1454
1538
2163
2137
1659
1427
1327
564
-76
51
133
-649
-1546
-1468
-1196
-1535
-2057
-2109
-2038
-2438
-2508
-2018
-1275
-1494
-2644
-3566
-2648
-258
710
-246
-1424
-1068
-918
-789
495
2500
2406
307
-832
-190
972
1558
1762
1354
446
-173
-417
-189
376
810
24
-1165
-1196
-603
-683
-1179
-683
23
37
-82
493
1063
831
632
959
1859
2665
3067
2786
2310
2383
2631
2939
3456
4363
4390
3500
2825
2929
3074
2821
2756
2607
1996
1054
353
49
-196
-277
-1368
-3421
-4993
-3990
-2123
-2412
-4626
-5811
-5278
-5364
-5555
-3972
-1416
-1751
-4276
-4855
-2493
-451
-201
256
1121
822
-258
148
2105
3364
3278
2739
2487
2205
2239
2534
2613
2334
2011
1713
892
208
108
133
-713
-1628
-1684
-1352
-1890
-2796
-2951
-2584
-2769
-3627
-3859
-3383
-2614
-2452
-2423
-2464
-2182
-2045
-1660
-944
185
811
545
159
421
1107
1465
1588
1859
1922
1525
1025
1030
1283
1247
891
496
236
-87
-369
-667
-632
-477
-307
-298
-179
144
270
190
288
846
1394
1746
2101
2527
2583
2467
2673
3318
3846
4124
4270
4435
4375
4263
4050
3868
3585
3323
2925
2526
2151
1687
887
-24
-790
-2366
-4474
-5390
-3462
-1936
-3530
-6811
-7451
-6477
-6395
-6448
-4044
-1815
-3474
-6552
-6134
-2694
-723
-629
37
1001
409
-698
331
2847
4299
4029
3458
3198
2968
2890
3059
3367
3349
3122
2446
1391
540
316
174
-644
-1469
-1716
-1726
-2656
-3773
-4026
-3370
-3749
-5583
-6411
-4478
-1826
-2174
-4437
-4994
-3342
-2426
-2068
-483
1539
1085
-799
-918
1099
2924
3305
2862
2322
2016
1929
1711
1880
2546
2622
1253
70
390
909
135
-682
-49
697
447
-3
249
431
11
-115
615
1819
2554
2485
1861
1660
2347
3181
3809
4530
5283
4951
4225
4287
5209
5475
4953
4569
4092
3339
2833
3003
2669
1599
352
-1809
-4848
-6150
-3305
-714
-2921
-7806
-9034
-7628
-7559
-7928
-5025
-1920
-4052
-8656
-8543
-3862
-977
-1272
-880
646
295
-1446
-515
3124
5484
4830
3738
3950
4327
4115
3962
4534
4793
4257
3307
2447
1665
1091
541
-268
-1186
-1506
-1466
-2403
-4047
-4855
-4177
-4624
-6790
-7559
-4787
-2218
-3634
-6450
-5964
-3649
-2970
-2767
-619
1309
306
-1440
-731
1671
3300
3547
2985
2483
2540
2698
2291
2283
3163
3057
1224
124
855
1173
-190
-936
116
871
321
-197
15
42
-461
-444
549
1631
1931
1472
1187
1592
2459
3286
3952
4580
4995
5061
5187
5543
6033
6150
5757
5096
4518
4232
4093
3795
3017
1993
151
-3042
-6106
-5807
-2327
-1134
-5114
-9729
-10126
-8813
-9140
-8496
-4637
-2770
-6784
-11040
-8808
-3432
-1434
-1973
-818
659
-540
-2011
245
4411
6053
4942
4268
4825
5108
4677
4711
5546
5939
5235
3959
2925
2191
1493
663
-210
-870
-1213
-1766
-3258
-4833
-5357
-4697
-5157
-7139
-8036
-6090
-3846
-4581
-6503
-6097
-4143
-3456
-3132
-1098
1081
707
-649
-136
1940
3452
3765
3449
3169
3087
3103
2722
2628
3236
3123
1654
551
908
1080
-110
-955
-208
446
-2
-605
-569
-484
-839
-711
60
1018
1432
1261
1210
1734
2609
3262
3707
4608
5659
6003
5925
6082
6654
7184
7365
7393
7069
6133
5137
4313
4180
3913
3307
1045
-3355
-7486
-7209
-2932
-1206
-5613
-10681
-11306
-10416
-11318
-10364
-5315
-2806
-7728
-12767
-10287
-4387
-2401
-2982
-1096
882
-650
-2563
-44
4840
6695
5445
4865
5630
5851
5186
5218
6416
6906
6089
4755
3653
2920
2048
1032
-70
-906
-1236
-1777
-3398
-5206
-5895
-5416
-5977
-7952
-8582
-6652
-4528
-5229
-7017
-6643
-4856
-3891
-3107
-998
1036
700
-524
49
2153
3872
4329
4027
3768
3571
3446
3088
3132
3665
3270
1787
777
963
897
-303
-1064
-442
14
-379
-954
-1040
-1044
-1266
-939
-224
532
914
913
1007
1563
2522
3289
3672
4465
5727
6337
6445
6528
7117
7564
7767
8183
8286
7507
6186
5248
4840
4483
3556
2539
-117
-4618
-8457
-7145
-2500
-2212
-8130
-12742
-12109
-10820
-12246
-10615
-5085
-3782
-9887
-13766
-9307
-3152
-2321
-2939
-501
1086
-931
-2267
1467
6239
7026
5527
5163
6132
6148
5641
6030
7031
7044
5994
4503
3384
2550
1649
620
-731
-1509
-1779
-2539
-4457
-6314
-6451
-5829
-6717
-8843
-9285
-7187
-5117
-5767
-7103
-6627
-5084
-4128
-3186
-705
1312
947
-232
258
2325
3989
4547
4335
3972
3574
3324
2983
3195
3643
3167
1729
642
787
538
-559
-1153
-501
-11
-542
-1151
-1196
-1102
-1210
-777
155
1120
1261
935
988
1851
3309
4326
4928
5492
6059
6462
6826
7388
7981
8316
8582
8764
8492
7735
6939
6408
5772
4921
3804
2790
797
-3603
-8196
-8311
-3611
-1806
-7021
-12826
-12962
-11177
-12390
-11987
-6684
-3523
-8583
-13969
-11269
-4677
-2553
-3212
-1145
1042
-258
-2223
416
5248
7207
6302
5660
6221
6295
5937
6008
6860
7385
6958
5449
3713
2750
2183
1267
-235
-1112
-1236
-2127
-4337
-6241
-6189
-5758
-6369
-6945
-7378
-8410
-9248
-7270
-4294
-4051
-5764
-5718
-4380
-3451
-1334
1609
3028
2087
962
1723
2709
3718
4817
4797
3773
3040
2916
2553
2127
1915
1503
383
-250
-179
-420
-1283
-1566
-1016
-832
-910
-898
-824
-1083
-1322
-916
-46
932
1716
2037
2049
2449
3277
4062
5136
6567
7775
7565
6952
6960
7553
8070
8425
8669
8468
7511
6116
5270
5280
5234
3594
1616
-877
-4617
-8751
-8341
-3281
-2040
-8033
-13972
-13325
-10918
-11784
-10852
-6121
-4112
-9436
-13433
-9842
-3951
-2253
-2512
-785
314
-644
-888
1874
5193
6503
6376
5868
5663
5933
6525
6394
6362
6711
6975
5465
3481
2516
1692
1042
-456
-544
-324
-1728
-4076
-6298
-6407
-6062
-5960
-5915
-6198
-7685
-9256
-8239
-5115
-3695
-4619
-5637
-4508
-2768
-1541
105
1722
2061
1286
1167
2503
3943
4695
4115
3222
2690
2901
3018
2472
2068
1646
756
-227
-341
122
-191
-883
-823
-373
-330
-870
-1034
-594
-355
152
491
1095
1369
1513
1933
2709
3872
4695
5316
5998
6593
6517
6234
6743
7643
8092
8040
8191
7835
7138
6304
6245
5890
5063
3823
2012
481
-2251
-5726
-8663
-6828
-2861
-3888
-10371
-14523
-12353
-10637
-11499
-9851
-5046
-4964
-11153
-13317
-8257
-2680
-2292
-2249
-728
-108
-1197
-898
3056
6153
6815
5898
5021
5063
5713
6542
6623
6712
6968
6740
4747
2779
2424
2382
1095
-386
-723
-995
-2816
-5266
-6209
-5925
-5754
-6266
-6376
-6996
-9017
-10238
-8061
-4139
-3574
-5759
-6449
-4582
-3038
-2167
-121
2021
2039
778
1029
2525
4003
4330
3886
3223
3011
3324
2990
2318
1984
2049
1325
396
195
386
-206
-1143
-810
-46
24
-834
-1054
-696
-457
-166
393
1195
1343
1285
1558
2408
3413
4177
4850
5516
6228
6348
6233
6402
7118
7730
7696
7419
7224
6904
6650
6378
5995
4996
4067
2855
786
-1425
-4166
-6198
-6503
-3230
-1015
-5404
-12944
-14870
-10416
-7408
-7315
-5779
-4321
-8121
-13456
-11311
-3935
10
-1288
-2131
-1997
-2658
-2328
1155
4830
5550
4546
2839
872
1023
5173
8644
7496
4955
4408
4098
1940
2191
5070
5278
1341
-1340
-950
-1086
-3017
-3390
-2589
-3730
-5560
-5813
-4973
-6305
-8178
-8230
-6390
-4249
-3266
-3821
-5561
-5951
-4085
-1352
630
1676
1724
-71
-1471
-395
2577
3897
3294
2399
1875
1263
1180
2097
2847
2464
1339
1425
1297
1256
1362
912
806
471
979
950
473
309
315
369
489
1370
1866
1586
1454
2265
3328
3977
4290
4690
5034
5171
5505
5861
6392
6374
6111
6037
6493
6995
6425
5680
5236
5450
5401
4953
3533
1110
-1429
-4055
-5715
-5257
-2567
-2011
-6535
-11912
-12593
-10161
-9274
-8652
-6299
-5164
-8665
-11869
-9829
-5258
-2867
-2432
-1572
-1387
-2048
-1651
540
2827
4500
5641
5558
4418
4229
5491
5849
5716
6552
7697
6440
3782
2736
2744
1813
668
736
511
-1626
-4126
-5128
-5337
-5625
-5646
-5456
-5981
-7577
-8777
-9427
-9105
-7613
-5064
-3617
-4360
-5697
-5531
-3695
-1526
869
2515
2651
1519
865
1788
3158
4280
4557
4134
3214
2570
2500
2628
2547
2410
2167
1567
989
475
59
-459
-546
-115
179
-11
-612
-1046
-1174
-740
155
999
1239
1151
1153
1497
2271
3075
3875
4215
4743
5265
5520
5504
5803
6652
7099
6848
6415
6310
6266
5933
5745
5867
6288
5892
4219
1187
-3187
-6540
-6491
-1914
1017
-2511
-9722
-13371
-12019
-10225
-8189
-4767
-2996
-6909
-12492
-12183
-6949
-2850
-1754
-1397
-1780
-3246
-3608
-1042
2001
3850
4888
5055
4003
3096
4242
5413
5187
5462
6994
7213
4625
2633
2665
2506
1095
689
1293
80
-2799
-5605
-7602
-8915
-7401
-4094
-3892
-8057
-11830
-11660
-9400
-6842
-3638
-1930
-3586
-6491
-6103
-2534
922
2793
3416
2649
1502
1762
3722
5310
5569
5529
5345
4743
4287
4562
4734
3919
3420
3805
3804
2530
1096
368
-60
-447
-110
312
-299
-1641
-2401
-2141
-1310
-239
711
951
850
1027
1479
2107
3396
5243
6288
5695
5095
5717
6836
7271
7457
8109
8214
7100
5800
5754
6421
6552
5396
2747
-1807
-5968
-6315
-2652
-213
-3161
-8879
-12355
-12692
-11749
-9768
-6739
-5659
-8401
-12127
-12180
-8789
-5193
-3241
-2616
-2794
-3120
-2457
-735
1267
3108
4617
5090
4629
4642
5539
5977
5646
6136
7464
7741
6066
4259
3404
2732
1732
1272
946
106
-1971
-4063
-5191
-5831
-5669
-5592
-5721
-6383
-7199
-7917
-8831
-9090
-7439
-4442
-3212
-4645
-5986
-4864
-2560
-900
434
1983
2419
1356
763
2013
3860
4519
4049
3430
3043
2867
2769
2660
2414
2270
2027
1488
929
572
339
-284
-742
-406
107
-68
-808
-1187
-998
-634
-153
519
1014
1116
1168
1495
2114
2950
3746
4157
4437
4869
5418
5622
5830
6267
6569
6431
6132
6299
6338
5969
5429
5287
5227
4778
4321
3864
3718
2316
-1624
-6748
-7753
-2582
2005
-1089
-8599
-11884
-10435
-9417
-8534
-4748
-1531
-5004
-11318
-12098
-7042
-2692
-1618
-1665
-2211
-3482
-3648
-1745
524
2148
3489
3949
2621
1750
3231
4606
4007
3661
5616
6718
4523
2026
2032
2607
1718
898
1369
1035
-1185
-3286
-3822
-3669
-3668
-3559
-3622
-4438
-5448
-5743
-5644
-5694
-5616
-4970
-3948
-3268
-3042
-3177
-3149
-2507
-1261
77
816
1008
1018
1080
1257
1793
2606
3164
2932
2327
2058
2121
2147
1908
1671
1547
1285
808
323
38
-165
-344
-338
-187
-255
-565
-916
-945
-636
-136
334
523
519
666
1075
1612
2090
2533
2832
2952
3144
3567
4102
4323
4397
4478
4691
4777
4887
4970
5031
4958
4942
4932
4808
4574
4564
4680
4511
4263
2839
-882
-5671
-6010
-602
3586
-103
-7505
-10335
-8643
-7752
-7157
-3973
-1377
-4895
-10962
-11869
-7392
-3406
-2479
-2809
-3692
-5042
-5086
-3255
-1299
27
1440
2224
951
-250
1155
3238
3300
2879
4607
6267
4884
2390
2251
3461
3438
2587
2616
2501
767
-1356
-2167
-1904
-1814
-2011
-2436
-3403
-4690
-5362
-5367
-5546
-5806
-5410
-4220
-3704
-4279
-4990
-4692
-3508
-2038
-617
223
43
-380
-111
913
1952
2665
3184
2994
2190
1783
2289
2957
2848
2352
2199
1990
1416
780
680
763
506
273
201
-38
-693
-1260
-1169
-748
-475
-308
-327
-507
-585
-96
782
1411
1582
1714
1887
2174
2628
3277
3868
4177
4586
4986
5182
5121
5351
5871
6242
6201
6337
6375
6056
5386
5318
5910
6071
5883
4553
1057
-4146
-5707
-927
4378
2094
-5548
-9915
-8888
-7744
-7495
-5038
-1923
-3960
-10093
-12816
-9658
-5199
-3206
-3304
-4513
-6230
-6471
-4563
-2510
-1291
255
1967
1383
-529
-104
2681
4274
3922
4538
6317
6218
4077
3101
4066
4808
4319
3989
3585
2010
-105
-951
-694
-789
-1199
-1393
-2034
-3906
-5407
-5166
-4605
-5186
-5875
-4700
-3456
-4270
-6094
-5871
-3875
-2181
-1514
-907
-764
-1170
-1207
-24
1435
2080
2388
2345
1680
1015
1635
2967
3146
2059
1564
1969
1880
932
578
1075
1123
426
2
70
-240
-1023
-1231
-801
-614
-766
-870
-886
-1168
-1149
-347
596
793
660
919
1488
1942
2356
3005
3434
3731
4059
4398
4315
4179
4751
5823
6130
5584
5005
5171
5429
5458
5522
5740
5652
5035
4635
3337
12
-4110
-3703
1141
4183
-163
-7060
-9609
-7812
-6431
-5676
-4018
-3249
-6574
-11161
-11833
-8488
-4654
-3120
-3918
-6380
-8226
-7073
-4103
-2349
-1908
-869
523
10
-1356
-439
2373
4114
4028
4315
5359
5148
3883
3512
4518
5414
5270
4760
3860
2417
1207
1138
1521
1173
203
-425
-1250
-2719
-3968
-3772
-2972
-3661
-5600
-6364
-4995
-3746
-4233
-5530
-5641
-4719
-3608
-2772
-2326
-2188
-2046
-1594
-965
-466
461
1616
1867
1054
515
1502
2809
2898
2345
2158
2458
2254
1731
1678
1908
1954
1692
1290
791
149
-62
175
155
-78
-253
-148
-378
-735
-481
309
767
629
510
865
1349
1756
2302
2583
2580
2789
3654
4367
4181
3797
4219
5054
5382
5156
5124
5302
5331
5155
5157
5218
5301
5224
5039
4747
3469
745
-3021
-3800
-389
3547
1665
-4913
-9804
-9081
-6255
-4511
-4203
-4456
-6554
-9855
-11322
-9648
-6395
-4304
-4310
-6385
-8634
-8478
-5521
-2758
-2132
-2393
-1562
-567
-602
-678
645
2759
4102
4619
4949
5010
4690
4600
5104
5716
5817
5581
5130
4095
2643
1819
1994
2246
1563
412
-523
-1435
-2508
-3256
-3315
-3443
-4458
-5361
-5500
-5086
-5261
-5836
-6127
-5854
-5125
-3971
-3207
-3198
-3750
-3404
-2198
-1042
-372
211
849
968
736
1149
2278
3185
3444
3368
3409
3182
3061
3277
3584
3380
2937
2814
2776
2180
1470
1323
1506
1315
692
274
-11
-296
-559
-421
-224
-120
-184
-60
56
163
454
899
1315
1499
1844
2286
2628
2719
2986
3415
3953
4214
4416
4426
4490
4635
4988
5202
5120
4926
4970
5042
4894
4512
3342
911
-1965
-2154
822
3222
799
-4708
-8149
-7358
-4856
-3212
-3221
-4624
-7089
-8872
-8734
-7248
-5634
-4488
-4188
-5459
-7238
-7198
-4756
-2248
-1534
-1857
-1707
-1202
-800
-182
934
2152
3093
3910
4267
3812
3183
3510
4603
5216
4868
4281
3785
3062
2136
1618
1642
1592
1063
236
-724
-1765
-2497
-2597
-2246
-2433
-3555
-4973
-5551
-4888
-3779
-3458
-4352
-5544
-5673
-4409
-2854
-2172
-2448
-2690
-2339
-1577
-758
46
730
1081
1037
1174
1529
2059
2484
2838
2865
2593
2469
2716
2904
2592
2134
2001
2098
1877
1459
1043
717
415
336
421
233
-349
-759
-695
-546
-697
-822
-596
-302
-186
-132
130
467
770
1112
1464
1638
1706
2002
2429
2692
2705
2870
3219
3399
3311
3354
3725
4026
3997
3786
3680
3662
3792
3903
3989
3484
2109
-147
-1727
-977
1654
2910
516
-3759
-6095
-5206
-2879
-1340
-1620
-3449
-5825
-6900
-6275
-4820
-3883
-3534
-3736
-4644
-5838
-5940
-4554
-2752
-1963
-2073
-2377
-2530
-2401
-1729
-560
431
1001
1278
1507
1377
1234
1602
2665
3519
3570
3002
2468
2240
2260
2547
2849
2750
2074
1492
1088
811
234
29
197
234
-606
-2128
-3273
-3290
-2032
-997
-1310
-3302
-4892
-4941
-3282
-1847
-1526
-2469
-3456
-3976
-3280
-2193
-1230
-1025
-1152
-1268
-1359
-1195
-470
640
1353
1481
1172
1192
799
1621
1898
2452
2892
2764
3015
2178
1950
1337
1215
1767
2100
2355
1281
669
207
249
664
573
445
77
435
467
167
-188
-164
528
1029
1023
588
441
870
1393
1899
2110
2058
1955
2039
2374
2537
2503
2559
2856
3095
3152
2844
2601
2651
3019
3242
2979
2073
442
-860
-387
1479
2497
899
-2076
-4184
-3921
-2249
-866
-904
-2428
-4489
-5491
-4871
-3597
-3035
-3098
-3391
-3803
-4361
-4485
-3839
-2784
-1925
-1548
-1600
-1921
-2055
-1583
-568
313
765
1044
1260
1186
953
953
1508
2054
2462
2375
2201
1715
1207
1137
1495
1884
1619
1072
526
212
-139
-385
-234
-14
-180
-812
-1620
-2310
-2660
-2314
-1552
-1020
-1518
-2668
-3520
-3357
-2278
-1038
-391
-846
-1888
-2247
-1880
-546
136
309
419
-252
-188
-144
685
1207
1342
1594
1235
1298
981
788
1102
1365
1837
1819
1510
993
693
816
1134
1539
1121
903
508
423
603
638
790
543
541
263
151
347
622
833
751
623
544
579
599
557
554
585
643
710
723
691
617
542
497
660
757
737
675
678
762
949
1026
1067
1057
1108
1277
1534
1761
1657
1365
801
277
421
1229
1827
1329
25
-1007
-1111
-444
369
632
-30
-1422
-2334
-2362
-1831
-1167
-1416
-1564
-2295
-2903
-2947
-2859
-2417
-2413
-2191
-2178
-2271
-2538
-2746
-2198
-1649
-1148
-902
-817
-717
-624
-225
150
570
720
666
669
650
665
754
865
937
950
1023
985
792
595
504
686
771
685
507
265
23
-52
-7
-68
-393
-587
-400
-29
-48
-570
-1095
-1112
-694
-178
25
-420
-903
-1301
-1002
-316
-55
-182
-811
-1018
-896
-800
-514
-432
-500
-560
-559
-647
-512
-566
-104
314
225
159
-242
-150
-43
280
639
837
773
425
443
526
816
1044
1242
1297
1146
1039
1046
1156
1246
1291
1226
1074
781
659
768
864
861
723
554
373
145
-50
45
214
171
11
-193
-235
-193
-99
99
255
229
47
-6
118
256
323
385
424
365
321
357
490
597
553
402
348
384
466
490
443
335
271
263
315
206
-265
-146
-180
244
386
-57
-208
-779
-814
-791
-568
-483
-679
-744
-1029
-1005
-1048
-998
-768
-793
-726
-716
-601
-656
-711
-554
-447
-344
-354
-328
-306
-318
-336
-262
-95
1
-27
-59
-109
-124
-111
-129
-122
-78
-23
2
-107
-219
-249
-183
-218
-305
-279
-328
-452
-619
-638
-580
-545
-578
-617
-589
-545
-504
-385
-305
-306
-345
-222
-30
118
238
291
319
-225
22
367
1050
1591
1013
694
104
183
613
1088
1352
987
620
93
129
415
520
712
465
241
-58
-112
-191
-341
-363
-482
-441
-470
-519
-574
-580
-682
-647
-422
-185
-99
-148
-229
-208
-59
147
375
522
510
589
750
815
825
856
969
976
1040
1054
1085
1017
935
892
888
901
842
749
610
467
359
356
304
191
-345
-521
-518
-238
223
6
-268
-758
-991
-873
-594
-199
-109
-166
-555
-767
-617
-408
12
188
248
75
-81
-171
-70
194
370
530
495
334
84
15
105
270
374
343
192
-12
-230
-358
-341
-286
-238
-68
-106
-258
-484
-635
-544
-379
-157
-72
-52
-267
-518
-518
-277
47
238
242
86
-71
-84
43
310
510
557
466
334
290
358
490
568
513
408
251
204
82
-221
3
104
511
477
-3
-308
-665
-456
-215
42
-58
-380
-646
-873
-617
-430
-350
-429
-656
-643
-587
-335
-263
-189
-203
-252
-119
10
135
226
225
150
181
284
394
427
362
252
216
223
225
273
331
248
185
103
66
34
-18
-145
-246
-225
-214
-286
-455
-537
-508
-478
-524
-566
-567
-609
-704
-707
-575
-437
-487
-605
-664
-574
-431
-364
-357
-319
-278
-275
-248
-123
52
109
67
108
217
316
289
356
460
542
337
97
324
444
793
736
442
213
-8
137
270
403
365
299
133
-60
88
207
370
355
296
272
214
242
205
337
409
433
361
236
166
209
336
381
358
309
185
117
113
162
164
83
-23
-58
-78
-109
-96
-190
-345
-468
-453
-375
-349
-388
-437
-508
-567
-580
-490
-372
-354
-410
-369
-268
-151
-9
135
232
221
299
502
710
850
920
949
953
958
1033
1137
1161
1106
1039
975
906
830
776
742
649
423
186
54
-18
-135
-320
-558
-750
-882
-1067
-1254
-1382
-1426
-1466
-1479
-1477
-1468
-1480
-1440
-1369
-1242
-1181
-1200
-967
-754
-405
-198
-231
-182
-89
130
310
494
634
750
795
703
804
858
843
811
760
706
577
458
298
203
113
4
-82
-173
-299
-401
-463
-527
-557
-602
-656
-642
-578
-555
-569
-523
-444
-296
-139
-18
127
217
196
229
398
560
651
676
615
531
509
561
603
552
486
404
307
225
165
132
92
16
-104
-239
-331
-342
-298
-267
-346
-526
-642
-648
-533
-404
-283
-154
-140
-216
-283
-135
176
462
631
687
700
745
864
1079
1330
1464
1403
1234
1141
1151
1191
1158
1066
968
805
577
331
158
11
-170
-368
-549
-695
-859
-1010
-1123
-1235
-1336
-1367
-1317
-1273
-1288
-1280
-1249
-1216
-1133
-976
-796
-709
-689
-660
-486
-227
-52
25
68
173
327
416
472
576
624
569
521
532
584
626
618
491
286
112
56
133
169
104
-51
-264
-441
-465
-318
-164
-146
-235
-318
-381
-377
-256
-61
107
120
54
44
66
102
190
314
373
364
303
265
287
293
306
307
293
217
107
33
28
15
-67
-126
-177
-228
-283
-341
-350
-387
-434
-446
-393
-394
-405
-368
-366
-372
-354
-259
-133
-65
-40
59
215
302
336
399
486
575
708
870
958
913
806
783
802
806
849
916
833
548
288
235
311
345
273
118
-96
-317
-477
-510
-462
-439
-475
-572
-701
-773
-742
-638
-549
-483
-465
-530
-593
-545
-369
-192
-90
-39
-32
-64
-79
-21
95
169
208
232
218
183
167
165
160
160
143
116
91
46
-25
-157
-296
-298
-218
-219
-289
-299
-270
-288
-307
-246
-145
-121
-135
-91
-35
-29
-24
115
296
368
340
319
329
307
343
450
512
467
362
298
260
225
240
299
311
189
49
-45
-58
-34
32
76
-27
-220
-368
-356
-268
-188
-140
-174
-277
-420
-451
-354
-214
-120
-101
-125
-236
-305
-216
-7
140
144
114
76
29
31
145
291
345
286
197
141
83
74
126
194
196
132
62
-5
-66
-58
0
7
-30
-75
-120
-190
-242
-217
-156
-103
-125
-172
-185
-161
-110
-74
-32
46
124
124
105
105
183
272
319
333
287
261
247
269
333
359
318
228
130
71
83
94
36
-46
-104
-165
-241
-304
-326
-310
-357
-415
-421
-388
-391
-419
-400
-339
-275
-198
-99
-13
28
35
102
229
354
446
487
486
459
461
509
545
536
537
556
542
452
328
279
288
290
214
115
7
-144
-260
-308
-279
-287
-399
-512
-558
-577
-599
-601
-575
-513
-485
-464
-427
-382
-283
-157
-54
-37
-14
88
200
230
206
239
245
202
175
205
212
139
70
53
27
-78
-160
-146
-146
-182
-225
-267
-307
-364
-313
-229
-221
-276
-322
-258
-148
-75
-58
-10
97
185
205
195
291
439
543
561
561
588
601
609
586
565
491
401
330
270
205
114
7
-137
-294
-397
-468
-511
-556
-629
-748
-856
-856
-820
-803
-774
-708
-656
-664
-660
-521
-300
-140
-57
26
118
186
264
407
566
695
757
727
694
694
725
747
735
719
685
584
434
315
285
265
192
127
41
-129
-299
-387
-369
-357
-443
-550
-621
-646
-673
-648
-518
-367
-269
-255
-220
-133
-32
88
265
422
475
478
473
482
509
554
593
566
469
345
238
154
110
87
22
-133
-316
-413
-410
-414
-445
-487
-555
-637
-657
-604
-535
-482
-416
-327
-289
-274
-191
-7
203
342
395
432
494
552
647
789
861
848
766
690
654
647
639
604
531
370
184
45
-13
-58
-147
-273
-450
-650
-808
-844
-771
-714
-776
-926
-1006
-991
-902
-750
-555
-402
-374
-413
-396
-283
-84
132
252
227
110
54
110
238
351
407
381
220
46
8
105
202
234
225
138
-44
-173
-105
30
67
36
-15
-75
-148
-150
-32
94
128
136
185
210
166
143
245
397
467
456
417
347
290
307
356
368
307
183
55
-54
-115
-129
-130
-172
-284
-404
-500
-534
-542
-550
-548
-555
-547
-556
-534
-450
-356
-275
-204
-119
-29
89
244
396
492
518
576
678
792
875
951
1008
966
867
821
868
872
788
716
633
480
303
200
163
86
-49
-180
-301
-450
-587
-661
-669
-690
-682
-679
-725
-804
-807
-663
-520
-450
-367
-266
-239
-242
-161
-6
138
209
242
243
223
222
268
328
334
290
228
137
38
8
59
72
-35
-185
-304
-382
-436
-445
-427
-441
-524
-632
-671
-608
-509
-445
-389
-318
-254
-225
-182
-63
79
168
218
290
362
378
387
423
477
508
507
485
414
334
292
260
182
83
30
-37
-164
-276
-323
-341
-392
-457
-486
-504
-548
-573
-546
-466
-374
-324
-328
-325
-263
-154
-63
6
92
145
166
228
384
540
566
528
560
654
724
762
812
818
745
650
619
618
579
518
456
353
230
131
53
-13
-31
-22
-73
-199
-288
-288
-276
-263
-219
-175
-225
-340
-393
-354
-302
-273
-234
-211
-272
-364
-344
-202
-88
-56
-52
-59
-70
-33
64
173
220
203
180
177
194
228
292
365
391
330
246
232
277
326
336
313
259
187
137
133
161
166
122
70
46
42
11
-14
-24
-60
-117
-159
-168
-198
-281
-356
-408
-432
-421
-411
-445
-534
-596
-555
-461
-389
-341
-297
-248
-193
-98
30
130
154
170
240
358
411
383
358
371
412
432
419
396
347
281
221
187
177
134
54
-54
-119
-148
-180
-242
-340
-416
-436
-432
-440
-488
-548
-590
-578
-528
-447
-353
-271
-241
-244
-184
-20
165
255
281
340
421
467
507
621
732
722
646
601
609
587
507
435
372
284
176
52
-69
-177
-261
-346
-443
-515
-546
-609
-719
-782
-742
-680
-679
-688
-649
-597
-564
-506
-365
-201
-104
-56
-11
88
244
401
533
617
659
692
748
841
930
945
863
745
647
603
589
545
408
192
-23
-169
-250
-293
-334
-431
-602
-772
-843
-786
-681
-634
-664
-718
-731
-680
-587
-470
-335
-210
-158
-142
-68
88
266
396
500
606
679
699
716
769
848
887
851
741
587
445
341
255
165
43
-126
-335
-561
-709
-754
-751
-781
-881
-1016
-1097
-1069
-951
-834
-750
-694
-678
-664
-588
-392
-178
-53
23
107
181
238
348
541
709
748
727
731
735
702
709
777
794
687
531
431
369
304
250
217
146
-23
-225
-379
-441
-447
-458
-514
-602
-685
-727
-707
-596
-459
-364
-309
-242
-139
-41
33
154
331
477
522
482
439
452
519
601
619
543
417
299
216
181
215
256
196
25
-133
-194
-185
-153
-115
-120
-253
-448
-526
-432
-276
-205
-219
-267
-300
-266
-158
14
177
251
239
214
238
334
482
612
643
571
496
478
486
492
487
453
337
170
31
-32
-82
-160
-262
-379
-495
-594
-665
-721
-747
-737
-754
-824
-869
-805
-681
-625
-612
-558
-485
-434
-359
-212
-65
-19
-12
58
155
244
338
455
535
512
454
461
524
563
552
512
457
356
245
186
166
146
79
2
-74
-172
-254
-288
-267
-266
-318
-372
-412
-411
-381
-331
-270
-227
-199
-150
-89
-69
-60
-4
82
119
122
136
146
132
132
172
197
133
72
95
134
112
76
102
106
58
28
74
126
134
141
181
186
132
153
270
340
297
239
263
323
337
351
432
506
500
462
433
474
533
528
480
409
354
298
250
254
265
213
93
-19
-39
-21
-20
-63
-102
-114
-133
-159
-177
-197
-195
-148
-105
-116
-131
-94
-35
-13
3
58
109
105
88
93
75
60
79
100
45
-39
-76
-49
-48
-67
-64
-79
-145
-225
-200
-118
-116
-178
-215
-223
-227
-253
-257
-247
-271
-322
-372
-327
-228
-184
-250
-336
-288
-173
-75
1
0
-66
-116
-116
-24
48
9
-61
-116
-126
-95
-45
-13
-2
-39
-96
-66
58
148
106
-2
-35
40
127
172
176
141
103
106
184
247
228
168
142
126
136
197
238
228
141
75
80
89
67
38
36
26
-24
-62
-72
-21
-2
-5
1
-7
-35
-71
-30
62
116
63
-15
-8
54
94
116
115
95
44
42
101
174
201
156
109
82
91
109
138
128
89
35
10
17
22
41
54
25
-32
-63
-52
-5
-1
-38
-91
-139
-155
-179
-174
-112
-74
-105
-159
-135
-93
-72
-51
-39
-46
-58
-76
-89
-97
-98
-105
-160
-192
-177
-146
-170
-237
-244
-241
-237
-270
-311
-284
-276
-243
-223
-226
-192
-194
-174
-187
-192
-151
-130
-154
-136
-33
67
94
33
24
107
160
168
196
233
242
236
270
311
288
167
100
117
140
159
207
168
48
-87
-143
-139
-143
-126
-182
-301
-409
-457
-417
-377
-380
-368
-362
-355
-347
-310
-219
-142
-77
-38
29
43
33
105
216
319
322
268
247
309
407
471
463
415
386
339
311
316
315
264
238
189
89
10
-31
-2
-13
-115
-215
-293
-372
-330
-198
-83
-83
-141
-142
-74
-49
13
124
222
292
177
131
191
166
196
256
354
255
237
7
178
229
458
57
157
-223
186
-493
-2930
-948
-97
1278
224
-1313
-1445
106
728
-873
-1717
-2138
-1393
-701
794
1006
162
-1696
-1048
768
1129
267
-1504
-1604
-833
1179
1517
231
-346
-458
17
-416
-32
816
1592
1383
-30
83
1067
759
-1277
-2405
-1953
-445
280
405
658
695
160
-188
231
77
216
27
297
936
1688
2004
1679
946
36
-451
-262
212
668
1395
977
645
400
42
-81
-534
-466
201
721
830
893
694
72
-544
-1159
-1185
-541
33
279
51
-183
-397
-714
-788
-588
-391
-120
-109
117
510
265
8
-410
-604
-492
-156
472
758
469
-240
-568
-553
-529
-208
-13
159
85
14
175
107
-50
-339
-391
-83
263
698
823
516
104
-203
-190
118
454
622
480
283
98
18
51
-117
-158
-79
-14
215
237
193
-156
-406
-394
-264
218
334
292
131
-118
-171
-143
-63
-5
76
37
44
168
167
42
-240
-414
-335
-109
111
243
97
-235
-523
-722
-555
-303
-167
-182
-236
-256
-261
-187
-349
-403
-273
-131
135
301
364
298
185
41
123
451
653
704
630
565
477
454
452
381
323
187
81
86
158
69
-98
-262
-407
-366
-277
-258
-299
-376
-429
-409
-381
-391
-292
-226
-201
-119
-45
50
63
-23
-49
71
256
414
479
364
227
155
92
121
228
336
333
182
-19
-87
-57
-55
-55
-49
-26
-13
-47
-73
-23
4
-34
-52
37
122
109
44
54
129
109
55
-5
-57
-90
-83
-54
-45
-109
-239
-345
-434
-438
-373
-335
-345
-445
-515
-506
-455
-419
-367
-301
-271
-233
-188
-123
-68
-16
19
103
257
387
429
455
449
465
558
658
724
693
600
505
429
398
417
385
333
253
133
33
-39
-21
-39
-157
-304
-397
-386
-299
-249
-244
-283
-389
-440
-383
-290
-256
-238
-247
-225
-181
-145
-146
-191
-193
-176
-97
-6
29
-15
-73
-65
-70
-48
26
95
127
101
81
174
315
377
402
398
395
422
493
600
719
755
662
541
489
544
639
626
495
326
225
184
171
195
169
37
-128
-225
-207
-107
-74
-160
-272
-346
-341
-321
-318
-333
-387
-443
-449
-386
-293
-233
-267
-329
-373
-314
-229
-164
-142
-171
-178
-170
-120
-43
-17
-49
-67
-77
-12
65
85
114
121
88
93
142
187
241
259
254
215
170
141
142
178
147
136
173
168
146
113
72
38
4
-31
-80
-122
-128
-149
-214
-286
-362
-440
-489
-502
-522
-517
-500
-515
-511
-508
-540
-584
-547
-466
-381
-365
-365
-301
-259
-252
-231
-135
-41
-10
23
123
222
268
307
383
449
458
468
516
587
580
553
584
621
589
516
470
417
420
418
390
335
220
120
61
10
-77
-126
-204
-313
-352
-329
-326
-375
-421
-492
-537
-541
-480
-396
-351
-316
-284
-263
-260
-249
-193
-99
-68
-80
-72
-26
-9
16
6
-24
-23
-45
6
80
151
168
155
117
113
132
94
203
157
270
336
216
299
289
231
292
288
271
387
365
343
327
219
206
155
135
152
84
75
-2
-77
-50
-112
-187
-186
-345
-435
-403
-475
-432
-424
-488
-490
-571
-674
-672
-667
-583
-519
-528
-477
-444
-360
-244
-161
-50
55
100
180
289
412
524
545
547
611
640
689
736
764
804
753
694
681
611
541
495
393
311
237
183
158
111
34
-62
-170
-293
-378
-392
-356
-331
-337
-393
-462
-536
-539
-534
-479
-386
-348
-335
-379
-391
-352
-279
-250
-222
-170
-180
-178
-110
-38
19
20
-21
-57
-68
-44
-17
32
66
88
126
74
9
-15
51
145
168
275
295
237
156
110
163
199
281
315
317
266
204
177
155
140
138
171
166
140
136
166
118
66
39
70
130
19
-135
-181
-195
-205
-183
-206
-265
-334
-416
-380
-306
-233
-206
-261
-306
-323
-253
-126
-33
-10
-20
-90
-120
-53
22
130
160
174
155
172
233
290
368
435
516
534
706
631
605
635
556
594
595
608
613
637
579
455
390
280
219
97
69
80
72
71
-107
-182
-248
-323
-344
-313
-280
-331
-431
-487
-447
-493
-578
-653
-622
-610
-576
-490
-422
-368
-422
-437
-418
-332
-220
-129
-18
40
89
133
181
277
329
395
422
453
482
502
536
519
510
473
421
396
391
358
295
231
184
114
23
-60
-137
-186
-224
-260
-338
-408
-438
-473
-475
-466
-500
-534
-541
-495
-420
-350
-274
-188
-103
-53
57
223
353
411
432
455
497
533
593
647
641
571
480
413
390
408
438
385
234
84
-14
-63
-138
-146
-131
-182
-322
-454
-476
-490
-513
-517
-471
-415
-381
-349
-325
-267
-137
-8
83
189
264
278
295
327
395
472
545
522
435
355
327
361
410
450
395
298
171
50
22
-16
-56
-140
-294
-457
-609
-682
-706
-696
-720
-747
-742
-761
-749
-682
-596
-522
-411
-256
-139
-133
-134
-73
37
200
321
372
352
307
305
372
450
493
471
389
314
269
252
231
157
35
-97
-200
-281
-324
-362
-459
-573
-609
-604
-589
-547
-571
-592
-583
-521
-404
-307
-265
-242
-182
-128
-46
56
146
223
225
227
284
383
465
500
506
519
515
470
467
511
531
455
367
316
271
238
188
182
130
83
76
57
22
-54
-98
-76
-52
-100
-91
-71
-72
-61
-72
-53
-19
11
34
53
69
87
111
73
31
51
82
55
31
32
22
-3
-61
-74
-63
-121
-201
-196
-135
-124
-155
-164
-132
-90
-97
-85
7
90
84
38
44
55
65
57
36
67
71
62
74
54
51
24
-19
-10
-31
-88
-113
-87
-56
-110
-188
-229
-253
-318
-264
-284
-312
-229
-487
-424
-270
-342
-251
-186
-200
-47
47
-2
146
208
160
253
274
401
506
435
407
432
421
475
444
356
355
217
162
118
64
-16
-121
-207
-349
-413
-489
-501
-567
-630
-643
-684
-697
-757
-772
-670
-540
-461
-380
-314
-259
-178
-87
43
221
338
373
417
499
601
742
862
903
889
873
827
797
859
900
887
773
553
400
338
299
268
192
72
-90
-230
-303
-347
-388
-477
-557
-627
-695
-686
-633
-607
-589
-586
-575
-541
-471
-374
-286
-187
-116
-74
-15
68
124
165
215
247
271
272
248
197
119
37
-5
-13
0
-26
-120
-198
-248
-297
-310
-315
-341
-356
-352
-371
-376
-341
-304
-242
-202
-176
-91
-3
87
182
306
380
394
413
455
539
615
680
724
689
