79
-35
-99
-7
29
-152
76
-69
-10
31
-24
53
-66
46
-108
24
-85
-92
41
-175
24
-70
-98
-29
-144
-65
-112
-28
-95
-62
-27
-75
23
-86
-81
16
-59
-25
-57
-66
17
-5
-221
122
-150
-163
56
-200
-110
-82
-34
-206
0
-128
-157
-29
-70
-182
-34
-22
-115
14
-108
59
-158
-39
-2
-99
-99
-58
-21
-62
-157
77
-231
-28
-7
-243
145
-147
41
-109
132
7
-33
51
40
90
-80
148
-9
72
38
32
46
39
-101
137
-37
-12
154
-180
325
-159
138
20
54
129
-142
264
65
-115
343
-19
-34
301
-175
256
-7
87
1
161
119
-204
275
-59
66
7
46
77
-66
302
-219
158
133
-121
248
-170
194
79
-185
430
-208
41
230
-111
56
8
50
-64
156
-119
135
-1
-16
226
-136
175
40
57
184
-13
142
123
84
72
143
15
101
177
-109
204
38
-35
188
-91
120
-58
13
146
-121
150
-110
204
-166
82
87
-263
308
-229
-3
141
-139
-104
69
-145
96
-335
-6
77
-430
129
-270
-62
-318
134
-278
-469
451
-467
-174
-5
-162
38
-328
18
19
-390
149
-143
-252
-46
-68
-136
-351
159
-357
-122
-104
-100
-156
-246
186
-247
-234
160
59
-354
40
338
-460
188
139
-280
140
-56
131
-116
-61
250
-109
-128
510
-258
-162
674
-254
-80
477
-33
-246
757
-255
-114
860
-873
1026
-345
-230
831
-409
66
457
-323
89
616
-841
566
165
-507
453
23
-356
361
126
-522
541
-123
-149
187
99
-277
103
229
-453
387
-345
-70
473
-689
281
102
-181
-83
192
71
-174
383
-418
612
-174
-45
495
-329
311
226
-314
349
242
-467
339
299
-383
181
215
-372
530
-411
78
463
-658
619
-346
143
246
-602
556
-114
-349
199
169
-248
-247
584
-438
-64
179
35
-339
156
233
-437
11
560
-481
-294
865
-676
-116
631
-514
-107
202
76
-301
-106
373
-518
288
-141
-325
202
-152
-239
-160
315
-660
8
195
-878
522
-360
-295
75
-208
52
-378
100
29
-362
149
-48
45
-520
681
-510
-140
586
-757
916
-921
507
465
-615
424
-118
626
-385
286
142
97
129
-37
131
-27
314
-379
674
-913
1100
-428
-476
1278
-1077
1023
-586
486
149
-331
720
-463
412
-168
382
-282
-42
554
-266
-217
383
52
-345
368
-33
-368
558
-78
-579
550
64
-547
387
-194
224
-468
353
127
-601
606
-266
-58
174
-154
-12
51
-152
331
-916
982
-445
-674
1201
-1234
794
-709
298
312
-986
1058
-799
267
-177
219
-501
218
317
-904
601
-54
-381
-173
562
-792
195
147
-565
635
-720
306
286
-681
835
-567
336
263
-455
871
-1057
1390
-892
320
697
-1013
1049
-495
137
147
-43
-67
380
-434
308
-150
195
-335
-58
587
-889
512
-182
-562
1032
-1405
746
-152
-866
1159
-1249
661
-200
-450
536
-696
495
-247
-179
559
-833
549
285
-918
1126
-823
484
382
-913
1259
-1033
639
241
-951
1512
-1320
547
492
-1393
1917
-1676
641
592
-1446
1528
-997
447
-152
-331
806
-859
463
162
-662
870
-493
-174
766
-941
895
-604
231
582
-906
905
-313
46
507
-447
552
-152
164
48
-24
610
-697
594
105
-323
478
-120
52
-36
243
-223
272
-152
-112
331
-365
-57
347
-350
-83
377
-603
367
-93
-143
-249
324
-244
41
-23
-225
347
-413
237
-239
97
-169
135
62
-477
573
-418
0
119
-229
181
-77
-247
262
-333
250
-256
-25
198
-388
482
-701
905
-1096
898
-307
-471
1264
-1689
1175
-154
-729
906
-852
437
-275
-53
456
-983
807
-487
-200
604
-1149
1002
-811
199
66
-578
849
-1106
601
-36
-415
596
-694
411
232
-784
831
-685
345
12
-594
1013
-1051
723
-191
-367
959
-1176
757
146
-647
722
-349
-138
831
-1136
957
-380
-88
503
-907
1163
-898
353
77
-250
647
-1004
829
63
-731
1046
-692
482
-208
-19
674
-853
428
534
-955
787
220
-952
1118
-254
-173
267
180
295
-212
-51
854
-616
384
129
-5
117
-158
441
-565
475
-291
236
-176
23
441
-757
749
-298
-419
909
-835
367
-136
106
38
-821
868
-630
258
-397
264
61
-482
1164
-1360
976
-18
-404
674
-473
698
-933
905
-232
-123
337
-435
551
-531
663
-490
349
120
-502
617
-335
-70
247
-549
454
-224
-50
-57
-190
529
-1050
1190
-1097
324
115
-633
696
-701
459
-615
474
-72
-523
630
-473
121
263
-390
216
-138
133
34
-366
252
-264
279
46
-352
259
-3
-444
422
-341
-121
-135
-13
51
-368
-199
-42
11
-273
-279
516
-664
198
-15
-159
205
-260
262
-421
384
-88
-207
292
-134
-428
823
-1034
790
-341
-272
577
-500
625
-500
111
660
-782
744
-200
-135
642
-581
736
-654
536
40
-470
406
6
-521
557
-221
-249
545
-473
477
-148
-4
341
-134
-133
523
-344
52
350
-470
321
-332
318
-329
435
-316
116
466
-664
442
-380
444
-782
572
-224
-276
405
-480
460
-485
569
-947
1090
-308
-425
1009
-982
887
-550
-3
358
-318
4
339
-312
415
-186
71
213
-246
459
-451
573
-352
138
371
-663
572
-75
-430
640
-687
436
125
-778
829
-670
442
-251
-468
916
-1151
808
-314
-402
1057
-1307
1045
-125
-672
1126
-710
84
414
-378
359
1
-337
598
-573
458
-464
337
-212
-218
437
-758
766
-477
-234
235
-172
-112
45
-342
199
108
-706
611
-437
31
44
-469
114
544
-690
-268
766
-779
382
-132
-434
704
-448
245
-268
352
290
-331
428
-516
1060
-433
-232
499
-181
224
-165
85
481
-366
-33
287
208
-713
435
237
-831
1108
-986
145
361
-316
-518
286
236
45
-605
402
452
-450
243
-273
442
-165
49
-45
339
206
-301
-28
740
-331
-298
1186
-1152
920
38
-248
592
-497
266
76
113
-406
542
-157
61
-116
21
-150
78
-369
-162
307
-882
740
-635
447
-927
592
177
-1232
1510
-1238
892
-155
-370
540
-205
82
-198
175
178
-191
520
-474
352
420
-605
650
-269
354
-328
675
-498
410
39
-651
946
-841
718
-521
302
24
-251
277
-147
-165
-123
149
-247
-572
632
-785
3
273
-1024
1248
-1262
1004
-1285
1092
-565
-557
1188
-1732
1602
-1026
262
304
-1178
1479
-1161
-64
960
-1261
780
-576
463
-515
-141
367
-631
315
-107
-13
124
-415
530
-72
-546
526
-49
-279
105
285
-430
278
-145
87
102
59
-383
219
298
-468
335
-432
711
-587
207
411
-701
922
-734
159
535
-228
-243
471
-40
16
254
-591
912
-648
574
-392
971
-498
73
749
-712
1037
-876
567
208
-75
150
77
294
-517
677
-487
11
365
-116
-489
337
76
-352
-80
-235
194
-569
122
-188
-131
-419
493
-557
-466
911
-1210
872
-484
199
-110
337
-120
-195
589
-113
-184
221
647
-1328
1786
-1284
799
364
-886
1354
-1308
1655
-1441
912
-88
-264
617
-967
1456
-1221
597
-216
-179
156
-281
-207
185
-406
-205
405
-1122
1350
-1704
585
289
-653
310
58
-172
290
-51
-399
870
-886
508
188
-41
-46
187
311
-197
-33
394
-264
-169
489
-243
-33
140
-148
-388
718
-569
-477
1155
-1297
521
-117
-226
284
-414
-71
-320
764
-854
-398
798
-590
103
-334
373
-314
-374
761
-771
851
-614
262
80
-24
569
-1105
1332
-627
348
219
-324
775
-556
423
-53
661
-694
444
357
-475
355
-209
376
-314
-4
488
-266
469
-894
1122
-838
173
546
-783
336
-329
599
-1295
773
-533
59
113
-515
499
-372
155
-323
633
-769
884
-659
287
502
-658
326
88
390
-397
315
-30
556
-697
563
-182
122
91
-543
1070
-940
901
-969
1156
-639
183
125
-439
1218
-1638
1425
-1458
697
36
-788
400
-463
683
-1574
1448
-1183
481
201
-1058
1111
-975
727
-862
444
-261
-105
407
-501
390
332
-626
719
25
-363
989
-749
709
207
-99
-29
723
-902
488
482
-1251
1635
-1321
488
202
-645
458
-579
412
-477
213
-545
389
-234
-262
1
-248
325
-552
-310
726
-949
172
381
-834
694
-649
234
59
-250
102
0
111
-4
30
-88
131
-232
82
-75
-190
582
-608
475
27
-421
485
-287
-88
376
-255
137
130
-489
569
-497
-180
269
-360
379
-466
524
-116
-298
446
-357
331
-286
-44
759
-458
326
78
158
-91
419
-200
-234
1293
-1667
2016
-1235
425
552
-733
616
-380
714
-929
1326
-1099
1057
-162
-112
386
-217
153
-32
-210
-103
-111
-284
745
-1160
915
-844
678
-720
418
-109
-346
1008
-1390
1623
-1006
472
-136
-276
66
139
-48
-634
1219
-839
280
335
-470
271
-71
204
-374
525
-735
998
-685
138
966
-1585
1342
-404
-18
90
-24
414
-422
408
428
-704
313
382
-1123
823
-253
-149
371
-723
870
-458
-1123
1669
-1597
36
751
-958
774
-305
-271
-234
1000
-2051
1663
-753
-774
1746
-2160
1686
-299
-1336
1352
-582
-630
837
-735
5
99
-21
-428
385
-571
-163
486
-468
11
437
-461
564
-591
568
-599
326
-194
-409
854
-1132
978
-592
184
-495
332
110
-492
498
-191
759
-726
1011
-618
118
918
-1198
870
716
-1400
1573
-725
595
-135
-256
439
186
-243
-188
1636
-1499
1248
-111
-272
184
96
-32
294
-298
33
903
-1122
1276
-950
437
415
-1062
1026
-478
-220
1035
-1192
697
-226
-287
425
-568
792
-1055
1325
-877
661
-490
866
-357
-358
1243
-1105
815
-411
271
-245
-108
633
-751
641
-439
-161
689
-1401
1019
-878
582
-266
81
706
-1207
1057
-446
-241
180
76
-496
904
-957
831
-555
-42
-77
-267
-125
78
231
-658
707
-362
254
-731
993
-1042
483
-112
-126
624
-344
254
-452
528
-471
196
-320
-279
233
134
-727
283
62
-497
110
-422
398
-604
-157
222
-341
125
-326
440
-391
-151
453
-803
338
-479
-67
232
-664
728
-523
-353
778
-1063
245
-268
284
-713
368
217
-649
404
395
-1073
955
-408
-43
211
-562
1038
-955
1107
-1272
888
-37
-678
1166
-1019
788
-360
221
431
-291
17
81
299
-576
439
52
-395
1282
-1052
619
130
-76
511
-833
865
31
-728
618
216
-965
1540
-1537
1180
-574
-11
543
-315
-69
551
372
-1242
2266
-1870
1166
-67
-666
1297
-1090
453
598
-808
950
-198
-655
1202
-968
504
-28
1
-152
187
29
-256
69
-104
618
-979
1151
-720
170
607
-761
440
-13
-205
114
450
-852
732
-581
378
-293
-55
126
37
9
199
-294
280
-67
-281
648
-457
389
-435
906
-668
211
485
-905
1147
-1376
1425
-948
57
636
-1032
777
-1048
985
-938
309
-126
-341
256
-114
-219
30
147
-370
-75
291
-316
-534
310
-167
-133
120
152
-705
518
-179
-175
47
-170
-88
99
-143
-51
-510
530
-384
-389
345
-63
450
-1197
1474
-992
195
370
-952
1356
-896
78
352
-291
-8
441
-570
569
206
-629
1163
-1103
1186
-817
311
434
-495
708
-696
904
-726
488
-73
-178
583
-182
634
-767
892
169
-870
1224
-1045
486
588
-657
475
4
-203
246
-77
-135
105
398
-988
1444
-807
-562
1810
-2017
1725
-1048
221
315
-309
156
-373
619
-820
397
27
-327
528
-546
643
-348
-27
763
-1189
744
-518
256
-955
608
-100
-814
1171
-801
398
-92
-274
502
-107
-883
1512
-895
-266
989
-961
428
-611
501
-145
-30
247
61
271
-265
656
-883
553
-258
81
5
-398
224
-419
213
-108
-211
-54
-152
414
-632
721
-292
-114
64
-361
81
-454
-35
-42
-351
-279
150
-698
239
-444
220
-634
589
-420
23
-138
-87
57
-529
96
-472
849
-1022
650
-163
-163
144
-284
302
-386
1372
-1502
880
314
-869
657
-219
-166
479
-144
-18
676
-332
138
549
-746
768
-240
269
-82
185
76
-270
766
-872
854
-731
872
-182
-55
287
98
199
-240
430
-539
676
-447
797
-1092
1241
-641
-369
1359
-1510
1524
-1323
1251
-362
-263
1019
-1492
1590
-1267
749
-122
89
607
-1074
1162
-1024
405
-7
-250
78
-32
540
-649
69
280
-276
273
-365
176
113
-333
512
-343
275
-213
225
-377
269
347
-641
215
325
-60
-115
402
-311
-11
-271
740
-957
1117
-893
775
162
-594
1263
-1296
936
-833
516
-69
-94
348
-701
1012
-865
-553
921
-904
730
-536
457
186
-439
644
-871
315
-51
-63
-656
904
-1127
294
236
-481
291
-798
684
-810
861
-780
649
-584
-138
451
-666
661
-1108
642
-486
911
-988
920
-586
417
24
-578
953
-1466
1630
-1167
608
-191
-209
-138
325
-61
-563
491
-97
211
-483
101
511
-734
228
309
-901
971
-649
14
-59
589
-863
1012
-690
52
784
-975
952
-384
490
-273
765
-694
135
115
-345
631
-447
206
-384
733
-277
-684
1253
-1021
101
1035
-1761
2211
-1631
455
446
-662
428
47
-294
231
160
-621
764
-589
190
-278
585
-950
1242
-1193
962
-503
496
280
-786
1103
-743
301
178
74
-458
841
-471
363
368
-392
874
-508
152
717
-757
440
350
-1033
490
253
-589
41
279
-532
263
-180
295
-68
-584
884
-468
-347
388
-632
381
32
-287
92
-303
694
-527
62
346
-215
-257
469
-238
-89
-39
-30
236
-488
420
-261
-251
72
351
-327
-328
441
-404
72
238
-583
387
-737
723
-531
214
-889
44
989
-1798
1473
-1163
43
268
-873
807
-823
688
-1135
985
-932
-66
340
-998
300
-195
93
-187
374
-320
257
-291
430
-681
531
-663
466
18
-325
545
-794
405
-164
-76
-59
324
-254
383
322
-1045
1581
-1448
102
745
-492
706
-5
97
490
-329
224
-28
-15
-97
910
-782
932
-822
855
-184
318
-228
250
683
-819
1451
-481
-234
3
618
-382
341
22
-25
157
201
36
224
-292
370
254
-305
54
460
-533
-101
1239
-972
581
22
-123
-118
472
-332
149
-153
-378
779
-877
533
-250
-279
134
249
-551
211
-90
447
-630
528
-492
277
-334
92
255
119
-558
958
-482
-543
1287
-1492
1034
-500
777
-1336
1526
-1065
86
785
-1378
1523
-1340
479
25
-267
-426
94
-136
-314
689
-1495
714
-182
-112
-539
90
306
-938
375
-54
-562
450
-589
-163
120
-139
43
-878
1411
-1745
971
-634
575
-654
-98
365
-929
1493
-1457
701
-435
880
-630
-148
1102
-1625
1294
-883
931
-341
26
489
-992
1263
-1040
475
-520
756
-435
200
105
-120
576
-451
-380
915
-571
555
-760
780
582
-1019
1549
-1126
628
35
246
-13
369
846
-906
827
629
-853
719
-790
868
177
-275
1060
-1019
1103
-752
660
-146
-314
1671
-2105
1940
-810
278
522
-1217
1447
-830
274
-831
1329
-863
-207
1224
-1572
1462
-1781
1662
-1440
268
90
56
-344
336
-120
-1067
936
-329
-1039
1101
-527
-1041
1910
-1992
2032
-2127
1252
-279
-689
1442
-1813
1288
-1130
1649
-1595
456
495
-1260
622
258
-1072
1301
-1110
50
1312
-1711
993
-759
299
-694
644
-368
200
-186
-359
896
-1462
1069
-170
-1038
1377
-1218
616
-308
111
177
-1111
1160
-755
-84
78
553
-1037
471
532
-635
378
-857
1560
-1481
642
507
-366
-35
104
1100
-1613
1053
-233
-304
814
-693
358
447
-1722
2053
-1235
1171
-1327
633
572
-1478
1699
-1547
797
-247
-749
1133
-803
-354
1425
-2293
2183
-908
-199
779
-879
1275
-1683
2329
-1813
1106
-295
-758
2223
-2305
1547
374
-1283
1246
-147
124
-289
332
651
-1023
1646
-1187
30
1597
-2276
1798
-296
-528
809
-956
972
-634
1023
-1457
1537
-1238
525
652
-1833
1441
-264
-682
200
756
-1405
896
135
-903
495
-300
228
213
-678
1046
-703
582
-819
1026
-696
-1033
2819
-2690
1308
448
-199
-502
504
258
-1166
1233
-904
847
607
-1985
2136
-1008
-40
413
-687
387
-680
1664
-1438
457
639
-543
-87
-584
1200
-686
-538
1404
-851
273
53
139
-1427
1987
-1502
567
-456
-166
793
-690
-41
-278
1063
-1633
411
1300
-2253
1314
370
-1665
1896
-1397
1015
-1421
349
809
-1557
1753
-1907
1587
-726
-919
2168
-3182
2629
-1167
-543
456
644
-1721
1454
-750
110
363
-1306
1236
-1372
1266
-1474
1442
-969
577
139
-1670
2729
-1900
93
1054
-1211
450
382
-837
856
-565
584
-631
205
896
-1086
669
-513
1137
-996
81
686
-1164
392
311
-73
433
-1115
1298
-744
-263
1221
-1488
1331
-574
-260
687
-992
999
-1170
1623
-1653
931
82
-832
1713
-2150
2138
-1185
284
290
-310
1071
-904
433
-173
1755
-2721
1944
262
-909
905
-1428
1820
-485
329
323
-1132
1338
-170
-788
1473
-1020
248
307
-162
-519
913
-516
-942
2166
-2151
1418
-395
-844
1539
-1608
1242
-78
-685
461
409
-526
-423
1464
-1817
798
355
-513
451
-507
986
-1461
1954
-2318
1186
654
-1888
1772
-1094
1127
-1163
796
-817
-382
908
-815
373
340
-924
68
572
-207
-1501
1822
-1772
1156
-567
-1093
2383
-2861
1920
-965
-549
297
142
-1448
995
404
-1420
656
426
-1036
1259
-1511
615
941
-1970
2350
-2174
1605
-335
-410
661
-1027
1491
-1778
1676
-1461
729
528
-1950
1745
-205
-1313
1113
-282
21
-98
1041
-998
262
600
-938
800
-724
1078
-797
159
209
-151
1026
-2557
2926
-1478
-186
1066
-937
441
904
-673
-812
2864
-2686
205
2101
-1602
1030
580
-1196
1455
-818
-26
1120
-1142
739
598
-706
383
182
618
-1358
1194
-57
-962
1804
-975
987
-1307
1693
-1144
-144
1354
-1570
1215
-980
818
-306
-9
990
-1698
1362
-1128
338
987
-1650
1526
-1024
1223
-606
-945
1101
-923
407
-1028
2203
-1962
-54
1907
-1905
377
-21
532
-1520
1492
-156
-1680
1439
784
-1669
149
863
-1625
1012
-182
-232
-858
1220
-454
-1339
2020
-1997
-23
854
-670
-48
-724
393
-345
135
-487
102
652
-2373
2893
-2010
112
1108
-1472
1690
-1571
982
-68
-684
-157
469
-260
-966
1755
-1555
-83
1138
-1472
599
-75
258
-328
-616
1582
-1671
130
1558
-1362
-522
1635
-430
-776
247
213
-53
580
-666
118
76
655
-144
-68
-350
-637
1183
-1093
1045
547
-1416
851
548
-558
-216
876
-1277
1437
84
-780
1668
-1374
109
949
-815
866
-322
758
-205
-240
1324
-683
87
107
1157
-1669
1630
-74
-1466
2754
-2083
-110
-234
398
302
-895
1236
-82
-352
566
128
280
-133
865
-766
-174
1872
-2111
1685
-1420
470
218
-1086
1907
-2007
956
584
-462
1321
-1996
1297
-337
698
-540
-205
1162
-1576
1992
-991
-321
41
-122
21
138
233
-1087
1034
390
-1448
884
826
-1449
682
-269
-607
2610
-2141
104
1223
-576
-1169
1200
24
-2092
1701
-36
-710
709
-1257
137
448
-741
245
432
-574
-820
1507
-868
-152
749
-1224
-47
377
-331
-335
456
-628
-141
-404
695
-820
-1094
1598
-1297
97
811
-699
-724
415
221
-1619
1588
-747
-602
509
-709
977
-1948
1791
-665
-1193
1437
-1093
1034
-888
248
-512
758
98
-1211
954
-601
40
189
334
-942
-702
2105
-1714
533
560
-1281
1263
-401
66
-478
1427
-687
-353
1458
-1673
993
-179
277
-15
148
-381
114
1387
-1649
659
459
-765
954
668
-1234
1350
-573
-644
1935
-665
-589
531
52
235
-364
1418
-875
282
280
-720
1756
-503
-434
143
996
-127
-1051
642
322
-472
321
1102
-984
-200
1008
-378
430
371
-707
269
7
141
267
-290
-247
770
-338
-561
1268
-502
113
-43
788
-139
-652
379
-492
865
-987
-136
1366
-1228
-41
267
-19
395
-1351
55
1386
-612
346
-192
209
-149
324
-1171
698
521
-1874
2154
-427
-1127
-107
745
286
-1836
2420
-1056
309
201
-742
368
140
25
-1494
1277
-176
-1058
31
505
-707
-61
232
-107
-707
791
-673
-38
724
-972
397
-420
502
-852
594
-123
-902
838
-1098
694
-915
103
847
-1469
457
226
-496
-345
251
244
-1173
526
668
-908
-259
869
-295
5
-102
115
-73
61
-268
76
159
6
33
-784
692
296
-1449
616
936
-1459
1469
24
-1132
767
306
-921
615
950
-1574
1085
519
-763
-109
589
-135
-117
-244
781
52
-1152
1112
-54
-1011
1602
-703
-492
1005
-286
34
-314
1377
-1162
-488
718
181
-809
1194
-830
371
11
-578
494
-476
914
-780
547
-115
-291
-24
447
109
-357
1097
-1075
-149
637
160
-396
-116
1185
-935
-462
672
547
-1148
752
596
-1562
1241
277
-960
919
528
-1646
286
1228
-1097
-51
1253
-454
-620
276
1157
-1131
164
586
-498
737
-324
581
-612
359
506
-1205
397
459
-566
204
1059
-325
-1263
1191
-287
-825
1051
-920
902
-246
-343
164
366
-358
-126
606
-1096
1208
-661
-547
1297
-451
-402
-78
184
-253
-570
722
89
93
-193
-271
464
-1095
5
514
251
-353
26
91
56
-300
-504
482
48
-37
-384
433
164
-292
-350
191
704
-156
-206
462
114
-645
598
-154
306
127
-360
660
-375
-611
153
343
-102
-321
888
-106
-3
-203
5
308
-209
-446
89
673
111
-534
216
111
-525
-42
77
201
-227
338
-113
-254
274
-153
127
-552
9
65
-240
310
-258
117
-109
68
-639
95
82
-888
385
183
256
-200
-387
162
-412
298
-676
-213
582
-496
217
48
-426
-398
-195
184
59
-56
-332
736
-387
-490
328
-237
-197
-38
341
-158
124
69
-400
-6
-223
489
-69
29
396
-488
315
-151
-265
221
152
426
-102
-164
-45
-57
-94
76
297
-431
75
-174
-155
213
18
71
-658
292
-324
318
70
-371
489
-269
-161
76
-62
-128
310
77
164
160
-292
-365
462
184
-682
207
380
-246
-235
529
-51
-292
131
-170
0
46
537
89
-254
145
164
167
139
-80
-106
322
51
102
249
-75
6
110
83
-273
274
367
-209
51
513
171
-29
339
188
-254
500
350
-326
157
366
73
33
505
-325
-152
303
-238
402
201
-31
-74
346
-93
-318
323
-33
55
-269
460
-97
-222
186
-454
9
121
61
-526
109
87
-471
116
214
-161
-369
-47
-77
35
319
-109
-75
-100
-79
-211
-156
111
-62
-160
50
69
-18
-233
-72
-185
-141
-160
69
529
-50
207
-27
-214
-223
-255
167
183
457
210
-125
162
-383
-261
-71
33
497
21
102
296
212
-161
-602
-121
-216
9
218
-85
436
146
-244
-195
-223
-181
-419
42
560
195
75
81
-129
-363
-370
-176
-124
146
278
292
187
-32
-382
-380
-5
-317
-172
306
351
-73
-57
-186
-204
-358
-505
-167
-190
-73
-88
219
111
-199
-190
-351
-183
-107
-90
85
206
132
95
144
-235
-284
-196
-136
-148
-32
78
162
317
-2
-153
-36
-44
1
-27
325
296
113
337
246
140
-116
-13
-18
-71
170
205
349
285
109
-106
198
-17
-173
148
254
305
203
235
105
87
-111
-143
64
122
100
238
292
87
36
47
-56
-62
22
219
370
271
232
160
47
-157
-145
-169
13
131
31
92
4
-230
-324
-411
-424
-269
-124
177
157
120
-4
-111
-118
-261
-183
50
134
241
330
282
77
-110
-180
-116
-36
89
307
395
373
277
266
77
-92
-3
50
273
464
575
543
614
424
224
331
120
255
370
595
604
507
241
57
-107
-291
-232
-217
-7
-90
-8
-221
-335
-573
-736
-667
-763
-672
-636
-546
-738
-800
-913
-1081
-1094
-1190
-1014
-943
-883
-845
-755
-789
-836
-778
-855
-733
-689
-628
-396
-403
-375
-349
-430
-451
-522
-449
-370
-325
-272
-220
-193
-252
-277
-360
-321
-259
-217
69
38
122
172
141
194
250
289
308
650
704
866
1074
1238
1268
1342
1420
1277
1282
1424
1544
1804
1852
1836
1830
1648
1684
1586
1649
1692
1771
1915
1861
1921
1684
1655
1499
1474
1672
1669
1695
1552
1704
1558
1204
823
562
339
10
-622
-1187
-1244
-1578
-2035
-2319
-2292
-2368
-2885
-2895
-2543
-2466
-2714
-2398
-1722
-1715
-1957
-1659
-1408
-1570
-1674
-1335
-809
-821
-777
-550
-321
-588
-778
-531
-420
-482
-405
-165
11
-85
-428
-447
-611
-896
-1117
-900
-924
-1050
-1019
-1130
-1441
-2072
-2128
-1597
-1314
-1443
-1031
-606
-458
-506
-377
-129
-233
-164
291
948
1012
696
686
671
438
329
511
802
978
1020
1316
1438
1286
1047
1153
1594
1853
2233
2369
2599
2645
2586
2457
2387
2748
2728
2694
2600
2820
2831
2464
2563
2644
2641
2494
2865
2992
2605
2338
2247
2300
1866
1129
153
-365
-1250
-2638
-2970
-2476
-2825
-3708
-3606
-2887
-3525
-4267
-3678
-2791
-2885
-2701
-1159
-488
-1214
-1420
-1027
-981
-1217
-758
-205
88
127
15
-10
-303
-647
-1015
-847
-371
56
-192
-148
61
-514
-1029
-1047
-735
-1143
-1072
-635
-260
-621
-959
-979
-1106
-1429
-1435
-1325
-1310
-1074
-946
-940
-1124
-1197
-1048
-825
-552
-289
14
312
376
395
439
181
166
167
293
418
407
475
343
564
581
689
1088
1341
1617
1864
2089
2057
2115
2132
2246
2620
2672
2686
2761
2633
2776
2642
2333
1951
2422
2752
2998
3261
2964
2551
2445
2416
2314
2146
2300
2249
1417
76
-1677
-2859
-3898
-3701
-3869
-3869
-3676
-3401
-3603
-4089
-4023
-3927
-3686
-2484
-750
220
48
-191
-575
-1205
-1427
-802
-297
325
666
929
619
-136
-827
-1390
-1301
-895
-173
169
368
187
-491
-908
-1332
-1217
-1242
-913
-294
-57
25
-233
-450
-937
-1097
-896
-550
-70
186
327
167
-126
-858
-1833
-2511
-2085
-1384
-1369
-1484
-1294
-1111
-1252
-1161
-903
-692
-265
520
1356
1728
1332
634
378
431
583
780
1089
1330
1502
1528
1538
1651
1445
1495
1984
2605
2865
2716
2827
2802
2993
3116
3255
3064
3009
3211
3294
3405
3545
3415
2613
2827
3460
3385
2415
1980
2438
2244
1413
-305
-2536
-4529
-4678
-4074
-4091
-4509
-4468
-4332
-4703
-4423
-3944
-3792
-3556
-2050
35
1222
998
110
-694
-1070
-793
-182
465
826
849
535
51
-667
-1494
-2317
-1939
-1006
-391
-106
-224
-717
-1376
-1649
-1635
-1205
-835
-421
-49
193
181
-183
-683
-884
-536
-166
219
572
619
255
11
-113
-414
-727
-1046
-857
-641
-1542
-3173
-3982
-3060
-2341
-2185
-1574
-582
-198
-456
12
535
468
381
1295
2552
2875
2195
1123
378
112
200
515
1313
2116
2397
2355
2422
2093
1219
1131
2267
3749
4273
4278
4279
3879
3264
3289
3859
3918
3786
4095
4788
5057
4241
3178
2373
2243
2223
1015
-1145
-4091
-5518
-5159
-4538
-4968
-5784
-5680
-5656
-5641
-5048
-3754
-3350
-2720
-630
1602
2188
1235
121
-423
-235
435
1423
1723
1506
928
210
-486
-1234
-2033
-2328
-1849
-787
-140
-500
-973
-1645
-1874
-1829
-1287
-495
-119
291
471
847
698
217
-235
-278
185
382
738
745
315
-203
-635
-813
-1079
-1302
-1359
-1071
-1069
-1363
-1568
-2124
-3156
-3832
-2600
-2051
-2521
-2081
-315
192
-473
-82
685
655
572
1543
2291
1952
1385
999
457
437
170
-404
-228
536
745
640
1239
1548
1264
1449
2238
2873
3095
3451
3972
4121
3838
3885
3882
3503
3458
3829
3992
3764
3871
3506
2988
2568
2571
2331
1977
1436
-559
-3853
-6222
-5838
-5087
-5203
-5912
-5306
-4614
-4755
-4940
-4083
-2962
-2462
-829
1821
3516
2770
1300
452
254
484
1051
1671
1880
1511
626
-228
-1323
-2133
-2799
-2693
-1586
-677
-583
-1130
-1414
-1620
-1616
-1377
-627
372
738
930
1269
1359
846
117
-82
200
320
393
313
43
-457
-1007
-1346
-1416
-1466
-1665
-1307
-963
-558
-657
-871
-1225
-1170
-1230
-2359
-2746
-2052
-956
-1306
-1105
-425
-253
-660
-166
670
725
824
1229
1674
1608
1265
230
-521
-355
-279
-139
356
1203
1325
1401
1909
2264
2274
2570
3230
3963
4421
4557
4658
4489
4592
4152
4137
4121
4161
4061
3976
4325
4296
3973
3369
2827
1991
64
-2932
-6204
-7089
-5732
-4987
-5743
-6378
-5798
-5872
-6342
-5471
-3419
-2158
-954
1414
3584
3622
1752
225
-199
336
1116
1740
2138
1768
447
-1034
-2172
-2838
-3396
-3467
-2496
-1405
-997
-1554
-2353
-2685
-2587
-2169
-1335
39
1046
1254
1207
1249
1206
470
114
576
1059
1165
912
605
-104
-884
-1376
-1519
-1418
-1258
-1196
-1011
-751
-786
-993
-1318
-1193
-654
-111
-16
-1178
-3252
-3630
-1693
-407
-693
-536
179
271
71
389
509
115
304
1418
2444
2204
768
-1080
-1766
-890
-110
370
1164
1877
2020
2064
2436
2510
2286
2682
3934
5087
5330
4687
3818
3512
3606
3607
3409
3346
3439
3300
2948
3377
3696
3100
2152
1783
2017
1213
-1734
-5811
-7355
-5308
-3675
-4748
-5648
-4667
-4652
-5693
-4812
-2251
-1254
-1226
600
3390
4060
1990
-267
-862
-315
397
1092
1684
1585
223
-1332
-2128
-2373
-2911
-3376
-2762
-1488
-543
-964
-1923
-2198
-2028
-1544
-926
448
1715
1736
1422
1539
1851
1055
169
117
473
651
238
48
-399
-1206
-1914
-2047
-1766
-1611
-1429
-1397
-981
-547
-653
-1075
-970
-611
-265
132
608
419
-915
-2431
-2774
-1993
-2344
-2808
-1995
-593
-428
-806
-652
-499
-586
-77
1096
2092
2225
1549
768
415
453
78
58
1034
2132
2666
2840
3064
2868
2319
2393
3180
3894
4074
4226
4255
4068
3563
3134
2823
3154
3555
3897
3947
4177
4452
3832
3218
2770
2096
-459
-4349
-6888
-5647
-3567
-4320
-6237
-5870
-4973
-5763
-6286
-4391
-2360
-1812
-521
2500
4147
2503
98
-789
65
1154
1950
2364
2523
1839
202
-1143
-1731
-1996
-2472
-2239
-1023
-25
-375
-1717
-2384
-2108
-1722
-1220
-339
888
1376
1058
788
985
727
-219
-405
238
680
418
44
-423
-1030
-1571
-1876
-1776
-1498
-1336
-1305
-1086
-825
-897
-1352
-1670
-1206
-594
-195
-17
135
-136
-2107
-4340
-4297
-2043
-1235
-1655
-1012
99
-89
-821
-631
-325
-155
614
2018
2993
2689
1098
-735
-1121
-212
248
464
1393
2439
2438
2061
2146
1888
1848
2221
3349
4571
4856
4225
3501
3653
3603
3076
2784
3547
4228
4321
4212
4454
4111
3299
2653
2514
1636
-1130
-4919
-6923
-5424
-3920
-4824
-6488
-5868
-5162
-5627
-5381
-3300
-1692
-1231
308
2858
4070
2503
459
-167
702
1807
2438
2546
2370
1559
10
-1183
-1653
-1964
-2504
-2333
-1428
-753
-1161
-2351
-2928
-2452
-1920
-1397
-502
758
1178
882
935
1246
1092
279
253
760
1019
859
323
-183
-684
-1230
-1578
-1702
-1582
-1511
-1505
-1361
-1079
-946
-1276
-1244
-835
-173
189
464
614
594
266
-1022
-2353
-2946
-2885
-2541
-1557
-725
-649
-1200
-1256
-998
-774
-309
461
1350
2055
2368
1801
610
-344
-715
-525
315
1459
2070
2169
2181
2093
1933
2037
2366
2932
3933
4621
4685
4296
3970
3375
3032
3402
3783
3728
3624
4218
4537
4252
3790
3349
2929
2026
-382
-4211
-6819
-5945
-4216
-4521
-6013
-5894
-5433
-5922
-6206
-4529
-2574
-1642
-151
2405
3997
2972
690
-513
86
1178
1889
2317
2346
1521
57
-1398
-2273
-2834
-3257
-3140
-2346
-1367
-1289
-2337
-3229
-3130
-2437
-1889
-1125
228
1022
991
808
1008
784
29
-249
161
741
812
506
30
-516
-1018
-1447
-1579
-1416
-1170
-1044
-881
-494
-387
-751
-1109
-911
-318
262
628
898
1033
985
588
437
170
-2137
-4811
-4393
-1301
-355
-1307
-1655
-942
-1050
-1150
-429
88
491
1411
2708
3498
3456
1595
-843
-1109
590
1605
1702
2372
3117
3004
2530
2396
2288
2144
2680
3630
4734
5221
4512
3115
2561
3039
3188
3095
3296
4306
4835
5009
4768
4269
3375
2647
1191
-2230
-5553
-6168
-4260
-3562
-5035
-6135
-5768
-5585
-6195
-5688
-3573
-1849
-770
869
3078
3373
1163
-844
-958
210
1273
1871
2042
1772
851
-531
-1970
-2584
-2631
-2645
-2320
-1346
-646
-1302
-2641
-3214
-2754
-2122
-1639
-759
508
1062
853
631
597
257
-309
-295
302
785
736
212
-356
-899
-1311
-1609
-1807
-1512
-1077
-930
-848
-739
-730
-1227
-1346
-860
-110
521
705
964
926
702
259
-24
-768
-2909
-4350
-3035
-730
-568
-1641
-1645
-1052
-926
-699
-127
485
938
1753
2611
3024
2399
645
-850
-569
1004
1602
1564
1952
2452
2340
1923
1918
1883
2071
2579
3465
4395
4623
4038
3023
2935
3278
3456
3471
4024
4785
4979
4911
5049
4885
4115
3319
1700
-1290
-4863
-6015
-4627
-3582
-4808
-6274
-5959
-5438
-5839
-6160
-4581
-2706
-1438
8
2075
2935
1519
-536
-1374
-430
945
1760
1903
1817
1573
546
-1086
-2022
-2252
-2229
-2323
-1680
-803
-721
-1736
-2898
-2978
-2596
-2147
-1579
-424
544
789
536
304
156
-260
-454
-176
449
963
1038
514
-43
-374
-755
-1145
-1140
-722
-283
-126
-104
-118
-470
-861
-972
-544
28
362
535
487
367
68
-368
-445
-1308
-2995
-3908
-2911
-1877
-2011
-2262
-1878
-1382
-1305
-963
-604
-236
324
1033
1711
2195
2082
801
-427
-486
272
508
693
1428
2040
2246
2177
2130
2057
2158
2380
2902
3778
4554
4624
3954
3671
3750
3660
3666
4014
4661
5142
5714
5784
5529
4921
4083
2303
-683
-3829
-5761
-5205
-4068
-4254
-5766
-6175
-5882
-5867
-6211
-5412
-3592
-1914
-430
1341
2582
2134
471
-924
-899
313
1675
2152
2223
2236
1701
292
-1063
-1761
-1966
-1862
-1665
-984
-395
-635
-1701
-2664
-2821
-2447
-2027
-1309
-311
389
629
445
244
-1
-251
-404
-162
469
1105
1318
928
415
-29
-449
-792
-770
-439
-91
34
74
-6
-322
-864
-1157
-1181
-846
-403
-92
98
36
-157
-1159
-2744
-4012
-3730
-2843
-2298
-1734
-1134
-877
-1031
-1227
-1113
-773
-188
543
1363
2219
2407
1609
310
-465
-481
-177
298
1148
2016
2448
2547
2411
2295
2284
2430
2909
3692
4504
4859
4741
4307
3821
3275
2905
3185
3671
4169
4383
4757
5106
5067
4335
3364
2756
1747
-859
-4334
-5681
-4735
-4028
-5174
-6260
-6028
-5588
-5846
-5989
-4858
-3359
-2163
-1171
297
1670
1785
525
-802
-836
226
1263
1592
1760
1976
1805
693
-501
-1072
-1228
-1629
-1913
-1567
-789
-533
-1211
-2125
-2537
-2566
-2346
-1752
-1105
-416
22
114
0
-59
-185
-549
-960
-734
88
775
953
728
472
4
-330
-585
-572
-424
-220
-64
37
215
153
-190
-763
-1026
-866
-336
-128
11
86
-157
-982
-2662
-3796
-3818
-3352
-2970
-2189
-1315
-799
-691
-688
-756
-599
-117
319
919
1833
2418
2041
1151
418
26
17
341
930
1839
2617
3047
3013
2941
2892
2626
2482
2654
3306
4008
4058
3849
3677
3448
3111
2783
3019
3539
4290
5000
5588
6054
6034
5478
4578
2927
86
-3305
-4719
-3993
-3392
-4003
-4912
-5150
-5331
-5771
-6106
-5798
-4937
-3789
-2586
-1218
94
562
-152
-1361
-1872
-1332
-223
455
965
1541
1800
1469
812
201
-243
-905
-1485
-1584
-1113
-291
-62
-409
-1239
-1822
-2033
-1987
-1920
-1743
-1275
-724
-381
-245
-253
-434
-872
-1327
-1140
-424
446
1010
1181
1054
985
864
545
222
165
253
365
540
641
697
357
-277
-781
-987
-1012
-1046
-1138
-1114
-1177
-1733
-2897
-3970
-4089
-3455
-2872
-2487
-1732
-706
101
546
602
644
850
1148
1403
1702
2218
2242
1722
1035
606
560
663
863
1027
1602
2311
2694
2658
2640
2612
2422
2296
2355
2710
3196
3574
3559
3401
3342
3443
3494
3525
3831
4306
4951
5417
5592
5562
5190
4536
2894
387
-2085
-3336
-3621
-4107
-4745
-4915
-4720
-4732
-4950
-5037
-5052
-4974
-4774
-4333
-3519
-2585
-1754
-1394
-1537
-1615
-1535
-1270
-905
-517
-64
347
675
867
1067
1216
1066
658
247
38
58
315
378
79
-314
-576
-715
-892
-1234
-1503
-1666
-1867
-1841
-1689
-1556
-1393
-1394
-1404
-1360
-1162
-757
-571
-414
-278
-159
64
209
480
647
768
870
758
621
476
310
106
-141
-296
-298
-306
-385
-659
-1216
-2054
-2722
-2901
-2803
-2470
-1952
-1248
-658
-168
249
348
435
449
485
685
936
1217
1291
1150
930
623
458
566
750
1025
1357
1789
2163
2431
2632
2649
2636
2693
2681
2710
2842
2958
2959
2817
2681
2544
2525
2624
2766
2989
3227
3471
3666
3827
3907
3905
3918
3541
2360
358
-1485
-2271
-2504
-2932
-3309
-3227
-3005
-2999
-3060
-3082
-3101
-3151
-3357
-3502
-3405
-2924
-2363
-2085
-2116
-1995
-1646
-1262
-930
-786
-552
-367
-193
125
636
1087
1291
1230
999
821
793
960
869
449
47
-232
-453
-698
-942
-1117
-1310
-1555
-1837
-2092
-2138
-2193
-2331
-2498
-2412
-1898
-1289
-885
-714
-528
-437
-365
-232
-68
253
430
542
631
748
943
961
779
524
195
-197
-570
-706
-938
-1401
-1735
-1724
-1519
-1264
-947
-779
-747
-517
-370
-239
17
224
209
-32
9
-77
-134
-195
-252
-293
-192
211
570
920
1301
1662
1949
2182
2423
2558
2603
2680
2576
2457
2445
2551
2538
2464
2425
2468
2529
2497
2686
2936
3276
3639
3945
4092
4191
4342
4202
3521
2219
364
-1025
-1520
-1714
-2181
-2601
-2499
-2319
-2281
-2360
-2349
-2295
-2285
-2350
-2596
-2595
-2276
-2086
-2117
-2305
-2202
-1911
-1719
-1628
-1614
-1499
-1332
-1207
-982
-468
154
566
629
566
649
788
948
782
402
215
207
184
7
-92
-95
-271
-589
-916
-1172
-1281
-1372
-1609
-1867
-1840
-1628
-1393
-1322
-1234
-1025
-920
-752
-626
-394
-96
106
302
394
639
847
899
849
562
324
68
-292
-914
-1680
-2193
-2406
-2359
-2211
-1749
-1198
-868
-778
-787
-696
-617
-562
-583
-590
-302
34
150
60
-85
-105
5
247
532
948
1416
1832
2077
2329
2546
2632
2567
2490
2481
2496
2589
2544
2478
2359
2318
2349
2318
2427
2608
2885
3155
3470
3790
4036
4209
4165
3982
3681
3111
1972
159
-1362
-2027
-2269
-2586
-2859
-2709
-2402
-2272
-2416
-2497
-2412
-2305
-2379
-2676
-2825
-2709
-2537
-2677
-2943
-3038
-2742
-2342
-2069
-1854
-1464
-1021
-803
-588
-231
311
737
913
902
995
1207
1327
1164
758
437
331
304
182
93
75
15
-221
-645
-987
-1239
-1405
-1642
-1894
-1889
-1643
-1335
-1131
-977
-834
-642
-504
-334
-158
185
566
715
689
653
669
579
409
23
-332
-630
-752
-826
-1082
-1443
-1824
-1784
-1550
-1323
-938
-579
-319
-247
-150
-23
147
332
379
378
555
745
685
476
370
335
385
532
743
988
1240
1525
1627
1733
1951
2193
2290
2325
2326
2368
2461
2457
2375
2250
2236
2263
2268
2389
2646
2942
3153
3353
3489
3660
3779
3722
3474
2940
1918
230
-1290
-2139
-2361
-2701
-3163
-3083
-2804
-2561
-2606
-2679
-2680
-2651
-2621
-2831
-3005
-2966
-2713
-2577
-2611
-2475
-2203
-1767
-1486
-1258
-1008
-768
-566
-450
-149
281
783
1005
954
881
1015
1207
1180
868
490
354
279
-1
-219
-351
-519
-739
-1052
-1318
-1480
-1509
-1624
-1776
-1838
-1668
-1388
-1207
-1071
-891
-726
-595
-545
-525
-387
-234
-71
-75
6
143
328
465
383
226
62
48
-109
-681
-1445
-1849
-1793
-1685
-1473
-1025
-520
-205
-72
-1
-1
70
107
18
8
301
597
584
367
170
70
185
431
624
907
1383
1786
2040
2306
2602
2660
2607
2501
2390
2479
2557
2564
2360
2228
2182
2117
2147
2272
2476
2759
2926
3115
3392
3712
3986
4025
3995
3799
3347
2123
372
-1024
-1760
-1992
-2222
-2498
-2399
-2128
-2057
-2167
-2184
-2077
-2033
-2118
-2419
-2590
-2514
-2386
-2356
-2592
-2693
-2518
-2203
-1989
-1861
-1590
-1334
-1139
-942
-560
-113
311
504
485
546
852
1036
900
659
284
78
-11
-151
-314
-457
-644
-988
-1431
-1800
-1945
-2030
-2159
-2273
-2244
-2039
-1795
-1648
-1584
-1396
-1096
-838
-636
-414
-58
305
523
669
828
1025
1169
1108
880
691
530
203
-309
-1049
-1503
-1538
-1635
-1794
-1636
-1187
-739
-420
-338
-324
-195
-26
-46
-80
98
388
550
423
258
181
183
222
335
567
988
1430
1715
1970
2249
2539
2581
2437
2413
2477
2572
2541
2462
2330
2309
2344
2264
2259
2407
2702
2961
3139
3506
3968
4345
4594
4640
4647
4529
3879
2300
152
-1559
-2323
-2605
-3056
-3459
-3285
-2884
-2875
-3019
-3086
-2991
-2975
-3101
-3152
-2946
-2374
-1873
-1824
-2085
-2092
-1720
-1520
-1467
-1367
-1034
-557
-271
-39
455
1014
1230
1004
656
444
505
560
189
-186
-396
-378
-416
-672
-830
-926
-1153
-1624
-1973
-2004
-1789
-1680
-1738
-1858
-1753
-1448
-1194
-1159
-1168
-935
-651
-393
-189
137
493
684
690
624
685
844
734
428
96
-36
-98
-259
-549
-1196
-2151
-2954
-3216
-3175
-2854
-2330
-1712
-1207
-637
-152
-2
82
122
87
155
617
1077
1238
1124
825
551
454
564
770
1097
1627
2083
2518
2958
3286
3366
3152
2939
2841
2969
3115
3238
3103
2865
2702
2567
2488
2551
2731
2948
3208
3552
4046
4475
4832
4885
4721
4452
3898
2513
122
-2056
-3115
-3314
-3566
-3945
-3949
-3825
-3894
-4285
-4504
-4340
-4084
-3861
-3576
-2908
-1951
-1117
-879
-1238
-1567
-1482
-1125
-881
-409
194
681
950
998
1153
1066
739
48
-612
-771
-415
115
117
-168
-608
-927
-1327
-1812
-2107
-2227
-2261
-2301
-2202
-1867
-1472
-1348
-1571
-1887
-1751
-1280
-701
-141
317
815
1213
1393
1480
1422
1218
908
508
285
354
650
556
265
-259
-730
-928
-1302
-1849
-2340
-2330
-2361
-2562
-2580
-2293
-2249
-2349
-2141
-1704
-1102
-364
111
299
685
1112
1234
1018
942
837
711
592
635
642
706
840
726
870
1162
1541
1741
1930
2205
2533
2889
3152
3339
3348
3230
3129
3098
3202
3418
3591
3739
3876
4234
4461
4709
4924
5075
5132
5261
5298
5151
4672
3164
253
-3185
-4915
-4993
-4642
-5076
-5647
-5688
-5430
-5445
-5639
-5401
-4800
-4004
-3090
-1728
-69
1116
1045
-127
-1219
-1188
-539
166
582
1151
1625
1556
960
242
-222
-863
-1426
-1781
-1269
-227
589
304
-883
-1864
-2339
-2457
-2343
-1822
-1121
-515
-279
-167
-160
-256
-720
-1314
-1269
-383
882
1601
1733
1505
1119
672
306
59
48
228
392
388
387
281
-253
-1079
-1936
-2147
-1814
-1223
-835
-560
-483
-718
-1245
-2220
-3397
-4142
-3655
-2734
-2021
-1308
-714
-637
-972
-1100
-1038
-577
218
980
1692
2311
2489
1761
515
-365
-674
-467
158
1020
1778
2152
2095
1725
1416
1377
1572
1941
2710
3611
4369
4499
4055
3536
3024
2818
2942
3413
4061
4778
5311
5534
5426
5115
4842
4891
4949
4817
4257
2556
-561
-3932
-5494
-5381
-5130
-5850
-6310
-6046
-5709
-5786
-5675
-5098
-4233
-3221
-1988
-337
1043
1574
785
-473
-1010
-261
844
1479
1709
1803
1477
662
-258
-872
-1131
-1554
-1763
-1380
-496
112
-3
-972
-1960
-2311
-1958
-1351
-801
-168
269
287
-132
-359
-543
-848
-1186
-1001
-272
619
1098
784
66
-652
-952
-1037
-938
-630
-239
-149
-347
-593
-860
-1196
-1549
-1786
-1479
-661
36
252
-38
-656
-1560
-1872
-1443
-1452
-1976
-2122
-1757
-1554
-1530
-1409
-1488
-1445
-1060
-501
106
648
979
687
374
528
703
558
235
259
412
653
963
1178
1477
1814
2051
2214
2580
3021
3251
3407
3521
3649
3795
3903
3787
3555
3600
3707
3654
3671
3877
4140
4404
4776
5014
5053
5105
5112
4657
3927
2759
524
-2729
-5403
-6004
-5271
-4797
-5603
-6475
-6701
-6310
-6117
-5599
-4345
-2712
-1260
-99
1086
1704
1245
-160
-1181
-991
389
1637
1901
1466
942
123
-901
-1585
-1620
-1234
-972
-832
-520
-67
-370
-1457
-2476
-2578
-1803
-890
-166
245
294
-45
-582
-970
-996
-744
-478
-246
264
795
768
84
-661
-971
-926
-635
-308
-55
25
-97
-468
-822
-951
-826
-717
-512
-76
360
544
294
47
-148
-133
44
330
477
113
-724
-1785
-2658
-3294
-3154
-2503
-2123
-1872
-1371
-927
-792
-743
-466
-13
720
1417
1824
1770
1347
754
202
257
653
1151
1559
1941
2146
2172
2199
2179
2308
2738
3186
3604
3876
3844
3489
3061
2836
2818
3116
3313
3485
3660
3962
4162
4227
4304
4566
4815
4945
5018
4707
4148
2784
82
-3796
-6095
-5687
-4341
-4387
-5630
-6138
-6061
-6144
-6321
-5269
-3568
-2245
-1185
329
1643
1398
-280
-1763
-1833
-561
957
1666
1469
828
-102
-1385
-2214
-2235
-1679
-1499
-1440
-1091
-735
-1207
-2277
-2883
-2661
-1738
-711
190
515
245
-397
-871
-971
-714
-285
53
273
454
552
285
-318
-827
-738
-317
26
243
241
-76
-572
-1014
-1120
-1043
-803
-609
-496
-436
-345
-402
-760
-847
-575
-120
119
312
-74
-1038
-1673
-1572
-1742
-2567
-3165
-2826
-1977
-1440
-1234
-1302
-1197
-953
-338
508
1389
1776
1580
1401
1592
1727
1302
759
610
1012
1484
1719
1815
1879
1855
1900
2165
2699
3060
3038
3031
3137
3195
3152
3104
2962
2826
2964
3214
3495
3559
3684
3824
4377
4905
5238
5229
5062
5090
4808
4213
2513
-254
-3770
-5525
-5104
-4017
-4399
-5867
-6570
-6457
-5996
-5634
-4492
-3099
-1657
-391
930
1532
930
-418
-1331
-919
475
1777
1917
1251
306
-574
-1490
-1844
-1711
-1284
-1138
-1107
-1090
-1313
-1876
-2552
-2587
-2070
-1073
-231
340
388
94
-228
-292
6
324
557
548
416
308
75
-404
-798
-1011
-903
-855
-721
-787
-1105
-1428
-1526
-1318
-1134
-839
-629
-554
-432
-284
-287
-308
-210
-61
8
156
264
84
-396
-853
-1010
-1229
-1629
-1970
-2285
-2599
-2722
-2519
-2268
-1947
-1333
-657
-68
425
858
1129
1376
1736
2001
2074
1957
1756
1442
1223
1122
1019
958
1023
1152
1274
1481
1583
1522
1658
1961
2238
2514
2787
2971
2977
3096
3246
3220
3194
3299
3529
3703
4083
4524
4717
4877
4930
5017
5082
4895
4427
3614
2086
-861
-4112
-5760
-5240
-4142
-4565
-5996
-6710
-6403
-6023
-5599
-4312
-2543
-1213
-268
841
1477
754
-674
-1390
-588
956
1896
1707
823
-120
-970
-1592
-1672
-1214
-896
-1004
-1193
-1244
-1436
-2008
-2453
-2077
-1170
-271
243
273
30
-440
-728
-709
-304
54
0
-330
-604
-745
-1058
-1352
-1436
-1259
-914
-668
-671
-788
-963
-984
-972
-759
-348
-144
-184
-337
-365
-405
-426
-417
-311
-104
38
169
155
3
-256
-338
-406
-946
-1385
-1183
-1344
-2696
-3722
-3110
-1744
-1092
-1141
-1036
-584
-20
581
1187
1763
2085
2092
2144
2297
2102
1207
312
230
884
1288
1127
923
890
895
944
1311
1770
1989
2103
2512
2936
3109
2882
2581
2780
3375
3795
3677
3583
3702
3814
3792
3981
4417
4595
4503
4476
4629
4813
4399
3268
1352
-1398
-4364
-5848
-5082
-4120
-4761
-6210
-6648
-6149
-5666
-5027
-3733
-2056
-431
1036
2186
2449
1541
328
-121
708
2002
2588
1968
704
-483
-1410
-2036
-2257
-1933
-1531
-1508
-1593
-1609
-1901
-2548
-2796
-2094
-982
-87
263
353
107
-312
-466
-196
229
295
179
-113
-336
-610
-954
-1253
-1244
-898
-565
-617
-956
-1227
-1415
-1551
-1406
-897
-536
-460
-649
-682
-578
-521
-530
-342
41
296
409
479
470
358
224
175
331
425
324
-354
-1724
-3090
-3214
-2394
-1847
-1634
-1441
-1162
-1065
-771
-269
360
920
1528
2097
2401
2060
1070
22
-342
-17
346
573
646
631
380
158
131
519
1119
1602
2030
2557
2778
2437
2185
2471
2867
2995
3144
3321
3268
2892
2732
2976
3450
3832
4003
4151
4442
4691
4608
4434
4305
3705
1932
-832
-3481
-4398
-3709
-3096
-3960
-5140
-5390
-5099
-4826
-4060
-2444
-1120
-463
294
1303
1304
205
-817
-780
34
938
1143
447
-776
-1915
-2557
-2759
-2546
-2089
-1857
-2028
-2006
-1914
-2078
-2340
-1977
-1145
-410
61
273
200
-237
-476
-237
231
441
316
-23
-529
-1000
-1152
-1209
-1229
-1172
-917
-833
-1149
-1463
-1585
-1543
-1440
-955
-281
99
33
-25
90
335
580
800
1013
1194
1333
1240
984
699
413
257
-76
-887
-1391
-1033
-797
-1999
-3127
-2895
-2065
-1734
-1409
-1013
-926
-800
-447
84
614
961
921
1055
1568
1840
1310
608
400
565
722
690
684
706
500
298
541
1052
1377
1467
1734
1985
2063
1874
1810
1940
2275
2589
2849
3068
3300
3473
3465
3619
3937
4376
4472
4600
5011
5454
5335
4773
4094
3078
1849
231
-2088
-4354
-4460
-3068
-3135
-5071
-6111
-5597
-5227
-5045
-3598
-1632
-947
-837
-71
553
-14
-990
-1224
-600
189
660
340
-622
-1503
-1915
-2069
-2007
-1451
-1092
-1360
-1778
-1723
-1556
-1761
-1768
-1067
-97
295
128
121
110
-208
-412
-113
345
288
-158
-532
-779
-1027
-1179
-1131
-980
-759
-653
-823
-937
-787
-690
-695
-419
100
285
117
136
324
514
674
858
1006
981
997
960
879
798
675
429
106
-24
-246
-571
-816
-1207
-2015
-2493
-2046
-1505
-1435
-1434
-1161
-921
-619
-142
337
603
774
996
1245
1450
1338
828
437
465
608
579
414
290
114
117
258
536
729
830
960
1147
1411
1488
1487
1720
2290
2633
2618
2632
2832
2992
3135
3329
3594
3926
4251
4587
4819
4965
4835
4690
4358
3934
3226
2108
336
-2212
-4481
-4770
-3453
-3428
-5229
-6431
-5801
-5333
-5308
-4235
-2526
-1787
-1510
-582
233
-65
-1055
-1441
-868
182
693
316
-536
-1221
-1669
-1918
-1836
-1453
-1283
-1637
-1887
-1740
-1573
-1737
-1741
-1230
-638
-417
-443
-474
-476
-538
-535
-282
120
95
-352
-636
-635
-477
-221
54
191
203
281
306
237
175
292
450
581
808
828
470
82
49
256
369
281
179
48
-153
-262
-191
-143
-96
-93
-133
-329
-736
-1132
-1038
-677
-1113
-1974
-2163
-1579
-1396
-1518
-1309
-952
-746
-402
132
431
566
570
659
983
1312
1095
580
390
491
561
509
484
515
505
436
475
715
989
1157
1306
1534
1847
2020
2044
2195
2609
2893
2893
3006
3344
3545
3675
3906
3941
3874
4144
4600
4607
4443
4578
4647
3997
2725
1415
494
-720
-2952
-4752
-4253
-3187
-4300
-6170
-6170
-5177
-5184
-4770
-2985
-1632
-1632
-1419
-477
-25
-380
-707
-569
-97
373
331
-478
-1299
-1433
-1573
-1876
-1698
-1191
-1381
-2003
-2011
-1556
-1417
-1437
-1112
-492
-90
-109
-322
-347
-86
-14
48
386
631
311
-104
-79
54
33
39
160
203
73
-105
-230
-267
-201
-195
-183
-32
36
-249
-597
-584
-402
-370
-315
-93
109
22
-141
-27
223
324
298
265
306
231
-76
-486
-951
-1282
-1699
-2140
-2106
-1403
-963
-1194
-1325
-1035
-556
-167
370
844
1054
1151
1245
1327
1289
986
626
621
811
856
631
385
344
505
768
1071
1368
1517
1467
1455
1559
1775
1869
1959
2177
2403
2509
2340
2140
2211
2571
2961
3298
3517
3428
3341
3499
3796
4036
4335
4452
4140
3248
1916
710
-288
-1731
-3660
-3982
-2827
-2983
-4857
-5678
-4988
-4717
-4588
-3240
-1707
-1438
-1541
-970
-361
-533
-863
-775
-337
145
320
-145
-1007
-1468
-1552
-1706
-1728
-1435
-1402
-1938
-2225
-1875
-1507
-1402
-1154
-592
-121
23
-18
-72
-85
-93
-41
141
290
146
-327
-724
-811
-656
-481
-355
-211
-170
-276
-385
-346
-226
-168
-76
48
139
172
72
-144
-237
-21
216
236
229
325
321
207
238
375
253
-212
-503
-283
58
-128
-607
-767
-780
-969
-984
-706
-824
-1204
-934
-112
244
-2
-222
-83
342
896
1239
1240
1149
1113
1018
995
962
670
368
353
630
696
456
40
-33
258
561
777
928
1025
926
931
1198
1618
1841
1916
2244
2702
2804
2722
2826
3053
3052
2997
3217
3514
3531
3256
3244
3648
3877
3321
2248
1172
386
-466
-2253
-4182
-4291
-3156
-3606
-5141
-5303
-4639
-4836
-4659
-2722
-1027
-921
-866
-19
390
-28
-293
-84
282
589
715
221
-706
-1380
-1712
-1876
-1601
-1105
-1058
-1438
-1668
-1622
-1506
-1355
-990
-348
283
502
231
14
7
18
136
577
893
599
135
-162
-335
-371
-251
-131
-128
-145
-174
-432
-766
-826
-717
-554
-251
-47
-318
-766
-890
-652
-471
-345
-214
-209
-317
-325
-298
-292
-110
88
131
79
126
-428
-1319
-1353
-367
138
-497
-1340
-1481
-1112
-901
-618
-22
631
713
692
1031
1358
1014
585
867
1454
1581
987
194
-360
-584
-707
-555
-191
-5
-92
-182
-10
329
561
700
1167
1861
2180
2076
2086
2298
2529
2642
2969
3275
3308
3038
2745
2752
2894
2990
2966
3102
3146
2986
2846
2912
2920
2427
1488
672
382
-532
-2781
-4341
-3279
-2019
-3066
-4386
-3773
-2994
-3502
-3199
-1406
-274
-504
-290
630
789
-162
-888
-823
-352
-22
-298
-1075
-1756
-2084
-2559
-2717
-2170
-1532
-1547
-1736
-1500
-1123
-909
-684
-174
575
1165
1192
940
862
861
581
474
926
1146
569
-154
-430
-653
-965
-943
-679
-632
-685
-753
-900
-1034
-1061
-999
-866
-475
-198
-327
-606
-674
-619
-623
-485
-218
-39
-2
-55
-68
-44
-123
-112
-137
-520
-1035
-855
-330
-529
-1124
-1301
-1120
-859
-737
-1230
-1781
-1130
257
612
354
228
102
-101
310
921
1053
859
589
555
595
264
-422
-653
-288
247
584
660
458
222
268
680
1281
1617
1702
1799
2055
2187
2244
2265
2238
2315
2520
2663
2618
2502
2314
2063
1963
2179
2469
2565
2439
2341
2513
2702
2782
2626
1954
832
147
42
-925
-2599
-3151
-2269
-2454
-3677
-3974
-3237
-3222
-3212
-1859
-499
-492
-801
-303
140
-129
-477
-420
-206
-4
-2
-424
-1017
-1325
-1470
-1513
-1125
-663
-614
-840
-823
-585
-447
-436
-199
297
684
575
319
347
385
104
-85
232
297
-108
-546
-755
-1015
-1203
-1103
-955
-937
-973
-1018
-1096
-1067
-945
-820
-768
-599
-327
-261
-459
-596
-414
-187
-76
22
59
-57
-126
-72
-83
-67
-5
21
24
62
37
-119
-380
-561
-551
-472
-533
-659
-554
-610
-797
-583
9
241
206
338
598
717
790
812
772
707
518
263
118
-5
-289
-415
-341
-200
-144
-123
-103
16
279
542
809
1086
1368
1636
1966
2270
2448
2513
2621
2811
2931
2877
2652
2478
2385
2346
2289
2239
2150
2189
2343
2342
2255
2342
2217
1302
118
-111
-19
-1309
-2990
-2792
-1602
-2040
-3122
-2806
-1989
-2260
-2107
-613
451
85
-246
192
329
-256
-817
-865
-792
-746
-859
-1257
-1751
-2072
-2305
-2447
-2177
-1625
-1363
-1525
-1439
-1049
-858
-844
-522
66
434
451
426
544
550
282
233
612
802
452
44
-63
-205
-481
-533
-347
-296
-475
-604
-683
-850
-956
-867
-703
-501
-194
-80
-330
-487
-314
-147
-101
123
479
492
213
87
102
11
-281
-568
-590
-411
-529
-1012
-1326
-1243
-1255
-1450
-1294
-882
-646
-536
-326
-213
-189
-218
-143
140
479
598
468
384
420
361
200
188
336
447
572
706
731
604
482
493
671
885
1040
1195
1319
1478
1666
1831
1917
1994
2078
2224
2337
2273
2132
2079
2079
2071
2209
2364
2363
2127
1997
2066
2197
2174
2154
2052
1334
158
-463
-229
-732
-2192
-2902
-2061
-1886
-2902
-3275
-2552
-2462
-2754
-1736
-219
-129
-998
-1039
-486
-386
-670
-610
-365
-459
-769
-990
-1109
-1357
-1563
-1531
-1113
-594
-440
-725
-918
-564
-70
141
373
911
1178
816
435
540
575
194
27
307
410
-28
-529
-767
-902
-1069
-948
-631
-478
-532
-580
-584
-633
-621
-645
-628
-504
-279
-168
-247
-360
-481
-529
-406
-135
-74
-256
-433
-403
-304
-282
-319
-285
-198
-132
-38
75
97
-5
-103
16
163
161
-106
-693
-1043
-576
202
298
94
163
340
353
543
820
893
844
968
1219
1220
751
105
-100
149
448
490
382
241
56
-26
59
300
518
743
999
1290
1370
1156
988
1084
1433
1742
1873
1792
1666
1534
1432
1526
1659
1653
1653
1881
2019
1923
1712
1651
1562
1015
155
-175
-10
-752
-2189
-2664
-1972
-1979
-2654
-2550
-1877
-1936
-2081
-1334
-569
-614
-732
-263
125
31
-245
-356
-439
-416
-319
-380
-590
-790
-1008
-1166
-1055
-872
-894
-1007
-834
-532
-477
-602
-576
-435
-342
-204
-47
155
223
76
-78
5
93
-105
-253
-128
18
-124
-250
-198
-268
-490
-555
-322
-149
-141
-219
-194
-66
-23
-67
-65
38
93
117
217
326
252
67
97
259
280
226
125
-7
-79
-149
-426
-688
-679
-653
-820
-961
-898
-905
-991
-906
-558
-212
-79
-47
109
312
298
185
245
358
357
252
172
100
-58
-190
-172
14
152
186
194
210
280
305
337
451
598
734
850
967
1034
1067
1072
1184
1431
1602
1552
1487
1514
1502
1480
1548
1685
1679
1606
1637
1760
1772
1732
1783
1922
1907
1258
220
-273
-155
-733
-1790
-1865
-1038
-1219
-2222
-2164
-1456
-1658
-1919
-813
361
137
-459
-222
97
-283
-739
-568
-276
-336
-536
-632
-826
-1192
-1473
-1428
-1019
-695
-650
-790
-784
-652
-642
-694
-487
-40
151
98
96
157
26
-216
-66
338
413
123
-36
-29
-159
-354
-333
-140
-115
-273
-289
-152
-288
-562
-596
-338
-46
107
202
187
-49
-261
-135
81
140
126
145
133
77
-66
-225
-297
-264
-165
-206
-304
-291
-98
-309
-889
-1008
-404
-23
-289
-407
-228
-284
-567
-332
117
174
-9
110
440
555
242
-74
94
393
422
382
464
272
-86
-231
-70
159
196
172
258
448
487
375
307
431
673
893
1114
1254
1234
1130
1118
1285
1561
1681
1628
1523
1423
1362
1416
1549
1589
1610
1715
1898
2024
2092
2106
1913
1417
818
571
462
-314
-1483
-1890
-1520
-1835
-2679
-2785
-2282
-2384
-2527
-1711
-740
-829
-1198
-715
-85
-248
-641
-479
-140
-112
-317
-441
-497
-676
-944
-1037
-765
-480
-518
-663
-464
-109
-92
-243
-92
212
301
232
289
346
145
-172
-237
-55
-16
-183
-299
-263
-220
-261
-238
-87
84
191
238
355
484
512
338
166
197
223
56
-216
-318
-393
-611
-834
-804
-705
-780
-842
-670
-465
-416
-386
-191
-24
-87
-198
-121
-51
-265
-454
-471
-511
-745
-828
-704
-703
-843
-858
-650
-432
-262
-104
100
227
265
340
433
445
376
300
290
344
307
156
3
-14
35
96
182
297
381
415
478
546
593
616
675
793
910
914
834
853
926
1033
1175
1328
1455
1531
1598
1706
1845
1944
2052
2197
2348
2481
2528
2485
2335
1964
1298
655
398
119
-707
-1479
-1421
-1287
-1957
-2603
-2302
-1973
-2314
-2264
-1347
-767
-1151
-1391
-882
-570
-881
-1054
-650
-403
-623
-812
-655
-614
-914
-1107
-858
-448
-260
-278
-223
-41
-21
-114
-40
225
287
114
15
43
-11
-296
-536
-519
-380
-400
-522
-513
-466
-568
-712
-637
-425
-388
-438
-396
-272
-245
-259
-166
16
152
175
191
270
389
444
410
431
481
386
239
202
225
94
-20
-9
41
7
-87
-50
2
-9
-57
-10
14
-12
-185
-657
-1083
-984
-464
-363
-726
-915
-729
-785
-933
-706
-336
-244
-267
0
324
140
-518
-788
-405
-96
-142
-125
-17
-153
-435
-456
-150
11
38
281
791
1097
1050
926
1011
1211
1298
1462
1760
1913
1757
1585
1581
1673
1636
1497
1593
1844
1961
1903
1887
1812
1618
1427
1432
1612
1687
1505
1291
1180
868
353
-19
-47
-255
-852
-1216
-1049
-988
-1535
-1940
-1726
-1458
-1606
-1574
-1008
-760
-1146
-1329
-891
-611
-905
-1143
-901
-604
-638
-690
-481
-383
-635
-824
-570
-264
-260
-372
-296
-119
-168
-323
-351
-268
-260
-278
-123
30
3
-225
-411
-414
-347
-315
-290
-185
-110
-101
-59
52
112
66
56
199
359
408
359
285
220
162
141
137
111
58
26
13
-8
-75
-196
-255
-228
-158
-127
-83
-27
-3
10
0
-5
-85
-242
-285
-104
42
-103
-324
-325
-307
-404
-418
-220
-100
-191
-252
-188
-91
-226
-411
-366
-131
-19
-3
98
154
52
-119
-31
161
187
120
165
213
134
26
-42
8
68
106
229
405
465
388
363
427
494
487
493
610
693
635
558
581
631
600
560
607
654
629
644
780
942
1045
1064
1086
1156
1204
1260
1327
1363
1311
1246
1175
1004
725
447
297
226
107
-55
-142
-162
-249
-456
-613
-619
-592
-666
-701
-622
-630
-794
-910
-855
-847
-911
-939
-905
-873
-878
-878
-828
-714
-643
-641
-575
-437
-342
-376
-412
-360
-330
-356
-381
-328
-320
-393
-435
-361
-250
-236
-225
-175
-148
-211
-311
-329
-301
-312
-389
-403
-356
-370
-443
-456
-395
-390
-381
-307
-200
-138
-91
-45
-32
-27
-39
-81
-104
-76
-60
-54
-36
-47
-96
-186
-260
-288
-259
-202
-168
-143
-135
-176
-265
-333
-392
-471
-494
-461
-433
-453
-481
-461
-385
-264
-169
-100
-59
6
96
164
210
263
274
228
161
87
35
-17
-37
0
56
82
96
115
98
104
172
320
464
548
591
599
591
571
581
595
620
645
653
644
623
636
670
719
794
881
932
942
974
997
996
1012
1030
1061
1065
1053
1038
1032
1059
1084
1125
1165
1198
1170
1101
1083
1066
1014
939
876
777
665
591
533
462
371
265
131
20
-84
-182
-289
-413
-557
-698
-807
-924
-1038
-1122
-1195
-1269
-1319
-1329
-1350
-1388
-1410
-1393
-1352
-1354
-1367
-1337
-1306
-1284
-1236
-1158
-1097
-1044
-972
-954
-934
-861
-768
-683
-570
-445
-385
-339
-261
-192
-160
-73
48
124
160
176
154
98
28
-26
-71
-132
-211
-272
-303
-364
-456
-527
-538
-530
-504
-491
-478
-444
-396
-323
-242
-124
-16
55
115
201
267
271
263
271
294
268
192
109
3
-123
-244
-292
-273
-239
-183
-113
-12
44
78
141
233
320
394
492
594
690
780
870
952
972
958
954
948
945
928
937
960
975
941
914
892
859
856
910
1007
1091
1132
1121
1084
1026
971
939
929
929
957
962
922
817
699
626
576
513
461
425
358
280
212
121
-5
-85
-137
-260
-475
-629
-705
-810
-914
-982
-1072
-1181
-1256
-1305
-1324
-1310
-1265
-1220
-1164
-1142
-1152
-1169
-1171
-1130
-1091
-1022
-896
-740
-621
-525
-419
-329
-226
-95
59
180
215
198
121
51
8
-41
-108
-163
-204
-275
-317
-329
-326
-367
-410
-412
-424
-456
-486
-485
-511
-528
-506
-478
-468
-491
-494
-476
-413
-297
-170
-35
79
202
305
388
479
551
606
642
685
671
554
438
374
315
215
146
107
64
19
4
50
107
138
163
224
289
308
289
278
284
267
228
188
139
65
-4
-9
43
81
100
113
112
94
89
114
128
125
131
165
208
242
288
342
396
478
574
616
636
694
753
782
822
890
919
909
907
934
958
970
1006
1069
1082
1030
960
910
835
756
723
715
700
662
639
588
525
471
416
327
235
164
58
-93
-268
-433
-619
-803
-936
-1072
-1221
-1340
-1385
-1407
-1440
-1433
-1425
-1414
-1417
-1410
-1398
-1380
-1342
-1337
-1326
-1310
-1299
-1300
-1282
-1245
-1217
-1164
-1083
-992
-898
-825
-798
-781
-750
-724
-721
-733
-759
-793
-798
-748
-665
-560
-433
-296
-198
-112
8
141
242
324
427
522
577
594
585
540
472
400
349
315
270
206
129
76
66
95
145
195
240
274
323
403
485
551
592
625
660
683
660
618
621
634
649
664
669
642
578
526
520
571
643
731
812
878
923
957
1004
1058
1145
1279
1422
1540
1617
1650
1657
1644
1615
1570
1515
1417
1251
1044
839
665
493
305
164
75
-53
-194
-266
-336
-479
-591
-620
-678
-806
-909
-987
-1107
-1238
-1295
-1317
-1347
-1357
-1327
-1302
-1311
-1305
-1291
-1304
-1330
-1307
-1222
-1125
-1026
-942
-879
-810
-732
-634
-509
-358
-222
-84
64
172
217
201
195
185
142
101
90
79
15
-42
-65
-89
-123
-154
-152
-135
-108
-88
-58
-20
-1
7
-22
-81
-145
-184
-186
-150
-89
-47
-25
-26
-43
-46
0
59
93
153
232
259
220
174
118
34
25
82
122
112
122
156
173
182
207
252
284
302
311
314
328
322
269
206
149
79
25
13
-22
-77
-89
-92
-127
-164
-178
-200
-205
-153
-67
-3
52
119
152
147
153
205
246
260
279
310
329
307
286
297
313
311
294
285
258
198
130
87
66
45
33
46
76
96
102
134
198
260
312
398
487
517
521
524
504
443
386
348
292
217
134
55
-16
-102
-206
-314
-398
-447
-466
-477
-488
-494
-504
-496
-471
-445
-422
-384
-302
-190
-83
-17
-9
-19
-8
14
20
30
43
13
-74
-171
-260
-351
-427
-481
-500
-511
-499
-478
-468
-449
-399
-319
-239
-160
-97
-35
25
73
107
123
133
155
194
229
243
267
301
332
354
360
337
304
295
299
302
319
334
315
284
267
265
270
292
324
349
338
279
213
155
85
38
40
59
54
36
11
-33
-78
-98
-50
19
58
89
127
142
112
81
68
63
32
-14
-69
-143
-220
-297
-367
-433
-491
-523
-545
-574
-610
-623
-612
-599
-564
-525
-505
-507
-501
-491
-468
-417
-343
-288
-265
-234
-175
-108
-38
34
94
127
145
138
112
107
120
133
143
161
156
140
138
136
124
119
145
169
155
134
122
116
96
100
136
165
205
282
375
427
446
458
467
462
449
459
473
472
455
435
400
335
299
291
292
308
347
383
378
336
303
317
361
429
516
595
635
618
570
514
458
413
397
383
330
244
117
-30
-165
-270
-341
-414
-480
-549
-638
-745
-838
-904
-989
-1049
-1077
-1097
-1125
-1152
-1142
-1127
-1098
-1050
-982
-928
-891
-826
-754
-672
-566
-431
-326
-262
-175
-87
-28
9
69
147
233
310
344
350
336
339
377
447
505
514
490
437
361
286
227
162
82
31
2
-28
-79
-136
-197
-234
-212
-152
-73
11
94
157
217
288
356
417
452
478
496
532
588
617
599
536
456
374
291
212
134
74
35
9
-18
-62
-121
-191
-238
-226
-177
-127
-74
-43
-52
-55
-38
-30
-16
29
59
60
44
1
-69
-164
-229
-245
-234
-224
-245
-290
-354
-421
-474
-484
-472
-455
-427
-413
-417
-416
-408
-384
-340
-258
-164
-84
1
100
178
226
291
351
366
360
365
354
308
252
193
133
87
49
18
12
36
55
72
125
199
246
269
319
372
403
423
445
451
430
415
412
413
420
414
374
314
268
226
189
175
174
159
151
155
146
125
95
84
107
154
193
202
181
163
162
176
203
217
190
145
119
93
37
-25
-90
-167
-249
-309
-363
-425
-484
-525
-534
-514
-488
-458
-423
-383
-334
-268
-190
-121
-56
-12
21
61
82
85
96
113
117
95
54
-3
-74
-141
-170
-188
-221
-254
-271
-272
-276
-280
-301
-337
-367
-371
-356
-341
-340
-351
-341
-305
-249
-193
-158
-148
-141
-101
-40
22
71
109
143
175
208
242
275
280
284
332
404
457
470
453
406
379
388
415
450
483
519
540
542
529
501
454
403
396
406
404
368
309
238
152
81
41
20
-4
-22
-35
-49
-54
-71
-80
-65
-38
-15
-2
1
-28
-82
-113
-105
-109
-144
-183
-231
-266
-258
-219
-174
-138
-121
-135
-162
-221
-297
-360
-401
-407
-396
-395
-437
-499
-568
-631
-662
-661
-637
-622
-624
-648
-689
-729
-786
-851
-892
-896
-888
-874
-849
-837
-824
-792
-705
-570
-433
-307
-179
-52
54
144
219
272
294
282
260
247
232
211
206
230
278
331
379
424
470
510
565
638
721
790
847
887
887
864
847
844
842
850
849
828
809
783
740
689
661
657
662
678
715
755
770
784
818
842
832
810
795
773
755
740
718
652
541
424
322
223
117
20
-56
-110
-161
-214
-267
-346
-439
-511
-547
-573
-623
-687
-760
-849
-935
-1016
-1100
-1174
-1215
-1226
-1227
-1212
-1217
-1240
-1234
-1204
-1161
-1098
-1017
-953
-892
-807
-720
-632
-531
-401
-260
-130
-21
64
123
170
243
325
395
476
555
590
600
603
584
564
572
585
577
546
483
375
264
193
147
120
114
105
85
50
11
-27
-69
-113
-139
-135
-134
-154
-189
-234
-274
-298
-303
-288
-250
-214
-181
-153
-148
-149
-154
-154
-158
-152
-138
-127
-123
-132
-154
-182
-193
-184
-171
-143
-96
-54
-25
6
48
79
93
114
145
171
174
153
123
107
82
23
-21
-43
-67
-80
-61
-29
-12
11
59
126
190
254
317
364
395
421
445
454
442
422
405
371
314
257
202
155
121
102
98
104
106
94
70
45
31
14
-3
-1
-2
-29
-55
-67
-83
-96
-99
-96
-93
-80
-56
-37
-24
-26
-28
-19
6
34
54
67
89
136
178
206
235
260
267
269
292
328
354
358
335
310
304
299
288
277
252
230
214
198
174
146
112
81
59
38
28
-2
-50
-103
-147
-181
-198
-198
-194
-185
-167
-150
-146
-165
-172
-165
-152
-125
-104
-97
-95
-89
-93
-92
-74
-45
-27
-24
-23
-34
-74
-120
-146
-158
-172
-195
-227
-263
-296
-320
-326
-326
-303
-263
-215
-179
-146
-113
-81
-28
35
110
179
210
201
168
123
60
-1
-45
-73
-96
-126
-164
-208
-230
-230
-213
-176
-126
-93
-80
-56
-42
-58
-84
-98
-116
-153
-200
-238
-274
-324
-371
-398
-414
-439
-461
-461
-441
-417
-390
-352
-304
-271
-253
-231
-209
-188
-152
-88
-9
58
119
176
231
289
361
437
507
559
576
571
550
522
507
509
516
521
523
520
494
462
445
441
438
431
429
426
395
343
290
254
233
211
195
164
104
25
-42
-83
-115
-136
-158
-178
-205
-239
-273
-306
-318
-308
-275
-226
-183
-169
-173
-179
-175
-155
-123
-99
-80
-79
-98
-129
-169
-200
-229
-255
-261
-248
-240
-251
-259
-258
-259
-250
-214
-169
-119
-66
-8
30
55
80
99
135
192
248
288
318
338
345
345
335
305
259
214
185
161
118
63
-10
-83
-141
-178
-208
-244
-274
-283
