-24
32
7
-51
2
4
-45
-11
12
-24
-11
32
-5
-23
28
-6
-47
0
-1
-47
-17
11
-28
-16
12
-31
-39
-7
-34
-46
-19
-42
-57
-35
-40
-53
-44
-38
-53
-55
-42
-50
-59
-52
-56
-60
-48
-53
-59
-49
-55
-58
-53
-49
-51
-48
-44
-37
-31
-20
-13
-14
3
5
7
17
15
16
21
21
22
27
29
28
34
42
41
45
52
50
57
60
59
61
62
65
68
71
76
81
85
94
93
90
89
80
71
70
63
60
57
55
54
58
60
51
45
41
31
21
20
10
12
10
4
5
4
2
-5
-7
-5
-14
-17
-18
-27
-27
-23
-26
-28
-21
-19
-12
-12
-9
-6
-13
-16
-24
-23
-20
-26
-29
-26
-26
-27
-29
-28
-29
-36
-35
-35
-33
-31
-31
-32
-33
-27
-24
-29
-25
-21
-27
-27
-23
-28
-31
-31
-30
-24
-18
-17
-14
-16
-17
-19
-28
-41
-43
-45
-41
-35
-36
-27
-22
-18
-16
-14
-18
-29
-31
-37
-43
-37
-36
-35
-31
-30
-28
-27
-33
-34
-34
-33
-29
-25
-29
-31
-30
-30
-31
-29
-20
-26
-28
-22
-28
-21
-22
-33
-30
-22
-19
-13
-9
-4
2
-5
0
13
13
16
26
33
39
38
35
35
41
43
45
62
65
56
62
68
64
70
69
69
66
73
83
77
91
87
83
91
86
88
85
77
76
73
77
86
87
81
80
85
89
75
67
75
77
71
67
75
72
73
64
57
59
54
56
50
40
34
34
36
33
32
31
35
33
18
18
19
12
0
-4
-21
-27
-30
-35
-36
-42
-52
-58
-55
-54
-50
-58
-55
-61
-74
-74
-69
-60
-69
-70
-74
-70
-73
-91
-77
-72
-56
-60
-75
-83
-97
-83
-130
-69
-165
-221
-41
11
-71
-186
-10
-75
-99
-101
-65
-25
-142
-66
-111
-23
-50
-60
-44
-41
-18
-95
-7
-31
-51
-57
-35
24
-25
-20
-39
0
-6
6
42
20
-4
-19
18
-8
6
-22
1
30
-13
30
19
-4
-18
-24
-7
3
-5
1
5
-21
5
4
6
9
7
-3
-7
20
18
11
11
13
4
22
19
11
12
2
30
39
29
45
62
63
56
26
60
53
27
56
46
66
61
64
67
57
61
74
65
77
68
74
100
69
55
66
52
77
94
80
113
121
128
115
111
71
63
53
31
58
72
31
26
15
13
1
1
3
-28
-28
-35
-7
-26
-55
-52
-65
-70
-44
-75
-75
-86
-97
-53
-55
-44
-66
-103
-131
-121
-134
-122
-110
-117
-104
-92
-65
-87
-120
-107
-106
-79
-65
-43
-26
-70
-59
-111
-109
-99
-105
-105
-79
-58
-31
-42
-56
-60
-73
-115
-109
-82
-100
-71
-81
-101
-76
-88
-85
-97
-106
-53
-69
-50
-11
-16
-21
3
-3
-20
-18
-25
-5
30
21
78
107
81
45
48
22
-7
39
49
17
69
76
62
92
64
32
-10
38
57
84
88
87
113
37
65
91
77
118
122
164
142
75
176
110
39
155
156
102
287
-9
94
-151
-98
-51
-381
-64
-3351
-2777
576
70
243
230
-1230
-65
452
-657
436
-532
-222
1305
836
1141
106
1722
-1319
-1540
3866
-1286
212
1387
-1719
796
305
-1414
-788
-1253
-2967
-2169
-1252
-629
101
1588
419
-1511
378
-285
-1582
-11
-664
-186
1242
961
302
-927
347
-1737
-1388
1418
-147
642
2981
729
311
1873
-371
76
1561
-780
506
2231
1116
1616
908
397
-41
-431
531
-581
-775
727
-1764
-474
-381
-2066
-504
-826
-1578
-1121
-2598
-2225
-1772
-1982
-977
-1700
-298
-963
-578
-135
-556
-166
539
1426
2565
2876
3046
3385
2542
2283
2521
2333
2360
3148
2353
2796
2967
1899
1169
828
77
386
517
984
447
415
668
-651
-848
-509
-1022
-405
211
-784
933
701
523
-167
-150
-44
-843
875
612
1241
1293
639
1349
-74
745
814
-308
1032
385
663
694
958
253
474
893
-677
904
41
-975
943
-976
-778
1267
-1302
6
409
-944
-85
-912
-649
-767
-434
109
-971
-813
308
-1103
-511
598
-1287
240
-172
-240
274
854
534
-583
390
-262
-838
39
-840
-594
-452
-38
-1107
-836
299
-1592
-931
137
-1082
-838
686
-667
-194
-286
-302
-521
-471
-591
-1057
-617
-340
141
-187
93
-686
-783
-121
-1159
-808
2
-614
-409
71
-522
-930
-62
-1821
15
921
-632
395
1189
-69
136
435
-1025
-414
-853
-349
-703
97
563
-305
308
-273
389
-9
-483
-776
-1506
-129
76
-310
1021
885
-301
614
82
-479
-771
-1677
-798
-497
60
164
-104
-331
-397
-410
-309
197
-135
89
268
-159
325
443
-319
-350
-376
-422
-131
111
-226
-190
-289
-255
391
378
-585
-303
-553
-973
-441
-460
-929
-1313
-192
-660
-708
648
-346
-1340
-162
167
103
234
655
177
149
351
-335
-239
134
-206
-562
-272
58
243
-245
-382
-170
-2
-7
-240
-404
-326
151
605
254
-198
27
-26
186
891
698
554
826
1641
1295
1022
1370
230
268
373
315
580
294
470
673
406
446
225
603
91
-708
-1013
-447
542
145
559
149
-59
546
509
-658
-468
119
52
1019
435
211
400
-71
-513
-690
184
265
-497
120
194
-637
-526
-718
-1124
-425
32
-437
-798
-923
-1347
-1799
-830
-717
-830
-971
-733
-622
-1183
-1116
-1197
-1181
-636
-546
-623
-293
-647
-485
-513
-169
56
-588
-762
-787
-592
-217
-310
-160
-118
-340
-299
103
83
-120
-593
-828
-657
-175
208
-185
305
438
118
267
149
-164
-149
330
457
1529
1527
495
657
403
363
874
1108
891
791
658
1253
1191
1295
858
-51
911
1168
1047
1685
1666
967
1016
1306
1478
1697
1629
593
532
731
1123
1075
1355
931
495
839
1221
1509
1198
1010
515
576
1385
1818
1186
1282
361
182
408
572
778
615
215
205
220
-97
-322
-717
-1098
-647
-411
-482
-415
-285
-920
-1919
-1839
-1299
-172
-945
-829
-253
-569
-744
-1434
-1748
-1262
-1785
-2546
-2465
-2030
-1613
-1733
-2008
-2042
-1808
-2353
-3061
-2320
-1608
-2209
-2584
-2462
-2055
-1792
-2349
-2552
-2424
-2429
-2241
-2324
-1463
-882
-1392
-1328
-1106
-127
-78
-541
-72
195
274
286
697
1453
1534
1472
1261
1043
1932
1734
1229
1709
1787
1954
2215
2333
2890
2043
1942
1800
1701
2554
2123
2262
2449
2558
2657
2347
2400
2773
2637
2768
2945
3018
3269
2964
3280
3455
3307
3690
3220
3449
3785
3418
3686
3713
4192
3643
2817
2623
2560
2245
1934
1627
2301
2534
1560
952
153
190
-817
-1033
-1554
-751
-1460
-2918
-2451
-3271
-3213
-3948
-5062
-5292
-5862
-5892
-5896
-6100
-6646
-6945
-6948
-7493
-6933
-7346
-7440
-7226
-6500
-6197
-5531
-5344
-5149
-4504
-4796
-4327
-3978
-3703
-2804
-2619
-2514
-1309
-1001
-545
-176
-41
359
584
1091
1446
1634
1650
1336
1727
1562
1484
1492
1114
1334
1548
1549
1822
1992
1567
1794
1796
1859
2111
2165
2654
2930
3175
3386
3538
4008
4431
4927
4735
5282
5354
5504
5913
6012
6759
6555
6797
6563
7130
7377
7457
7451
6802
6855
6357
6482
6053
6074
5120
5432
5930
4959
4385
3460
2443
2344
2291
1093
1087
-143
-1296
-1890
-3276
-3932
-4650
-6212
-6944
-7478
-7622
-8064
-8262
-9061
-9907
-10080
-10391
-10111
-10515
-10187
-9966
-12058
-11318
-10741
-9688
-9326
-9655
-8522
-8612
-7114
-6410
-5025
-4155
-4388
-2941
-2681
-1448
-339
-910
-311
102
-58
607
1536
1779
1381
707
1770
2785
2016
2238
2251
1710
1706
1862
2413
2496
2132
2110
1821
2255
2411
2791
2508
2454
3193
3229
3704
3878
4310
4560
4763
4622
5519
5867
5344
5971
6238
6710
7258
6809
7962
7781
7317
7522
7621
9080
7947
7571
7967
6695
7364
7875
7591
8615
7270
7365
6262
5859
6991
4776
3862
1527
54
-852
-3093
-4254
-5237
-6547
-8348
-8808
-9392
-10126
-11216
-12751
-13115
-13385
-12903
-12586
-12711
-12181
-12752
-12176
-11526
-10968
-10130
-9991
-9392
-8370
-7516
-6705
-5289
-4578
-3048
-2473
-1754
-682
-338
601
1541
2057
2781
2612
2875
2738
2031
1769
693
535
571
482
766
508
23
-211
-602
-224
-179
-268
-123
77
611
1423
1849
2281
2548
2561
3351
3929
4546
4841
5447
6131
6729
7462
7906
7726
7581
7918
8371
8954
9626
9194
9086
8882
8830
9071
8934
8976
7959
8816
8028
8565
8877
7315
8614
8174
8427
8362
5595
5101
1454
-301
-1486
-4552
-4047
-5845
-6018
-7279
-8531
-10710
-12048
-13221
-13967
-13940
-14369
-13981
-14278
-13263
-13727
-13718
-13851
-14116
-13078
-12321
-11023
-9001
-8372
-5984
-5102
-3671
-3152
-3037
-2664
-1434
198
1804
3619
3767
4877
4655
4481
4099
2900
2310
2454
1956
2693
1775
1129
366
-535
-1007
-1606
-2287
-2637
-2439
-1802
-862
-629
-41
-391
-83
-200
-34
1138
2328
3583
4927
4961
5875
6009
5772
6025
5497
6554
7816
7821
8630
8676
7802
9013
8052
8417
8298
7160
7663
6962
7637
7798
7178
7074
5947
6351
6217
5593
6229
5003
5848
5360
3739
3134
-799
-1322
-2896
-3923
-2912
-4263
-3957
-4803
-5878
-6072
-7592
-8400
-9569
-10067
-9710
-9602
-8769
-9003
-8945
-8849
-9227
-9243
-9431
-9689
-8610
-7686
-6038
-4252
-3745
-2977
-2946
-3022
-2328
-1977
-1138
-234
225
1159
1374
1614
1612
2006
1436
731
439
-207
67
-3
1039
1497
1340
1837
1613
1439
65
-1140
-1265
-1065
279
28
294
346
-333
329
-488
-727
-281
-306
305
1232
1450
2022
2015
1269
1434
1447
2093
2729
2578
2391
2296
2686
2993
3122
2809
2200
2110
2343
2697
2670
2265
2151
2153
2273
2461
2283
2065
2033
2400
2784
2833
2533
1934
1834
1982
2437
2666
2454
2153
1630
1472
1421
1444
1277
1075
1025
929
814
506
99
-292
-510
-620
-779
-1065
-1605
-2030
-2339
-2466
-2528
-2740
-2967
-3275
-3418
-3569
-3748
-3917
-4111
-4194
-4121
-3979
-3814
-3782
-3823
-3833
-3850
-3778
-3740
-3729
-3683
-3517
-3213
-2993
-2769
-2578
-2485
-2242
-1987
-1821
-1622
-1485
-1366
-1157
-892
-584
-308
-32
196
465
771
994
1188
1376
1566
1801
2110
2353
2547
2733
2801
2900
3062
3164
3254
3282
3260
3263
3288
3308
3258
3191
3112
2970
2919
2835
2645
2546
2397
2265
2198
2170
2126
2072
2030
1972
1968
1959
1932
1932
1945
1984
2007
1937
1775
1591
1496
1491
1479
1494
1487
1487
1536
1466
1328
1042
699
412
49
-207
-498
-801
-1123
-1465
-1683
-1931
-2155
-2472
-2870
-3187
-3497
-3752
-3940
-4110
-4179
-4248
-4263
-4221
-4153
-4129
-4142
-4135
-4099
-3951
-3800
-3587
-3404
-3255
-3093
-2961
-2765
-2525
-2386
-2271
-2111
-1940
-1646
-1398
-1154
-882
-697
-477
-207
23
236
450
601
858
1123
1427
1706
1873
2055
2154
2286
2405
2524
2662
2723
2746
2786
2830
2811
2787
2701
2596
2546
2423
2304
2189
2025
1856
1733
1644
1483
1395
1326
1187
1111
1050
972
927
890
876
904
1012
1101
1211
1371
1517
1705
1912
2058
2099
2073
1953
1827
1856
1878
1912
1954
1911
1884
1814
1593
1238
795
385
13
-324
-568
-942
-1257
-1612
-2013
-2303
-2595
-2918
-3329
-3657
-3948
-4212
-4358
-4440
-4542
-4501
-4458
-4296
-4114
-3972
-3999
-4220
-4338
-4637
-4434
-4362
-4321
-4711
-6741
-6510
-4838
-892
2344
1103
-827
-4471
-5091
-2704
-77
1949
559
-817
-157
1182
2317
-137
-4401
-4779
-2102
3038
6295
3218
343
-157
3322
6943
5079
563
-2158
179
4145
5902
3753
1546
2530
3434
4225
1089
-2662
-1833
-541
2855
4234
3747
4073
3411
3522
3263
2857
4192
5494
7576
8402
8427
9546
10335
11573
11110
10876
10462
10115
6254
1818
-418
2075
6976
6381
4073
-1894
-3257
-4487
-6346
-7877
-9619
-9527
-9056
-8931
-8716
-9713
-12615
-15251
-17027
-15070
-13347
-11209
-10968
-10376
-9338
-7602
-5686
-4305
-4294
-4865
-4404
-1492
3214
7281
8509
7442
6985
5184
6008
4952
5626
6975
6206
5997
4490
3239
2518
-407
-2884
-3608
-3791
-1769
-2740
-3829
-5811
-7576
-7440
-7649
-7594
-7094
-7672
-6273
-5268
-4697
-2942
-3052
-2298
-2206
-1745
353
2780
4232
5746
5778
6617
7356
8053
8713
9026
9076
9857
10478
11141
10981
10456
10562
10175
10790
10531
10758
11050
10772
10479
11071
11377
12028
12915
10261
13014
11018
16307
14966
744
-3284
-17809
-2007
4198
1304
-1968
-15226
-10119
-9624
-15447
-19983
-19478
-16864
-11462
-16697
-14696
-11942
-12332
-16153
-23611
-20255
-11324
-7221
-4570
-9239
-7598
-1939
-1557
929
-942
-2813
337
4631
8221
15188
12463
11023
8098
5033
4782
7606
7624
8586
6029
266
-207
-2285
-3416
-6186
-9659
-10890
-9005
-7807
-7994
-10504
-12558
-14991
-13631
-11746
-9920
-7683
-7289
-7759
-5046
-3725
-2027
481
-1193
431
2755
5591
9582
11020
9746
10059
10366
11588
13850
14399
14191
14481
13572
13961
14638
13742
13341
11463
11565
11916
12759
13192
11758
10882
10770
9156
11897
10362
11805
14575
-887
-3825
-16138
-9425
5134
-452
-2702
-14563
-15079
-9948
-12231
-19219
-17927
-16348
-11266
-11974
-15725
-12200
-11188
-13398
-18323
-19220
-10591
-5537
-2861
-7086
-8356
-2479
-1093
1268
-505
-1855
779
5737
7493
12068
10510
6637
5370
3338
2707
8106
5887
6124
5325
-923
833
-1816
-4975
-6049
-9553
-8900
-5716
-6338
-6758
-10033
-12542
-13376
-12129
-9951
-7674
-5842
-5052
-5586
-2914
-2275
-1085
901
-725
2185
5512
7379
10921
10108
8255
9887
9474
11780
13712
13260
14149
14364
13165
13467
12828
11645
12142
11141
11432
12778
12279
12888
10863
10141
10267
8777
11780
8594
14863
8899
-1082
-6514
-15946
25
3058
677
-6420
-14972
-12180
-9107
-14355
-17259
-14761
-13127
-9322
-13858
-15660
-11852
-12054
-14331
-17742
-16341
-9202
-5522
-4931
-9427
-6542
-4705
-1185
-329
-2413
-1644
2355
5289
9339
9561
4273
5586
3008
5719
8181
6711
6842
5494
1970
1381
83
-2108
-2256
-5261
-6187
-4442
-5441
-5540
-8509
-11408
-11605
-11067
-8527
-7536
-6414
-7005
-6484
-5567
-4252
-2921
-1787
-1088
422
3146
4866
7401
7203
6951
7851
8832
11618
13205
13934
13885
14016
13938
14169
13930
13629
13676
13668
14257
13924
14791
13875
12813
12257
9700
11564
10595
12846
13411
1224
-2725
-14769
-6071
2858
110
-2119
-14939
-15151
-12538
-14859
-17615
-15983
-15353
-10869
-14464
-17812
-15932
-14138
-15146
-16390
-17690
-12230
-7188
-5830
-7989
-8454
-6613
-3586
190
-909
170
1843
5358
8065
10015
5494
6616
6597
7345
9946
7803
7922
8783
4855
3421
1825
233
2169
-1001
-3799
-4086
-4964
-4264
-5679
-10187
-10538
-11174
-9029
-7875
-8734
-8988
-8834
-7808
-6537
-5789
-4816
-3206
-1894
-120
987
2892
4472
5166
5773
6470
8462
11058
12438
12667
12201
12021
12956
14227
14485
14734
14372
13934
14477
13560
13758
13554
12909
13208
12196
11195
12028
10113
13804
9397
839
-5210
-13904
-817
2902
3018
-3721
-16406
-14685
-13822
-14981
-14144
-14624
-12016
-10191
-15680
-17335
-17016
-15183
-14961
-15658
-15741
-10846
-7959
-7140
-9308
-9575
-8505
-4132
-955
-629
-174
591
3507
6929
7024
4359
5134
5655
8410
9174
7482
6959
7382
4399
4255
2122
1647
3277
304
-1441
-2759
-4522
-3174
-4849
-7287
-8008
-8897
-7523
-6721
-7629
-8312
-8091
-7795
-5808
-5474
-4638
-3338
-2484
-885
-98
938
2499
3696
5143
6117
7679
9061
10470
11077
11114
11512
11992
13132
13577
14104
13565
13703
13872
13887
14575
14171
13556
13870
11934
12970
11690
13550
11517
3719
-2027
-9565
-238
3338
4587
-1894
-13383
-13059
-13479
-12658
-11825
-13420
-11514
-11682
-15777
-16845
-17561
-15312
-15083
-15100
-15339
-12201
-10367
-9312
-10463
-11041
-9667
-5971
-2267
-782
-1434
-1455
420
3716
6267
4658
5720
5601
7782
9092
8184
7626
7557
5525
5435
4529
3958
5263
3169
1240
-476
-2805
-1892
-2292
-3824
-4341
-6646
-6125
-5789
-6150
-6257
-6947
-6967
-5662
-5234
-4401
-3650
-3338
-2297
-1456
-558
1177
2355
3586
4466
5211
6591
7670
9183
9410
9959
10328
10898
11949
12072
12059
12124
12329
12501
13016
12849
12661
12990
11456
12015
11497
12801
12047
4881
26
-6278
391
5234
4984
669
-10776
-11473
-11866
-10827
-9365
-11109
-10629
-11607
-15346
-16565
-16951
-15159
-14534
-14905
-15362
-13675
-11888
-11290
-11450
-12685
-10875
-7849
-3941
-1951
-3077
-3740
-2340
355
4361
4294
5489
5672
6525
7325
7044
7401
7683
7749
6457
6407
5560
6200
5542
3224
1298
-20
-192
1015
-585
-1862
-4125
-5458
-4918
-5071
-4901
-4966
-5470
-5570
-5396
-5846
-4561
-3919
-3316
-2313
-1836
-574
1323
1733
2742
3312
4216
6395
7920
8830
9634
9357
10057
11056
11348
12546
12687
13069
13749
13147
13647
13454
12691
13756
12538
14695
12505
6310
2066
-2784
4370
7849
6018
301
-9260
-9161
-8880
-8342
-8088
-8994
-9482
-11939
-16045
-17826
-16218
-14569
-14926
-15969
-16879
-14903
-13323
-13954
-14282
-14743
-12349
-8819
-5816
-4796
-5691
-6138
-4350
-953
2295
3510
4157
4763
5298
5800
6462
6832
8458
8519
7738
7870
6721
7065
6355
4233
3810
2847
2793
2892
939
-515
-2238
-3136
-3114
-3156
-3714
-4170
-4915
-5616
-5491
-5501
-4785
-3856
-4096
-3558
-3324
-2611
-999
-307
1043
2011
2912
4180
5103
6239
6901
7853
8518
9380
10243
10687
11455
11785
12246
12573
12728
13126
12690
13476
12957
14430
12819
6143
3291
-627
7611
10725
6571
393
-9001
-7134
-5620
-5776
-5581
-6835
-8818
-12043
-17405
-16884
-13269
-11984
-14098
-17575
-18071
-14952
-13914
-14980
-15711
-15342
-12377
-10324
-8555
-7453
-7701
-7669
-6249
-3729
1158
2674
3626
2790
2209
3814
6126
7954
9172
8668
7324
8039
7299
7832
7809
6433
6474
5689
4429
4536
2443
1447
224
-803
-279
45
-1085
-2252
-4098
-5079
-4070
-3725
-2794
-2812
-3811
-4074
-3806
-3188
-1370
-476
557
1111
1696
2119
3662
4553
5739
6914
7258
8614
9135
9702
10227
10490
11371
12009
12238
12693
11794
13108
12562
14080
11116
5047
3467
2484
10795
10675
4545
-1773
-7306
-3777
-2542
-3512
-3787
-5540
-9697
-13855
-16638
-12859
-8352
-10847
-15667
-18945
-17421
-13973
-14402
-15218
-14917
-14121
-13220
-12817
-10261
-7668
-7817
-8907
-7997
-4638
193
1066
672
1245
1371
3671
5230
6060
8109
7489
6878
7098
7272
8223
8304
6868
6653
6339
5509
5178
3470
2556
1864
1184
1164
843
-362
-1719
-3043
-3714
-2884
-2213
-2138
-2611
-4060
-4089
-3542
-2692
-1501
-792
-260
233
501
1520
2753
4007
4664
5189
6516
6975
8334
8471
8952
9977
10337
11182
11652
11835
11899
12774
12258
13613
8478
4580
4296
6161
13586
8323
2322
-3082
-4711
-1207
-956
-1927
-2123
-5792
-12211
-13925
-12938
-7475
-6990
-13552
-17354
-17612
-15247
-13267
-14085
-13469
-13685
-15361
-15796
-13221
-8997
-7402
-10011
-10430
-7808
-4584
-1745
-2033
-115
1063
526
1451
3632
6261
7747
5931
5330
6898
7511
8177
7531
7351
7755
6627
5532
5568
5398
4861
3453
2316
2450
2363
826
-290
-1084
-1156
-1063
-1335
-1808
-2131
-2806
-3840
-2921
-2538
-1688
-1135
-1708
-1070
-527
639
1623
2086
2641
2903
4447
5259
6086
7027
7288
8158
8601
9462
9818
10949
10531
10958
11796
12053
12401
6243
4478
5440
9664
13345
5594
357
-2698
-1456
938
1129
-695
-2280
-7586
-13347
-11492
-8121
-4704
-8370
-15692
-17680
-15892
-13425
-12440
-12924
-13267
-15319
-17361
-15762
-11218
-8022
-9048
-12494
-11234
-7876
-5288
-3476
-2807
-958
-197
-1383
23
3607
5485
6222
4166
4411
6262
7037
7602
7795
7650
7339
6090
5519
6823
6433
5572
4196
3465
3891
3215
1698
1248
600
354
-113
-658
-895
-1515
-2302
-2551
-2032
-1394
-1520
-2028
-1978
-1412
-308
753
1179
1283
1831
2321
4067
5299
5668
5781
5799
6917
8508
9767
9972
10186
9575
10334
11599
12279
12728
5872
5336
6360
10276
13161
5712
1359
-2013
36
1841
3068
-120
-3078
-7548
-11562
-8949
-6555
-4678
-8887
-15275
-17298
-15326
-12172
-10991
-12480
-14589
-16622
-16671
-14067
-10790
-9469
-9926
-12472
-11376
-8819
-6068
-3177
-3002
-2910
-2422
-1006
1183
2627
3299
4385
5008
4847
5321
5619
6769
7465
7421
7729
6182
5669
5712
5840
6062
5882
4615
3346
2391
1786
2592
2068
1101
211
-1204
-1608
-1294
-678
-978
-1907
-2908
-3115
-2421
-1804
-704
-478
-201
-970
36
657
1790
3149
3333
4440
4229
4954
5842
7178
8154
8392
8801
8897
9209
10577
11364
12014
11507
5176
4794
6911
10628
11871
4541
1077
-510
1079
1986
2529
-129
-3175
-7559
-10159
-6825
-5196
-5144
-9949
-14377
-14360
-13193
-12228
-11843
-12124
-13014
-15296
-15885
-13142
-10421
-10531
-11103
-11973
-9636
-7927
-7361
-5240
-3490
-2523
-2225
-1499
129
2399
1731
2907
4503
4967
5853
4726
5317
6422
6973
7554
7093
5713
5303
5357
5647
6759
5906
4488
3076
1923
3034
3197
2588
1522
-168
-596
-143
301
472
-762
-2598
-2544
-2224
-740
-89
-594
-876
-1612
-840
790
1984
2299
2180
1979
3067
4161
5028
6244
6373
6642
7236
7749
8689
9208
9310
10417
10368
11539
6697
3667
6604
9230
12477
5828
1080
-255
1829
2568
2651
896
-2821
-5307
-8874
-6083
-3717
-4527
-8624
-13589
-13519
-11332
-10451
-10820
-12022
-13065
-14583
-14943
-12754
-9810
-10596
-11630
-12019
-10482
-8001
-8023
-6499
-4466
-3659
-3647
-3060
-1740
577
1133
1928
3252
3422
3156
3796
4904
6522
5955
5151
5321
5002
5800
6034
6047
5448
4652
3651
3941
3608
3409
3242
2111
1576
1106
853
584
30
-316
-939
-1679
-1724
-1144
-769
-726
-954
-1368
-988
-1332
167
967
1722
1835
1537
2024
2905
4077
5064
5705
5269
6109
6601
7499
8560
8376
9096
9492
9205
10405
4818
5215
7692
10359
10557
3155
505
964
3832
3082
3010
-667
-3108
-5500
-7108
-3662
-3108
-5078
-9616
-12834
-11278
-9671
-9828
-10476
-11456
-12388
-13786
-13799
-11291
-8986
-10811
-11291
-11536
-9466
-7803
-7742
-5847
-4136
-4071
-4243
-3128
-1353
1138
992
2209
3232
2906
3083
3546
5390
6381
6294
5356
4673
4645
5943
7357
6364
5249
3519
2663
3607
4347
5083
3681
1300
369
583
774
1074
466
-655
-1759
-2411
-1201
-820
-1270
-1948
-2579
-2125
-1513
-520
219
395
-56
480
1419
2318
3031
3319
4227
4462
5041
5630
6138
6993
7197
7943
8286
8417
9436
9240
10603
5560
3937
6915
8820
10850
3803
668
660
3111
3105
2390
-360
-3289
-4376
-6570
-3901
-3103
-5026
-8643
-12190
-10841
-8919
-9265
-10414
-11432
-11725
-12591
-12938
-11493
-8876
-10226
-10644
-10639
-9150
-7167
-7689
-6221
-4337
-3749
-4138
-2914
-1320
1178
1295
1336
2843
2544
3205
3928
5336
7135
5940
5716
5330
5318
5503
5758
6346
6166
5333
3341
3792
3433
4066
3661
2094
1013
-7
470
889
668
-464
-1889
-3224
-2913
-1897
-1341
-1235
-2304
-2759
-2539
-2194
-535
-5
-90
-328
-187
1080
2043
2765
3248
3560
3749
4230
5112
6014
6744
6893
7108
7675
7578
8379
8875
8964
9644
3932
4026
6308
8784
9233
2231
199
492
3141
2212
1717
-1504
-3471
-5010
-6545
-3343
-3470
-5167
-9005
-11162
-9596
-8575
-9101
-9676
-9719
-10157
-11169
-11630
-9828
-7741
-9267
-8863
-8872
-7344
-6392
-6557
-4595
-2825
-3069
-3793
-2704
-1212
1366
1427
2210
3010
1994
2300
3275
5063
6172
4749
4283
4623
4439
5307
5636
4615
3997
3279
3070
3907
2735
2779
2232
1235
1025
584
152
-164
-323
-523
-1089
-2260
-2146
-2001
-1820
-1385
-1698
-1840
-2379
-2405
-1039
-449
-192
-310
-67
401
1363
2379
2952
3150
2496
3449
4045
5031
5608
5693
6309
6018
6335
7082
7265
8033
7708
8747
4936
2399
5299
7465
9801
3269
-354
-392
2225
3040
2398
742
-2569
-3643
-5734
-3259
-1563
-2919
-5836
-8764
-7962
-6780
-6944
-7725
-7937
-8102
-9389
-10117
-9108
-6630
-7378
-7971
-8243
-7751
-6689
-6921
-5134
-3122
-2883
-4443
-4119
-3042
-862
83
360
1455
528
472
1210
3224
4892
4199
3512
2637
3230
4270
5529
5362
3750
2839
2020
3403
3856
4093
2921
1492
997
1010
1582
1299
972
-65
-1078
-1467
-987
-537
-1001
-1601
-2316
-2557
-2422
-2077
-1312
-1149
-1266
-1676
-1238
-996
-10
544
857
1226
1013
1624
2021
2984
3428
3832
4104
3973
4445
4915
5808
5754
6181
6075
6879
6709
7475
4578
2893
5825
7176
8507
2871
404
1559
3836
3851
2333
664
-1820
-2152
-3233
-1129
-530
-2902
-5654
-7451
-5963
-5384
-6144
-7188
-7385
-7643
-8744
-8923
-8230
-6898
-8444
-8699
-8248
-7645
-7069
-7337
-5807
-4430
-4517
-5414
-4253
-2845
-1274
-876
-616
376
138
571
1890
3396
3979
3572
2885
3937
4342
4301
5292
5074
5134
4010
3607
4102
4735
4385
4187
3280
2075
1954
1996
2541
2063
1071
190
-851
-839
-758
-782
-1158
-2045
-2672
-2722
-2579
-2342
-2049
-2927
-2965
-2936
-2518
-1825
-1411
-1120
-1078
-1027
-948
154
653
1395
1781
2005
2418
2751
3802
4716
5278
5431
5908
6469
7193
8129
8134
8603
5497
4083
7195
8935
9639
4714
2157
3017
4921
4761
3520
1934
-446
-861
-2102
-650
-579
-2920
-5291
-7066
-6149
-5960
-7207
-8116
-8089
-8553
-9514
-9959
-9382
-8088
-9223
-9272
-8593
-8296
-7818
-7675
-6253
-4868
-5034
-5558
-4171
-3006
-1744
-1125
-676
504
162
705
2364
3682
4427
4098
4023
4795
4983
5531
5965
6596
6279
5270
5185
5483
5910
4804
4470
3920
3862
3077
2517
2661
1750
953
-155
-827
-1215
-1618
-2293
-2763
-3430
-4430
-4716
-5319
-5246
-5087
-5425
-5483
-5688
-5058
-4532
-3796
-3503
-2946
-2380
-1775
-654
152
1268
1857
2417
3045
4083
4960
5956
6591
7009
7561
7843
8318
9402
9683
10226
9902
9940
8201
5561
8176
9245
10075
5467
1780
2515
4100
4269
2063
650
-1860
-2201
-3492
-2813
-2082
-4339
-6403
-7798
-7177
-6935
-8152
-8815
-8483
-8608
-9993
-10359
-9677
-8158
-8561
-9021
-8172
-8332
-7676
-7177
-5148
-3752
-3871
-4721
-3449
-1859
-749
470
894
1805
1416
1770
3473
4976
5405
5174
5115
5637
5898
6130
7047
7276
6287
5091
4080
5223
6345
4943
3172
1431
846
1092
822
60
-802
-2867
-3787
-3676
-3754
-4033
-5001
-5782
-6176
-6672
-6487
-6185
-6161
-6000
-6069
-6062
-5712
-5027
-3827
-2674
-2556
-1933
-1416
-556
901
1835
2644
3044
3312
4077
5314
5998
6515
6763
6568
6930
7176
7780
8304
8254
8122
8049
7846
8443
8170
8271
6431
3421
5665
6787
7428
3763
114
925
2365
2404
592
-369
-2266
-2482
-3554
-3350
-2356
-4332
-5681
-6586
-6009
-5663
-7012
-7541
-6883
-6867
-7942
-8202
-7684
-6375
-6821
-7330
-5981
-6007
-5529
-5201
-3909
-2659
-2819
-3409
-2019
-842
-359
491
756
1674
1411
1269
2618
3395
3386
3335
3160
3394
3307
3092
4046
4443
3327
3090
2319
3010
2107
1220
2691
2653
1704
-1273
-1166
310
1171
-223
-1885
-2849
-3090
-1901
-1510
-1453
-3122
-4566
-4091
-3442
-2691
-2993
-3738
-4217
-4124
-3730
-3184
-2629
-2546
-2040
-2413
-1787
-1165
-347
515
801
1275
1379
1927
2797
3681
4042
4243
4216
4096
4739
5343
6449
6616
6298
6378
6589
6877
7151
7584
7888
7743
6858
4775
3652
6310
7322
7132
2953
669
1845
3061
2995
1489
315
-1387
-2009
-2766
-1734
-1376
-3392
-5089
-6046
-5516
-5622
-6375
-6155
-6248
-7297
-8763
-8504
-7417
-6827
-7893
-8080
-7690
-8197
-7702
-6865
-5102
-4965
-5851
-5863
-4299
-3343
-2651
-1649
-1030
-618
-938
125
2078
2990
2988
3110
3589
4133
4344
4989
6077
6059
4951
5007
5040
5995
5868
5293
5334
2152
3027
3267
3700
2805
140
104
-308
-400
-1180
-1210
-2856
-3151
-3595
-4323
-3957
-5098
-5077
-5281
-5500
-5403
-5933
-5813
-5163
-4438
-4697
-4367
-4185
-3054
-2346
-1725
24
-134
462
1063
2381
3386
4045
4594
5561
5838
5970
7219
7534
7883
8032
8112
8715
8526
8729
9297
9165
8896
8649
8284
8731
7805
6717
4408
4462
6220
5751
3896
-298
-222
178
709
-1019
-2302
-3674
-4988
-5480
-5787
-4836
-6041
-8032
-8927
-8695
-8344
-8796
-8920
-8341
-8441
-9508
-9966
-8464
-7447
-6938
-7431
-6586
-6423
-5915
-4924
-3353
-2347
-2627
-2545
-1574
-39
228
1146
1876
2181
2189
2361
3458
4172
3856
3763
4137
4418
4007
4167
4678
4870
3988
3294
3479
3561
3297
3202
3009
2895
1455
1049
889
-678
771
525
330
-1712
-3120
-2362
-1022
-1249
-2323
-3341
-4484
-3255
-2640
-2292
-2606
-3933
-4167
-3933
-2879
-2104
-2418
-2775
-2419
-1992
-1773
-925
-385
530
-96
247
1247
1632
2395
2958
3322
2984
2909
3209
4490
4479
4255
4327
4002
4062
4337
4674
5002
4541
4246
4382
4683
4516
5008
4509
4824
4574
3493
3531
601
3223
4008
3888
1451
-1704
-352
874
1563
-515
-566
-2687
-2941
-3336
-3154
-1483
-3698
-4921
-5496
-5194
-5156
-5952
-6029
-5331
-5866
-7498
-6996
-6335
-5518
-5597
-6412
-5213
-5987
-5620
-4543
-2865
-2483
-2883
-3147
-1822
-729
-779
814
1202
1336
1069
1349
3059
3681
3475
3816
4115
3847
3877
4494
5467
5529
4033
3980
4113
4110
4253
4115
4150
3262
2025
1843
2567
1839
1892
-215
-767
-217
-818
-531
-2442
-3369
-3622
-3333
-3630
-3904
-5305
-5420
-4707
-5034
-4854
-5513
-5686
-5288
-5382
-4688
-4234
-4437
-4137
-3394
-2648
-2056
-1828
-1189
-125
-93
989
1630
2420
3063
3273
3815
4301
4558
5170
5721
5497
5579
5344
5530
5975
5837
5768
5339
4918
4673
4512
4572
4387
3992
3780
3441
4022
2662
2875
139
19
2314
1707
2238
-1856
-1341
-713
685
-710
-668
-1483
-2045
-1581
-2299
-311
-1136
-2362
-2697
-2405
-2114
-2415
-2725
-1835
-1905
-3267
-3769
-2871
-2525
-2019
-3397
-2186
-2681
-3282
-2843
-1843
-1136
-1818
-2282
-2029
-801
-1741
-1047
-506
-678
-970
-1394
-645
-132
-650
-466
55
-48
-611
-341
487
1059
188
-64
587
490
682
792
1528
1640
815
690
1423
1818
1528
1807
1505
1613
1007
-589
1461
1745
1389
304
-781
-673
-273
-358
-192
-634
-2724
-2275
-2045
-1651
-1835
-3111
-3248
-3579
-3915
-3436
-3131
-3211
-3465
-4011
-3709
-3024
-2805
-1846
-1742
-1646
-1344
-1469
-208
912
1346
1722
1973
2102
2815
3247
4197
4984
4590
4792
5234
5614
6077
6205
6449
6598
6214
6417
6439
6705
6578
6392
6328
5151
5588
2854
3899
4663
4533
3737
88
312
370
1421
-429
-450
-2276
-2975
-3390
-4286
-2610
-4046
-5265
-6022
-6161
-6127
-6540
-6687
-6091
-6453
-7883
-7753
-6903
-6072
-5775
-6573
-5324
-5845
-5665
-4652
-3035
-2475
-2751
-2930
-1858
-637
-899
631
1256
1424
1147
1246
2506
3206
3094
3458
3849
3315
2888
3274
4195
4516
3320
3103
3126
2716
2673
2508
2784
2225
1080
926
1404
1077
743
426
122
-189
-684
-666
151
-889
-2109
-1337
-1030
-655
-2008
-2320
-1514
-1423
-1695
-1805
-1828
-2134
-1970
-1813
-957
-1454
-2071
-1848
-1572
-1162
-1345
-1406
-962
-1056
-1184
-561
-138
23
-42
-282
431
579
616
1243
1419
1369
927
1174
1881
2188
1944
2181
2176
2037
2274
2362
2943
2768
2650
3071
3236
3326
3416
3243
3640
3525
3740
3738
3550
3626
1761
2638
3225
3878
2872
912
1069
1626
1927
623
745
-186
-437
-1322
-1840
-971
-2030
-2988
-3582
-3609
-4054
-4790
-5111
-4705
-5066
-6374
-6384
-6028
-5599
-5942
-6164
-5362
-5710
-5694
-4931
-3570
-3329
-3440
-3275
-2150
-1496
-1525
-160
548
786
757
1317
2568
3015
3005
3653
4380
4127
4016
4497
5263
5290
4564
4761
4832
4455
4225
4263
4503
3854
2936
2780
2852
2166
1700
1257
854
114
-696
-812
-744
-1474
-2170
-2450
-3818
-3590
-3638
-3165
-3620
-5121
-5146
-4664
-4055
-4242
-4308
-4731
-4276
-4383
-3897
-2836
-2934
-2592
-2554
-2106
-1378
-1188
-570
320
463
487
983
1516
2492
2616
2739
3228
3069
3397
3659
4074
4196
4037
3897
4010
3628
3449
3577
3265
3087
2639
2439
2547
2129
1858
1579
1274
1029
1077
1045
1420
1152
653
596
458
743
-820
-178
597
1335
569
-1116
-721
57
610
-158
263
-152
-357
-829
-629
593
-250
-927
-1103
-685
-947
-1590
-1471
-884
-1160
-2401
-2278
-1950
-1959
-2440
-2631
-1996
-2810
-3363
-2994
-2202
-2464
-2987
-2928
-2397
-2551
-3060
-2154
-1685
-2019
-2368
-2031
-1215
-1166
-1297
-601
-64
-491
-683
39
970
1181
962
1412
1657
1507
1717
2343
2972
2702
2346
2623
2919
2681
2746
2944
2823
2376
1807
2040
2158
1707
1422
1127
731
144
-231
-382
-1080
-1049
-967
-1109
-2070
-3030
-2977
-2670
-2499
-2846
-2846
-3239
-3428
-3461
-3185
-2724
-3047
-3209
-3047
-2580
-2318
-2093
-1731
-1483
-1359
-1298
-649
-80
320
451
765
1250
1393
1809
2242
2573
2583
2737
3081
3437
3565
3652
3901
3823
3853
3832
3956
3955
3737
3718
3652
3682
3549
3333
3175
3271
2736
2844
2489
2688
1663
499
1566
1785
2170
116
-424
-257
273
-459
-609
-289
-943
-1292
-2253
-1130
-1033
-2062
-2256
-2099
-2110
-2833
-3073
-2232
-1759
-2895
-3557
-2969
-2950
-3025
-3498
-2573
-2526
-3450
-3592
-2902
-2487
-3030
-2932
-2421
-1953
-2784
-2512
-1543
-1339
-1498
-1559
-876
-523
-671
-106
808
770
231
518
1224
1843
1702
1917
2420
2013
1881
2178
2837
2920
2535
2472
2620
2267
2004
2363
2401
2130
1470
1182
1388
958
674
734
530
-18
-566
-784
-739
-764
-1369
-1281
-2104
-2659
-2632
-2594
-1894
-2584
-2884
-3156
-2948
-2926
-2633
-2444
-2293
-2351
-2709
-1947
-1595
-1147
-995
-1061
-783
-635
-302
416
972
1184
1325
1381
1746
2271
2586
3150
3096
3021
3118
3295
3626
3689
3633
3594
3473
3094
3109
3071
3211
3128
2560
2213
1937
1748
1897
1878
1587
1330
770
795
728
776
1079
865
917
-618
-551
391
1002
748
-844
-786
-402
143
-707
-146
-343
-850
-1634
-2046
-702
-995
-1594
-1885
-1715
-2250
-3021
-3061
-2228
-2213
-3361
-3430
-3209
-3354
-3654
-3688
-2735
-3224
-3957
-3831
-3099
-3105
-3280
-2920
-2473
-2582
-3308
-2264
-1353
-1251
-1354
-1111
-508
-505
-498
458
1313
1100
944
1338
1912
2170
2281
2997
3396
2940
2862
3266
3737
3821
3748
3949
3903
3305
3220
3570
3581
3292
2750
2496
2289
1801
1662
1696
1191
486
-99
-411
-622
-1008
-1287
-1427
-1969
-2433
-2818
-2872
-2899
-3010
-3216
-3628
-3693
-3838
-3258
-3089
-2910
-2967
-3014
-2824
-2582
-2133
-1814
-1522
-1480
-1094
-968
-768
-411
-173
202
247
299
653
964
1285
1431
1459
1464
1476
1531
1876
2016
1990
1929
1749
1817
1753
1840
1819
1743
1526
1407
1296
1232
1263
1182
1212
1050
817
683
775
961
1111
1131
1080
1042
1147
1142
1677
1530
1820
921
718
1745
1927
2405
1027
1105
1210
1790
1245
1567
1507
1114
915
220
1136
711
169
82
104
-274
-1063
-1330
-827
-794
-1693
-2003
-1908
-2338
-2586
-2853
-2151
-2501
-3285
-3310
-2901
-2869
-3164
-2938
-2622
-2569
-3242
-2702
-1989
-1898
-1948
-1827
-1558
-1542
-1635
-967
-171
-279
-461
-253
-14
212
265
820
1265
845
725
898
1237
1432
1439
1602
1662
1223
1091
1325
1420
1430
1196
953
808
448
426
578
353
73
-164
-320
-402
-540
-601
-551
-776
-919
-972
-939
-828
-837
-895
-952
-1039
-996
-810
-618
-494
-396
-620
-683
-332
31
383
118
131
355
527
650
885
1035
1148
1102
1095
1457
1389
1396
1437
1407
1329
1137
1092
1287
1211
1001
932
761
602
514
486
614
409
142
95
-4
28
20
31
58
-122
-326
-234
-105
-41
39
-45
-15
25
83
298
373
392
372
458
680
925
983
1062
1120
1036
1078
1020
1151
1133
1030
866
771
710
518
410
48
1
-242
-381
-598
-818
-999
-1180
-1379
-1553
-1535
-1797
-1986
-2236
-2333
-2340
-2426
-2345
-2244
-2365
-2508
-2470
-2180
-1966
-1887
-1841
-1599
-1477
-1256
-903
-522
-364
-446
-247
100
391
547
910
1153
1239
1151
1223
1563
1779
1872
1909
1864
1760
1746
1914
2112
2031
1814
1662
1548
1444
1465
1517
1499
1279
945
736
573
424
441
373
275
124
-90
-179
-310
-478
-492
-635
-792
-978
-981
-977
-989
-1109
-1510
-1552
-1513
-1322
-1617
-1668
-1680
-1430
-1562
-1842
-1685
-1583
-1510
-1692
-1662
-1632
-1652
-1696
-1405
-1201
-1374
-1557
-1484
-1213
-1093
-1043
-819
-677
-629
-487
-153
146
258
287
511
862
1053
1334
1549
1746
1843
1924
2097
2348
2555
2698
2793
2837
3002
3225
3311
3317
3267
3189
3218
3136
3240
3134
3046
2873
1872
2069
2203
2408
1825
871
837
982
594
-123
110
-168
-416
-1406
-1531
-1103
-1757
-2192
-2162
-1996
-2655
-3290
-3207
-2491
-2798
-3344
-3041
-2852
-2952
-3182
-2693
-1932
-2228
-2496
-1981
-1448
-1543
-1406
-887
-230
-555
-856
-113
288
285
249
568
785
491
315
854
1144
795
498
395
391
158
74
430
292
-192
-460
-538
-468
-527
-594
-510
-628
-856
-726
-601
-507
-406
-450
-390
-382
-404
-59
307
493
646
564
514
703
992
1364
1463
1400
1496
1528
1568
1766
1892
1897
1710
1451
1543
1575
1451
1439
1371
1174
922
646
654
617
373
302
73
-279
-560
-684
-655
-748
-1074
-1296
-1472
-1691
-1731
-1639
-1502
-1624
-1992
-2028
-1859
-1657
-1358
-1193
-1132
-1235
-1271
-955
-511
-299
-130
22
112
277
408
826
1179
1255
1188
1239
1269
1519
1583
1729
1793
1500
1591
712
873
1090
1206
827
7
-152
-117
-163
-684
-473
-1004
-1167
-1615
-1629
-1272
-1693
-1746
-1675
-1673
-2074
-2105
-1935
-1391
-1420
-1489
-1156
-1341
-1240
-952
-480
13
-128
47
388
642
711
1113
1431
1696
1684
1673
2151
2215
2328
2442
2434
2350
2312
2429
2722
2743
2436
2234
2041
2021
2000
1845
1838
1669
1337
1157
984
888
697
335
163
-15
-291
-452
-557
-587
-755
-1046
-1137
-1175
-1411
-1541
-1495
-1406
-1512
-1799
-1865
-1858
-1889
-1823
-1714
-1652
-1688
-1799
-1774
-1642
-1610
-1527
-1412
-1410
-1434
-1382
-1243
-1134
-1142
-1227
-1198
-1132
-977
-817
-848
-863
-906
-869
-668
-518
-381
-265
-286
-244
-123
104
408
476
417
468
615
827
1001
1023
1113
1183
1246
1365
1477
1635
1728
1732
1701
1683
1711
1834
1874
1789
1670
1582
1583
1573
1470
1320
1142
1009
886
741
617
509
338
181
23
-140
-257
-399
-490
-613
-739
-865
-1008
-1083
-1132
-1188
-1262
-1300
-1305
-1250
-1157
-1147
-1063
-969
-819
-678
-603
-420
-252
-129
-131
-84
86
358
595
701
737
721
752
865
1018
1148
1199
1139
1048
966
927
895
812
723
451
278
-183
-323
-75
-118
-681
-996
-1023
-1399
-1352
-1550
-1465
-1578
-1973
-2043
-1845
-1895
-2028
-1916
-1992
-1891
-1952
-1796
-1353
-1357
-1339
-1154
-1056
-941
-620
-283
-61
-12
52
381
630
831
1007
1179
1279
1289
1470
1614
1776
1713
1645
1714
1701
1626
1575
1481
1383
1352
1138
1109
811
638
780
555
427
199
-254
-304
-273
-361
-346
-530
-743
-753
-872
-806
-649
-638
-591
-557
-483
-251
-121
-83
-56
-45
141
440
691
720
768
793
892
1065
1263
1428
1486
1403
1312
1356
1373
1416
1383
1213
1060
913
822
777
607
424
174
-87
-242
-343
-390
-523
-737
-918
-977
-1025
-1130
-1166
-1142
-1200
-1247
-1284
-1314
-1206
-1219
-1190
-1104
-1110
-1112
-1008
-900
-832
-729
-635
-426
-355
-299
-74
126
239
207
272
454
571
618
615
639
680
700
707
663
553
494
474
430
311
184
99
18
-71
-183
-281
-438
-572
-668
-722
-789
-903
-1067
-1205
-1266
-1242
-1128
-1057
-1094
-1169
-1160
-1067
-973
-851
-737
-582
-446
-321
-210
-98
-37
87
233
319
449
555
718
803
741
705
752
758
738
702
681
732
704
547
390
239
152
156
184
171
43
-147
-252
-256
-230
-187
-220
-275
-348
-348
-254
-165
-102
-95
-65
-18
106
223
302
304
307
410
605
746
777
867
991
1148
1211
1246
1298
1392
1450
1465
1485
1426
1348
1288
1287
1212
1062
919
855
836
741
562
418
299
140
-39
-143
-245
-355
-523
-718
-845
-959
-1053
-1151
-1180
-1265
-1256
-1214
-1142
-1142
-1209
-1165
-1084
-977
-949
-841
-664
-460
-368
-372
-347
-255
-133
37
212
328
316
329
356
392
455
456
440
364
272
260
289
247
136
-24
-106
-144
-215
-244
-272
-332
-388
-531
-595
-654
-706
-674
-676
-651
-688
-788
-766
-678
-569
-489
-485
-489
-463
-399
-263
-101
27
118
97
153
260
396
558
567
544
544
571
685
780
823
767
628
510
487
486
542
528
439
304
50
-35
-18
34
-9
-223
-394
-434
-424
-364
-374
-461
-566
-704
-744
-705
-606
-542
-555
-580
-627
-600
-517
-384
-247
-183
-146
-71
62
159
196
201
297
424
503
559
627
715
711
626
570
626
708
670
633
635
588
445
272
187
183
186
101
13
-97
-185
-220
-238
-270
-383
-467
-489
-437
-381
-370
-440
-513
-514
-471
-356
-330
-307
-285
-241
-167
-83
14
93
173
215
280
327
383
402
430
473
545
592
545
481
444
449
471
451
373
311
270
279
333
268
112
11
-7
43
17
-82
-161
-177
-187
-208
-265
-292
-327
-379
-355
-295
-192
-204
-261
-289
-257
-175
-82
-42
-24
16
20
96
144
230
290
285
316
328
391
425
409
354
331
299
255
298
281
208
100
-30
-105
-132
-172
-248
-330
-378
-344
-346
-357
-455
-579
-615
-613
-556
-504
-497
-523
-614
-590
-475
-393
-343
-368
-382
-283
-193
-89
-9
50
120
177
256
338
412
457
515
555
587
601
656
719
701
653
571
520
492
487
494
458
382
254
187
148
96
29
-58
-170
-338
-428
-474
-447
-452
-593
-741
-885
-910
-843
-741
-651
-680
-854
-955
-868
-618
-343
-228
-210
-237
-185
0
224
436
516
528
596
723
906
1056
1105
1021
947
941
1016
1110
1122
1057
944
746
600
551
513
512
365
211
124
14
-20
-88
-184
-263
-371
-482
-528
-572
-585
-591
-672
-694
-736
-703
-637
-609
-613
-628
-613
-588
-513
-421
-253
-159
-135
-125
-93
7
77
198
334
403
404
378
402
489
530
500
457
415
444
461
461
439
351
271
193
163
136
79
-21
-149
-247
-344
-484
-610
-648
-700
-771
-888
-997
-1075
-1123
-1169
-1177
-1148
-1149
-1134
-1101
-987
-854
-796
-776
-745
-637
-418
-203
-64
45
83
146
297
482
677
784
822
829
856
934
1012
1048
1033
978
937
903
854
854
841
827
745
611
530
496
489
447
362
274
207
101
25
-12
-48
-55
-105
-136
-169
-261
-337
-363
-299
-218
-202
-258
-300
-324
-268
-231
-226
-211
-230
-196
-153
-95
-56
-75
-140
-120
-33
85
143
111
112
127
195
282
375
387
327
271
264
307
337
324
289
209
97
37
31
7
-52
-190
-299
-346
-398
-435
-480
-509
-559
-611
-613
-558
-514
-498
-476
-415
-285
-213
-178
-137
-97
-16
99
223
335
415
420
429
411
420
487
510
524
478
434
367
287
222
231
232
161
37
-105
-132
-92
-42
-42
-127
-246
-317
-353
-312
-234
-153
-99
-138
-202
-198
-144
-21
88
136
160
117
120
228
372
469
436
302
282
317
378
429
374
305
181
88
97
135
153
124
64
-13
-90
-150
-119
-101
-168
-292
-418
-436
-451
-484
-548
-664
-745
-768
-789
-774
-783
-837
-882
-932
-956
-918
-843
-739
-677
-680
-676
-637
-482
-294
-152
-69
-12
67
192
323
469
633
769
870
922
957
979
998
1019
1041
1062
995
873
800
754
715
658
578
524
429
300
223
214
214
162
53
-43
-102
-184
-228
-254
-234
-211
-236
-245
-252
-218
-186
-167
-135
-76
5
52
84
97
143
181
237
268
260
264
242
237
221
207
193
172
148
146
189
204
191
122
40
17
7
29
39
8
-83
-198
-306
-377
-399
-445
-493
-558
-652
-738
-775
-799
-836
-860
-883
-875
-863
-854
-809
-734
-660
-600
-515
-429
-319
-203
-121
-5
108
237
396
519
652
747
775
768
755
774
819
820
779
753
660
550
426
354
354
316
234
93
-43
-154
-177
-149
-159
-256
-403
-501
-539
-502
-458
-426
-463
-560
-616
-551
-435
-357
-326
-313
-227
-150
-83
23
117
183
226
267
350
428
425
439
476
503
510
473
486
518
542
568
574
549
494
435
397
385
360
337
276
155
59
-33
-89
-152
-257
-354
-449
-560
-669
-738
-775
-795
-848
-909
-959
-990
-996
-983
-916
-827
-750
-688
-637
-569
-455
-311
-114
68
203
319
435
583
743
868
942
964
965
977
1011
1046
1036
968
870
777
709
679
647
611
493
310
160
70
68
49
-62
-199
-322
-389
-428
-471
-531
-581
-630
-630
-570
-504
-464
-483
-475
-450
-392
-300
-178
-33
31
36
36
77
172
278
348
392
410
393
414
429
513
592
599
560
495
522
579
593
524
441
367
285
224
177
152
59
-89
-198
-251
-311
-448
-571
-639
-678
-741
-820
-846
-889
-1001
-1104
-1069
-941
-856
-859
-864
-801
-710
-646
-519
-346
-194
-94
-34
68
195
317
415
499
535
544
581
610
619
573
511
451
395
360
330
329
257
107
-49
-157
-204
-225
-262
-315
-366
-438
-490
-536
-604
-639
-651
-594
-527
-490
-465
-429
-388
-381
-352
-280
-103
83
246
325
298
285
343
516
707
791
811
799
787
810
860
922
959
941
928
986
997
974
868
781
733
673
686
666
597
453
276
156
103
-2
-110
-229
-364
-438
-538
-601
-655
-761
-837
-874
-891
-855
-836
-842
-860
-886
-810
-675
-591
-555
-514
-388
-187
-75
-40
1
89
214
316
381
434
436
402
404
438
493
461
377
307
265
238
208
173
90
-38
-184
-253
-269
-262
-297
-376
-478
-579
-652
-670
-646
-643
-630
-627
-596
-589
-578
-544
-458
-330
-194
-72
25
94
133
201
282
419
572
699
791
832
859
907
953
993
1032
1053
1072
1090
1093
1048
929
788
701
682
655
578
457
290
108
-63
-133
-174
-303
-534
-752
-833
-854
-914
-1015
-1103
-1177
-1222
-1238
-1188
-1121
-1115
-1099
-1034
-888
-737
-621
-498
-380
-256
-119
33
173
269
352
469
600
693
716
707
718
760
808
830
801
726
635
540
495
464
417
318
138
-32
-133
-150
-151
-220
-346
-482
-595
-654
-661
-653
-650
-693
-756
-751
-700
-607
-546
-516
-466
-381
-263
-139
-33
50
136
191
274
364
474
592
702
780
790
759
713
788
906
1006
1008
897
811
733
706
680
624
537
421
296
154
20
-101
-179
-280
-426
-597
-762
-871
-929
-982
-1048
-1119
-1192
-1224
-1231
-1208
-1167
-1106
-1040
-964
-890
-801
-683
-546
-389
-243
-104
39
183
322
459
598
747
853
923
958
984
1046
1081
1087
1061
1006
972
943
911
871
801
680
523
369
288
271
177
24
-148
-264
-347
-472
-580
-636
-654
-695
-774
-837
-856
-874
-883
-867
-836
-784
-743
-681
-580
