106
-238
49
-42
76
3
149
117
-22
110
-154
-129
65
85
-136
72
131
65
-58
120
3
-67
89
29
148
-10
-113
62
-71
-34
-92
-127
153
-261
-81
20
180
50
108
162
160
35
39
63
-86
-18
-52
-78
-165
124
-167
-96
170
23
201
143
213
25
60
96
-40
62
-79
-12
-131
114
-21
-144
-41
-32
-111
1
-161
28
28
-39
29
-100
80
0
-11
-85
15
15
58
-108
48
117
-38
114
-40
-28
137
-85
-26
-170
67
-107
-78
42
-3
-16
-200
68
-104
-62
18
46
-156
34
27
-95
78
32
-44
-121
56
-21
-41
125
68
-19
73
40
-119
106
-34
-100
-16
-7
10
-81
-10
133
-52
92
66
-124
63
-45
-3
46
-114
101
-24
-54
129
-190
-7
-25
-77
-28
123
103
9
22
76
40
-1
-46
-165
-9
138
34
-5
185
-29
2
31
22
-67
76
-14
-55
78
45
-1
26
-175
69
106
-89
161
3
167
-112
1
-88
-96
95
-39
11
-34
33
106
90
92
16
0
-62
-156
44
-135
-85
5
-19
0
116
-120
160
127
-15
70
84
-155
-207
47
-291
30
-34
-90
83
39
12
19
18
-74
20
-83
102
-57
-39
88
-106
7
-50
35
-34
-43
159
15
229
0
139
-33
-20
157
-162
120
-72
-125
-41
9
93
-31
139
-61
46
123
3
-38
-79
53
-161
-100
4
-48
-17
131
49
40
-22
-76
16
-92
111
-46
214
113
75
139
3
45
-71
6
-4
-103
-74
-17
12
-9
-14
-12
13
-14
-82
97
-61
119
28
146
45
33
39
-159
-20
-54
-10
-29
-109
125
22
-38
64
-99
83
-24
22
-17
-96
79
56
-38
54
-234
-163
-48
-220
102
121
30
151
102
212
222
-244
256
-136
-107
213
-190
177
-130
-40
56
-160
0
-117
-73
163
-12
336
68
-30
179
-4
18
-97
-119
3
52
-195
68
62
143
-20
91
70
-4
85
45
35
35
162
40
-18
-204
70
-133
14
-42
-4
23
-24
68
149
-71
-7
-80
-38
183
-185
69
-165
-7
121
-145
-164
-106
-322
91
16
-18
155
-125
182
-126
197
152
-22
171
-3
94
96
-27
-237
-31
-127
-61
-41
-126
1
-70
-93
62
120
16
73
3
-13
46
-95
-83
-68
-83
-109
-203
-62
84
-213
-56
125
2
-20
-38
-19
166
-21
150
37
92
115
-126
-7
45
20
-114
58
-40
0
73
-35
-92
302
15
-57
14
-41
-9
-140
106
-101
-119
-135
51
-1
-43
-147
-209
173
-79
82
19
24
14
78
134
-30
102
3
-41
59
-101
-92
-74
-243
-148
31
-40
234
15
-70
299
125
289
62
-6
25
201
-175
-136
-40
-129
74
-31
94
-48
37
-6
-64
60
44
96
74
-61
-11
72
-100
-240
-111
-75
-107
149
-38
-32
113
-108
28
3
-281
115
72
68
19
238
161
68
36
-137
54
62
-78
33
15
-70
-23
-145
-143
3
18
-136
62
191
130
-67
102
31
-106
-124
-242
-53
74
-115
-84
44
68
-122
145
172
-39
237
126
228
121
-43
-53
-170
-70
30
-244
-79
-69
-133
142
-90
144
-59
-130
-100
25
115
116
-134
70
163
-55
59
-205
-131
-38
51
-116
-41
-40
-3
1
108
-82
111
-141
-32
78
65
259
-37
282
-83
64
122
-77
-35
-200
-217
169
56
-106
20
-23
-43
155
-48
-74
121
139
4
-47
29
-153
-187
-180
-157
128
40
-36
27
9
268
134
86
-7
65
-3
19
87
-192
73
-172
63
21
-91
124
-206
296
-71
-34
262
-31
131
1
36
200
-210
53
-125
-177
201
-108
-118
23
-190
3
51
7
89
-103
179
-33
109
108
-63
164
-73
-82
188
-105
170
-131
-190
123
38
-125
-85
-192
-20
200
146
216
-102
48
-23
-26
-16
-79
-98
-56
-189
-48
38
74
49
39
-20
14
82
-99
89
-3
90
241
-150
-118
112
44
84
164
-203
76
75
16
-5
-214
-33
-109
-61
151
133
-35
137
-35
132
-14
-63
-151
-260
-80
-83
38
145
-7
-194
162
-64
83
48
-20
53
77
81
45
-18
80
8
-60
185
28
93
43
-96
-47
188
-119
-47
-117
-94
-51
-142
18
-117
26
68
108
-20
115
82
93
22
85
-44
-222
47
-214
148
126
44
-3
198
216
71
76
57
15
-85
-48
-28
78
-152
-95
-7
-42
32
16
-190
-7
54
46
7
150
-208
-226
252
-185
101
-89
122
124
59
217
-6
-57
36
12
-77
-79
109
143
-131
109
29
-91
-53
-82
-218
125
42
-264
-16
10
-201
-157
137
-24
36
-32
257
110
-51
44
-169
56
-137
-55
32
-39
136
26
32
143
79
-162
-40
55
-198
129
33
-183
-18
-137
-126
-33
120
-42
-163
7
19
-40
-192
-71
-13
49
209
-80
-14
230
-89
-50
97
152
30
-119
-104
-82
38
-108
-147
-252
36
-11
-70
139
-80
201
70
66
64
-166
-168
8
33
-137
-25
-285
-52
232
-110
48
129
61
-39
80
85
-53
172
-91
19
179
86
-21
-213
-53
96
-114
-115
-49
-12
115
-107
157
-49
-192
-105
-88
233
-59
22
144
128
146
-43
6
75
93
179
-111
-130
33
49
0
-21
131
-23
-67
-13
45
14
63
-27
70
1
31
-16
87
63
80
-17
-183
-97
-116
92
-131
-7
-26
49
59
126
205
71
-197
-16
62
-273
-136
39
105
47
130
184
89
4
36
-81
114
135
-35
15
-9
20
78
-24
-235
-189
-31
47
80
188
-119
-45
-3
-39
-4
-134
64
104
167
-145
-99
-12
-85
-251
42
17
126
124
28
-17
15
57
-189
-109
-77
42
117
41
89
155
-64
-84
-195
-61
104
116
369
241
-76
-52
-125
68
3
-268
-154
-145
21
108
14
54
-164
-214
-138
-47
-14
3
88
245
-43
-99
120
71
181
-10
223
85
-65
-5
-434
4
-78
-98
-57
-112
144
95
-18
3
116
100
53
-146
225
72
-119
18
7
-36
-273
-100
-23
-49
-89
-36
135
-89
-14
146
-2
193
165
144
77
21
83
158
56
-39
138
-118
-170
-139
88
135
-173
-147
15
174
-36
-12
-250
-52
30
-128
22
-33
111
-44
-113
2
19
60
-7
-113
255
180
-88
253
14
-60
139
7
-36
16
15
-4
24
-4
-36
-88
-88
10
-38
-19
27
296
147
-171
-25
-304
-61
31
-121
-10
33
23
-76
232
6
96
106
-70
287
84
79
116
57
-150
-4
33
-261
10
-17
-85
-138
63
29
-277
-3
-52
-8
273
57
-207
1
-11
-24
13
-108
-179
9
109
-61
83
173
51
66
-123
-79
112
-5
-89
-140
-142
-135
-39
-138
-140
-25
-6
-75
-275
-86
130
39
-73
-9
140
138
46
11
146
73
32
21
83
74
-144
-142
-59
106
147
15
84
113
-4
-304
-229
-22
-123
-144
-65
156
229
262
78
147
67
-38
-164
-106
49
-77
-42
71
181
247
151
-26
112
98
230
131
-34
133
-49
-176
-284
-288
-10
-80
58
90
-27
42
-6
22
75
89
-14
-117
-272
-176
-263
-133
-90
-33
175
223
483
350
324
9
-255
-76
-167
-335
-392
-136
96
97
-53
-2
65
186
214
-23
-1
72
24
-92
-156
-87
-113
-237
-194
33
99
231
332
333
449
286
37
-47
-87
-120
-130
-88
-130
-220
-18
45
185
70
-16
-65
32
246
92
-154
-314
-205
-170
-159
-86
-111
19
5
4
145
-52
-106
-125
-36
84
52
54
-20
-196
-203
-159
-109
-147
-233
-66
-26
37
28
-14
-204
-212
-46
-24
76
108
112
117
50
-6
11
19
71
115
68
40
49
98
108
-12
49
2
-102
28
63
117
-25
-132
-42
-26
-36
42
172
75
31
123
182
188
129
-8
27
69
143
89
-18
35
70
104
63
85
42
12
62
145
138
-3
-2
89
77
-11
-13
35
132
-9
43
117
109
56
93
229
140
103
21
101
62
53
25
-39
20
-44
-120
-20
-102
-102
-156
-172
96
98
49
-47
37
124
11
-15
24
40
-56
-53
48
61
-15
-36
58
116
79
10
22
56
112
57
-19
-47
-64
-117
-189
-221
-216
-255
-332
-229
-160
-169
-229
-296
-188
-155
-205
-226
-265
-241
-245
-138
-97
-187
-185
-171
-83
-22
35
-24
-45
43
92
179
60
5
59
27
-57
-102
-42
-57
-92
-78
-6
34
31
-16
-48
6
51
72
108
120
190
193
36
34
97
147
135
205
332
320
343
396
476
450
349
312
357
417
372
328
349
331
320
313
368
308
229
230
215
297
282
220
178
206
224
239
271
244
222
165
92
74
12
-51
-97
-68
-87
-135
-161
-254
-309
-292
-339
-401
-443
-446
-460
-492
-528
-639
-673
-692
-712
-726
-725
-703
-673
-628
-562
-550
-489
-479
-420
-356
-305
-310
-329
-300
-254
-210
-235
-233
-185
-152
-138
-152
-170
-180
-168
-92
-64
-4
-5
-24
-26
7
72
107
140
173
226
284
295
307
288
282
250
296
344
376
429
453
508
535
576
593
622
724
773
800
876
847
868
791
711
655
615
626
617
724
795
869
893
970
1065
1189
1301
1278
1314
1397
1466
1534
1527
1520
1484
1440
1343
1068
789
247
-401
-1030
-1611
-2233
-2979
-3616
-3976
-4064
-4135
-4147
-3920
-3421
-2906
-2347
-1727
-1144
-786
-507
-267
-75
-62
-219
-421
-481
-381
-266
-252
-202
-160
-140
130
340
446
227
26
159
323
185
-223
-490
-416
-480
-625
-714
-770
-875
-854
-725
-566
-434
-435
-389
-182
296
653
690
677
922
1292
1452
1284
1169
1164
1130
1043
944
792
527
375
408
502
547
500
467
529
821
1081
1088
967
1014
1296
1444
1395
1375
1406
1386
1456
1588
1598
1518
1426
1555
1682
1805
1685
1447
1357
1513
1690
1538
1225
1132
1405
1498
1272
1113
974
139
-745
-1248
-1388
-2445
-4141
-5126
-4956
-4753
-5209
-5692
-5090
-4032
-3124
-2255
-1308
-434
168
706
1168
1549
1485
955
124
-84
175
134
-667
-1165
-687
182
430
427
772
1165
1218
1144
780
400
-324
-993
-1675
-2335
-2609
-2758
-2985
-3130
-2612
-1516
-1065
-872
-117
849
1241
1247
1372
1455
1300
955
694
502
332
174
67
69
216
452
612
447
630
921
818
474
563
764
653
443
583
855
996
1049
1253
1514
1671
1726
1787
1810
1792
1858
1731
1500
1536
1741
1627
1433
1576
1762
1760
1614
1683
1924
1632
1383
1403
1622
1520
1035
1093
1153
1137
670
142
-466
-1297
-2163
-3051
-3767
-4691
-5545
-5825
-5723
-5280
-4938
-4302
-3366
-2257
-991
-41
712
1105
1491
1658
1587
1188
655
82
-449
-691
-669
-740
-852
-713
-55
556
885
1096
1281
1291
1084
869
426
-326
-1392
-2181
-2629
-3092
-3451
-3688
-3560
-3022
-2188
-1239
-556
165
984
1649
2075
2134
1998
1614
1085
616
295
-183
-795
-1155
-1054
-797
-549
-302
-39
294
745
1093
1281
1360
1355
1377
1447
1481
1485
1447
1408
1498
1776
1944
1886
1822
1907
2020
1983
1925
1721
1604
1587
1674
1746
1716
1605
1618
1788
1900
1962
1782
1671
1688
1818
1815
1612
1437
1369
958
625
232
-286
-1200
-2618
-3491
-4055
-4621
-5656
-6482
-6393
-5710
-5039
-4394
-3566
-2296
-1100
-25
824
1570
1749
1583
1290
1130
901
230
-579
-1107
-996
-665
-631
-681
-383
278
804
991
1027
929
632
185
-128
-494
-1057
-1731
-2094
-2037
-1724
-1715
-1765
-1746
-1300
-762
-571
-580
-488
-149
103
172
400
514
399
339
454
629
440
3
-392
-450
-447
-590
-890
-1012
-767
-321
100
422
837
1296
1631
1989
2336
2413
2146
1865
1771
1746
1490
1095
838
856
1026
1224
1301
1385
1575
1862
2071
2177
2172
2202
2219
2282
2406
2506
2532
2556
2648
2909
3100
3256
3273
3179
3285
3053
2324
348
-1849
-3201
-4121
-5899
-8652
-10146
-9584
-8622
-8273
-7634
-5490
-2993
-1176
584
2704
4028
3834
3309
3136
2890
1655
-216
-1975
-2564
-2015
-1574
-1851
-1912
-722
874
1531
1644
1883
1692
591
-339
-615
-1298
-2778
-3708
-3352
-2385
-1548
-831
-70
889
2173
3261
3252
2422
1296
374
-848
-2134
-3011
-4017
-4865
-4759
-3355
-1973
-1343
-598
593
1795
2577
2607
2081
1260
583
132
-276
-846
-1164
-1121
-612
344
1523
2158
2133
2310
2877
2975
2315
1399
701
324
231
224
169
117
402
1034
1736
2194
2389
2314
2152
2220
2486
2264
1538
1217
1422
1872
1951
2201
2350
2764
3248
3642
3902
3374
3006
2541
2430
1871
652
-590
-1865
-3167
-4852
-6193
-6732
-7370
-8346
-8500
-6815
-4803
-3832
-2979
-870
1494
2579
3092
3427
3505
2691
1811
1003
20
-1137
-1998
-2602
-2682
-1925
-1049
-972
-1067
-123
914
724
-79
-298
-454
-1231
-1677
-1432
-1276
-1442
-904
329
1266
1782
2238
2368
1927
1623
1194
-24
-2097
-3813
-4328
-4678
-4985
-5003
-4552
-3579
-1973
12
1175
1690
2307
2776
2857
2609
2032
941
-194
-751
-634
-577
-947
-1081
-544
348
1068
1530
1429
1076
1131
1402
1258
865
529
374
566
1156
1646
1688
1570
1811
2422
2809
2646
2433
2263
2260
2497
2796
2810
2610
2889
3349
3779
4095
4261
3964
3680
3688
3797
3375
1879
444
-1430
-4013
-6168
-7349
-8076
-10240
-11539
-9989
-7019
-4918
-3835
-1563
1615
3868
5023
5807
5796
4367
2550
1201
94
-1399
-3038
-4473
-4821
-3454
-1667
-1072
-1463
-887
471
853
-50
-822
-1383
-2413
-2951
-2042
-900
-590
-46
1557
3509
4754
5155
4710
3492
2348
1488
65
-2178
-3987
-4642
-4796
-4713
-3881
-2780
-2178
-1761
-1010
-254
-132
-596
-1250
-1574
-1260
-422
141
353
936
2055
2742
2726
2477
1899
612
-731
-1576
-2253
-3056
-3554
-3237
-2184
-756
749
1977
2831
3575
4175
4083
3274
2419
1575
635
94
267
546
646
1137
2158
3122
3501
3528
3310
2828
2304
1879
1618
1148
1007
1361
2039
2941
3820
4501
4728
4922
4948
4425
3199
1193
-1065
-3646
-6283
-8350
-9445
-9715
-10062
-9603
-7677
-4495
-1811
-256
1167
2939
3959
3803
3152
2296
849
-753
-1681
-1869
-2035
-2208
-2206
-1645
-565
587
951
226
-525
-660
-853
-1604
-2104
-1956
-1618
-971
514
2262
3255
3618
4034
4351
3920
2737
1071
-849
-2485
-3379
-3806
-4277
-4340
-3595
-2459
-1350
-276
387
376
119
55
-93
-700
-1284
-1621
-1694
-1420
-694
56
173
203
581
839
506
-103
-652
-1262
-1664
-1502
-1123
-857
-495
250
1023
1593
2020
2147
1782
1401
1417
1414
1071
828
1075
1426
1744
2216
2622
2600
2380
2308
2200
1741
1268
959
778
821
1274
2021
2437
2894
3720
4557
4854
4813
4808
4616
4317
3904
3699
3144
1899
179
-1294
-3419
-6372
-8832
-9692
-10013
-10821
-10708
-8484
-5157
-2735
-794
1879
4201
4961
4957
4879
4041
2074
137
-1350
-2229
-2675
-2726
-2881
-2633
-1416
-13
42
-832
-1092
-1198
-2070
-2845
-2458
-1927
-1716
-713
1415
3302
4248
4838
5054
4485
3325
2018
106
-2229
-3853
-4499
-4866
-4924
-4057
-2841
-1937
-942
298
942
630
64
-286
-894
-1352
-1251
-860
-598
-188
642
1285
1394
1101
444
-408
-1172
-1700
-2267
-2792
-2675
-1951
-1163
-303
781
1660
1978
2075
2231
2071
1421
712
254
77
83
366
697
1012
1428
1855
1938
1745
1484
1134
669
469
649
911
1118
1443
2175
2828
3276
3601
3830
3842
3572
3515
3641
3683
3758
3724
3922
4215
4582
4639
4085
2794
828
-1914
-5736
-9050
-10674
-11010
-11823
-11902
-9345
-4725
-726
1765
4115
6422
7074
6331
5437
4283
1854
-858
-2448
-2745
-2571
-2444
-2706
-2838
-2063
-859
-764
-2233
-3525
-3916
-4163
-4202
-2993
-1079
216
1529
3862
6227
6982
6313
4982
3193
1113
-759
-2517
-4467
-5799
-5899
-5261
-4446
-3310
-2160
-1719
-1627
-1030
-413
-651
-1254
-1255
-710
60
1049
2068
2624
2856
2940
2455
1300
-162
-1654
-3316
-4536
-4609
-4020
-3443
-2744
-1455
-97
818
1441
1782
1630
1193
967
903
833
905
1123
1252
1358
1770
2034
1776
1273
1046
875
544
375
458
614
794
1311
1937
2335
2473
2508
2456
2357
2271
2292
2329
2502
3173
3753
4434
5050
5193
5238
5092
5215
4899
4160
3413
2045
275
-2853
-6578
-9444
-10441
-10113
-10435
-10413
-8093
-3664
-94
1805
3643
5400
5391
4286
3969
3635
1856
-689
-2033
-2036
-1889
-2010
-2816
-3768
-3880
-3067
-2859
-3870
-4517
-4205
-3804
-2985
-756
1700
2740
3184
4543
5834
5736
4609
3074
1132
-782
-1740
-2312
-3294
-4112
-4100
-3753
-3390
-2591
-1802
-1876
-2168
-1613
-570
53
503
1135
1739
2349
3231
3727
3096
2050
1215
299
-923
-2056
-3073
-4084
-4751
-4619
-3863
-3003
-2121
-1114
-144
839
1969
2737
2675
2451
2492
2325
1907
1563
1197
534
-169
-518
-604
-705
-869
-836
-577
-130
484
938
1035
1063
1246
1340
1373
1571
1797
1826
1838
2191
2664
2840
2705
2690
3018
3326
3677
3822
3923
4112
4256
4216
4186
4154
3860
3158
1733
-79
-2925
-6374
-9471
-10445
-9898
-9480
-8686
-6244
-2206
1354
3324
4444
5025
4508
3177
2390
1973
943
-515
-1387
-1423
-1175
-1245
-2361
-3910
-4896
-4835
-4720
-4996
-4857
-3892
-2556
-949
1471
3875
4903
4805
4820
4856
4298
3147
1881
405
-911
-1518
-1678
-2100
-2733
-3250
-3694
-3901
-3523
-2736
-2278
-1880
-857
633
1864
2652
3119
3125
2677
2259
1900
1318
309
-798
-1372
-1706
-2019
-2641
-3411
-4024
-4223
-4034
-3592
-2608
-1437
-380
843
2292
3485
3903
3543
2769
1971
1166
278
-653
-1470
-1928
-1997
-1776
-1429
-989
-690
-550
-218
411
987
1297
1569
1930
2350
2755
3167
3327
3228
2858
2646
2659
2679
2815
2806
3047
3166
3577
3979
3975
3815
3513
3428
3083
2816
2821
2750
2013
450
-1220
-3294
-6170
-8874
-9887
-9187
-8260
-6963
-4724
-1543
864
2177
2729
2719
1956
836
176
-123
-276
-401
-555
-712
-822
-1061
-2073
-3513
-4394
-4412
-4248
-3964
-3052
-1613
-338
866
2361
3652
3991
3639
3253
2870
2360
1948
1545
902
182
-337
-849
-1578
-2336
-2931
-3428
-3642
-3191
-2186
-1154
-307
591
1436
1908
2011
1968
1644
1158
828
768
718
631
325
-347
-1262
-2478
-3540
-4358
-4822
-4724
-3934
-2482
-863
796
2064
2754
2965
2720
2137
1484
845
314
57
43
174
244
85
-246
-591
-733
-743
-499
9
657
1422
2186
2840
3201
3217
3008
2752
2549
2411
2351
2370
2457
2559
2505
2399
2316
2202
2061
2177
2460
2788
3209
3929
4669
4824
4508
4416
4436
3233
802
-2129
-5016
-7762
-9585
-9767
-8952
-7824
-6475
-4422
-2026
-343
413
436
177
265
1050
2001
2565
2735
2520
1685
449
-731
-2158
-3927
-5333
-5480
-4557
-3424
-2346
-1374
-659
-250
300
1031
1512
1638
1877
2362
2933
3474
3673
3098
1776
305
-975
-2089
-2992
-3596
-3909
-3922
-3472
-2666
-1934
-1630
-1607
-1652
-1591
-1258
-585
184
822
1427
2061
2497
2541
2098
1216
72
-1048
-1937
-2381
-2722
-3485
-4057
-3958
-3165
-2237
-1475
-785
-30
852
1569
2288
2930
2962
2602
2411
2271
1889
1173
142
-927
-1548
-1624
-1480
-1267
-914
-344
376
1033
1601
1947
1938
1817
2017
2562
3060
3296
3342
3193
2979
2923
2754
2509
2250
2338
2801
3199
3832
4276
4249
3725
3314
3583
3818
3741
3164
1946
333
-1968
-4786
-7644
-9223
-8906
-7843
-6746
-5339
-3098
-1215
-622
-657
-293
-14
15
624
2219
3590
3711
2943
1872
436
-1243
-2873
-4056
-4619
-4238
-3152
-2209
-1611
-1249
-1171
-1479
-1566
-868
112
780
1458
2497
3404
3512
2977
2175
954
-475
-1439
-1692
-1728
-1837
-1757
-1646
-1782
-2015
-2145
-2367
-2728
-2768
-2158
-1229
-301
594
1326
1603
1443
1276
1112
787
355
162
-18
-509
-938
-1359
-2026
-2955
-3378
-3251
-2613
-1810
-920
-78
593
975
1257
1508
1442
1205
1225
1422
1520
1565
1340
836
154
-306
-615
-700
-643
-382
12
529
1035
1514
1840
1901
1928
2107
2440
2701
2877
2943
2907
2774
2727
2826
2808
2823
3027
3491
3831
4260
4472
4505
4458
4262
3979
3628
3359
2319
732
-1537
-4239
-6907
-8303
-8031
-7041
-6228
-5701
-4778
-3608
-2861
-2664
-2409
-1933
-1113
212
2184
3802
4203
3218
1683
355
-590
-1325
-1962
-2050
-1640
-1000
-641
-725
-1441
-2639
-3623
-3651
-2551
-956
557
1643
2320
2645
2671
2456
1908
1212
614
405
619
891
777
62
-1056
-2198
-2944
-3155
-2954
-2593
-2177
-1727
-1201
-735
-540
-681
-1040
-1268
-1150
-610
134
718
899
704
406
-42
-1147
-2110
-2392
-2259
-1760
-1176
-521
-383
-642
-1027
-1314
-1184
-829
-388
371
1193
1733
1839
1301
519
-200
-486
-436
17
848
1668
2134
2317
2224
1777
1184
707
769
1238
1995
2613
2895
2838
2521
2182
1867
1778
2005
2425
2887
3323
3759
4049
3827
3323
3185
3588
4122
4521
4914
4786
3405
1248
-1686
-5034
-7706
-8083
-6839
-5877
-5500
-5115
-4795
-5135
-5471
-5275
-4485
-3410
-1479
1174
3539
4616
4207
2842
1251
437
541
1077
1576
2183
2490
1941
668
-939
-2649
-4044
-4149
-2958
-1291
136
1021
905
-197
-1264
-1623
-1384
-959
-171
920
1853
2200
1894
1185
188
-739
-1191
-861
77
864
908
260
-683
-1698
-2617
-3061
-2892
-2366
-1755
-1174
-641
-332
-493
-1053
-1514
-1487
-896
-308
-28
175
180
27
-222
-289
-284
-394
-415
-241
-5
71
-77
-362
-537
-666
-686
-579
-433
-250
-107
77
322
627
892
1099
1291
1488
1637
1710
1811
1918
1989
2036
2164
2307
2286
2074
1882
1838
1803
1957
2282
2698
3048
3129
3393
3669
3950
3708
3562
4034
4650
4709
3595
1990
-318
-2847
-5191
-6124
-5435
-4480
-4289
-4874
-4975
-5155
-5760
-6281
-5602
-4056
-2459
-772
813
1913
1757
823
-166
-332
239
1051
1915
2618
3011
2492
1297
-64
-1045
-1606
-1522
-624
549
1129
780
21
-843
-1635
-2047
-1566
-661
100
424
398
58
-632
-1258
-1617
-1362
-613
346
1083
1523
1538
969
85
-548
-655
-528
-228
50
209
-60
-628
-1211
-1598
-1656
-1535
-1189
-775
-465
-524
-1158
-2027
-2468
-2207
-1464
-613
148
665
719
442
34
-252
-304
-114
306
726
968
810
358
-241
-590
-483
-50
578
1116
1409
1389
1163
959
815
795
1026
1559
2258
2832
3032
2769
2297
1981
2059
2449
3036
3859
4536
4791
4770
4552
4474
4226
4135
4189
4323
4371
4072
3074
1206
-1449
-4459
-6421
-6251
-4650
-4006
-4711
-5503
-6000
-6912
-7759
-7451
-6247
-4861
-3447
-1771
-527
-278
-668
-1172
-1239
-609
665
2000
3035
3601
3468
2390
1187
846
955
1130
1327
1773
1813
1114
197
-829
-1932
-2639
-2318
-1454
-913
-1016
-1548
-2348
-3031
-3138
-2840
-2308
-1683
-976
-435
-81
167
139
46
168
746
1397
1855
2107
1930
1359
636
69
-114
-139
-150
-366
-819
-1330
-2498
-3389
-3264
-2405
-1688
-1463
-1327
-1172
-1053
-935
-743
-689
-335
182
999
1756
1931
1562
872
658
871
1384
1678
1754
1925
1877
1735
1336
948
623
499
789
1222
1363
1081
794
566
669
855
1286
1955
2321
2826
3074
3377
3571
3545
3964
4380
5054
5232
5240
5230
4995
5059
4639
3788
1297
-1571
-3318
-3172
-1940
-2412
-4144
-6317
-6755
-6710
-6677
-6677
-6850
-6504
-6069
-4193
-2897
-2726
-3690
-4318
-3222
-1605
283
803
1054
1592
2719
3781
3818
3686
3207
3399
4102
5171
5419
4139
2660
1585
1377
1150
756
35
-1276
-2398
-3267
-3795
-4525
-5320
-5682
-5623
-4954
-4259
-3749
-3581
-3383
-2786
-2074
-1180
-424
227
730
1248
1838
2003
1923
1816
1918
2141
2087
1880
1239
702
97
-665
-881
-894
-440
-778
-1184
-1341
-1454
-1371
-1710
-1580
-1619
-1389
-1133
-712
-279
-396
-483
-789
-341
231
846
1225
1271
1631
1680
1925
2001
2152
2289
2272
2518
2637
2678
2431
2186
2066
1998
1809
1557
1509
1583
1770
1700
1836
2074
2188
2154
2203
2788
3320
3592
3626
3703
3917
4015
3555
2227
236
-1150
-872
469
655
-1071
-3243
-4077
-3950
-3837
-3884
-4382
-5164
-5649
-5046
-3962
-3796
-4578
-5421
-5353
-4132
-2605
-1730
-1675
-1302
-272
805
1438
1813
2144
2479
3393
4755
5471
4823
3494
2719
2672
2916
3072
2565
1333
-83
-860
-1092
-1340
-1855
-2654
-3472
-4027
-4097
-4034
-4081
-4107
-4053
-3951
-3727
-3283
-2837
-2442
-1913
-1363
-1088
-1009
-812
-306
370
1042
1564
1658
1609
1183
1088
1625
2476
3033
2320
1558
515
91
294
578
698
-406
-1175
-1711
-1480
-1221
-1432
-1777
-2407
-2192
-1801
-1131
-743
-510
-154
45
604
1021
1280
1431
1860
2532
2908
2704
2290
1927
1849
2253
2728
2901
2557
2109
2014
2285
2880
3224
3217
3180
3027
3413
3537
4050
4098
4100
4292
3321
1837
-1055
-2233
-1419
348
372
-2802
-5252
-5704
-4205
-3283
-3073
-3421
-4824
-5632
-4864
-2708
-1842
-2653
-3698
-3718
-2799
-1748
-1334
-1409
-861
374
1506
1238
722
490
857
2015
3511
4397
3389
1963
1669
2610
3595
3993
3536
2060
523
-64
212
194
-334
-1191
-2225
-3109
-3323
-3078
-2898
-2786
-2777
-3035
-3543
-3802
-3608
-3071
-2290
-1568
-1474
-1789
-1851
-1226
-204
629
1156
986
719
410
423
1176
2005
2809
2267
1426
633
314
866
1203
1580
669
-352
-1037
-1161
-726
-787
-949
-1637
-2039
-1999
-1627
-1139
-826
-479
-312
-215
-149
70
304
925
1607
2059
2020
1654
1705
1940
2489
2966
3062
2774
2219
2132
2609
3054
3479
3428
3609
3619
3669
3820
3882
4377
4283
4113
3147
1711
-135
-1296
-335
1208
1063
-1843
-4595
-5132
-3999
-3165
-3333
-4267
-5844
-6649
-6112
-4347
-3378
-3618
-4295
-4578
-3823
-2922
-2296
-2262
-1677
-415
454
307
-166
71
861
2116
3420
3997
3255
2333
2412
3432
4362
4515
3934
2664
1688
1511
1821
1829
1283
451
-612
-1567
-2005
-2025
-2000
-2112
-2361
-2838
-3480
-3807
-3666
-3128
-2536
-2225
-2470
-3039
-3149
-2566
-1614
-939
-741
-834
-903
-593
-165
720
1701
2400
2289
1448
1167
1393
2097
2343
2368
2047
1330
940
615
870
720
282
-323
-974
-1057
-951
-579
-405
-203
-157
-253
-427
-377
55
373
669
577
457
308
381
737
1045
1331
1261
1164
1163
1492
2180
2562
2999
3360
3541
3792
3711
4299
4932
5263
5355
4826
4408
2586
300
108
2098
3275
30
-4196
-5313
-3916
-3004
-3560
-4242
-5583
-7126
-6994
-5163
-4016
-4556
-5568
-5780
-5539
-4890
-4052
-4109
-3905
-2590
-985
-811
-1914
-1826
-763
592
2063
2752
2406
1674
2340
4180
5239
5640
5629
4917
4017
3824
4473
4394
3308
2411
1596
520
-585
-1074
-1102
-1332
-1706
-2455
-3442
-4032
-4039
-3567
-3068
-2827
-2999
-3635
-3800
-3119
-2245
-1644
-1702
-2024
-2312
-2138
-1477
-872
-446
-264
-112
-206
29
509
1227
2075
2540
2883
2440
2215
2396
2797
3059
2574
1912
1055
679
741
906
810
336
-172
-475
-530
-503
-412
-525
-535
-587
-587
-406
-205
350
651
899
1018
1004
1164
1383
1929
2508
2880
2994
3081
3166
3530
3771
4314
4648
4732
4535
3915
3629
2705
2322
2230
2364
1914
177
-921
-1281
-872
-1071
-1969
-3013
-4088
-4602
-4663
-4262
-4466
-4958
-5547
-5630
-5466
-5322
-4960
-4839
-4278
-3847
-3424
-3432
-3440
-2730
-1926
-948
-265
338
896
1593
2748
3860
4362
4410
4423
4421
4469
4467
4528
4333
3839
3394
2842
2263
1683
1310
970
375
-370
-1164
-1822
-2262
-2411
-2456
-2644
-2983
-3286
-3490
-3550
-3487
-3540
-3775
-4127
-4276
-4133
-3806
-3356
-2883
-2876
-2706
-2139
-1177
-381
-396
21
612
1406
1900
2087
2466
2567
2802
2897
2843
2554
2143
1960
1916
1812
1475
1028
571
585
714
734
437
131
211
206
392
407
296
82
-144
-69
-60
-100
18
224
514
999
1282
1723
1917
2298
2866
3028
3442
3515
3898
4489
4556
4496
3573
2765
2729
3126
3809
2652
736
-379
-191
258
-587
-1666
-2457
-3132
-3586
-3461
-3314
-3784
-4671
-5026
-4952
-5276
-5447
-5569
-5257
-4695
-4221
-3962
-4434
-4240
-3263
-2225
-1408
-967
-507
-169
395
1533
2368
2578
2845
3295
3745
3959
4264
4676
4566
4228
3874
3348
2743
2307
2177
2021
1495
894
229
-316
-564
-758
-1062
-1609
-2195
-2727
-3240
-3458
-3468
-3683
-4035
-4402
-4440
-4265
-3967
-3436
-3134
-2989
-3209
-3144
-2420
-1571
-828
-655
-433
42
464
953
1303
1586
1590
1390
1441
1692
1943
2060
2046
2088
2063
1965
1923
1850
1829
1756
1580
1355
1028
847
772
717
686
403
90
-199
-318
-258
-225
-186
-113
13
260
629
984
1362
1806
2224
2724
3062
3427
3844
4332
4629
4378
3969
3106
2736
2913
3893
3816
1940
226
201
1159
874
-271
-1074
-1737
-2519
-2882
-2552
-2846
-3877
-4643
-4675
-4739
-5147
-5154
-4983
-4700
-4433
-4212
-4398
-4453
-3617
-2521
-1897
-1719
-1398
-1089
-734
201
1303
1790
1884
2286
2788
2897
3002
3407
3577
3231
2876
2733
2514
2369
2541
2718
2502
2028
1576
1241
1034
945
653
41
-617
-1213
-1718
-2125
-2294
-2524
-2975
-3432
-3639
-3628
-3565
-3365
-3227
-3222
-3299
-3154
-2996
-2786
-2283
-1696
-1150
-1134
-1130
-863
-445
121
369
434
359
502
974
1444
1785
1895
1865
1772
1819
2002
2169
2074
1881
1725
1434
1136
821
701
642
525
431
215
102
108
160
203
220
190
162
144
423
847
1155
1509
1861
2243
2432
2622
3111
3605
3843
3321
2866
2943
2947
2862
2658
3387
3414
1975
666
837
1696
998
-404
-1153
-1505
-2264
-2826
-2587
-2685
-3400
-4092
-4096
-4211
-4477
-4481
-4456
-4404
-4391
-4216
-4369
-4299
-3506
-2675
-2230
-1985
-1412
-961
-570
310
1205
1348
1153
1488
1958
2017
2088
2585
2954
2836
2779
2937
2927
2727
2643
2589
2291
1883
1592
1465
1419
1353
1028
475
-44
-468
-932
-1300
-1480
-1704
-2158
-2648
-2836
-2864
-2869
-2816
-2754
-2758
-2836
-2776
-2616
-2559
-2483
-2476
-2341
-2111
-1938
-1658
-1382
-819
-156
230
386
506
877
1297
1588
1718
1707
1626
1601
1688
1735
1644
1387
1214
1114
1074
1014
799
591
427
404
438
448
515
562
633
660
695
700
745
850
901
1044
1229
1647
1834
1943
2141
2604
2955
2991
3217
3349
3444
2767
2030
2156
2859
3355
2118
629
396
1158
1323
272
-502
-960
-1445
-2123
-2163
-2326
-3239
-4199
-4497
-4295
-4665
-4953
-4939
-4667
-4301
-4077
-3955
-4082
-3701
-2903
-2323
-2078
-1853
-1500
-1168
-566
247
745
746
980
1495
1728
1822
2087
2477
2528
2455
2611
2717
2720
2903
3263
3382
3134
2755
2416
2117
1873
1629
1208
695
214
-212
-617
-896
-1128
-1530
-2013
-2442
-2600
-2639
-2597
-2581
-2700
-2875
-2961
-2742
-2589
-2299
-2456
-2532
-1971
-1569
-1136
-1460
-1438
-762
-346
127
238
473
625
809
1191
1418
1320
1095
1165
1366
1723
1727
1642
1431
1307
1442
1302
1200
952
808
715
571
626
489
370
344
352
411
359
431
668
863
894
1020
1312
1670
2043
2264
2693
2941
3076
3449
3511
3532
3304
2891
2416
2231
3004
3253
1848
202
439
1493
1068
-389
-1093
-1249
-2173
-2857
-2657
-2746
-3814
-4694
-4486
-4442
-4864
-5005
-4768
-4539
-4339
-3978
-4099
-4387
-3940
-3124
-2852
-2883
-2515
-2149
-1970
-1320
-219
183
43
520
1295
1603
1770
2474
3211
3280
3291
3630
3736
3546
3591
3788
3633
3186
2784
2458
2108
1774
1356
730
133
-263
-660
-1064
-1215
-1281
-1640
-2119
-2355
-2383
-2429
-2455
-2418
-2512
-2708
-2698
-2509
-2367
-2203
-2210
-2292
-2388
-2043
-1436
-1362
-1395
-1319
-817
-391
-256
104
331
546
763
1061
1219
1130
1102
1233
1418
1470
1579
1544
1570
1650
1722
1683
1334
1119
909
772
708
634
568
422
453
540
645
781
1070
1349
1479
1585
1879
2233
2403
2658
2930
3240
3131
3265
3763
3822
3725
3014
2448
2666
3405
4080
2617
468
161
1307
1512
12
-1100
-1263
-1884
-2764
-2629
-2510
-3454
-4492
-4485
-4005
-4537
-5067
-4951
-4770
-4488
-4318
-4407
-4911
-4780
-3801
-3305
-3390
-3260
-2872
-2703
-2193
-1014
-129
-75
302
1351
1893
1997
2524
3401
3742
3635
3918
4176
3997
3907
4097
4014
3500
2916
2455
1992
1557
1259
721
78
-410
-854
-1283
-1549
-1584
-1868
-2454
-2837
-2899
-2882
-2907
-2830
-2827
-3027
-3160
-3073
-2880
-2725
-2494
-2407
-2427
-2277
-1834
-1178
-881
-774
-570
-381
84
501
801
969
1014
1246
1473
1577
1657
1605
1484
1398
1315
1235
1036
869
893
876
764
620
528
537
524
554
573
566
616
724
932
1125
1245
1443
1631
1785
1850
1893
2197
2550
2834
3094
3285
3509
3793
4099
4105
4016
3789
2976
2464
3022
4313
3728
1001
-337
731
1494
168
-1312
-1447
-1854
-2887
-2909
-2185
-2760
-4153
-4607
-4171
-4319
-4995
-5064
-5069
-4984
-4693
-4676
-5163
-5189
-4058
-3124
-2916
-2514
-1815
-1571
-1262
34
1181
1095
924
1730
2390
2282
2504
3241
3442
3013
3038
3377
3176
2840
2928
2998
2636
2122
1764
1446
1211
1116
722
59
-410
-661
-1056
-1438
-1526
-1726
-2340
-2931
-3094
-3146
-3253
-3245
-3142
-3220
-3314
-3071
-2763
-2429
-2327
-2109
-1812
-1596
-1054
-669
-320
-113
-58
65
342
697
835
701
467
645
798
842
819
757
875
866
1064
1202
1171
1020
853
870
880
879
785
761
761
845
913
906
943
993
1173
1327
1510
1690
1915
2154
2360
2620
2858
3181
3428
3743
3975
4143
4282
4274
4082
4012
3610
2114
1527
2509
3945
2681
-530
-1047
474
896
-684
-1804
-1641
-2582
-3679
-3149
-2170
-3129
-4733
-5003
-4390
-4522
-5156
-5043
-5055
-4723
-4237
-4300
-4749
-4556
-3169
-2375
-2182
-1592
-1014
-1121
-815
722
1643
1060
692
1570
2004
1667
2029
2825
2880
2332
2558
3053
2802
2562
2809
2884
2315
1705
1364
1077
867
752
338
-416
-903
-1247
-1685
-1923
-1871
-2027
-2669
-3032
-2838
-2632
-2577
-2401
-2156
-2213
-2281
-2068
-1701
-1559
-1531
-1514
-1680
-1559
-1387
-1091
-923
-734
-394
-451
-470
-240
157
430
495
694
799
745
778
1019
1107
1018
875
812
816
740
821
805
712
630
567
596
668
879
1055
1150
1228
1330
1429
1549
1809
2022
2155
2216
2436
2681
2820
3046
3085
3266
3269
3329
3324
3224
3460
3293
3044
2523
1685
1150
1310
2332
2214
307
-1207
-552
511
36
-1183
-1718
-2025
-2999
-3124
-2396
-2506
-3754
-4693
-4352
-4080
-4346
-4436
-4318
-4129
-3760
-3412
-3549
-3618
-2949
-2042
-1781
-1683
-1293
-1148
-1010
-127
1011
1168
773
1195
2022
2246
2319
2788
3031
2664
2413
2616
2586
2221
2151
2156
1834
1336
1017
844
662
652
548
154
-214
-285
-309
-416
-381
-385
-768
-1353
-1567
-1496
-1591
-1741
-1834
-1926
-2153
-2196
-2070
-1892
-1852
-1784
-1779
-1984
-1727
-1552
-1069
-803
-702
-540
-791
-564
-135
240
356
215
305
327
443
567
757
641
521
473
542
705
607
752
719
768
832
792
912
965
1200
1328
1380
1408
1423
1479
1589
1766
1808
1868
1896
2073
2241
2204
2367
2507
2627
2534
2444
2619
2865
2812
2426
2347
2049
1220
756
1371
2152
876
-1320
-1660
-378
-2
-1148
-1905
-1955
-2488
-3052
-2411
-1669
-2348
-3539
-3708
-3032
-2857
-3054
-3137
-3186
-3019
-2743
-2789
-3089
-2832
-2103
-1866
-1972
-1679
-1359
-1535
-1232
-87
555
71
-139
745
1402
1397
1638
2185
2186
1793
1922
2324
2310
2077
2103
2091
1918
1771
1656
1517
1421
1412
1077
553
329
275
73
-142
-147
-329
-848
-1182
-1095
-1042
-1269
-1456
-1504
-1650
-1812
-1784
-1611
-1550
-1590
-1602
-1860
-1772
-1458
-1219
-1210
-1542
-1309
-1075
-903
-671
-557
-402
-435
-221
111
219
131
137
261
454
684
718
761
655
823
1116
1209
1275
1189
1232
1284
1416
1523
1435
1358
1378
1500
1531
1561
1545
1557
1540
1586
1714
1709
1846
1949
2182
2290
2332
2405
2393
2546
2372
2146
2048
1609
741
550
1479
2150
756
-1199
-924
503
694
-335
-881
-890
-1695
-2151
-1365
-894
-2019
-3422
-3486
-2856
-2782
-3133
-3359
-3607
-3452
-3092
-3114
-3310
-3094
-2460
-2271
-2149
-1653
-1438
-1701
-1274
-81
316
-321
-416
430
891
833
1215
1692
1497
1105
1395
1861
1691
1393
1407
1455
1366
1352
1332
1306
1416
1514
1291
952
967
950
577
227
134
-147
-822
-1194
-1093
-1046
-1297
-1538
-1587
-1749
-1816
-1720
-1623
-1684
-1812
-2007
-2111
-1729
-1332
-1163
-1470
-1545
-1147
-923
-733
-537
-381
-492
-629
-297
132
257
264
481
757
1040
1157
1282
1398
1413
1591
1623
1607
1540
1458
1408
1370
1431
1345
1172
1096
1309
1534
1653
1745
1823
1828
1702
1694
1743
1645
1601
1516
1602
1536
1500
1677
1850
2096
1917
1786
1975
1714
1038
1266
2398
3072
1346
-557
46
1387
1240
-126
-754
-951
-2067
-2569
-1599
-1138
-2476
-3965
-3956
-3150
-3049
-3341
-3538
-3886
-3731
-3390
-3337
-3420
-3138
-2582
-2585
-2477
-1831
-1657
-2167
-1837
-632
-227
-955
-1060
-123
291
293
895
1554
1439
1080
1550
2213
2206
2060
2156
2182
2088
2102
2034
1824
1667
1578
1214
797
798
732
307
56
169
68
-481
-699
-422
-307
-517
-637
-673
-963
-1248
-1340
-1341
-1511
-1811
-2045
-2258
-1932
-1638
-1599
-1614
-1586
-1098
-969
-817
-335
-171
-279
-414
-33
302
250
134
280
348
331
422
450
584
476
604
812
913
1189
1279
1369
1459
1585
1627
1553
1619
1745
1778
1706
1825
1879
1884
1860
1921
2016
1888
1925
2087
2227
2264
2362
2519
2770
2785
2715
2785
2868
2235
1251
1477
2536
2591
536
-1042
-326
536
75
-995
-1146
-1697
-3008
-3212
-2050
-1702
-3199
-4402
-4234
-3478
-3337
-3493
-3730
-4140
-3956
-3662
-3540
-3600
-3372
-3155
-3260
-2781
-1951
-1807
-2279
-1693
-379
-36
-537
-403
350
464
523
1281
1854
1446
948
1382
1919
1906
1762
1779
1698
1592
1746
1804
1656
1540
1521
1276
1098
1249
1240
878
695
900
779
183
-172
-146
-265
-646
-811
-953
-1288
-1617
-1641
-1545
-1714
-1885
-1933
-1911
-1858
-1689
-1651
-1531
-1285
-1128
-1109
-1181
-892
-631
-663
-634
-507
-425
-564
-458
-15
305
280
310
533
797
1038
1168
1328
1354
1389
1488
1530
1596
1584
1552
1487
1543
1629
1586
1487
1579
1787
1830
1797
1770
1804
1819
1888
2066
2225
2210
2265
2362
2604
2764
2658
2535
2533
2127
1200
1221
2189
2794
1268
-583
-350
630
638
-236
-488
-818
-2182
-2830
-1831
-975
-2022
-3515
-3929
-3385
-3082
-3118
-3184
-3627
-3591
-3278
-3059
-3054
-2921
-2721
-2967
-2808
-2009
-1601
-2132
-2071
-935
-200
-545
-746
-182
-72
-281
199
981
985
425
565
1221
1603
1797
2001
2016
1931
2143
2365
2375
2280
2240
1899
1404
1387
1514
1243
833
815
814
329
-202
-260
-219
-475
-681
-706
-837
-1101
-1244
-1237
-1228
-1483
-1728
-1968
-2082
-1930
-1976
-2002
-2044
-2027
-2055
-2090
-1637
-1226
-1066
-1106
-897
-588
-450
-373
-188
65
5
32
111
342
531
591
733
776
965
1098
1208
1350
1525
1684
1738
1912
2129
2308
2366
2523
2716
2692
2559
2415
2402
2327
2277
2286
2355
2316
2296
2304
2395
2477
2268
2098
2027
1926
1137
747
1395
2191
1549
-190
-551
308
623
44
-366
-526
-1696
-2798
-2373
-1205
-1526
-3064
-4056
-4045
-3654
-3510
-3355
-3636
-4011
-4008
-3749
-3360
-3008
-2807
-3221
-3577
-3115
-2401
-2481
-2717
-2022
-1206
-1154
-1228
-507
156
103
336
1264
1937
1774
1715
2189
2576
2663
2767
2847
2633
2486
2520
2580
2536
2437
2153
1592
1420
1725
1839
1500
1203
1163
848
308
76
80
-300
-925
-1264
-1379
-1593
-1893
-2106
-2227
-2412
-2707
-2771
-2837
-2670
-2547
-2765
-2715
-2490
-2193
-2087
-2094
-1755
-1496
-1433
-1280
-996
-844
-933
-938
-549
-184
-92
6
136
520
918
1270
1617
1786
1924
2025
2178
2461
2623
2510
2322
2304
2449
2516
2474
2491
2406
2191
2019
1966
1999
1930
1865
1935
2012
2000
2029
2094
2364
2447
2387
2279
2282
2040
1072
771
1458
2132
1258
-448
-695
-11
154
-293
-365
-570
-1891
-2948
-2314
-982
-1255
-2641
-3700
-3849
-3626
-3442
-3128
-3391
-3879
-4211
-4148
-3656
-2941
-2547
-2982
-3318
-2756
-1835
-1680
-1605
-808
-212
-304
-237
718
1341
1050
1034
1743
2281
2114
2028
2264
2398
2362
2580
2887
2841
2666
2407
2253
2246
2392
2211
1556
1135
1133
1070
729
552
426
-162
-975
-1287
-1059
-1138
-1469
-1739
-1819
-1894
-1976
-1833
-1777
-1790
-2181
-2458
-2683
-2720
-2439
-2526
-2521
-2550
-2515
-2367
-2226
-1674
-1282
-1148
-1116
-831
-434
-74
157
380
634
603
789
974
1228
1387
1319
1411
1467
1629
1668
1642
1629
1671
1711
1677
1727
1722
1754
1699
1778
1881
1850
1798
1694
1758
1773
1768
1804
1822
1784
1739
1832
2071
2268
2094
1971
2001
2142
1868
1274
1396
1907
1994
1163
405
469
550
172
-140
-111
-634
-1777
-2427
-1951
-1434
-1932
-2819
-3409
-3516
-3449
-3220
-2951
-3015
-3291
-3577
-3546
-3096
-2493
-2382
-2728
-2779
-2303
-1858
-1778
-1399
-772
-639
-796
-414
500
915
777
931
1450
1706
1718
1958
2259
2255
2091
2199
2425
2478
2321
1967
1624
1516
1595
1521
1246
1031
857
519
251
347
389
-61
-705
-990
-1005
-1157
-1324
-1387
-1528
-1858
-2117
-2118
-1975
-1953
-1995
-2131
-2312
-2219
-2146
-1979
-1754
-1481
-1294
-1475
-1500
-1172
-824
-702
-733
-623
-509
-530
-405
-11
231
265
148
122
322
493
737
869
940
969
870
819
926
1157
1232
1146
1096
1247
1344
1372
1503
1691
1817
1750
1764
1860
1886
1804
1733
1809
1951
2033
2045
2099
2220
2392
2386
2331
2381
2371
2240
1581
1159
1434
1805
1704
785
168
37
-176
-408
-335
-190
-860
-2049
-2597
-2110
-1809
-2141
-2620
-3039
-3304
-3545
-3264
-2825
-2764
-3028
-3427
-3510
-3204
-2643
-2342
-2305
-2205
-1871
-1638
-1458
-788
-77
171
107
452
1077
1252
1222
1449
1749
1759
1760
2013
2227
2068
1836
1889
1977
2045
1941
1612
1242
1000
1013
976
897
892
723
268
-51
57
211
25
-389
-621
-861
-1182
-1271
-1117
-1051
-1343
-1757
-1906
-1869
-1733
-1586
-1519
-1499
-1717
-1834
-1581
-1118
-799
-830
-980
-857
-677
-480
-250
-47
-36
-262
-415
-226
-38
-26
-144
-251
-120
32
132
194
272
350
408
481
735
940
904
836
915
1223
1423
1460
1514
1515
1434
1381
1488
1682
1704
1529
1427
1461
1649
1839
1963
2047
2054
2014
2004
2078
2160
2109
2001
1868
1928
1609
996
894
1158
1486
914
193
-5
-213
-631
-909
-721
-773
-1704
-2631
-2630
-2284
-2296
-2447
-2587
-2606
-2904
-3015
-2733
-2547
-2348
-2426
-2618
-2717
-2489
-2204
-2183
-2162
-1773
-1386
-1462
-1327
-860
-494
-520
-368
350
756
650
613
878
1136
1251
1536
1850
1799
1515
1433
1492
1681
1942
1975
1757
1414
1385
1443
1359
1373
1393
1153
669
379
421
389
116
-86
-202
-437
-718
-879
-851
-864
-1043
-1171
-1238
-1191
-1100
-1130
-1134
-1234
-1370
-1463
-1456
-1252
-1142
-1249
-1353
-1345
-1223
-1105
-1050
-1000
-1040
-1088
-981
-798
-577
-434
-403
-268
-57
280
587
748
914
1048
1149
1248
1377
1506
1577
1560
1586
1617
1576
1556
1524
1504
1463
1441
1527
1621
1712
1787
1772
1729
1715
1745
1789
1783
1796
1829
1799
1749
1672
1526
1425
1276
1224
817
180
66
272
537
121
-405
-491
-665
-1043
-1158
-833
-733
-1457
-2259
-2294
-2098
-2291
-2578
-2758
-2748
-2975
-3136
-2981
-2874
-2694
-2637
-2563
-2413
-2105
-1905
-1946
-1919
-1531
-1174
-1277
-1240
-929
-712
-819
-716
-22
491
535
587
840
1061
1148
1418
1812
1916
1718
1575
1544
1682
1904
1885
1672
1365
1274
1212
1026
1012
1089
927
599
502
655
683
402
203
142
-11
-147
-199
-179
-255
-527
-786
-1012
-1082
-1117
-1192
-1394
-1561
-1664
-1875
-1825
-1616
-1275
-1225
-1367
-1231
-923
-605
-420
-247
-63
5
52
249
566
694
668
518
565
756
875
980
998
1182
1318
1443
1630
1813
1861
1634
1445
1489
1634
1657
1625
1599
1516
1352
1215
1289
1356
1249
1035
836
809
836
869
873
825
739
630
614
694
766
727
613
576
284
-77
-53
253
483
89
-272
-248
-344
-609
-709
-460
-443
-1024
-1512
-1459
-1393
-1643
-1933
-2065
-2090
-2329
-2469
-2456
-2505
-2511
-2605
-2648
-2564
-2288
-2073
-2080
-2046
-1705
-1392
-1329
-1115
-768
-554
-688
-637
-209
18
8
70
289
433
442
651
1012
1192
1268
1368
1485
1700
1934
2050
2000
1851
1905
1900
1801
1763
1668
1369
925
666
642
525
245
44
-123
-292
-419
-489
-476
-560
-733
-901
-1049
-1039
-986
-1069
-1119
-1214
-1300
-1400
-1580
-1476
-1416
-1462
-1469
-1462
-1253
-1011
-814
-535
-401
-253
-81
57
264
465
551
637
700
907
1142
1157
1176
1114
1125
1195
1298
1427
1443
1310
1214
1187
1230
1316
1239
1142
1032
992
1058
1058
1114
1095
930
783
708
749
765
657
567
510
472
506
642
789
892
850
801
794
558
352
383
610
704
360
122
203
197
38
-118
-45
-134
-550
-801
-739
-755
-1022
-1359
-1535
-1546
-1644
-1669
-1764
-1919
-2026
-2227
-2380
-2402
-2278
-2231
-2384
-2416
-2173
-1974
-1863
-1574
-1163
-878
-861
-670
-220
92
288
446
614
771
895
1104
1270
1310
1340
1347
1309
1406
1563
1633
1539
1413
1450
1375
1233
1184
1153
993
707
484
372
161
-135
-399
-677
-917
-1142
-1283
-1319
-1317
-1334
-1417
-1526
-1479
-1372
-1354
-1323
-1281
-1183
-1066
-899
-617
-467
-430
-368
-304
-205
-111
-19
53
5
5
117
236
383
509
593
687
779
967
1122
1158
1190
1145
1063
990
956
892
697
461
301
184
105
68
15
-22
-46
26
171
250
333
371
397
495
641
828
997
1121
1238
1280
1296
1407
1561
1607
1609
1575
1616
1480
1154
1101
1218
1365
1165
906
883
795
483
234
187
135
-270
-728
-866
-929
-1208
-1553
-1843
-2029
-2251
-2448
-2477
-2568
-2583
-2621
-2636
-2540
-2306
-2052
-1939
-1834
-1553
-1264
-1166
-964
-640
-383
-310
-166
243
525
624
800
1026
1180
1192
1281
1458
1517
1483
1419
1320
1234
1219
1112
968
805
732
611
386
328
280
107
-126
-191
-138
-195
-343
-385
-418
-542
-635
-662
-643
-633
-648
-639
-689
-646
-584
-561
-540
-495
-417
-530
-503
-362
-189
-218
-300
-253
-177
-166
-147
-109
-140
-255
-351
-406
-431
-468
-455
-467
-430
-291
-200
-134
-146
-40
15
-12
-26
53
189
252
318
431
577
644
685
712
782
848
845
873
911
949
928
864
934
1070
1179
1252
1328
1443
1452
1418
1433
1531
1552
1467
1332
1239
1070
721
495
456
508
345
89
46
86
-56
-279
-359
-367
-584
-916
-1003
-935
-984
-1168
-1322
-1356
-1416
-1535
-1574
-1562
-1453
-1408
-1459
-1469
-1329
-1113
-1043
-1002
-821
-591
-540
-516
-361
-168
-135
-155
11
150
150
109
144
234
239
221
265
333
455
542
568
638
745
820
797
790
899
945
838
761
740
636
440
297
300
290
205
128
42
-62
-180
-258
-291
-333
-355
-436
-538
-531
-475
-461
-516
-554
-565
-608
-617
-502
-497
-656
-787
-840
-843
-905
-905
-843
-887
-956
-901
-775
-633
-560
-475
-408
-378
-292
-183
-127
-49
20
88
120
140
231
238
247
299
358
360
319
379
502
561
589
642
671
645
576
553
576
579
595
589
560
547
532
577
621
640
652
632
657
745
856
972
1086
1170
1241
1262
1331
1331
1245
1139
1098
1104
1036
963
926
869
695
508
407
334
183
-4
-136
-274
-477
-735
-1011
-1227
-1433
-1594
-1761
-1922
-1994
-2054
-2096
-2125
-2058
-1994
-1989
-1924
-1731
-1486
-1303
-1115
-877
-625
-398
-177
72
288
458
589
688
796
910
992
1022
1075
1172
1235
1219
1206
1264
1287
1260
1211
1189
1107
982
876
799
689
516
333
153
1
-163
-341
-545
-695
-806
-945
-1068
-1117
-1098
-1115
-1183
-1190
-1155
-1107
-1087
-1047
-1017
-981
-890
-796
-669
-612
-570
-577
-565
-462
-317
-208
-161
-121
-53
42
161
262
295
298
338
380
420
448
465
441
324
276
252
217
147
112
126
97
72
108
193
244
307
367
418
467
529
598
578
544
548
566
604
705
883
1009
1045
1085
1155
1260
1330
1467
1569
1664
1611
1395
1228
1142
1149
911
584
373
209
-86
-374
-464
-528
-874
-1276
-1394
-1358
-1408
-1555
-1649
-1671
-1740
-1741
-1643
-1547
-1413
-1373
-1348
-1316
-1155
-949
-916
-910
-754
-557
-490
-413
-217
15
67
113
285
449
594
756
969
1104
1111
1110
1125
1134
1131
1027
830
667
592
530
404
263
212
131
48
34
47
25
-91
-135
-136
-142
-183
-248
-330
-395
-447
-538
-645
-728
-717
-719
-714
-646
-565
-507
-462
-340
-188
-101
-13
95
196
225
222
253
302
332
321
255
172
138
76
17
-68
-82
-170
-319
-371
-314
-208
-247
-296
-309
-327
-352
-348
-278
-234
-274
-333
-347
-301
-257
-266
-315
-280
-221
-123
-4
150
328
337
316
310
414
483
494
488
471
463
440
440
411
392
329
250
177
169
212
188
133
110
158
213
255
369
500
573
614
654
718
736
739
741
773
775
779
808
865
926
911
889
855
868
854
806
716
619
493
336
186
52
-101
-299
-459
-541
-598
-697
-826
-925
-994
-1066
-1126
-1171
-1164
-1167
-1161
-1152
-1123
-1086
-1079
-1064
-1028
-966
-940
-924
-890
-825
-755
-677
-562
-409
-250
-105
49
188
312
402
477
552
588
578
531
468
420
343
230
108
10
-78
-158
-220
-231
-233
-259
-264
-247
-232
-268
-307
-326
-336
-366
-366
-345
-328
-327
-322
-282
-260
-253
-209
-125
-2
125
259
392
490
615
724
814
874
918
985
1054
1103
1156
1142
1079
1009
940
869
769
644
520
371
259
194
141
86
29
54
172
251
314
369
486
484
319
200
165
156
-50
-202
-196
-188
-312
-391
-309
-224
-355
-478
-458
-408
-466
-609
-713
-775
-873
-939
-977
-967
-877
-871
-864
-884
-795
-735
-764
-778
-727
-682
-698
-645
-482
-334
-350
-320
-196
-29
74
117
198
215
179
168
207
309
382
424
448
502
605
657
659
630
650
635
588
526
524
531
447
354
265
252
177
107
70
49
11
-68
-91
-68
-51
-67
-66
-19
21
1
-43
-53
-47
-78
-155
-226
-247
-295
-351
-398
-362
-280
-242
-183
-97
37
138
200
275
353
408
441
485
563
648
648
593
509
458
404
295
213
152
99
18
-55
-78
-99
-171
-232
-245
-237
-268
-323
-334
-358
-426
-530
-614
-638
-632
-604
-556
-508
-445
-406
-386
-367
-329
-298
-287
-263
-218
-191
-190
-142
-62
19
70
139
234
293
339
374
428
446
437
454
503
530
514
482
478
465
440
418
411
383
291
188
113
68
2
-68
-160
-218
-259
-243
-195
-164
-131
-90
-32
10
33
58
77
61
45
17
-4
-13
-18
-19
-31
-37
-23
-10
11
39
48
59
82
140
206
211
191
172
142
116
83
55
-4
-84
-145
-184
-214
-243
-282
-315
-330
-329
-299
-261
-211
-166
-124
-70
-1
92
164
238
288
345
347
332
322
294
267
215
177
150
95
61
40
23
-21
-60
-91
-130
-169
-182
-164
-183
-196
-230
-235
-234
-250
-229
-199
-176
-148
-130
-122
-165
-214
-227
-227
-254
-270
-267
-273
-274
-266
-170
-150
-185
-243
-277
-202
-98
5
92
150
191
218
317
421
454
439
446
430
395
364
349
355
350
379
413
460
500
502
518
552
560
501
442
435
440
392
323
270
215
155
87
51
26
-14
-60
-84
-86
-153
-263
-360
-378
-374
-391
-403
-429
-402
-346
-275
-188
-143
-154
-225
-274
-296
-331
-388
-445
-462
-479
-492
-509
-487
-466
-481
-495
-502
-483
-457
-441
-411
-393
-381
-361
-302
-173
-42
69
151
207
247
294
330
371
397
398
386
368
394
433
424
368
297
233
201
147
136
109
128
134
109
112
123
153
135
144
145
151
128
63
9
-4
-39
-55
-55
-6
-15
-28
-31
6
15
-23
-68
-109
-112
-132
-112
-59
-18
-6
-21
-11
-2
-25
-40
-80
-103
-146
-198
-207
-197
-162
-104
-54
19
113
224
279
273
237
165
74
35
-2
-28
-55
-89
-76
-27
35
14
-20
-16
-1
-28
-39
-30
-51
-99
-134
-123
-151
-207
-229
-232
-221
-230
-249
-264
-310
-348
-378
-365
-342
-271
-184
-99
-42
39
147
169
168
129
114
51
-15
-49
-128
-219
-275
-281
-234
-215
-161
-119
-61
14
91
138
158
188
261
340
390
417
436
439
413
351
306
234
158
107
82
69
16
58
85
132
114
79
76
30
59
28
59
66
44
-2
-67
-88
-109
-168
-183
-215
-233
-232
-200
-104
-47
-9
-11
-1
11
71
106
153
89
44
-20
-37
-78
-74
-105
-131
-178
-175
-127
-136
-59
-25
44
96
177
255
329
374
416
422
402
383
373
395
410
412
419
409
395
364
336
293
252
240
244
239
214
221
209
192
133
51
0
-91
-138
-177
-167
-203
-270
-294
-349
-364
-408
-397
-397
-383
-351
-346
-295
-283
-234
-265
-322
-345
-364
-369
-395
-389
-382
-400
-460
-420
-383
-321
-327
-287
-220
-229
-184
-143
-67
26
68
173
232
244
246
217
219
183
187
149
181
175
251
267
327
374
351
369
305
346
273
247
229
196
189
157
95
84
-21
-49
-163
-160
-242
-232
-203
-147
-114
-141
-57
-92
-77
-120
-59
-42
72
42
97
21
6
-46
-91
-88
-113
-113
-112
-73
-26
43
74
112
152
219
262
307
312
328
235
242
188
185
146
144
200
115
116
-43
-92
-192
-248
-251
-313
-239
-276
-158
-151
-76
-49
-92
-103
-153
-99
-79
-33
18
46
67
68
35
79
89
44
23
-1
-36
-23
-2
39
13
31
37
-10
70
41
71
23
23
-15
-101
-134
-193
-207
-246
-219
-316
-257
-287
-255
-245
-212
-238
-256
-260
-244
-275
-303
-306
-364
-348
-328
-253
-145
-89
-10
66
-7
81
-56
20
-7
19
111
112
286
275
354
356
380
344
300
223
270
247
251
288
253
322
198
205
139
102
75
-13
-53
-89
-141
-156
-219
-231
-246
-310
-263
-251
-203
-214
-204
-192
-157
-204
-131
-161
-130
-35
-130
37
-67
54
22
81
245
128
251
124
183
220
220
255
133
195
181
225
367
356
399
403
338
404
276
272
214
118
153
102
73
138
78
132
33
41
11
13
105
29
171
40
87
77
124
164
162
130
138
80
170
102
130
77
54
37
-77
16
-126
-72
-187
-165
-311
-295
-387
-371
-388
-341
-383
-426
-380
-461
-454
-477
-499
-498
-537
-510
-488
-471
-398
-465
-326
-418
-223
-230
-172
-31
-32
99
71
183
218
310
332
397
470
519
677
720
813
814
787
763
709
696
599
499
437
352
357
250
204
118
43
-31
-156
-169
-266
-403
-510
-473
-530
-471
-546
-454
-461
-400
-347
-330
-219
-232
-223
-176
-158
-146
-100
-93
-108
-131
-145
-150
-123
-62
-156
-145
-113
-134
-123
-95
-67
-8
1
50
130
151
257
193
256
254
212
156
199
148
132
90
115
76
83
145
144
204
248
263
162
265
200
351
264
358
392
348
495
322
524
262
357
119
224
45
59
-48
-137
-124
-186
-179
-261
-197
-267
-219
-322
-289
-383
-297
-475
-226
-445
-232
-410
-324
-352
-401
-303
-401
-291
-441
-307
-386
-255
-309
-195
-216
-45
-28
73
147
264
301
450
478
590
656
683
747
709
817
728
774
636
675
610
570
518
335
268
97
124
-41
-55
-197
-285
-278
-368
-238
-361
-204
-279
-325
-272
-404
-348
-429
-457
-491
-520
-533
-559
-568
-574
-592
-640
-562
-648
-588
-651
-572
-577
-527
-407
-351
-253
-111
-84
26
-23
78
19
-16
-3
-78
30
-118
17
-72
11
124
140
201
239
360
261
392
324
359
397
370
476
377
487
364
396
336
274
181
149
45
50
10
-30
16
55
102
162
135
230
231
272
290
272
298
234
240
217
196
161
77
-9
-48
-145
-174
-294
-394
-507
-439
-539
-475
-503
-441
-490
-373
-323
-225
-197
-146
-143
-5
-20
72
35
173
223
320
336
315
410
352
530
420
601
451
577
438
540
503
522
519
579
504
555
438
500
416
448
310
327
225
163
106
-65
8
-165
-85
-261
-176
-281
-118
-313
-145
-249
-243
-221
-350
-261
-387
-299
-362
-325
-425
-250
-440
-267
-425
-473
-462
-606
-424
-636
-322
-551
-291
-501
-342
-390
-262
-297
-227
-202
-284
-64
-258
147
-137
237
-70
227
-49
176
-83
136
-122
-63
-145
-211
-8
-164
103
-69
367
108
530
163
552
193
439
177
262
314
192
301
111
278
95
108
98
16
60
-49
-144
-139
-295
-256
-466
-349
-425
-414
-300
-400
-204
-329
-214
-282
-218
-198
-285
-113
-324
-83
-207
38
-128
124
13
169
225
222
387
252
475
360
550
399
605
529
669
634
649
675
688
688
644
646
620
556
586
550
472
524
355
478
267
307
178
193
146
95
51
39
12
-52
-54
-260
-141
-438
-281
-489
-476
-400
-578
-403
-575
-502
-598
-559
-536
-526
-451
-447
-418
-431
-501
-379
-432
-366
-297
-353
-165
-123
-59
11
95
43
112
45
252
21
115
44
41
57
-89
-1
-257
72
-303
70
-226
-30
-74
-152
108
-144
168
-176
99
-220
103
-91
-16
16
-107
61
-137
90
-68
43
-6
-17
-26
-99
-106
-56
-268
-30
-295
4
-243
-59
-82
-156
12
-180
18
-249
6
-284
-55
-274
-109
-152
-156
-27
-175
79
-104
9
-85
7
19
-2
151
81
264
245
278
429
361
478
372
448
406
491
399
473
466
410
556
395
674
404
630
485
553
550
397
447
251
359
225
155
-62
57
-136
-181
-92
-393
-149
-380
-302
-302
-461
-334
-634
-468
-578
-460
-452
-371
-417
-340
-403
-335
-261
-410
-174
-357
-15
-220
35
-33
16
196
19
254
92
279
243
295
238
286
187
213
150
193
82
240
72
199
199
55
216
-6
260
-11
295
-40
301
-44
148
33
76
-20
-60
-9
-129
201
-223
262
-205
81
-100
-34
-121
-116
-178
-241
-152
-254
-119
-378
-33
-243
57
-110
-28
-139
-89
-109
-208
-91
-368
-173
-360
-164
-376
-114
-346
-96
-229
-131
-129
-123
-8
-87
93
-180
272
-108
151
-29
161
117
235
197
388
313
304
375
214
455
202
487
116
544
190
436
236
351
228
199
214
33
166
-97
162
-198
195
-175
98
-157
-64
-127
-253
-205
-314
-309
-376
-380
-350
-461
-420
-519
-498
-432
-483
-371
-515
-259
-385
-187
-226
-181
28
-167
172
-64
59
56
7
71
26
139
107
199
41
310
91
310
210
271
352
304
466
420
457
597
397
477
445
424
391
411
473
210
396
58
377
-25
246
-133
-32
-94
-25
-125
-116
-121
-196
-103
-211
-57
-219
55
-313
-145
-264
-219
-408
-313
-392
-249
-505
-329
-548
-456
-456
-454
-352
-370
-277
-402
-127
-223
78
-100
78
-73
149
-24
88
153
62
187
146
338
227
453
231
414
353
507
404
472
417
521
416
556
467
333
437
174
441
125
335
-41
266
36
87
170
5
218
-42
124
-44
28
-91
41
-225
-38
-328
-304
-449
-419
-338
-627
-275
-681
-341
-612
-269
-588
-294
-507
-398
-536
-401
-373
-502
-277
-532
-179
-527
-75
-502
-164
-345
-259
-349
-294
-245
-269
-132
-43
15
82
387
323
674
443
653
496
686
640
724
650
654
659
570
728
512
712
437
547
372
436
466
262
374
157
343
133
209
157
114
92
34
-48
-162
-115
-300
-249
-482
-375
-633
-453
-738
-475
-636
-606
-439
-692
-335
-581
-215
-681
-269
-501
-267
-367
-316
-291
-446
124
-281
170
-20
125
174
175
324
359
267
388
273
375
264
398
315
293
375
224
328
205
318
86
403
236
437
305
377
346
346
429
265
434
135
270
102
63
52
-15
-8
-124
-118
-118
-439
-135
-384
-363
-190
-381
-252
-339
-391
-350
-297
-393
-219
-606
-242
-630
-280
-470
-594
-455
-821
-501
-907
-691
-701
-740
-573
-626
-586
-407
-508
-210
-336
6
-72
26
230
210
512
410
659
439
752
410
627
528
472
622
456
826
555
868
690
781
903
644
704
686
600
779
478
580
481
494
404
262
266
106
227
-41
174
-88
-18
-180
-280
-172
-293
-173
-479
-237
-510
-232
-472
-405
-439
-463
-473
-334
-502
-435
-571
-506
-316
-384
-7
-357
5
-406
-87
-218
-22
-217
-219
-354
-205
-84
-92
-41
-199
-16
-152
99
31
287
51
372
149
337
402
383
363
382
482
319
545
238
419
323
343
387
364
206
455
211
380
409
240
400
204
242
152
192
44
32
-204
-53
-240
-186
-564
-408
-799
-650
-849
-1057
-902
-1301
-931
-1039
-1106
-879
-1025
-879
-689
-876
-423
-742
-300
-561
-373
-294
-349
-182
-212
-103
-131
125
29
286
263
333
542
546
717
684
773
828
747
941
807
1007
929
846
752
846
657
734
646
493
723
436
598
520
449
607
268
447
332
286
309
6
311
-150
131
-212
-237
96
-464
45
-498
-201
-357
-310
-346
-305
-243
-253
-141
-394
-5
-422
-159
-428
-226
-408
-219
-402
-397
-314
-476
-449
-527
-375
-527
-287
-477
-159
-380
-124
-362
-111
-196
-14
-199
16
33
90
211
-65
468
-62
592
162
587
410
631
537
513
769
474
665
667
612
565
565
365
416
133
272
-17
127
-216
-93
-322
-65
-391
-399
-479
-486
-597
-530
-505
-827
-326
-1015
-477
-735
-638
-436
-636
-596
-526
-598
-543
-525
-579
-411
-498
-481
-282
-205
-252
-49
-132
11
79
311
48
407
246
115
461
188
434
248
416
149
471
397
581
357
486
660
347
699
412
531
546
226
435
300
264
168
232
38
173
171
-71
249
-195
274
97
89
234
-26
273
122
135
121
134
125
45
206
-54
115
-164
-207
-227
-540
-176
-513
-258
-570
-204
-362
-315
-218
-348
-26
-405
-22
-354
-186
-82
-238
-165
-195
-290
35
-734
-10
140
-163
435
-37
363
282
426
254
426
440
562
269
604
532
369
604
247
364
223
324
137
116
109
-2
6
-194
-63
-176
-237
-1
-212
-206
-142
-233
-14
-357
-104
-441
-245
-228
-500
-184
-549
-170
-514
-196
-384
-191
-522
-217
-251
-369
120
-344
35
-78
21
-9
86
-21
195
9
140
271
50
322
215
68
362
-25
307
1
-39
251
-124
309
-227
185
-90
101
-38
-8
94
96
77
30
274
-37
283
85
202
190
232
319
150
322
260
330
241
253
171
159
294
78
104
153
88
135
-45
229
-96
145
96
-91
76
-165
197
-456
100
-394
-119
-352
-444
-265
-489
-233
-666
-216
-526
-128
-135
-246
114
-104
88
228
34
310
-57
213
37
310
58
32
30
-122
24
-226
-8
-376
-36
-201
-152
-23
-94
136
-299
212
-120
34
131
-280
243
-213
-78
-86
-367
-178
-283
-417
-362
-377
-409
-300
-300
-215
-120
-231
2
-148
42
-34
132
92
99
201
162
289
46
377
161
178
293
178
61
388
229
248
353
297
331
310
