38
50
60
65
69
73
90
109
132
152
173
187
194
202
205
213
217
225
224
234
235
225
221
213
206
196
184
182
183
185
184
178
163
153
151
137
121
105
99
98
105
113
126
145
151
164
167
162
165
162
154
156
148
141
142
130
139
143
133
135
130
128
118
110
102
94
101
97
104
106
98
98
90
91
86
95
93
85
79
60
54
53
65
62
59
73
59
71
65
55
56
45
40
27
21
4
12
0
-5
10
14
27
34
44
31
30
19
8
17
-5
-9
-12
-34
-36
-56
-56
-61
-73
-68
-82
-85
-77
-77
-74
-76
-92
-107
-114
-119
-105
-105
-103
-106
-99
-93
-106
-97
-118
-111
-113
-118
-119
-116
-106
-122
-113
-125
-115
-125
-120
-110
-101
-97
-93
-89
-106
-129
-147
-175
-195
-213
-236
-210
-220
-206
-208
-229
-217
-231
-238
-251
-254
-236
-247
-218
-231
-205
-190
-182
-147
-182
-138
-150
-153
-143
-172
-145
-173
-162
-136
-119
-93
-86
-71
-75
-60
-48
-65
-41
-57
-59
-72
-72
-47
-48
-23
1
39
47
48
52
71
73
82
101
101
131
132
164
156
184
144
186
133
97
32
-439
-588
-790
-638
-528
-698
-423
-235
55
217
253
391
428
583
563
436
237
215
204
1
144
124
240
326
326
392
176
245
150
13
-15
-28
-13
-40
29
5
-26
-11
137
53
-129
159
-212
-30
8
-189
34
-169
239
-279
-21
79
61
229
-59
45
-5
38
-4
29
-112
-118
-19
62
108
67
174
48
-40
164
-42
78
-74
74
158
152
219
162
166
-87
122
-59
17
124
-93
-47
-130
-153
-252
-53
-62
-1
85
21
58
43
91
-132
2
-62
-105
129
-153
-48
153
-103
106
122
-51
145
50
158
159
151
105
266
95
-83
30
13
-43
21
86
28
130
223
224
121
218
71
274
47
-83
63
-75
28
-115
-20
-104
-28
2
43
19
1
100
-152
-141
-114
-24
85
-95
-33
-52
16
227
276
377
14
158
106
-56
57
-21
40
-132
-13
-72
-266
-75
9
144
27
62
-48
1
255
222
223
97
-101
-54
-250
-253
-202
-134
-304
-218
-177
-382
206
-87
70
181
-72
19
-3
-304
-307
-108
-189
-225
-258
-26
-131
-66
184
-120
37
4
-165
-205
-228
-24
-116
17
-42
-191
-166
186
186
57
162
-141
-169
-396
-86
53
-239
87
-139
-211
-255
-208
-106
-19
183
3
-152
-45
-101
-121
66
-31
-114
-54
-130
-306
151
73
-124
89
-125
-58
95
380
51
88
-50
-252
84
-199
53
140
-53
39
-223
-18
-178
26
208
91
163
92
92
44
422
-129
169
-82
7
60
-102
257
14
109
51
159
238
203
64
132
94
-124
46
142
-33
163
-58
10
129
-41
231
134
12
35
-66
-80
37
-5
76
51
13
-161
-114
50
-69
215
134
-100
104
-147
158
328
108
201
-69
-18
82
-148
130
-193
2
24
-260
134
18
10
75
317
-21
45
175
-99
207
-163
-221
195
-221
-75
-464
-161
173
-75
216
-269
-76
366
113
-36
-64
-314
157
134
-197
552
-390
-236
115
-212
273
-289
-188
142
-219
301
-157
-406
337
-174
319
-45
-653
145
103
-49
-106
-182
-85
140
-196
-322
520
-141
-73
372
-374
157
227
-116
-118
-99
305
-110
-329
95
-143
453
-41
-226
-20
-113
48
75
295
-114
-73
89
-72
239
354
100
103
61
-265
299
148
206
-82
-107
-449
-68
642
-421
73
-133
-11
406
-23
53
149
459
361
-10
110
-254
-342
-24
-356
-80
137
-193
-78
105
124
311
-344
-220
580
-9
-219
-120
-183
70
235
69
-84
-85
33
185
-174
-194
-117
223
283
-350
39
160
46
464
-271
-140
386
18
353
-18
-297
14
182
-64
70
265
-71
355
-198
29
-167
-388
179
-282
-51
-20
-5
-96
115
-172
-329
191
-74
-52
7
-174
21
-243
129
-243
-299
268
-523
213
-261
-139
507
-329
488
67
-271
297
162
-208
-80
-18
-323
-197
-162
-376
-90
-138
-532
-182
-373
247
-213
-123
370
-421
566
-346
50
209
-368
554
17
-89
12
-167
87
-276
-72
313
-288
-268
-287
-291
-124
-414
-235
90
-290
40
252
126
0
-11
126
-5
-261
260
78
-76
220
6
24
61
-2
270
43
90
577
-354
196
167
-137
395
-427
479
-94
96
127
-266
736
88
106
351
92
337
102
24
-8
7
591
346
-160
-391
118
148
-277
-197
50
301
-20
-332
32
-41
273
172
-109
84
518
-46
351
307
-284
286
-675
-467
-143
251
232
-281
253
291
-64
342
-72
-490
145
336
-140
-255
823
-149
117
479
-1216
423
-128
-700
-48
-498
-77
380
-63
375
764
206
208
-407
310
-334
29
305
-896
329
31
-45
-69
-137
165
72
209
-114
213
-95
-84
497
-337
-71
-124
-678
206
-215
-275
-77
33
556
233
157
100
-300
141
-417
-11
266
-74
774
-405
-29
-48
-569
549
109
-362
610
246
-669
29
-648
-494
1016
364
501
779
423
-310
-515
-368
-288
27
-288
-230
12
535
-330
-63
155
-976
301
-238
-327
384
-198
210
-399
244
-449
180
445
-175
1125
-148
634
-210
-371
218
-136
558
27
-86
-272
-295
201
588
-66
632
289
-639
995
-694
162
226
-736
770
-685
289
-506
-594
-101
-185
422
-123
83
397
-142
293
646
-877
354
-117
-345
85
-385
-346
81
-116
149
267
-261
304
-7
295
328
-52
-82
291
-86
-708
-152
-387
753
136
-1076
347
-982
440
696
-425
-102
-935
-122
-292
-347
96
44
275
-5
2
181
266
837
354
153
-940
-547
84
-2194
383
319
-274
904
-1260
-411
511
-344
758
569
-672
-18
-390
-658
1041
55
689
-384
-520
522
-417
225
286
208
-1321
-783
-84
-1301
984
450
-1349
27
-712
-914
-282
152
-343
1507
744
-129
1167
-798
431
845
-1108
89
-755
-676
1351
1096
167
104
461
-1076
-717
569
-288
4
819
475
-336
384
-1099
117
789
-1505
658
326
-477
799
255
-309
326
309
-259
590
-1092
-122
1267
-464
219
1378
755
-624
279
279
-84
-170
231
615
-406
38
406
-353
258
292
602
-30
-1112
-11
-152
1020
482
686
103
-296
369
196
124
-443
762
-349
-655
551
435
415
-466
6
259
-483
89
-331
687
-891
458
555
-162
378
-398
471
629
-156
-124
201
-694
490
70
41
-223
-1443
25
590
298
784
-79
-77
136
-1069
-334
-453
-112
331
-425
-1323
-193
274
-645
-642
-903
-129
-818
-964
230
-620
-600
-126
-574
-100
-258
-1415
-345
-284
-1301
-224
-556
-219
608
99
-365
-889
-103
-186
-144
-103
-280
-253
-541
-909
130
215
-505
-934
-7
1133
-24
508
-473
584
35
-381
1430
-637
407
170
288
938
406
1072
1444
391
2263
207
953
719
1059
1718
-64
1635
-949
1040
461
1405
1606
1020
2098
1218
1679
1855
1647
1116
439
782
1148
511
1235
1213
-57
1018
488
1356
186
886
537
-548
2337
-266
414
-221
769
1153
340
163
-689
-368
259
-564
7
61
-175
688
-883
-271
-335
98
-367
-654
336
-148
-212
-527
-1158
-135
-1392
-1332
738
-886
-282
-1091
-647
-1027
136
235
-2111
1079
-1050
-1206
-223
-1987
-137
-475
-1402
-551
-1023
-726
507
-1325
-498
314
-608
-235
-1810
-814
-1890
-651
-23
-1358
-413
-996
-483
-453
111
-803
-1243
-1059
-708
-1614
-147
-503
-599
-262
-1431
910
-1878
-131
-479
-1961
433
-1047
-1130
467
-1379
-934
-525
-1812
-1232
-1092
-768
-1242
-407
-1325
-1193
-4653
-2922
-1869
-1924
1104
-2487
1936
804
-218
720
-1438
420
-486
1224
-162
1406
1293
-661
1912
-1092
678
-231
-37
-1205
-1514
336
-646
896
-1564
-691
1301
816
1021
1177
504
1127
1159
1000
-21
21
832
352
668
1580
-146
1684
2547
253
2103
480
844
1960
1523
326
1205
1072
1226
1043
1940
1841
1093
1460
650
1606
1345
1654
821
505
291
558
77
-778
-481
-654
-2815
-1225
37
105
842
1291
2848
941
974
-413
-618
1186
-206
401
741
-172
921
194
371
1068
1095
-111
-960
-383
-203
417
-58
665
-59
127
171
-375
-311
37
-380
-1204
-346
-1444
-661
1009
-1112
823
188
-991
802
546
-38
-669
1012
538
578
285
-225
615
408
898
865
182
392
238
1534
732
680
1035
781
1389
63
500
-71
538
323
415
1076
518
1000
1660
546
-75
-159
-472
-953
-884
-2740
-1964
1344
-950
771
737
179
1601
1107
1404
464
743
689
-57
13
200
-245
-347
871
478
1038
1288
485
994
-41
-988
-533
-1281
-771
-787
-545
703
55
-142
-950
-1080
-2489
-3219
-2298
-1744
-1399
-1079
-459
-752
200
-985
-2934
-1310
-933
451
1425
1525
1603
681
253
276
343
-75
620
298
531
545
-238
-16
451
-110
-132
-986
-1456
-1454
-1520
-527
-1466
-751
-725
-694
-1156
-910
-916
-2138
-1749
-1634
-1675
-1110
-966
-113
-275
-434
43
99
748
379
591
493
496
23
-233
-226
-726
103
-194
146
1507
858
886
828
-213
529
-458
-560
-608
-228
247
468
1304
645
517
419
1401
823
-384
-267
125
-288
-225
167
270
503
278
1007
404
806
675
-4
359
721
-45
912
538
426
310
-32
683
-473
556
154
-1263
-35
-200
-1222
-508
-332
-59
-53
570
581
869
1490
1044
670
-250
44
72
-358
-349
61
321
731
1077
1228
847
937
611
229
249
-309
-218
309
-242
-128
-305
-444
-133
-839
-887
-1336
-1462
-1823
-2181
-2229
-2798
-2808
-3017
-3497
-3242
-3363
-3364
-3382
-3278
-3500
-3717
-3706
-4237
-4339
-4587
-4896
-4770
-4935
-5091
-4626
-4565
-4464
-4426
-3856
-3524
-3333
-3508
-3356
-3168
-2848
-2679
-2926
-2440
-2178
-2089
-2197
-1497
-1291
-880
-151
-131
1191
1218
1996
2452
2145
2992
2703
2728
2708
2901
2464
2782
2772
2618
2651
2712
3191
3062
3286
3145
3548
3767
4008
4209
4217
4275
4945
4641
5717
4687
2796
3109
857
1245
-2110
-5487
-5947
-7668
-8899
-10793
-12182
-11297
-11502
-11907
-11158
-9864
-8288
-8079
-7634
-6157
-4865
-3974
-4942
-5042
-4841
-4509
-5197
-6233
-5101
-4913
-4148
-3207
-2115
247
92
55
4
-670
-2897
-6806
-11052
-16155
-20331
-24233
-25648
-24708
-22282
-17674
-13024
-7937
-3033
55
1390
1063
-4
270
946
3999
8951
13813
18905
22183
23806
24077
23268
22158
20083
18175
16317
14880
13244
11570
11274
11011
10790
10990
11314
12484
13444
14418
15961
17521
19177
21342
23774
26911
29267
30625
30659
28689
27672
25427
22845
18744
14408
11742
8600
5459
2825
2004
2631
2499
2353
3023
4388
5268
4568
3584
3150
2289
1678
2052
4382
7153
8260
6948
2016
-5469
-13468
-16608
-12278
-5264
-65
1448
756
-623
-783
-125
-727
-2775
-6277
-9910
-13843
-18551
-23726
-27372
-27642
-25737
-20987
-16223
-14602
-13693
-11768
-8785
-5665
-4155
-3765
-3150
-2255
-810
600
2231
3475
4176
4182
3905
3779
3240
2707
2588
3348
3193
2744
2444
2029
2493
2759
2976
2911
2467
2393
2259
2388
2787
2759
3270
3219
3107
2824
2374
1714
-45
-1749
-3624
-4118
-4170
-4627
-4754
-4139
-2540
-600
850
2855
5255
7223
8521
8828
9294
8838
7324
5921
4778
4298
3116
1804
652
146
75
178
1118
2212
3809
5492
7221
8810
9457
9551
8585
6845
4597
1930
-892
-3866
-7005
-9248
-11189
-13305
-14925
-15510
-15290
-14091
-12829
-10382
-6974
-4080
-1658
576
3075
5437
6669
7469
8316
8778
8956
8627
8276
8331
7546
6759
6429
6377
6513
6480
6667
7433
8573
9605
10489
11077
11789
12126
12511
12098
11144
10121
8278
5941
2074
-1021
-3948
-7118
-11122
-15468
-17731
-18579
-20177
-21384
-21399
-19726
-17199
-16024
-13426
-10139
-7264
-5152
-3767
-828
1118
1691
1919
2190
3194
3440
3171
3330
3842
4275
4954
5618
6680
7503
8507
9508
10234
11061
10984
10222
8298
6207
4039
1275
-1937
-5431
-8157
-11165
-14114
-16539
-17958
-18242
-18596
-17629
-14725
-11470
-7666
-4326
-723
3812
6666
9152
10801
11791
12353
11690
11240
10489
9486
8253
6736
5719
4912
4345
4285
4655
5882
7438
9108
9979
10111
10298
9523
9055
7486
5563
4312
1301
-1126
-5384
-8850
-10954
-14820
-17803
-21686
-23824
-23154
-24352
-23604
-22382
-19344
-14676
-12174
-8112
-4245
-717
2058
3274
5477
7016
6756
6241
5345
5357
4831
3488
2847
2314
2483
2630
2978
4246
5218
6580
7913
9229
10487
10737
10460
9185
7496
5365
2320
-1500
-5954
-9548
-13281
-16591
-19855
-22460
-22876
-23610
-22857
-21266
-18887
-15079
-12214
-8234
-3814
-46
3713
5882
8663
10789
11457
11995
11626
11672
11329
10302
10061
9911
10345
10834
11415
13025
14669
16539
18170
19765
21453
22963
23510
23576
22834
22123
20403
17478
13488
7952
3953
-1244
-6478
-12132
-18098
-21110
-23829
-26227
-27171
-27322
-24724
-22760
-20076
-16376
-12588
-8782
-6753
-4296
-1270
518
1118
1066
1705
2367
2485
2455
2755
3674
4414
5439
7025
8606
9843
10778
11684
12491
12540
11876
10245
8098
5722
2566
-602
-4899
-9127
-12960
-16384
-18960
-22036
-23631
-24612
-24710
-23528
-22214
-19480
-16502
-13404
-9647
-5909
-2071
711
3090
5069
6599
7411
7401
7201
6824
6321
5759
5640
6007
6399
7404
8599
10453
12565
14546
16298
18200
19767
21294
21901
21954
21140
19712
18412
15181
11380
5772
1088
-2790
-8336
-13681
-19426
-22413
-23748
-26333
-27293
-27092
-24463
-21843
-19927
-16415
-11910
-8086
-5975
-3633
-607
1884
2211
1902
2485
3151
3361
2736
2837
3942
4589
5526
6814
8591
10150
10992
12056
13084
13582
13236
11804
10036
7885
5174
2242
-1838
-5589
-9596
-13423
-16088
-19423
-20871
-22422
-23426
-22393
-21423
-18646
-15894
-13542
-9529
-5496
-1309
1900
4265
7055
9065
10053
10516
10287
10069
9543
8251
7904
7988
7990
8439
8985
10785
12816
14690
16415
18267
20315
21871
23073
23441
23209
22290
21171
18890
15533
10642
5492
1586
-3391
-8672
-14846
-18898
-20837
-23445
-25194
-25824
-24198
-21504
-19877
-16979
-12787
-8688
-5930
-4033
-1134
1859
2724
2451
2492
3156
3422
2507
2172
2753
3239
4069
4775
6614
8266
9292
10368
11317
12431
12311
11197
9725
7634
5065
2157
-1665
-5455
-9880
-13843
-16763
-20043
-22034
-24108
-25117
-24418
-23430
-21097
-18414
-15504
-11467
-7608
-3147
771
3591
6487
8486
10103
10855
10478
10187
9356
8404
7748
7037
6873
6893
7296
8618
9977
11915
13735
15453
17567
19008
20682
21465
21632
21210
19782
18856
16242
12213
6868
2142
-1663
-6552
-12818
-18476
-21682
-23168
-25595
-27377
-27202
-24764
-22001
-20336
-16987
-12286
-8254
-5979
-4001
-574
2134
2478
1820
1982
3006
3194
1975
1696
2419
3461
4093
4875
6796
8498
9514
10299
11561
12592
12298
10869
9085
6969
4631
1331
-3285
-7158
-10764
-14066
-17279
-20668
-22433
-22923
-23387
-22796
-21611
-18744
-15161
-12207
-8809
-4553
168
3532
5519
8079
10540
11695
11486
10799
10545
10282
8901
7571
7087
7383
7470
7625
8860
10983
12690
14071
15681
18052
19806
20395
21020
21115
21108
20022
17963
15954
12334
7465
3024
-1463
-4891
-10941
-16952
-19817
-21706
-23292
-25632
-26243
-23741
-21520
-19399
-16925
-12843
-8385
-6369
-4170
-1023
1824
2791
1765
2148
3447
3621
2611
1876
2840
3778
4212
4893
6222
8006
8776
9142
10454
11318
11092
9424
7826
6257
3782
835
-3740
-7114
-10468
-13928
-16534
-20151
-21789
-22678
-23165
-22296
-21399
-19102
-16160
-13059
-9279
-5620
-1345
2005
4534
7301
9527
10994
11088
10619
10376
9742
8835
7303
6628
6407
6130
6532
7341
9172
10830
11857
13818
15904
17838
18710
18920
19771
19869
19435
18232
16302
15053
11020
6359
2948
-714
-4162
-10640
-15962
-17724
-19620
-21641
-24416
-24793
-22158
-20631
-19061
-16701
-12829
-8722
-7210
-5012
-1494
1211
1845
840
1713
3508
3800
2483
1718
3008
4363
4579
4808
6114
7979
8601
8824
9838
10967
10603
8861
7245
5902
4172
613
-3322
-6644
-9364
-11828
-15638
-18287
-19730
-20847
-20730
-21038
-19557
-17217
-15147
-11810
-8815
-4726
-774
1672
4616
7097
9699
11012
10504
10641
10397
9851
8483
6757
6294
5924
5760
5522
6332
8209
9470
10736
12032
14201
16042
16288
16952
17243
18014
17807
16439
16006
14819
13514
9222
5235
3214
-139
-3793
-10384
-14661
-15619
-18645
-20924
-23891
-23932
-21394
-21049
-19388
-16981
-13097
-9191
-8277
-5259
-1807
728
1571
449
2089
3802
3901
2484
1573
3217
4168
3976
3926
5100
7115
7384
7484
8615
9803
9744
7813
6368
5367
4012
318
-3926
-6712
-9186
-11192
-15478
-18229
-19052
-20448
-19948
-20659
-19582
-16636
-15221
-11894
-8834
-4949
-542
1448
4638
7395
9979
11587
10599
10790
10498
9800
8252
5864
5079
4513
4224
3814
4269
6125
7503
8909
10557
12651
14651
15423
15471
16253
16935
17083
15931
15120
15137
14503
13137
8647
6231
4660
1692
-2237
-8714
-11661
-13112
-16519
-19630
-22312
-21745
-20387
-20872
-19508
-16703
-12862
-9817
-9177
-5943
-2141
422
647
-218
1824
3727
3451
1622
1332
3343
3930
3200
3195
5225
7042
6824
6756
8282
10196
9673
7510
6236
5752
4320
-107
-4302
-6755
-8637
-11530
-16188
-18034
-18457
-19033
-20033
-20450
-17884
-15015
-13312
-10989
-7749
-2925
720
2229
4842
7453
10155
10543
9462
9670
9408
8612
5923
4281
3881
3409
2651
2072
3424
5250
6738
7687
9488
12028
13570
13697
13738
14277
15179
14755
13380
13062
13515
14004
13465
12338
9292
8375
6866
4605
1238
-5196
-8108
-10678
-14175
-17233
-20904
-21409
-21214
-21672
-19734
-17954
-14574
-11602
-10300
-6513
-3336
-166
547
-223
1373
3172
3695
1887
971
2320
3080
3033
2999
4624
6383
6602
6914
8352
10022
9952
7820
6068
5307
3516
245
-4750
-7773
-9825
-12802
-15272
-18197
-18055
-18377
-18790
-17318
-15706
-12379
-10454
-8738
-5151
-1656
1404
3152
3991
6481
7913
8486
8211
7207
7368
6119
4903
3834
3069
2847
1943
2255
3100
4779
5938
6616
8226
9731
11508
11896
11725
11993
12013
12431
12060
12220
12951
13704
14948
16118
16346
13991
13049
10982
9499
5040
-2156
-6439
-10851
-14972
-19293
-23206
-24580
-24804
-24931
-22426
-19945
-15841
-12113
-9747
-5662
-2762
791
1884
786
1142
1828
2352
566
-521
-65
744
1712
2306
4460
6450
7823
9169
10440
11827
12050
10587
8070
5205
2834
-59
-5239
-9451
-12517
-14680
-16361
-18034
-18283
-17327
-16483
-14709
-11938
-9750
-7089
-5334
-3595
-1186
512
2191
2587
2497
3929
4750
5041
4814
4229
4647
4040
3344
2986
2323
1979
1286
1371
2193
3251
4298
4689
5688
7446
9287
10021
10204
10746
12030
12971
13616
14487
15846
17164
18669
20235
21791
20635
17041
14638
11751
9107
1939
-6246
-11347
-15902
-19896
-23972
-26492
-26392
-26069
-24458
-20773
-17025
-12611
-9722
-7267
-4573
-2417
6
-431
-2391
-2943
-2113
-1329
-2100
-1707
120
2282
4633
7416
10821
12704
13769
14820
15055
14455
12661
9851
5479
176
-3291
-6510
-10501
-14273
-17058
-17431
-17324
-16562
-14914
-13938
-11859
-9476
-7305
-5536
-4807
-3503
-3028
-3424
-2620
-1208
-546
-854
-568
1268
2958
3763
3896
3878
4017
3822
3444
2381
1446
1010
594
575
1266
3410
4928
5596
7165
9682
12148
12762
13383
14131
14810
15629
15925
16676
17382
17805
19426
20251
21893
19750
15885
13115
9535
7132
-1082
-8860
-13574
-18345
-23178
-26776
-28186
-27313
-27910
-26887
-22054
-17998
-13546
-11383
-8576
-5420
-3589
-638
-676
-1181
-831
403
1359
1698
4345
6624
7854
9061
12254
15883
15797
14747
14425
13756
11160
7585
4413
295
-4756
-8664
-11938
-14230
-15485
-16605
-17067
-17165
-14570
-11538
-10760
-10089
-8587
-6178
-5886
-6690
-5572
-4916
-5391
-5390
-4278
-1647
-185
971
2631
4262
6268
7465
7237
6013
4898
4279
2462
361
-374
-607
-1235
-1278
781
3551
5174
6546
8786
11058
12421
13106
13563
13847
13685
13722
14423
14577
16226
17105
18825
20070
22424
23782
18367
14983
10568
8445
1295
-10115
-15784
-20307
-25442
-31019
-32158
-29913
-27589
-27488
-23120
-16295
-10660
-5698
-4797
-1810
20
1795
2271
-997
-985
-148
465
-399
1275
6718
9558
10352
11683
16375
18926
16911
14430
12422
9486
4548
-182
-4803
-9291
-13387
-15900
-18085
-19078
-17066
-15819
-14791
-14039
-10602
-6733
-6117
-6260
-5300
-4187
-4924
-5263
-4748
-3901
-3539
-2996
-813
1534
3967
5705
6684
6945
7420
7485
5655
2936
736
-792
-3451
-5381
-5007
-4342
-3842
-2862
51
3861
6237
8196
10333
11930
12410
12779
12505
12360
12087
11758
12242
12889
14917
17125
18898
20555
23173
24637
26564
21280
15325
10516
4722
-446
-12841
-19912
-23307
-26623
-31121
-32212
-28109
-23195
-21320
-19509
-12317
-6719
-2798
-2009
-2259
-1076
-2052
-1651
-3362
-4714
-2632
-614
817
2224
7790
13502
15073
14670
16257
17969
14865
10198
6418
2826
-3165
-8308
-11316
-13409
-14507
-15502
-14488
-14233
-11495
-7877
-6724
-6175
-5410
-3172
-3757
-6013
-5968
-4662
-5331
-6833
-5731
-3216
-939
199
2223
4324
5217
6321
6390
5541
3718
2159
88
-2836
-4399
-4687
-5130
-6158
-5233
-2753
-851
704
2914
5657
6883
7509
8677
9688
9942
9692
10038
10231
10802
12228
13740
15012
16058
18147
19619
21051
21048
21848
21336
20297
18933
10772
5479
-1144
-3419
-10289
-20375
-23480
-24372
-25400
-29432
-27652
-22329
-18293
-17685
-15468
-9346
-7146
-4425
-4109
-3917
-3771
-4019
-1511
-1926
-1007
2061
5194
6611
8424
13142
15421
14458
12553
13176
11165
5670
2560
240
-2623
-7566
-9253
-8850
-9830
-10151
-9637
-8206
-9096
-8391
-7254
-7312
-8262
-8653
-7666
-9290
-9024
-7009
-4840
-4283
-3775
-109
1994
2719
3433
5244
5208
3348
2638
2228
1194
-1046
-1702
-2099
-3123
-3128
-2365
-1398
-1170
-23
1199
1534
2042
3628
5069
4966
5412
7093
8634
9193
10246
12125
13139
13126
13571
14507
14744
14228
14190
13903
13782
13194
13828
13398
13493
12971
14023
11671
4832
892
-3150
-4264
-12777
-19489
-21996
-22642
-23977
-26397
-22551
-18723
-15590
-13553
-9444
-4654
-3823
-2087
-1343
-807
-2014
-2549
-1862
-2281
-39
2380
4855
5361
8041
12559
12803
11940
11088
10915
6781
1231
-599
-2268
-6186
-10206
-10412
-10060
-10321
-9758
-7719
-6407
-7331
-6051
-5002
-5494
-6446
-6710
-6041
-7100
-6647
-5283
-3911
-2768
-942
1406
1637
2445
3621
4270
2673
1415
1613
513
-1217
-2376
-1558
-1369
-1640
-1182
-489
253
621
1647
1903
1565
1476
1652
2090
2349
3387
4290
5419
6542
7750
9210
9769
10671
10785
10335
9866
9603
9885
9431
9280
9629
10887
11520
12498
12913
14054
14296
14635
13536
6912
2084
-3280
-4653
-10067
-16982
-20138
-21991
-20903
-20885
-18100
-15252
-12963
-9301
-6355
-4204
-4642
-2936
-2191
-4005
-5900
-5785
-2776
-3417
-2897
-202
3502
7083
8416
10278
9591
9238
9493
7624
3580
-497
-1742
-4099
-6484
-7012
-5300
-4753
-5573
-4203
-2946
-2226
-2725
-3118
-4606
-7222
-7829
-7918
-8304
-8748
-7406
-5235
-3669
-908
2164
4094
4077
4706
5294
4251
2561
1010
-249
-2286
-2752
-2060
-1937
-1874
-1193
197
667
1323
1952
1484
184
-669
-637
-1069
-811
-256
735
1951
3834
6632
8093
9674
10434
10825
10544
9945
9588
8195
7120
6590
6805
7399
8609
9923
11366
12794
14246
15380
15011
15124
13774
12899
8965
2775
-1874
-7160
-8555
-13118
-16431
-18996
-19967
-17655
-16196
-14111
-13963
-12193
-9479
-7895
-7376
-8536
-7671
-8084
-7291
-6708
-6218
-3979
-2319
948
2471
4535
7497
9324
9996
8191
6708
5326
4624
3372
921
-1275
-2588
-1671
-1028
-444
-835
-1218
-1012
-1428
-2278
-4259
-5653
-7044
-7727
-8075
-8286
-7407
-6014
-3524
-1924
-183
1643
2718
3293
2384
1249
-180
-868
-1457
-2745
-3693
-4045
-2840
-1287
196
850
767
1069
1060
850
-432
-2008
-3356
-4161
-4272
-4315
-3587
-2447
-423
1780
3953
5777
6931
7915
8155
7976
7320
6770
6417
6026
6108
6061
6913
8032
9534
10968
11487
12223
12223
12825
12628
12035
11060
10201
9895
10397
8401
5193
1249
-2872
-3743
-7242
-10002
-14245
-16292
-15756
-14633
-13407
-13994
-13098
-11731
-8665
-6421
-6108
-6226
-7302
-6317
-5552
-5545
-5208
-5688
-3526
-1201
1476
3941
5275
6848
7391
8100
7442
6965
6098
5533
5093
4083
3709
3377
4162
4803
5052
4817
4118
3522
2388
900
-1370
-3385
-4616
-4983
-4220
-3903
-3085
-2585
-920
856
2007
2473
1537
988
18
-672
-1660
-3015
-4036
-4610
-3957
-3034
-1902
-1040
-383
470
859
1065
390
-405
-1164
-1684
-1794
-2049
-1925
-1720
-989
-179
738
1678
2211
2884
2896
2775
2262
1697
1300
601
516
301
454
1120
1560
2478
2975
2867
3047
2818
2302
1806
1464
705
166
158
523
921
1525
1948
2682
3112
2721
1610
-998
-2901
-5872
-8134
-10349
-12021
-12040
-11391
-9269
-7119
-4911
-3005
-2017
-1228
-1708
-2861
-4539
-6281
-7373
-7940
-7521
-6626
-4908
-3611
-1417
803
2225
3411
2749
1447
-351
-2214
-3824
-5641
-6700
-7195
-6183
-4257
-2008
231
1546
2752
3224
2895
1482
-673
-2952
-4681
-5205
-5323
-4513
-3207
-1616
618
2436
3805
4246
3634
2360
972
-476
-1820
-2630
-2872
-2033
-364
1531
3467
4928
5904
6332
6176
5109
3325
1392
-410
-1473
-1956
-1695
-981
101
1408
2643
3443
3449
2776
1501
19
-1463
-2726
-3614
-3911
-3359
-2081
-318
1426
2877
3873
4247
4051
3340
2130
639
-698
-1608
-1873
-1583
-747
454
1801
3098
4065
4504
4358
3731
2774
1756
846
169
-192
-133
334
1075
1799
2369
2559
2354
1788
886
-158
-1149
-1846
-2135
-1992
-1428
-532
542
1558
2340
2746
2669
2071
1175
185
-712
-1358
-1633
-1467
-937
-68
945
1928
2652
3043
3120
2797
2250
1571
931
464
230
413
903
1551
2266
2922
3432
3604
3485
3066
2392
1555
751
107
-393
-744
-938
-912
-813
-655
-555
-579
-688
-864
-945
-984
-1000
-1016
-961
-787
-633
-466
-382
-384
-472
-582
-655
-663
-591
-429
-61
391
969
1535
1970
2286
2407
2399
2190
1841
1401
996
664
470
468
540
612
709
786
742
530
169
-263
-794
-1311
-1712
-1950
-2081
-2091
-1947
-1651
-1308
-971
-652
-466
-312
-169
-46
0
63
178
390
617
878
1221
1477
1708
1867
2012
2160
2273
2334
2351
2325
2281
2163
1882
1513
1080
581
62
-422
-747
-1032
-1220
-1264
-1137
-961
-837
-632
-447
-345
-213
-102
-14
87
241
571
938
1297
1605
2114
2369
2795
2847
2971
2874
2652
2517
439
169
-658
-767
327
-557
-171
124
1169
2049
1620
1097
-660
-1151
-1239
-1831
-1616
-2441
-2472
-1494
-1323
-838
-1367
-2622
-3478
-4402
-4888
-5612
-5901
-5443
-4886
-3046
-1671
-606
222
-18
291
-182
-617
-1745
-2646
-2363
-2157
-1008
-232
683
1694
2227
3280
2995
2672
2423
1790
2189
1759
1700
1379
905
1022
439
811
513
0
-457
-790
-634
-1532
-2729
-3299
-3871
-4261
-3997
-4351
-4051
-3479
-3218
-3108
-3835
-4118
-3803
-3906
-3976
-4116
-3617
-2061
-126
911
786
1695
2183
3093
3311
2060
2402
3284
3975
4502
4796
5620
6325
6991
7091
6590
6470
5742
5047
4031
2675
1941
1341
1269
1584
1642
1791
2309
2890
3110
2802
2756
2582
2477
2338
1493
1329
1596
2161
2991
3590
4050
4600
5238
5343
4476
3019
1015
-524
-1933
-3176
-4394
-5448
-5598
-5742
-5417
-5156
-4798
-4415
-4623
-5013
-5460
-5590
-5676
-5897
-6061
-6208
-5603
-4795
-3500
-2341
-1845
-1324
-1079
-694
-803
-1012
-1217
-1342
-1206
-1031
-376
268
963
1239
1111
932
526
234
-370
-1144
-2034
-2800
-3034
-3625
-3704
-3744
-3356
-2758
-2571
-2227
-2190
-1784
-1859
-1957
-2317
-2451
-1949
-1676
-1142
-745
-131
364
566
780
585
768
579
354
123
-190
101
219
490
471
673
1047
1324
1661
1506
1541
1423
1234
1138
1034
1429
1718
2257
2571
2880
3447
3783
4174
4113
4176
4193
4210
4143
3966
4051
3980
4011
3816
3552
3493
3408
3365
3044
2751
2532
2435
2635
2372
2524
2872
3253
3673
3886
4661
4003
3104
1237
198
-677
-1954
-2809
-4337
-4621
-4999
-4582
-4268
-3901
-3362
-3371
-3562
-4243
-4670
-4499
-4842
-5270
-6243
-6208
-5487
-4579
-3192
-2561
-1595
-976
-206
80
-52
137
54
6
-508
-294
557
1250
2094
2210
2632
2626
2627
2534
1714
992
-33
-692
-1532
-2071
-2007
-1857
-1538
-1554
-1298
-1018
-739
-1122
-2248
-3100
-3682
-3897
-4242
-4259
-3806
-2993
-1949
-1037
-89
971
1791
2104
1797
1457
1309
1202
911
583
416
581
882
1115
1392
1529
1598
1345
861
320
18
13
-109
-183
-64
422
1025
1489
1964
2192
2367
2306
2056
1715
1481
1387
1274
1257
1422
2039
2697
3262
3545
3717
3999
3986
3862
3444
3012
2758
2463
2323
2041
2212
2299
2350
2270
2035
2045
1726
1568
1107
857
877
913
1139
1395
1603
1647
1125
855
563
218
-495
-1388
-1944
-2554
-2721
-3107
-3090
-3008
-2834
-2829
-3199
-3302
-3410
-3553
-4054
-4606
-4924
-5035
-4840
-4587
-4224
-3706
-3108
-2407
-2047
-1588
-1041
-587
-238
-156
14
223
551
813
742
644
568
423
224
-85
-273
-479
-600
-806
-861
-710
-554
-248
-294
-199
-392
-507
-833
-1581
-2189
-2752
-2785
-2873
-2785
-2568
-2104
-1476
-1028
-540
-291
-7
160
27
-87
-265
-93
-9
81
226
506
942
1128
1327
1265
1190
1040
776
446
68
7
52
157
270
398
726
1057
1251
1216
1185
1103
958
785
436
358
309
221
50
-37
136
297
313
61
81
181
330
290
294
515
791
1045
916
965
1034
1198
1317
1184
1172
1197
1327
1617
1612
1620
1715
1959
2129
2128
2084
2050
2138
1971
1694
1438
1591
1650
1643
1335
1203
1245
1057
655
-77
-533
-955
-1350
-2028
-2652
-2864
-2976
-3182
-3516
-3758
-3716
-3655
-3638
-3722
-3571
-3240
-3014
-2906
-2768
-2329
-1883
-1583
-1540
-1341
-1000
-569
-272
-190
91
344
669
768
873
1079
1083
1084
805
676
562
487
422
224
255
193
263
168
-44
-229
-584
-935
-1551
-2109
-2697
-3064
-3318
-3507
-3449
-3265
-2828
-2417
-1963
-1530
-1020
-563
-307
-137
-48
116
180
253
298
388
483
475
520
480
602
684
730
774
859
1123
1460
1852
2139
2409
2738
3034
3261
3233
3144
3089
2948
2766
2411
2169
2220
2295
2210
1912
1742
1672
1534
1293
896
541
243
113
-83
-230
-387
-507
-539
-570
-454
-456
-570
-733
-859
-890
-948
-1061
-1076
-874
-565
-226
164
529
878
1155
1411
1560
1604
1670
1614
1604
1365
1235
1212
1024
742
300
70
-79
-237
-554
-932
-1113
-1267
-1479
-1723
-1905
-2053
-2113
-2285
-2347
-2260
-2211
-2009
-1827
-1485
-1089
-632
-259
51
296
246
170
-48
-304
-629
-879
-1011
-1000
-850
-634
-276
230
679
1038
1406
1544
1717
1671
1520
1353
1117
978
688
611
643
772
990
1006
1139
1291
1385
1399
1274
1182
1135
1114
1112
1104
1143
1288
1395
1457
1392
1284
1203
947
574
175
-309
-715
-1067
-1339
-1474
-1538
-1398
-1166
-961
-720
-504
-201
-104
-100
-43
-104
-56
-179
-315
-381
-480
-515
-642
-791
-790
-744
-639
-622
-623
-362
-251
-147
-221
-291
-181
-228
-248
-397
-450
-460
-451
-356
-303
-133
26
108
232
286
236
153
-105
-277
-479
-571
-622
-700
-665
-634
-394
-274
-190
-159
-5
171
176
107
-18
8
7
-7
-142
-150
-98
30
185
156
279
397
664
758
703
666
641
798
690
644
510
437
583
578
611
472
459
482
477
493
317
165
22
31
14
-118
-283
-337
-191
-114
-138
-279
-327
-336
-401
-552
-850
-1031
-1152
-1121
-1143
-1243
-1187
-1144
-990
-950
-887
-784
-730
-599
-609
-611
-695
-612
-390
-277
-166
-108
219
558
798
885
917
1056
1115
1200
1090
958
913
888
778
552
369
233
154
-57
-322
-582
-822
-991
-1167
-1334
-1450
-1363
-1148
-961
-793
-538
-167
169
447
607
692
702
759
872
949
967
958
1153
1361
1580
1770
1847
1870
1804
1782
1664
1458
1150
864
628
375
208
13
-163
-350
-450
-551
-705
-860
-1000
-1058
-1161
-1188
-1155
-1064
-933
-740
-435
-170
76
325
556
674
679
654
543
332
80
-150
-346
-581
-773
-879
-942
-960
-895
-724
-558
-394
-256
-130
-28
77
208
225
256
299
347
312
172
82
-39
-173
-332
-415
-481
-556
-529
-523
-485
-535
-608
-686
-793
-885
-994
-1080
-1192
-1193
-1133
-1073
-952
-805
-606
-421
-295
-116
22
137
218
314
440
586
808
1040
1352
1616
1920
2211
2451
2593
2562
2435
2213
1935
1580
1144
721
371
76
-177
-423
-561
-644
-691
-796
-885
-928
-1005
-1056
-1149
-1195
-1203
-1168
-1085
-1000
-873
-733
-564
-422
-274
-62
164
373
548
725
901
993
1013
986
926
863
796
727
655
580
529
475
384
313
214
76
-99
-244
-340
-440
-582
-711
-773
-761
-733
-734
-720
-731
-739
-807
-899
-1026
-1135
-1211
-1297
-1321
-1297
-1221
-1088
-935
-752
-562
-422
-326
-208
-112
-117
-155
-200
-133
-80
-1
171
387
690
1005
1319
1553
1765
1931
1973
1891
1746
1633
1439
1161
912
742
541
318
182
126
101
38
46
114
117
93
39
-32
-145
-303
-487
-727
-926
-1088
-1217
-1340
-1421
-1349
-1207
-1020
-754
-378
-26
264
517
755
971
1060
1119
1141
1123
1103
1109
1095
1052
971
892
813
685
573
400
214
24
-98
-167
-266
-347
-373
-290
-220
-159
-93
-70
-101
-191
-274
-346
-443
-534
-589
-582
-550
-492
-423
-313
-217
-157
-83
-70
-18
-45
-114
-168
-205
-230
-285
-310
-350
-326
-314
-268
-231
-201
-100
36
199
335
534
718
919
1117
1263
1404
1475
1579
1659
1657
1586
1461
1329
1108
904
714
526
323
99
-67
-258
-462
-670
-894
-1081
-1268
-1436
-1602
-1746
-1856
-1979
-2123
-2275
-2343
-2387
-2420
-2432
-2345
-2180
-2022
-1810
-1541
-1183
-817
-463
-68
366
773
1077
1318
1540
1755
1906
1929
1907
1901
1851
1743
1565
1408
1247
1017
754
522
372
225
76
-48
-128
-196
-267
-323
-388
-475
-603
-741
-855
-956
-1034
-1143
-1229
-1235
-1189
-1095
-1022
-888
-742
-595
-475
-375
-276
-228
-168
-128
-52
75
209
377
538
699
855
970
1054
1127
1163
1103
1042
998
998
992
960
992
1096
1255
1402
1491
1517
1516
1500
1355
1081
725
345
-49
-499
-879
-1203
-1476
-1696
-1876
-1934
-1990
-2005
-2004
-1999
-1948
-1898
-1778
-1655
-1470
-1225
-896
-537
-174
268
655
978
1256
1464
1606
1601
1487
1351
1179
937
722
604
477
401
334
284
223
130
41
-107
-312
-578
-809
-1057
-1290
-1452
-1593
-1673
-1664
-1540
-1327
-1108
-812
-442
-80
278
597
918
1173
1350
1477
1580
1601
1543
1457
1300
1150
964
771
563
325
135
-34
-199
-344
-493
-614
-726
-839
-931
-1009
-1053
-1103
-1167
-1233
-1219
-1176
-1145
-1091
-979
-799
-635
-432
-211
28
210
378
544
646
730
729
731
701
661
612
525
480
458
463
462
498
556
538
496
442
398
305
154
26
-99
-208
-326
-382
-392
-391
-351
-315
-238
-187
-157
-131
-153
-167
-210
-260
-339
-419
-451
-449
-443
-441
-403
-349
-255
-159
-69
26
127
264
399
547
740
953
1103
1213
1302
1400
1435
1365
1298
1195
1092
968
870
783
678
534
404
309
206
127
-50
-250
-479
-696
-928
-1194
-1439
-1673
-1868
-2055
-2166
-2217
-2213
-2146
-2075
-1905
-1665
-1388
-1086
-796
-400
12
369
635
847
1072
1191
1248
1281
1288
1262
1236
1211
1176
1199
1162
1094
798
490
436
260
-43
-372
-688
-1135
-1602
-1621
-1305
-1101
-1104
-1027
-876
-777
-616
-438
-306
-456
-645
-632
-522
-346
-154
51
172
361
719
1135
1507
1683
1788
1910
1858
1704
1565
1399
1139
850
628
439
304
219
184
229
166
31
-14
-124
-229
-229
-355
-572
-645
-707
-823
-935
-945
-832
-823
-944
-972
-875
-846
-848
-778
-727
-720
-718
-623
-413
-205
-17
286
585
777
939
1104
1271
1276
1226
1146
974
726
488
325
208
18
-185
-184
-165
-117
-186
-316
-168
-130
-323
-455
-521
-633
-822
-1095
-1310
-1428
-1619
-1728
-1763
-1678
-1418
-1126
-816
-522
-165
128
473
828
1091
1270
1323
1380
1456
1552
1557
1534
1508
1460
1434
1342
1235
1074
937
766
594
481
314
220
124
73
87
76
87
102
140
159
177
99
-14
-91
-178
-231
-301
-346
-412
-509
-589
-638
-635
-695
-799
-907
-946
-943
-959
-910
-805
-685
-575
-429
-224
-33
140
261
383
523
635
701
716
759
771
785
801
814
856
846
796
706
612
459
249
64
-169
-399
-618
-817
-974
-1097
-1177
-1235
-1268
-1304
-1272
-1215
-1128
-1011
-850
-682
-509
-235
90
463
835
1164
1384
1554
1730
1883
1934
1841
1744
1592
1416
1286
1229
1220
1125
1049
1014
983
877
748
583
258
-127
-495
-795
-1086
-1365
-1562
-1702
-1746
-1737
-1640
-1503
-1368
-1255
-1161
-996
-879
-719
-635
-572
-492
-435
-297
-148
-6
90
217
333
445
563
615
660
647
641
633
607
586
489
469
484
478
427
389
340
223
74
-134
-291
-530
-842
-1107
-1287
-1430
-1598
-1645
-1621
-1564
-1468
-1309
-1116
-959
-787
-609
-406
-248
-150
-75
45
216
407
624
799
961
1138
1318
1493
1646
1780
1866
1893
1904
1950
1986
1919
1838
1729
1583
1354
1112
872
578
249
-107
-395
-664
-856
-984
-1096
-1170
-1204
-1166
-1162
-1177
-1190
-1193
-1211
-1223
-1162
-1070
-941
-826
-661
-473
-298
-86
36
83
78
61
-40
-190
-308
-399
-416
-420
-320
-165
-2
159
320
506
588
606
554
459
342
171
1
-193
-362
-509
-625
-721
-796
-816
-854
-897
-943
-953
-970
-1046
-1102
-1120
-1062
-1037
-997
-901
-780
-652
-553
-413
-264
-114
25
229
463
706
972
1225
1476
1672
1811
1866
1863
1865
1824
1695
1534
1432
1357
1245
1108
994
881
708
515
314
102
-152
-391
-586
-783
-922
-1045
-1076
-1056
-989
-858
-721
-561
-423
-285
-244
-248
-260
-273
-274
-257
-170
-80
52
203
393
576
694
844
949
992
970
901
817
667
496
306
138
-23
-168
-284
-371
-411
-475
-497
-539
-549
-524
-516
-468
-431
-362
-319
-313
-316
-329
-321
-332
-351
-365
-370
-363
-356
-364
-347
-295
-287
-300
-314
-333
-319
-358
-412
-447
-432
-388
-362
-293
-185
-49
63
165
248
326
354
347
372
388
411
406
435
513
614
734
808
873
909
928
934
892
813
741
687
603
525
480
474
475
471
478
433
332
155
-56
-302
-579
-841
-1079
-1281
-1400
-1380
-1275
-1122
-921
-644
-349
-118
90
296
438
499
504
528
524
495
454
440
487
527
574
583
592
586
564
516
446
382
271
165
55
-31
-134
-283
-412
-543
-647
-754
-825
-871
-898
-861
-808
-736
-667
-580
-467
-379
-306
-278
-263
-275
-296
-274
-264
-225
-181
-91
15
134
271
361
432
441
438
391
294
201
129
86
37
67
180
329
497
687
906
1112
1273
1394
1468
1456
1379
1234
1037
810
551
289
36
-139
-262
-371
-470
-516
-483
-432
-381
-337
-282
-276
-275
-281
-300
-343
-407
-456
-496
-498
-491
-475
-462
-441
-401
-365
-334
-302
-263
-198
-128
-6
106
186
268
363
465
540
556
494
393
269
109
-91
-350
-613
-840
-1000
-1119
-1193
-1201
-1186
-1112
-1030
-939
-831
-743
-700
-689
-669
-672
-666
-693
-730
-747
-756
-718
-640
-510
-365
-190
14
224
454
629
750
821
888
930
917
870
818
797
759
737
756
781
781
753
723
674
569
423
258
92
-64
-198
-286
-319
-295
-216
-82
67
220
368
496
592
630
615
539
425
327
227
134
74
59
92
150
228
318
395
428
442
429
373
295
193
97
7
-56
-105
-149
-168
-198
-218
-248
-284
-332
-393
-436
-468
-503
-545
-564
-546
-489
-414
-348
-265
-199
-135
-93
-108
-172
-276
-403
-565
-735
-898
-1050
-1171
-1254
-1275
-1238
-1165
-1043
-865
-656
-441
-208
0
195
392
547
666
736
789
844
895
950
998
1041
1078
1121
1180
1225
1259
1271
1279
1277
1258
1197
1089
959
812
662
477
268
60
-154
-343
-534
-702
-820
-916
-945
-931
-880
-813
-748
-666
-578
-486
-417
-353
-285
-181
-86
14
145
272
435
563
693
824
900
948
947
933
874
775
646
517
401
279
169
54
-31
-121
-226
-357
-509
-652
-831
-1017
-1206
-1358
-1492
-1626
-1706
-1736
-1699
-1622
-1508
-1357
-1176
-968
-777
-580
-408
-258
-135
-20
114
225
320
387
471
566
659
734
811
900
978
1038
1056
1088
1118
1105
1069
1027
1021
1011
984
972
999
1029
1025
996
944
885
780
648
488
299
105
-93
-266
-438
-588
-728
-825
-870
-899
-918
-941
-950
-947
-962
-971
-957
-903
-809
-666
-470
-243
-8
235
484
696
866
958
997
998
954
888
793
691
595
516
471
432
375
306
231
119
-39
-252
-485
-749
-1042
-1293
-1502
-1661
-1799
-1872
-1864
-1814
-1727
-1586
-1424
-1237
-1032
-817
-582
-375
-196
-13
141
295
427
529
640
726
808
864
885
881
849
795
737
673
600
532
465
431
407
363
329
291
259
227
187
190
205
228
261
315
397
480
537
573
590
570
522
428
304
142
-29
-187
-334
-435
-509
-531
-500
-419
-325
-252
-180
-111
-45
-23
-23
-40
-73
-116
-162
-166
-160
-142
-95
-1
154
315
485
642
785
917
1028
1088
1076
1019
921
796
613
383
118
-170
-462
-751
-995
-1202
-1367
-1467
-1478
-1423
-1334
-1205
-1046
-860
-673
-496
-345
-225
-133
-58
8
46
78
96
101
129
190
265
330
399
488
606
726
832
935
1002
1049
1060
1027
955
850
733
587
425
257
125
17
-79
-158
-215
-256
-287
-303
-314
-324
-320
-312
-289
-257
-230
-214
-209
-216
-224
-248
-316
-404
-512
-622
-747
-860
-945
-1013
-1055
-1057
-978
-864
-741
-585
-401
-206
-39
123
253
367
459
534
595
611
627
621
601
541
457
367
258
142
27
-83
-204
-305
-378
-428
-443
-450
-427
-415
-414
-403
-417
-451
-514
-550
-570
-591
-591
-547
-463
-370
-241
-85
102
274
439
633
816
978
1098
1203
1294
1336
1342
1312
1265
1196
1113
1015
892
766
635
505
355
229
103
-32
-174
-296
-385
-487
-563
-615
-636
-646
-645
-618
-590
-547
-513
-501
-516
-541
-564
-591
-622
-642
-633
-610
-544
-421
-283
-145
-6
154
316
452
560
629
669
702
724
714
674
621
586
551
490
408
292
174
39
-111
-258
-380
-475
-549
-589
-600
-566
-524
-462
-420
-400
-385
-377
-373
-398
-403
-390
-375
-353
-285
-152
-24
106
300
529
716
859
1046
1178
1237
1255
1261
1232
1117
990
843
681
503
336
186
35
-80
-163
-232
-299
-333
-332
-331
-327
-305
-258
-228
-213
-165
-128
-133
-150
-131
-97
-88
-88
-82
-84
-88
-95
-129
-176
-225
-268
-314
-365
-374
-365
-367
-362
-340
-306
