-28
28
-41
15
11
-23
20
-50
35
-19
0
5
-49
5
-55
22
0
3
79
3
79
31
80
38
11
83
5
89
-16
77
79
61
112
45
161
77
135
104
86
147
61
131
19
78
39
-33
39
-31
-6
12
20
51
-29
72
26
49
67
2
87
25
78
48
35
129
24
107
77
67
90
31
99
-7
28
27
-20
-40
-66
-43
-138
-114
-110
-165
-94
-125
-130
-62
-60
-46
-59
-36
-36
-71
-40
-24
-42
-43
4
-61
-28
-9
-36
-57
-34
-67
-56
-92
-115
-84
-117
-88
-159
-97
-98
-163
-139
-126
-89
-98
-69
-20
-54
49
-5
-7
24
7
44
-38
-4
33
5
8
-1
42
37
6
-30
90
-30
23
5
34
15
2
55
-13
10
38
-64
4
27
-14
-14
11
40
-48
62
17
-5
25
74
12
11
57
109
33
72
171
1
134
94
39
89
59
81
-51
75
101
-76
70
59
26
-65
67
37
-79
95
-8
30
-14
53
68
-107
167
-22
-75
104
2
-18
-35
139
-72
-38
167
-92
20
-9
68
-83
-77
147
-212
-15
-2
-144
-117
-21
-64
-220
50
-108
-124
-30
12
-33
-221
193
-125
-108
136
-74
-62
70
142
-163
178
109
-84
102
79
31
-59
171
-24
-71
112
-28
-59
16
114
-141
99
70
-68
111
36
57
10
135
2
-4
118
-52
38
11
10
-43
68
-11
-51
114
-104
40
7
-132
12
-52
-97
-113
13
-128
-91
40
-133
-29
31
-124
-2
34
-115
-31
-1
-112
-77
8
-90
-91
22
-125
-82
39
-165
11
-1
-115
28
31
-59
36
29
-41
26
-15
-21
-10
43
-100
59
39
-76
130
6
20
124
-17
40
76
38
-14
81
62
-29
219
-15
99
172
-10
177
54
90
124
104
8
99
70
-60
102
-30
-10
17
71
-92
45
85
-122
102
-50
121
-105
38
138
-213
246
-150
82
-39
-64
107
-187
56
-17
-131
65
-92
-16
-7
-101
123
-231
192
-215
15
36
-165
121
-205
221
-224
131
-116
90
-82
46
26
50
-39
101
43
-65
182
-112
138
-58
55
10
43
-52
254
-276
400
-340
353
-232
138
80
-319
434
-493
402
-284
126
119
-206
210
41
-243
400
-475
513
-420
174
19
-210
319
-529
418
-332
62
8
-288
338
-318
-33
216
-383
329
-358
353
-317
109
153
-251
277
-222
185
-27
-177
287
-360
202
-145
-122
207
-369
296
-382
250
-102
-238
391
-523
382
-311
151
5
-340
513
-510
330
-307
160
4
-304
526
-731
659
-472
87
140
-371
402
-525
487
-445
176
107
-350
623
-614
668
-329
121
342
-385
490
-425
480
-347
166
-27
-165
358
-509
482
-374
149
3
-137
198
-294
401
-424
382
-172
29
200
-332
499
-428
394
-182
68
131
-121
102
-109
208
-306
320
-376
275
-148
0
75
-104
267
-365
501
-495
590
-455
254
137
-264
343
-363
472
-421
392
-334
214
-36
-206
400
-460
373
-246
86
20
-99
61
49
-157
156
-211
113
-53
-196
153
-169
-62
-161
38
-201
-118
-124
-68
-231
118
-301
146
-78
-60
152
-168
108
17
-76
38
71
-134
159
-188
249
-173
106
20
-90
162
-102
214
-306
453
-300
165
-15
100
9
-89
350
-431
442
-176
130
-6
168
-38
161
-175
338
-142
105
-8
-99
389
-492
522
-439
463
-298
212
-172
284
-87
-65
305
-211
148
-101
147
-273
281
-385
314
-444
322
-346
389
-421
413
-189
124
196
-267
474
-348
402
-343
477
-371
320
-179
242
-257
391
-362
404
-157
28
148
-186
274
-276
189
105
-416
405
-177
-305
654
-923
938
-743
483
-39
-385
694
-735
465
-65
-497
798
-1042
886
-567
-120
649
-1101
1074
-674
87
497
-774
864
-646
324
191
-819
1254
-1430
1119
-535
-367
1052
-1405
1197
-918
266
380
-1121
1403
-1322
732
-109
-549
1004
-1349
1384
-998
214
556
-1194
1425
-1279
823
-174
-546
1189
-1532
1241
-638
-105
555
-1270
1394
-1502
854
-554
-510
1185
-1930
1637
-1271
372
355
-1360
1903
-2064
1597
-1018
51
742
-1688
2029
-2159
1501
-499
-606
1326
-1786
1918
-1537
1010
-97
-566
1526
-1942
1996
-1321
766
61
-708
1533
-1853
1988
-1523
957
114
-872
1687
-1881
1865
-1084
559
284
-662
1340
-1431
1375
-635
179
685
-870
1276
-1079
1256
-795
388
523
-740
881
-830
1028
-1039
765
-327
-30
380
-534
498
-280
363
-277
165
188
-194
374
-458
534
-385
15
264
-597
571
-552
386
-362
170
48
-306
356
-292
356
-265
200
-41
58
97
-247
213
218
-429
355
-446
554
-525
-44
356
-709
572
-794
720
-886
636
-271
-289
694
-992
1100
-932
685
-164
-282
778
-949
729
-624
694
-846
480
-250
-284
310
-827
860
-1141
787
-734
430
-757
406
123
-1205
1793
-1824
986
-306
-482
822
-1306
1136
-1017
563
-580
237
-230
-456
1016
-1853
1590
-962
-195
462
-353
-357
452
-425
-104
569
-1445
1848
-1690
898
-318
44
-267
276
-191
-342
1023
-1430
1148
-328
-479
727
-696
482
-71
-372
789
-853
885
-745
835
-746
557
335
-959
1442
-965
374
417
-727
791
-411
197
146
-181
578
-569
740
-438
384
130
-99
522
-287
417
-83
-10
439
-492
482
127
-269
329
138
24
-157
353
207
-220
289
-62
351
-301
443
-292
83
406
-342
118
226
30
72
-17
258
29
-542
1238
-1314
1263
-686
9
663
-953
853
-561
283
346
-636
665
-108
-260
563
-698
1616
-1717
1243
-182
190
-510
618
299
-1025
1150
-733
374
-49
-430
415
180
-515
343
40
195
-775
1019
-1025
989
-804
-336
1331
-1715
1209
-829
319
-114
-69
-273
277
-311
196
-475
13
81
-124
-730
470
-169
-580
641
-850
81
545
-1265
444
924
-1989
1550
-964
128
67
-637
1196
-2102
1749
-992
-144
569
-703
527
-687
596
-56
-590
925
-779
420
-261
435
-800
125
520
-966
299
-135
309
-1602
1885
-1358
69
427
-484
824
-1780
1963
-977
-587
1079
-826
413
-988
1494
-1455
274
1162
-1930
1701
-940
632
-464
48
1114
-1912
1812
-1087
591
-326
-21
1166
-2326
2830
-1861
856
335
-637
1120
-996
1408
-944
90
1743
-2593
2169
-1035
573
200
-1486
2737
-2969
2459
-1230
-328
1637
-1816
1511
-840
347
858
-1610
1736
-1082
869
-148
-389
1138
-1427
1813
-1268
200
1136
-1070
721
-731
1668
-1271
265
817
-595
444
123
-50
-391
1030
-102
-1373
1853
-627
-362
324
142
212
-1002
1184
-1106
569
-112
-573
636
-785
693
-1264
575
311
-1320
1269
-846
578
-391
-681
1460
-1872
1510
-1295
454
433
-1621
1726
-1344
741
-743
515
375
-1068
1383
-1199
870
-50
-677
419
409
-452
-429
1569
-1753
1315
-861
511
270
-1162
1437
-965
985
-1283
1234
-558
-335
1144
-1456
1402
-292
-667
470
388
-919
362
139
-616
596
-436
353
-467
578
-722
-54
586
-1100
1142
-818
382
10
-242
147
-503
961
-899
658
67
-378
757
-1197
294
-428
876
-1313
1041
-110
-868
1272
-982
758
-300
-287
482
47
-2
-39
-82
29
103
111
-761
1426
-849
-343
1188
-589
-115
15
-34
-130
582
-308
-206
865
-88
-883
382
647
-215
-579
755
-284
-213
426
-936
779
286
-719
399
109
170
-454
136
43
444
-497
-62
575
-699
506
-81
130
252
-549
415
-333
224
-12
-277
-117
-239
125
-81
-325
99
-260
7
60
-601
-165
323
-103
-289
-51
-107
-127
-299
63
12
14
384
-433
353
149
-467
452
-242
682
-294
-331
567
-461
470
-476
-70
407
-258
182
190
3
201
-110
20
130
157
63
-89
273
479
-218
-98
398
24
1
64
-34
293
122
-172
119
-356
85
-263
-13
176
-432
144
-201
-171
-29
-390
163
-185
-343
573
-165
-239
296
-264
-41
13
87
23
-49
313
-280
182
429
-628
226
48
210
103
-8
599
-661
55
239
-259
235
-28
-169
301
254
-73
-236
448
65
-323
159
942
-565
-60
768
-444
116
-81
-208
-61
64
241
104
42
-36
-193
8
-9
-37
56
294
193
-196
214
-121
-218
-41
-138
340
-33
-46
328
-377
-78
-149
-376
182
-17
-244
279
345
-32
-341
-231
101
-426
213
168
-46
116
-293
-52
-260
-117
-162
-163
450
71
-3
-117
-331
6
-302
-44
-41
251
-175
-51
-5
-132
-46
-79
30
-243
308
105
-111
112
-191
124
-262
46
-24
-97
240
-204
-148
114
-180
-278
106
48
-31
160
114
-420
-137
89
-175
-106
-49
289
-533
87
107
-290
89
-187
268
13
285
-108
-134
229
-102
51
70
72
104
-194
218
201
-115
52
-90
73
198
-26
98
131
-13
-168
172
285
-119
71
133
193
96
180
-80
61
223
40
215
121
74
24
303
22
-45
289
250
63
499
315
67
183
200
269
202
287
97
259
291
-10
-100
-8
33
-248
92
95
-293
-259
-307
-346
-440
-320
-381
-409
-266
-555
-387
-563
-564
-633
-556
-246
-461
-399
-296
-352
-526
-468
-290
-262
-256
-114
-64
-37
-193
-228
-18
36
-12
135
328
220
150
239
319
423
354
518
683
451
422
510
656
407
526
664
579
653
506
638
713
606
593
703
781
534
625
531
452
653
492
799
571
627
512
505
570
302
415
333
248
231
238
240
-56
-53
-31
-120
-44
-211
-350
-647
-764
-975
-1249
-1064
-1268
-1449
-1315
-1624
-1801
-1918
-1978
-2109
-1949
-1890
-2016
-1987
-2129
-1996
-2097
-1924
-1688
-1580
-1326
-1157
-928
-801
-596
-398
-274
173
327
593
939
893
1136
1139
1270
1384
1350
1484
1436
1589
1492
1476
1482
1410
1242
1451
1535
1467
1466
1309
1503
1344
1428
1540
1486
1457
1514
1681
1676
1905
1940
1932
2285
2594
2690
2740
2799
2389
2315
2619
2479
2255
2023
1823
-349
-1120
-712
154
263
-1640
-2243
-2668
-2397
-3567
-4797
-3868
-4302
-4712
-4780
-3853
-4491
-6536
-6450
-4918
-3152
-3319
-3220
-2698
-2107
-1946
-1990
-580
81
427
483
1732
2635
1902
1720
1527
2275
2240
2382
2827
2237
1917
1070
1093
734
306
119
-609
-870
-1631
-1669
-1946
-2461
-2830
-2924
-2134
-2251
-2411
-2494
-2058
-1782
-1469
-833
-379
-134
-251
456
1045
1307
1741
2233
2847
3211
3330
3550
3797
3994
4000
4367
4656
4520
4344
4389
4584
4200
4220
4371
4220
4199
3955
3870
3583
3488
3531
2634
1991
-384
-1726
-1001
313
546
-2037
-3501
-4143
-3960
-4457
-5621
-5184
-5148
-5453
-6087
-5717
-6124
-8193
-8767
-6787
-3856
-3603
-4439
-4587
-3694
-2783
-2624
-980
502
1094
790
1496
3631
3943
3067
2635
3878
5514
5888
5104
4268
3614
3034
2749
2724
3310
2027
582
-201
-430
-1294
-2989
-3224
-3138
-2793
-3480
-4225
-4698
-5440
-5461
-5178
-3945
-3661
-3796
-3418
-2949
-2573
-2440
-1221
-340
193
783
1663
2291
2229
2792
3563
4255
4501
4506
4765
4907
4693
4827
5143
5058
4545
4367
4570
4364
3816
3828
4296
4230
3853
3769
3797
3676
3696
3765
4218
3340
2197
-44
-1919
-576
1052
2184
-491
-3128
-3932
-3735
-3353
-4635
-4450
-4382
-5115
-6233
-6453
-6415
-8660
-9655
-7927
-4401
-3897
-6014
-6882
-5984
-4132
-3746
-2398
-828
-406
-1281
-1051
1938
3556
2838
1909
3199
5154
5561
4726
3996
4305
4512
4732
4707
4739
3835
1857
1059
637
1528
718
-2294
-3274
-2661
-1493
-2756
-4481
-4831
-5148
-5010
-4899
-3990
-3952
-5362
-5627
-4286
-2637
-3481
-4540
-3502
-1437
-542
-338
722
762
908
1616
3205
4009
3805
4086
4330
5435
5740
5262
5167
4893
4863
5274
5834
5585
4571
4313
4995
5081
4629
4543
4232
3979
4186
4620
4718
4497
3453
2058
-426
-1955
-28
2302
2855
-1177
-4179
-4175
-2988
-2989
-4519
-4206
-4182
-5446
-7041
-6522
-6192
-8453
-9754
-7626
-3984
-4583
-7530
-7758
-5299
-3483
-3687
-2620
-889
-807
-2237
-1211
2918
4768
2984
1417
2975
5295
5553
4715
4667
5229
5004
4516
4594
5029
4180
2210
1562
2786
3336
1618
-958
-2805
-3470
-3478
-2286
-1903
-2907
-5348
-7068
-6308
-5023
-4544
-5265
-5646
-5240
-4524
-3992
-4424
-5174
-5061
-3352
-1095
-106
-147
-422
192
1333
2990
4278
4309
3762
3783
5116
6421
6680
6039
5450
5199
5311
5740
5845
5552
4874
4861
5326
5386
4734
3719
3524
3746
4306
4655
4593
3455
1587
-1719
-3113
-234
3166
3263
-1828
-5331
-4566
-2475
-2114
-3619
-3743
-4222
-5895
-6923
-5555
-4879
-7681
-9618
-7322
-3524
-4266
-7424
-7741
-4956
-3237
-3792
-2931
-1264
-1319
-3367
-2071
2644
4463
2248
-143
1450
4361
4930
4109
3950
4456
4144
3583
4333
5517
4651
2059
1184
2389
3606
2440
94
-1713
-1767
-1366
-1184
-878
-1852
-3526
-5247
-4449
-2835
-2846
-4027
-5189
-4568
-3629
-3446
-3816
-4272
-3784
-2951
-1608
-537
-298
-738
-458
823
2101
3019
2901
2593
2676
3796
4985
5174
4837
4183
4133
4604
5035
5376
4919
4394
4159
4447
4945
4675
4052
3552
3757
4016
4312
4156
4203
3627
2801
571
-1710
-34
2717
4031
218
-3630
-3665
-1732
-1031
-2277
-2565
-3376
-5246
-6672
-5210
-3559
-6004
-8984
-8822
-5573
-4877
-6971
-7275
-5785
-5176
-6327
-5291
-2560
-1864
-4049
-4354
-936
1736
997
-654
294
2332
3102
2777
3450
4038
3671
2972
3626
5451
5513
3703
2154
2608
4274
4268
2891
898
-493
12
1319
2195
735
-1876
-3604
-3273
-1537
-685
-1808
-3977
-5122
-4150
-2651
-2586
-3884
-4903
-4397
-3216
-2031
-1140
-1192
-2131
-2512
-958
1240
1838
1274
741
1302
2675
3805
4365
3953
3039
3034
4083
5324
5464
4555
3907
4018
4437
4906
4870
4002
3190
3182
4085
4503
4142
2944
2660
2402
1844
379
-349
1197
1986
1183
-1569
-2451
-1936
-1461
-1824
-2125
-2225
-3622
-5025
-4874
-3401
-3697
-5883
-6730
-5833
-4723
-5034
-5244
-4593
-4468
-5247
-5244
-3132
-1802
-2430
-3396
-2629
-646
402
265
186
529
895
1322
2073
3078
3170
2435
1829
2485
3624
3975
3222
2703
2664
2414
2289
2637
2990
2054
675
500
1237
1163
426
-437
-711
-1157
-1366
-929
-1172
-2281
-3283
-2999
-2321
-2421
-2716
-2852
-3073
-3330
-2827
-1668
-1424
-1797
-1718
-965
-441
-168
447
884
798
893
1818
2447
2177
1662
1840
2180
2305
2439
2862
2711
2090
2125
2563
2705
2049
1811
1758
1689
1548
1477
1448
1037
765
1040
927
1042
820
582
76
-230
862
1298
1066
-318
-685
-387
190
290
243
-194
-1006
-1717
-1240
-633
-927
-2098
-2729
-2499
-2207
-1906
-2066
-2348
-2834
-3067
-2849
-1977
-1618
-1947
-2594
-2503
-1790
-977
-699
-907
-1244
-1208
-552
5
605
687
409
26
479
1413
1920
1784
1283
1190
1434
1351
1625
1869
1784
1065
665
1110
1330
1047
394
151
-147
-398
-122
231
-227
-1107
-1525
-1340
-872
-784
-689
-984
-1486
-1465
-974
-415
-570
-566
-615
-640
-543
-101
422
137
-260
-31
578
944
827
816
762
643
814
1521
1959
1517
889
890
1228
1380
1498
1437
1102
611
715
1073
1164
1023
708
701
737
861
1153
1176
945
404
428
754
1133
1227
883
398
130
422
636
489
-6
-170
-323
-490
-376
-326
-824
-1459
-1727
-1349
-1202
-1412
-1651
-1842
-1909
-2150
-1875
-1601
-1527
-1774
-1853
-1581
-1255
-1110
-1013
-1056
-1027
-866
-660
-561
-635
-586
-664
-624
-392
-104
-16
-418
-632
-370
-248
-200
-96
42
-150
-436
-260
-46
227
120
-2
73
-17
147
412
514
370
148
280
401
449
508
505
426
269
527
750
658
416
292
384
446
507
559
392
195
96
370
568
337
227
34
66
169
311
411
300
149
254
506
608
747
766
692
658
840
1027
1133
1036
947
1091
1147
1158
1127
1107
992
935
904
999
918
710
664
585
603
519
399
247
189
77
-51
-176
-307
-474
-648
-810
-821
-884
-1121
-1278
-1281
-1186
-1261
-1360
-1346
-1357
-1480
-1502
-1310
-1162
-1240
-1409
-1427
-1182
-1073
-1082
-1040
-904
-804
-807
-688
-538
-381
-321
-152
41
155
176
133
248
426
583
667
696
669
593
557
667
841
938
863
713
689
676
745
754
758
715
565
574
389
319
153
33
86
-36
-20
-202
-391
-526
-567
-475
-411
-415
-457
-579
-597
-502
-293
-28
-27
-25
-94
50
150
314
498
502
583
516
546
582
587
682
741
850
821
688
652
578
609
687
710
770
611
465
488
442
453
335
442
442
298
106
-22
-59
-176
-229
-207
-140
-261
-442
-640
-621
-659
-704
-649
-737
-833
-1061
-1079
-1008
-869
-827
-861
-835
-847
-721
-692
-520
-376
-195
-111
-46
28
76
212
282
532
631
675
595
555
671
757
826
878
882
784
703
643
668
699
682
598
540
416
227
192
50
62
-58
-201
-320
-550
-553
-649
-641
-669
-818
-912
-1015
-946
-915
-858
-788
-862
-883
-874
-729
-574
-430
-381
-344
-208
-190
-124
-52
98
263
362
519
561
523
463
516
727
857
933
821
708
608
544
619
665
618
390
163
50
-12
-57
-160
-323
-391
-562
-658
-711
-839
-881
-1021
-1023
-940
-918
-974
-1080
-1090
-1006
-884
-721
-681
-640
-662
-681
-504
-289
-82
24
153
317
452
588
647
789
1011
1050
1169
1224
1221
1139
1050
1150
1234
1270
1139
958
773
704
655
598
602
476
323
236
218
142
125
69
9
16
-77
-214
-328
-424
-456
-433
-353
-359
-481
-654
-766
-673
-602
-475
-481
-589
-604
-670
-560
-393
-380
-412
-486
-449
-346
-302
-271
-231
-165
-113
21
121
102
102
141
168
297
313
302
257
172
182
264
308
223
142
8
21
-42
-101
-142
-215
-284
-354
-336
-294
-267
-394
-352
-265
-233
-236
-365
-326
-310
-262
-263
-289
-251
-310
-294
-256
-127
-25
20
39
72
157
193
267
317
435
450
419
417
525
620
638
607
542
602
488
450
429
543
520
426
324
246
243
146
247
301
391
296
94
51
-26
-48
-50
-51
-64
-205
-309
-385
-417
-445
-560
-519
-455
-400
-429
-499
-526
-517
-439
-296
-155
-93
-137
-188
-191
-58
75
156
249
268
300
334
422
452
510
461
422
447
430
399
298
267
216
104
43
21
-57
-137
-202
-262
-289
-363
-414
-436
-437
-466
-442
-392
-300
-310
-314
-207
-142
-84
-24
98
176
226
293
350
443
501
600
730
795
800
779
828
895
891
881
902
812
765
662
637
601
484
418
235
145
26
-60
-164
-256
-367
-496
-582
-699
-719
-750
-731
-724
-676
-740
-728
-744
-701
-564
-527
-400
-420
-340
-311
-333
-226
-200
-123
-89
-19
57
70
47
53
120
205
293
271
342
361
312
239
179
206
189
221
118
45
-26
-97
-101
-146
-179
-333
-445
-551
-559
-601
-616
-586
-712
-770
-901
-888
-955
-831
-782
-888
-870
-934
-833
-824
-689
-643
-462
-349
-243
-162
-103
110
181
365
487
677
683
700
748
842
988
1006
1065
1046
1106
1117
1135
1167
1167
1126
1031
1004
962
1000
927
846
733
619
536
410
337
258
225
132
47
-143
-276
-437
-487
-494
-450
-443
-492
-539
-599
-575
-604
-549
-563
-504
-501
-533
-524
-545
-531
-485
-419
-360
-303
-255
-230
-193
-140
-35
11
112
230
361
441
494
440
445
598
694
783
771
753
773
711
743
777
719
612
446
382
336
279
63
-110
-234
-377
-462
-544
-605
-683
-865
-910
-980
-1041
-1059
-1122
-1097
-1048
-1023
-995
-959
-908
-865
-747
-548
-474
-384
-283
-102
21
153
269
363
497
632
809
931
1022
972
967
984
1022
1013
1002
984
913
883
793
760
640
568
516
503
410
271
141
-7
-88
-173
-247
-383
-540
-703
-780
-761
-780
-866
-944
-1088
-1119
-1095
-1036
-980
-1038
-1078
-1083
-1044
-957
-925
-864
-840
-749
-669
-512
-385
-338
-217
-160
103
288
458
607
693
823
891
1058
1181
1308
1325
1316
1289
1258
1282
1157
1077
989
867
735
627
516
356
176
-48
-205
-243
-344
-498
-672
-817
-894
-978
-1013
-1026
-1076
-1039
-1025
-1031
-961
-996
-926
-785
-585
-375
-291
-141
-106
44
220
406
582
642
696
680
812
978
1136
1200
1198
1201
1169
1185
1202
1225
1156
1125
1084
1033
960
894
802
714
651
429
316
197
60
-81
-233
-399
-572
-666
-704
-740
-822
-954
-1100
-1158
-1143
-1094
-1069
-1049
-1106
-1124
-1115
-1048
-974
-904
-802
-746
-649
-615
-537
-429
-273
-81
27
200
259
360
535
710
853
910
901
944
1013
1063
1096
995
908
803
710
647
538
316
99
11
-86
-147
-277
-467
-597
-721
-729
-765
-851
-945
-1077
-1092
-1070
-1023
-985
-930
-855
-797
-744
-668
-561
-442
-285
-111
42
116
181
251
416
536
556
643
673
718
704
758
889
975
928
866
840
801
827
744
794
760
710
639
529
478
339
295
257
267
164
28
-41
-133
-161
-245
-285
-303
-340
-364
-448
-541
-616
-604
-556
-530
-620
-707
-826
-899
-801
-723
-611
-584
-599
-662
-628
-522
-422
-324
-257
-225
-217
-173
-114
-32
65
183
244
287
382
400
458
530
562
642
635
640
602
578
550
517
561
499
478
378
276
217
107
25
-40
-39
-43
-84
-177
-275
-335
-337
-315
-237
-208
-260
-399
-504
-395
-267
-104
-18
-121
-114
-141
-49
83
160
203
117
148
128
179
229
262
315
351
374
315
302
320
313
360
348
383
358
283
235
231
302
310
253
142
93
54
17
-38
-103
-187
-294
-313
-356
-393
-554
-604
-655
-645
-596
-645
-674
-788
-786
-755
-633
-586
-611
-686
-682
-635
-564
-477
-425
-380
-345
-323
-261
-94
-12
97
133
245
342
372
445
504
590
602
608
635
653
623
509
549
699
685
621
419
439
474
489
523
412
407
309
282
301
302
317
232
242
251
195
139
25
-14
-30
0
33
-28
-82
-196
-243
-164
-137
-76
-159
-193
-262
-321
-283
-308
-250
-255
-225
-205
-128
-78
-51
-8
7
111
133
222
245
262
313
380
494
490
477
395
456
468
466
381
333
269
205
165
107
55
-38
-121
-245
-284
-408
-494
-581
-671
-729
-809
-818
-819
-845
-901
-877
-890
-890
-809
-784
-722
-712
-689
-603
-495
-401
-377
-270
-185
-63
21
98
162
112
158
217
360
442
407
402
416
450
499
503
575
583
593
603
571
575
499
500
446
477
400
298
238
127
154
136
87
4
-94
-201
-209
-211
-160
-183
-235
-319
-377
-323
-339
-276
-344
-380
-365
-344
-339
-364
-301
-259
-102
29
111
177
137
207
338
562
669
726
754
768
821
771
771
720
756
762
721
563
406
307
232
243
161
90
-61
-190
-268
-328
-388
-534
-605
-677
-683
-693
-766
-808
-862
-877
-895
-878
-890
-892
-844
-837
-765
-729
-659
-615
-594
-497
-349
-290
-237
-118
10
140
148
221
262
382
477
526
670
682
678
619
705
807
855
924
850
891
839
820
819
741
724
672
649
584
485
338
212
88
-74
-205
-270
-396
-499
-608
-745
-877
-993
-977
-927
-879
-911
-1047
-1042
-1010
-877
-771
-655
-550
-492
-390
-274
-109
-29
102
234
414
586
626
667
739
832
960
1032
1055
994
900
767
758
811
741
686
496
389
200
82
22
-70
-109
-290
-384
-552
-657
-742
-771
-728
-714
-705
-808
-863
-887
-881
-749
-628
-565
-545
-568
-513
-404
-259
-131
-86
-30
17
82
164
205
282
294
392
488
505
561
528
596
685
798
823
835
859
814
827
816
872
909
899
860
780
749
649
626
602
509
430
244
78
-64
-180
-283
-347
-424
-532
-650
-761
-870
-932
-925
-938
-1009
-1091
-1133
-1121
-1047
-987
-892
-842
-772
-659
-529
-351
-273
-199
-60
95
257
375
497
628
712
743
837
896
947
951
942
963
915
823
744
739
694
582
451
344
310
187
57
-52
-161
-287
-400
-427
-407
-403
-549
-659
-725
-719
-715
-707
-705
-723
-768
-853
-741
-647
-569
-589
-600
-567
-516
-419
-385
-281
-242
-174
-88
-41
75
139
198
308
398
419
428
465
497
585
635
591
634
723
800
861
841
828
758
700
655
650
565
433
354
224
147
30
-64
-125
-259
-362
-476
-493
-588
-705
-790
-848
-817
-814
-736
-665
-612
-627
-621
-606
-561
-420
-305
-259
-195
-133
-47
79
240
347
427
438
403
480
520
543
554
467
417
380
342
417
437
369
254
182
156
95
56
5
0
21
-24
-29
-98
-116
-168
-129
-32
-10
33
10
56
21
-3
-36
-6
26
38
34
19
73
0
-20
15
65
79
-11
-98
-172
-203
-222
-235
-165
-175
-203
-247
-240
-162
-162
-133
-141
-149
-199
-189
-32
79
176
156
159
206
241
234
199
215
168
163
202
244
169
44
-7
-23
28
59
80
-21
-123
-247
-271
-147
-107
-139
-180
-149
-155
-127
-156
-190
-195
-175
-129
-91
-87
-154
-177
-95
-16
25
9
-68
-72
-34
74
87
43
-20
-95
-97
-17
30
37
28
104
105
71
8
-172
-134
-252
-100
-693
-839
-762
-739
-94
483
1390
1582
1908
1698
1089
318
-367
-804
-905
-536
-302
295
717
910
850
760
525
92
10
-129
-554
-1194
-1276
-1442
-1357
-895
-176
439
810
1158
862
346
-250
-879
-1300
-1291
-956
-538
292
764
1116
1170
1170
830
482
434
153
54
-14
184
179
235
309
446
472
547
588
437
170
-605
-636
-783
-553
-249
211
540
555
-32
-703
-996
-1613
-1265
-949
-277
181
618
1151
841
495
33
-230
-366
-588
-464
-413
-832
-643
-893
-732
-619
-208
547
770
1173
1017
774
196
-627
-817
-1059
-771
-481
39
530
327
548
387
279
-116
-9
145
153
272
279
243
-181
-167
-258
-142
29
98
249
223
145
-80
-229
-388
-530
-955
-767
-756
-625
-314
21
235
391
682
674
602
389
197
59
120
199
306
485
629
563
574
674
431
441
428
402
521
433
335
440
199
487
317
387
-64
-945
-1200
-1940
-1729
-1521
-854
-320
134
795
716
713
188
-157
-303
-517
-291
25
406
440
276
368
96
85
65
295
511
372
579
599
307
-316
-434
-755
-854
-406
-222
-119
-401
-400
-397
-439
-370
-672
-365
-481
-674
-309
-21
-6
-145
143
-64
208
46
6
770
-189
405
537
146
503
417
255
247
39
547
414
729
1015
82
753
467
-586
-9
-195
-106
119
354
650
18
503
-432
-487
-286
-938
-887
-987
74
62
102
714
341
0
-43
-617
-486
-162
-140
164
122
154
510
-17
100
-320
-155
-88
-143
222
-64
383
-457
-463
-218
-883
-335
-741
-280
148
-61
520
578
237
-1043
-29
-292
-611
-418
-469
-43
-167
683
10
-72
-185
-622
496
-79
-463
-534
152
128
241
-312
-572
272
-446
132
-85
-244
60
-504
255
-397
177
447
-841
560
-138
249
87
259
698
781
599
-212
983
-142
619
276
811
1054
430
1646
-175
404
173
-637
677
-19
1203
489
574
1041
-339
-439
341
353
-1073
1207
90
-521
-1
75
988
-1620
445
-418
-541
-227
-639
548
-957
519
-928
79
687
-1507
-129
218
675
-617
-650
811
-1077
-676
1157
30
-1159
1201
101
-694
569
-570
-19
-171
-362
-272
537
-238
-192
322
165
-314
-329
230
215
-559
-8
-154
-585
298
-1043
331
100
-290
-291
8
-74
-863
767
-677
-384
-182
-571
491
-253
-63
519
-229
-287
-99
1252
-426
-36
522
237
-734
-88
715
-1529
880
-97
189
869
-511
217
-464
570
-117
-706
1335
-4
610
-1
784
685
-1003
1578
299
-512
739
91
126
-241
377
244
52
-2
422
-1294
170
404
-1533
-149
124
-1805
345
467
-1519
-861
173
313
-1282
96
55
-477
-465
635
-550
-83
-270
158
929
480
-93
383
-156
-379
312
438
85
982
-155
1159
50
-961
742
305
416
-699
906
500
-170
-167
455
-38
-247
447
-489
437
-365
-558
-454
324
172
-1166
482
726
-540
3
-194
-338
-1367
1172
-644
-709
1505
-1041
353
147
589
-496
187
507
-411
666
-359
498
-219
454
1117
-405
884
197
-100
-4
660
-259
-48
1150
-90
471
658
752
-408
413
156
-659
1270
-482
209
847
-413
355
-503
-133
536
-1092
384
473
-914
-338
85
-904
-482
277
-1486
739
-1273
-129
-276
-1272
881
-2741
700
459
-2094
399
-77
-633
-1020
810
-691
-992
1043
-1268
1048
4
-381
665
-820
356
230
-745
1394
-764
73
565
-905
1090
-807
952
62
-754
200
225
-966
-259
675
-1412
305
1052
-2066
1196
-177
-1458
533
-612
-182
-767
852
163
12
619
358
361
-229
291
362
84
662
273
873
567
298
1128
257
1072
-402
1024
-255
1127
-511
1168
1090
-1162
1867
-986
1025
-551
459
-74
467
434
117
1207
-881
302
783
-1116
1023
-661
325
457
-869
1173
-1206
-165
-245
-781
127
316
-975
493
-498
-544
-843
-453
167
-1342
592
-9
-446
759
-1138
-625
246
-1811
156
-236
-71
-357
251
493
-928
596
-189
-911
402
847
-1331
972
457
-791
556
-90
3
-185
90
-523
169
48
71
-193
-125
384
686
-765
689
376
-836
1034
-244
-241
357
311
-182
333
870
51
-196
1855
-924
514
1128
-1161
636
340
-623
587
-141
420
-434
219
530
-773
975
-1284
271
28
-942
232
-452
-148
452
-859
-385
805
-1265
-574
794
-555
-647
818
-141
-257
-91
401
-594
-311
612
-885
596
265
62
184
-131
-290
11
476
-1398
816
-96
-886
967
-1726
736
-549
-1265
970
-1269
420
-537
181
386
-1158
-45
-31
262
-1244
1154
-428
-149
605
-1014
934
-727
-8
487
-221
144
547
50
387
-158
436
359
-222
403
371
142
525
582
319
563
330
225
262
630
77
606
253
-168
1407
-439
445
722
51
98
368
264
266
-326
12
216
-428
-408
855
-575
-214
67
-486
-722
12
-425
-55
-767
324
140
-631
393
-650
501
-645
492
-539
694
-266
-54
602
84
-569
956
-290
275
171
304
128
-387
663
-314
465
-995
479
-250
-557
-160
-106
-549
-320
11
-920
551
-971
-284
-176
-769
388
-1097
310
-74
-558
429
-1208
353
-332
31
-665
1022
334
-1368
1712
-578
-466
581
20
-169
287
-66
393
357
-340
-275
475
-60
-238
546
-137
790
-705
481
586
-1537
1152
-246
563
-72
65
1196
-1809
842
574
-1502
1330
54
-901
368
-348
-715
672
-534
197
-105
-67
599
-1708
1325
-299
-1022
1245
77
-499
1004
-99
513
844
-542
552
1008
-373
777
844
-584
2366
-1039
99
1874
-1514
1200
-242
219
655
-977
924
-508
468
-1046
703
-524
-627
807
-2332
2024
-2318
-47
600
-2528
1463
-1287
-349
157
-653
-48
-452
588
-1476
570
114
-654
454
-291
1271
-1291
759
534
-964
810
489
-226
233
1266
-977
957
454
-310
450
-71
-27
526
-963
1157
-272
-650
1736
-1922
912
-116
-741
406
-526
163
-420
86
-7
-959
715
-673
-339
-184
94
-573
-615
1318
-1963
1099
-338
-889
489
84
-267
-326
725
-660
-184
-413
960
-899
296
485
-148
462
-228
-159
854
-585
201
228
-127
754
-91
-291
1415
-1132
519
65
-958
1923
-1973
1274
-367
-195
679
-1306
658
-782
-559
420
-1046
403
32
37
-1081
351
-63
-1240
432
-403
-343
-157
564
-1108
709
-158
-533
712
-77
-298
812
115
-381
730
252
-21
-105
875
594
234
994
257
632
932
-1021
1333
985
-1242
1616
694
-422
880
12
53
574
-1169
1519
-933
-366
609
-1165
640
-538
-897
1152
-1112
-282
90
-1110
709
-1547
1021
-806
-642
437
-653
-604
46
169
33
0
74
513
-602
400
425
-1075
1134
-489
518
421
-366
877
-691
409
254
-231
608
-650
974
-38
-204
-459
771
-455
-973
1265
-1170
913
-488
-565
389
-1038
-439
481
-472
-29
-324
399
-891
-559
1318
-2152
1267
-808
646
341
-1288
1455
-1359
931
-907
666
762
-603
1102
-675
1029
-176
-693
1200
-409
1019
-229
317
1123
-1339
1503
-714
18
175
410
-362
277
569
-1077
976
-634
-509
242
-68
-617
88
381
-353
-719
517
-790
337
-906
508
545
-1587
1336
-533
192
-292
-780
1505
-1155
-282
1295
-1133
1019
-693
116
1275
-989
-480
1397
-2
-1081
1022
-415
741
-1427
-29
485
-354
-1272
1293
-554
80
-623
-152
634
-1525
639
-530
-22
-189
-297
520
89
-1018
830
-252
-771
939
-412
99
104
-554
1297
-496
374
409
135
624
-1036
1280
-127
57
336
392
1016
-278
-12
758
635
-489
567
992
-91
438
447
1113
-651
590
1007
-1510
1863
-742
236
682
-756
459
-634
304
-18
-394
126
528
-683
-551
1725
-2324
786
-249
-629
703
-1561
1237
-608
-873
85
-248
-452
-402
155
-955
614
-444
-907
604
-469
-590
-285
25
36
-813
38
534
-924
-377
688
-1033
595
74
-727
356
-424
257
-347
26
264
-132
-483
431
-649
-70
-37
-92
-125
415
-278
-399
182
-147
-439
246
-223
-325
678
-982
619
-82
-298
-307
20
341
-874
877
-427
353
299
-970
927
27
-267
41
763
-553
391
132
172
586
-664
1075
199
371
170
-94
799
-381
343
729
-266
183
720
-259
421
720
-815
838
-83
1
204
195
234
-524
1196
-370
-648
1237
-308
-619
1110
-303
-29
27
46
-513
262
-265
-448
64
-428
62
-568
230
-201
-783
171
-131
-503
512
-975
394
-248
-342
590
-780
797
-162
356
70
482
244
-401
827
-104
237
145
29
870
-872
602
409
-393
-42
189
9
-532
681
-1050
262
156
-438
-672
211
766
-1895
956
173
-1182
610
-307
23
-237
323
-520
263
34
-209
-116
220
1028
-1233
491
641
-587
-80
382
776
-789
986
570
-889
1067
57
-805
953
581
-1302
566
1397
-2319
980
908
-1509
1028
-230
-550
174
415
-1019
-205
1088
-886
-245
593
-115
-1112
283
376
-1959
1189
-854
-671
744
-695
28
-239
-150
-789
-30
-540
-309
79
-280
-142
-305
-49
105
375
-433
246
973
-792
1019
78
-312
1059
-483
434
696
413
-344
723
352
-182
934
-613
706
355
-152
67
94
703
-1542
686
83
-1352
1139
-794
-429
525
-576
-597
673
-631
-846
653
-629
-802
648
-202
-949
1054
-446
-230
468
370
-654
889
739
-1212
1754
-302
-146
1305
-572
674
523
46
-238
936
378
-1163
1889
-346
-60
607
-142
60
-348
486
-699
362
328
-1189
1388
-186
-1060
563
-249
-408
-303
427
-795
570
188
-1319
1045
-259
-1002
394
487
-534
-313
1098
-805
-479
1167
-1322
-60
901
-944
-163
996
-598
36
548
-651
542
-347
113
-7
-61
79
-87
644
-801
248
828
-939
185
695
-736
-27
748
-259
-437
675
-343
-614
99
-227
-865
-2
117
-1288
182
-638
-527
-325
-495
-35
-634
-573
507
-672
-762
405
-277
-196
-439
1001
-1212
289
1436
-2335
1582
797
-1052
865
718
236
-350
1442
-55
334
1095
-510
630
579
209
-317
1341
-625
294
906
-1350
1740
-365
-356
1002
41
-562
164
457
-1203
940
175
-1119
1148
-438
-430
-32
531
-158
-309
1065
-646
620
608
-906
366
437
-606
188
775
-525
301
348
-682
1048
-406
-289
249
-323
684
-880
622
-62
-132
-156
-134
569
-1102
1159
-468
-718
958
-774
-314
-392
922
-1121
-908
1653
-1821
-73
39
-880
-549
208
-677
-832
5
-9
-1209
-339
452
-1063
-305
587
-753
-360
797
-534
-158
42
256
-498
169
210
325
-227
1041
-393
53
962
-319
-53
658
454
60
304
347
499
-315
364
416
230
614
54
400
717
-313
650
-231
428
32
-39
456
-367
277
335
-336
-141
312
-111
-331
407
10
98
36
-194
167
-520
567
-163
-407
622
413
-1197
708
525
-960
617
381
6
-69
505
143
-410
860
-176
-445
595
-50
-328
-117
902
-1064
-104
709
-972
-461
46
-60
-775
-238
54
-586
-426
-345
-638
-512
-131
-707
-536
309
-687
-889
219
-204
-697
-203
-159
-93
-266
-67
5
-316
587
-503
62
485
160
-191
276
746
-483
412
1103
-470
331
1321
-103
103
877
716
-238
961
672
-385
963
768
-915
799
1014
-721
-276
1158
-361
-516
389
32
68
-710
394
-327
-665
841
-917
-332
388
-338
-502
-15
345
-525
-51
198
30
-659
796
101
-848
847
81
-296
445
-229
253
528
-415
491
316
-10
-62
155
47
-379
446
-230
-6
-195
206
-492
-455
264
-776
-154
64
-377
-624
-152
-149
-1022
-66
153
-915
-247
-13
129
-1308
477
98
-1299
943
-621
-7
191
-347
508
-764
442
-2
-271
579
-90
572
-531
693
-145
-12
490
-140
413
-131
832
147
-307
1035
-62
-316
770
219
-5
218
376
243
255
-52
473
73
0
303
82
341
256
173
-292
227
14
-305
623
-761
252
147
-900
322
-413
-241
-3
-594
143
-320
-11
111
-754
506
-30
-544
256
152
-534
844
-132
93
136
599
81
-207
1185
-298
537
83
569
541
-286
747
192
27
513
45
91
-2
84
-519
-78
110
-355
-272
-421
397
-1369
103
-146
-1055
-268
-403
-154
-1242
-333
-14
-1326
-604
-6
-772
-627
81
-140
-1050
346
-146
-1019
63
341
-736
-265
968
-398
-300
905
46
-229
584
756
-496
489
953
-492
342
807
106
59
501
996
-507
275
1175
-859
352
510
437
-454
411
367
-525
159
55
64
-890
316
-33
-982
205
113
-1007
234
106
-553
-456
518
19
-436
109
694
-577
166
734
-804
788
520
434
49
878
868
-333
681
1085
127
99
1092
408
-282
864
873
-460
451
690
-100
-213
831
-391
-514
407
-101
-446
-212
207
-1113
118
-157
-820
-407
-223
-468
-835
-635
107
-1174
-778
119
-1251
-489
-177
-357
-867
-416
211
-918
-414
418
-494
-350
635
-128
-336
815
-371
276
727
-401
685
438
454
409
95
779
451
-57
583
659
210
713
295
433
177
-89
524
162
-354
375
528
-343
64
381
-754
356
-492
-449
251
-377
-378
-10
-106
-492
-224
-355
89
-426
1
194
-260
123
-36
-102
20
-242
218
-62
178
61
-83
135
430
-97
-126
602
-331
-172
423
265
-15
194
217
337
173
-153
411
172
-183
262
-4
-136
274
69
-505
218
-48
-605
257
-52
-403
-447
286
-301
-1108
233
-546
-781
-320
-73
-675
-509
-215
-356
-568
-228
124
-856
97
-17
-590
254
99
-322
296
166
115
-148
515
329
258
119
927
406
-21
1159
181
467
469
527
224
232
552
239
419
179
182
683
-227
469
212
20
133
-310
453
82
-268
173
67
-252
42
131
-280
64
37
-37
91
-70
-215
-480
-114
-83
-600
266
-63
-738
338
-386
-485
-402
-305
-351
-474
-137
-239
-32
-528
164
-156
-605
192
256
-450
248
609
-182
76
553
207
206
492
206
456
389
-77
106
719
-130
230
343
-157
457
-99
-225
428
-182
-389
-132
238
-358
-900
256
-535
-900
-44
-460
-987
-206
-254
-746
-660
46
-773
-616
131
-582
-699
469
-523
-362
404
-139
-404
252
522
-238
264
813
-194
548
956
41
394
483
680
315
855
395
403
864
146
610
598
606
215
135
1032
-95
-206
867
6
-406
266
219
-772
270
-65
-482
-21
-829
-42
-450
-360
-371
-1035
-172
-737
-579
-263
-255
-279
-830
154
-705
-176
19
-348
189
-13
133
-37
-97
385
28
143
203
451
377
339
217
86
690
-435
421
647
35
328
759
42
-62
598
-678
103
452
-515
319
333
-222
-231
-385
-7
-431
-610
-10
-147
-420
127
-452
-614
247
-759
-149
278
-523
146
-151
22
260
-622
290
73
-436
341
-19
-114
596
67
-157
462
132
225
282
78
186
249
455
323
216
283
56
109
602
-31
-253
136
217
191
294
-52
93
-63
93
-324
-649
139
-589
-107
-17
-403
-321
-82
-616
-883
-95
-542
-259
-402
95
-175
-840
62
-317
-399
-397
-443
-294
88
247
-234
479
-253
-18
36
-317
306
-153
318
691
-5
250
464
-304
70
277
128
262
-57
449
520
105
31
143
168
-65
295
-94
77
428
302
83
190
622
-34
201
760
-95
-134
366
208
324
465
53
-25
193
-189
-40
-198
61
-118
123
330
-368
-170
-277
-545
-139
-153
138
-466
-500
89
-43
-280
-248
-82
-184
348
-345
-130
224
-395
105
578
138
-146
124
-37
-71
31
88
-71
416
643
508
-41
95
52
-493
343
46
-89
517
35
274
51
-333
-137
-134
-304
-54
425
-88
-102
-75
-293
-339
-136
-452
-552
-60
-321
-183
-47
52
-291
-226
270
-657
-238
64
-249
-62
185
165
83
7
45
178
-90
106
-53
35
588
389
44
709
230
-55
416
85
220
282
145
218
95
425
240
-293
-24
62
-413
-320
-47
-9
168
-531
-12
-60
-421
-443
-394
-338
-614
38
-525
-19
-161
-544
119
-86
-195
-328
-213
166
-448
63
579
-92
-268
426
439
-447
-14
415
-67
253
606
140
170
488
247
62
505
543
-146
178
1039
28
26
622
-11
-120
156
146
-251
148
344
-53
-219
332
140
-796
-53
145
-719
41
438
-250
-74
350
-254
-204
-22
-176
-461
-128
269
-400
-114
347
-259
-78
319
-146
-115
367
378
-281
187
250
25
223
157
588
184
131
497
-94
365
351
-35
556
394
140
200
131
-464
-542
-176
-101
-304
42
167
-360
-466
-359
-444
-661
-294
-67
-250
-137
-410
-665
-378
-1049
-810
-115
-320
-23
102
324
55
-458
-151
-172
-276
29
617
488
384
432
150
79
51
215
116
499
670
450
583
526
326
32
313
202
162
369
-125
-168
-59
31
-201
-111
150
-120
-245
-240
-234
-470
-376
-358
-306
45
-78
-107
-254
-219
-343
-515
-344
-252
-176
-45
42
-145
-172
-84
-279
-23
-22
137
88
-126
336
101
-139
157
19
94
110
159
193
99
247
-39
44
131
-72
-5
179
29
-33
190
1
-127
20
100
-152
-103
198
-31
-221
29
-48
-243
-95
-8
106
205
41
-44
138
82
-196
-41
297
182
190
211
309
64
-136
96
174
171
101
230
217
125
210
109
62
75
-51
40
138
155
216
67
-68
-184
-167
-186
-184
-36
-2
116
67
-124
-215
-232
-271
-159
102
238
164
215
256
144
52
127
111
128
244
271
374
356
203
-14
155
188
8
150
141
49
12
-19
-16
-18
-303
-318
-119
-265
-365
-227
-284
-455
-470
-390
-298
-409
-319
-347
-401
-384
-429
-303
-155
-81
-232
-93
-47
-259
-181
5
169
94
171
333
176
-45
135
156
95
312
422
474
277
251
188
2
80
120
108
272
283
91
146
28
-234
-160
-15
-112
-145
9
-78
-195
-132
-3
-96
-220
-173
-284
-204
-123
-120
-84
-59
-107
-93
-139
-122
-64
-203
-82
-9
-51
94
230
59
107
170
-65
9
160
127
142
352
289
165
205
136
59
86
214
231
267
307
243
152
172
158
129
103
84
181
209
96
100
22
-33
-33
-36
-14
5
-99
-215
-32
-61
-64
-113
-132
-187
-309
-225
-204
-139
-87
-94
-88
-94
-87
-155
-133
-135
-133
-35
27
-3
1
-12
-91
-177
-97
39
71
126
198
194
43
39
-17
-3
20
83
176
250
143
89
120
-5
-39
-39
-24
-53
-10
-64
-98
-167
-281
-340
-285
-313
-245
-187
-249
-359
-433
-369
-386
-381
-326
-282
-249
-255
-222
-229
-250
-172
-153
-49
52
118
89
104
209
141
213
369
343
493
530
414
495
463
374
413
463
439
490
519
391
444
345
158
75
90
34
-10
71
-21
-91
-96
-143
-292
-307
-311
-277
-199
-291
-358
-348
-342
-477
-405
-308
-373
-304
-302
-293
-285
-228
-207
-243
-77
-49
-120
-28
19
91
76
221
166
189
217
112
240
291
421
331
424
462
345
356
355
351
303
346
350
248
226
224
171
121
61
-19
-47
-99
-218
-209
-192
-255
-246
-262
-260
-298
-398
-363
-333
-365
-244
-298
-294
-239
-239
-185
-72
13
0
67
125
188
257
331
329
391
413
389
357
358
353
476
512
528
578
482
325
343
276
253
266
169
247
183
140
19
-97
-157
-288
-254
-224
-276
-313
-359
-448
-477
-445
-523
-508
-523
-516
-563
-524
-571
-562
-521
-574
-527
-539
-486
-428
-386
-290
-237
-202
-145
-147
-85
35
60
127
173
212
334
376
387
464
430
421
496
513
552
612
567
561
569
478
451
373
359
307
207
138
41
-15
-167
-145
-160
-318
-253
-279
-412
-409
-440
-494
-517
-532
-482
-537
-471
-400
-482
-457
-312
-342
-231
-139
-128
-44
2
245
201
322
451
380
529
574
544
583
605
592
608
608
632
585
588
586
528
515
467
366
299
264
290
203
83
119
-43
-116
-124
-166
-253
-330
-343
-424
-435
-367
-342
-378
-347
-451
-389
-417
-553
-546
-402
-349
-413
-180
-302
-156
-256
-140
-17
-80
128
-3
124
229
211
254
211
317
273
209
244
339
317
339
376
336
301
276
184
82
106
15
-26
-63
-71
-236
-254
-290
-356
-394
-383
-415
-563
-431
-476
-468
-392
-415
-428
-393
-345
-373
-312
-212
-116
-100
3
97
58
109
166
174
280
359
397
411
423
518
509
455
521
479
374
427
443
378
359
299
219
171
131
129
109
69
119
40
-5
23
-73
-98
-84
-134
-157
-96
-146
-159
-129
-142
-204
-257
-192
-215
-231
-184
-226
-193
-170
-117
-131
-146
-135
-193
-158
-146
-151
-172
-99
-88
-114
-89
-89
-101
-64
-73
-15
8
3
31
18
70
2
25
19
0
35
42
60
-22
-58
-126
-147
-122
-116
-86
-144
-110
-149
-187
-146
-224
-216
-273
-205
-186
-204
-134
-200
-163
-126
-77
-1
33
66
98
114
166
205
219
250
224
276
217
191
220
246
252
264
286
188
195
126
134
165
162
136
38
2
-22
-50
-46
-40
-101
-106
-143
-147
-103
-74
-70
-75
-87
-77
-60
-73
-92
-84
-86
-81
-48
-29
-28
-103
-61
-82
-35
38
-23
12
3
17
53
102
94
57
95
106
24
59
76
6
95
154
177
199
136
95
121
141
121
117
118
98
135
149
161
93
56
-2
-24
48
25
13
-58
-72
-51
-69
1
-55
-22
-30
-31
17
15
64
-24
55
64
105
141
104
104
138
205
205
260
263
269
212
289
232
151
169
172
142
108
180
62
1
9
-17
-80
-74
-134
-248
-233
-244
-255
-243
-243
-346
-331
-401
-366
-319
-371
-288
-311
-302
-259
-257
-235
-186
-201
-151
-115
-116
-48
-29
44
103
92
178
188
157
181
202
248
212
231
264
190
224
212
169
124
184
146
142
193
110
76
5
3
-46
-97
-139
-164
-243
-249
-284
-303
-346
-391
-382
-469
-491
-477
-458
-490
-445
-428
-436
-356
-378
-268
-264
-211
-105
-116
-15
27
41
97
185
203
280
359
367
406
497
527
562
593
647
568
548
571
490
539
466
492
457
390
334
194
189
101
77
72
8
-75
-117
-198
-236
-244
-317
-334
-413
-425
-455
-447
-393
-471
-419
-399
-383
-395
-327
-291
-279
-202
-123
-100
-99
-48
-97
-42
11
70
84
167
119
137
253
164
213
246
250
241
239
261
184
193
217
163
216
162
113
78
28
28
-22
-36
-78
-58
-132
-164
-109
-197
-193
-196
-276
-231
-219
-271
-233
-267
-247
-195
-152
-75
-123
-62
-34
-52
33
88
78
124
117
180
252
268
338
290
273
263
282
240
310
334
272
348
297
262
289
