145
103
142
133
84
124
89
132
179
110
224
174
159
142
149
131
113
122
50
39
11
21
-41
48
14
60
104
12
26
-52
-63
-69
-54
-71
-46
-51
17
24
-25
54
7
5
46
-8
-13
25
-7
79
3
-57
67
-135
40
1
12
54
14
47
-20
68
-71
57
-12
55
72
43
45
-17
121
-114
85
21
32
41
52
86
75
107
-12
149
17
78
3
21
-29
-32
-22
-52
-61
-12
-15
-66
30
-31
-17
-62
-34
-15
-59
-4
71
-26
-78
-51
-70
-23
-159
-91
6
-65
-47
-94
-62
-112
-30
-125
-104
-123
-152
-50
-150
-59
-86
-74
-66
-29
-58
-125
-111
-157
-50
-166
-56
-37
-78
-63
-17
19
-68
-69
12
-33
-10
-11
-92
14
-61
39
39
4
16
18
-20
-75
1
-35
-52
-8
47
71
41
21
131
-84
76
43
84
133
-29
186
103
96
99
103
21
83
-25
67
-7
10
114
37
107
-11
15
25
129
-2
124
126
14
153
23
118
40
28
96
33
42
66
78
-4
8
-10
-44
-33
-15
97
-30
-4
-26
-31
-7
-102
-122
-55
-100
37
-95
-41
-81
-47
74
-90
129
-83
88
-8
102
-35
-25
68
-98
-1
-533
-212
-295
-244
-252
-188
-100
-99
10
-165
61
-112
118
94
64
203
315
208
186
225
50
198
-50
117
-13
-106
286
127
305
9
-169
-52
-132
162
-103
87
143
108
205
94
-36
-150
-216
-96
210
-391
8
69
78
132
-80
-146
-183
120
-22
19
-377
-161
28
31
308
-291
-187
-135
-16
352
-184
-82
-164
-103
84
-42
-110
130
54
125
100
-150
287
-482
120
-375
-240
-86
-249
143
-426
240
-145
136
-246
146
303
-356
-35
-220
460
87
44
157
-187
62
-161
438
206
29
367
-41
-65
-27
394
-162
-303
304
121
311
126
230
56
45
125
89
-211
-2
-46
-303
155
-191
543
58
41
9
-390
428
-226
-187
246
-62
-17
-193
171
34
-2
-30
-251
-86
-53
295
66
70
-225
26
-291
100
-109
-387
53
-451
470
75
81
-207
-492
159
-7
350
-191
-101
-434
2
-49
-18
29
-232
254
-1
178
-150
135
-47
133
-110
-292
223
-275
-151
-10
234
58
256
-117
-277
219
-598
89
-48
40
-5
-141
66
17
53
63
20
-135
-76
-34
-145
-42
-4
31
63
-60
20
-208
-347
-13
146
-72
225
83
-50
16
-319
143
63
-80
177
-119
-146
43
-105
-32
132
-78
92
-90
35
43
-10
120
135
283
-88
62
28
154
104
54
104
136
103
115
-8
-108
95
232
205
296
-38
21
-40
-41
64
-109
-11
-128
185
50
112
113
-195
87
38
-54
-11
-99
-194
231
241
-107
101
-59
155
-33
-10
59
-142
-33
41
-30
58
-32
-144
-6
-73
60
-37
-96
-44
35
57
94
59
-117
102
-91
90
93
16
71
3
230
32
174
-240
187
-208
-19
261
-367
335
-115
134
132
-188
243
-171
115
-73
-79
-11
-115
210
-217
145
-176
-18
-48
-258
-6
-177
-38
-95
-173
176
-13
-193
-196
-109
-143
14
31
-75
2
-275
-4
-114
-207
-52
-156
75
-111
77
-24
-154
145
-184
107
-85
-189
142
-174
192
-24
-41
180
-84
171
-67
141
19
187
111
-249
268
-148
142
111
-12
473
-2
295
99
-176
37
-106
-100
74
173
119
524
-215
350
-35
-33
116
-193
339
-460
446
15
189
36
-132
154
-347
299
-179
108
-139
-219
282
-78
95
-110
111
54
149
92
35
-75
-268
90
-255
107
-93
162
168
-46
350
-263
239
-342
-197
114
-354
239
-127
-103
-38
-170
73
75
-96
289
-116
173
38
-200
213
-195
122
-49
118
226
-33
21
-79
-91
-210
55
28
5
148
-78
55
-62
-185
-119
28
-8
-132
116
-138
-43
55
-285
-63
-72
-122
159
115
-36
208
33
-285
-46
-124
-20
81
-89
34
-70
-64
-130
-172
-213
-109
-92
380
53
15
71
-310
89
-521
-37
20
-101
54
61
98
-34
12
-151
118
-182
158
76
-54
110
31
62
10
-212
51
-313
129
-44
124
167
-118
547
-405
276
-264
-90
210
-358
379
-138
205
-2
32
17
-96
183
-130
260
94
-241
77
-22
10
86
-79
4
185
-145
33
226
-355
-35
-185
32
4
26
85
108
242
-131
236
-210
103
78
-250
347
-307
147
16
-167
180
-311
294
-113
15
18
256
-156
71
254
-220
442
-248
427
-62
-29
304
-47
103
75
209
-21
217
-123
283
-123
-17
41
-87
267
-341
218
-259
-47
-108
15
185
-11
17
100
199
-149
37
-203
-300
-94
-41
-42
298
18
101
329
-260
137
-150
-370
56
-260
-170
118
-176
-52
52
-342
-49
23
-143
107
25
-96
265
-150
60
6
-353
130
-474
146
89
-72
327
-179
109
-46
-74
-7
26
-196
168
63
-26
114
-176
195
-292
194
35
-122
128
-62
-61
67
224
-177
220
79
-100
106
-252
-61
80
-278
55
-4
-22
237
266
-17
49
100
-294
314
-94
103
51
-137
280
-207
156
-81
-59
223
41
397
17
-28
291
-168
-107
-90
-80
-139
159
-53
-72
270
-98
179
-155
-5
-80
-233
-67
-70
52
24
138
140
124
97
311
-292
93
-101
-104
-69
-453
253
-435
-1
-31
-246
368
-148
208
111
-30
104
100
58
-198
-107
-239
41
20
3
288
-56
143
362
51
44
128
-273
90
-93
-198
32
-417
-6
-128
-11
32
41
47
-53
167
239
-16
181
-51
65
-174
-209
49
-265
275
-230
52
-74
82
-7
-172
182
-583
446
-268
-34
136
-424
451
-142
22
14
-91
-341
23
-86
-177
289
152
157
147
-86
131
-55
-244
60
-71
180
-28
-167
172
-217
-22
-154
-131
199
-18
182
45
154
-7
28
40
-166
194
-173
-281
365
56
-138
169
-347
-31
106
-449
198
-156
83
-3
82
133
-71
257
-407
444
-229
188
295
-431
495
-535
331
0
-283
191
-318
151
11
10
10
163
-298
185
-44
-234
288
-234
122
-42
-39
147
-112
155
229
119
96
119
242
-81
175
-94
109
247
-251
204
-169
-75
109
-78
96
133
39
260
61
149
-27
-248
164
-88
121
202
-275
55
-208
19
94
-389
6
-251
27
354
21
129
46
-42
57
-142
-94
-149
-306
-178
-158
36
-117
-164
61
-237
24
90
20
-75
100
-192
-1
-72
-427
-119
-119
-127
85
-31
-55
87
51
132
-42
-48
24
-101
-78
20
-22
-4
205
-153
146
73
-111
406
-313
99
-23
-332
247
-315
21
1
-79
79
51
86
-45
109
-90
29
123
18
144
-71
195
-127
-49
22
-149
129
-256
180
-108
-32
104
-181
220
-256
52
74
-138
68
55
-55
205
-8
-81
136
-105
174
79
16
173
8
24
18
30
98
35
134
101
95
28
111
-19
-130
251
-82
96
339
55
226
177
52
186
-82
-68
-41
-128
15
-53
282
-40
191
11
27
155
-73
315
-81
375
-134
60
150
-692
162
-302
38
204
-184
313
-132
84
247
-261
120
-72
-107
326
-146
121
-129
-160
-92
-320
-60
-347
12
-87
32
32
7
135
-154
-54
-65
42
76
84
-61
-38
41
-89
48
-56
-144
-85
6
15
-15
42
25
43
139
-68
49
-43
7
124
-80
173
-147
102
-84
-170
166
-38
184
152
94
36
47
-107
64
7
122
56
87
73
-123
141
-266
170
-153
95
101
-277
369
-281
142
106
-342
323
-194
-67
167
-325
319
-53
-91
153
-154
169
43
-13
134
-32
108
144
90
188
-181
394
-132
-91
212
-525
65
-249
43
122
264
140
73
171
-94
262
-313
137
11
-42
120
3
-138
-1
67
-86
289
41
72
209
3
-11
12
-254
73
-169
-44
84
-314
352
-204
-62
228
-373
190
-44
-221
101
-84
-38
34
-49
40
-93
-142
95
-191
27
-3
-291
175
-221
-178
-21
-299
-173
-105
-90
45
29
90
-24
68
-145
1
-167
-300
185
-323
60
0
-185
90
-255
-17
-89
-176
-6
-143
107
-138
-138
64
-201
116
-256
-27
18
-239
161
-78
141
-81
-76
254
-188
193
11
-101
152
-176
127
-99
-250
208
-352
116
37
-76
232
-388
353
-330
108
48
-325
471
-686
317
55
-115
286
-194
216
-18
144
-54
-25
-46
-20
-3
-14
-257
-20
-175
-364
242
-246
47
45
-186
214
-43
-219
169
-169
-47
270
-187
215
-40
-74
306
-253
161
3
-45
164
-167
196
93
-123
28
53
-76
-91
32
145
52
76
127
-65
270
-89
66
-57
-78
278
-134
421
-89
70
330
-298
311
-123
-120
259
-188
302
129
-158
238
-76
64
31
-197
177
61
40
217
74
90
149
220
100
-95
124
-106
138
32
-46
215
-178
197
-117
66
-77
-196
72
-204
167
-18
201
-69
-1
163
-220
173
-155
-44
288
-200
225
42
-232
261
-146
85
-71
-252
307
-152
80
-84
-53
111
-147
199
-173
10
17
-193
181
-217
-67
68
-280
-90
-18
-281
187
15
-186
333
-83
1
-102
9
-44
-130
158
-236
37
54
-255
297
-146
-150
176
-337
42
-155
-24
78
-152
247
-109
44
147
-267
215
80
-173
227
181
-58
-8
36
106
63
175
-16
37
94
-199
45
102
-260
243
-37
82
53
-58
126
-242
204
27
48
-3
-13
176
-41
-6
117
-28
-62
-134
118
38
-132
285
-259
148
-41
-270
72
-101
27
9
112
91
97
-55
168
-198
84
41
-184
294
-153
265
-38
-3
203
-57
144
0
-59
2
-20
-127
59
-35
-15
33
-35
174
-212
1
51
-158
71
-49
77
161
21
44
224
-2
23
87
19
54
94
95
-127
-81
-202
-29
-203
-38
59
4
179
73
10
-35
-77
-133
-109
-1
39
-79
70
-92
-161
137
-271
-53
-1
-206
242
-115
-64
141
-189
73
-191
-54
-29
-57
1
23
-23
-75
-85
-332
-150
-388
-175
-104
-199
61
-44
-65
26
-60
26
-10
4
28
-164
-69
-83
-112
-145
-186
-21
-111
-4
-19
-68
74
-8
118
43
8
7
-262
234
-146
-86
180
-303
224
-177
-2
59
-375
315
-136
-37
266
-197
342
-111
14
358
-244
99
22
-22
242
-111
177
135
-193
333
95
38
114
-46
244
66
312
-59
-43
218
-131
264
-161
-79
101
-243
299
-159
7
273
-319
324
-13
24
239
-154
172
-11
52
113
-28
176
57
-14
90
-60
-139
-5
-128
-130
26
-106
16
196
-7
79
97
1
120
-25
-80
76
-55
-33
113
-57
59
-11
-3
48
-87
59
-27
7
32
-24
56
-75
-125
41
-47
40
74
-57
126
-61
135
83
-62
-37
-63
-70
-104
-75
-144
23
-182
68
22
-41
52
-53
132
-34
85
-114
-192
-12
-118
-81
-11
-177
-22
-74
-136
-31
-103
-35
32
-35
40
31
-174
126
76
-73
173
-59
-28
100
-195
55
-52
-286
87
-91
-58
61
-145
24
102
-54
180
-27
-19
196
-78
222
0
16
27
-80
-21
-76
35
-148
-31
19
-82
102
35
-147
184
-69
-3
158
-160
140
-66
-33
69
22
-12
50
-24
-122
154
-162
19
49
-218
146
-10
18
125
-27
134
30
-167
33
-66
-70
138
-219
46
199
-99
430
-81
1
288
-286
297
-1
-164
163
-217
152
-13
-47
44
-29
69
-19
194
-48
139
175
-40
290
84
190
138
-28
194
10
80
114
-14
165
-47
-71
151
-33
77
4
-57
175
-82
114
131
-11
117
21
102
101
-67
-66
-151
-4
-46
9
-30
-128
77
-141
75
16
-45
186
-57
114
168
-177
49
-73
-262
22
-300
-34
-73
-244
95
-257
25
-73
-199
86
-174
7
51
-80
43
-145
-114
-136
-124
4
-197
-4
-105
-90
101
-215
-63
-115
-175
-18
-114
25
-72
-27
52
-9
-6
-117
-31
-109
5
-13
-46
41
-133
-71
-66
-40
92
-22
19
218
34
132
164
17
144
49
151
230
77
119
88
104
118
-16
109
21
23
169
44
205
102
59
195
67
97
167
60
7
75
49
70
132
-83
81
24
-184
89
-197
2
-56
-89
174
-205
9
-25
-87
8
-43
41
56
58
-2
34
-99
-124
-102
-152
-82
-126
-148
-70
-69
-72
-87
-81
-95
3
-16
60
-35
-58
70
-117
36
-10
-39
10
-83
49
-78
-138
-127
-125
-101
-105
-54
-58
44
-13
24
39
-93
83
-42
-13
51
-108
19
-131
-67
-80
-162
-82
-123
-32
-12
46
100
94
82
93
108
36
60
11
36
106
-43
46
44
-36
38
-24
89
42
-12
4
-42
32
-32
51
51
-1
7
89
28
-36
28
6
72
39
-4
98
21
76
54
23
39
-20
22
-62
-36
-33
19
64
1
24
22
53
53
65
43
57
64
77
96
7
-1
7
-34
-18
-51
-80
-71
-168
-148
-111
-186
-192
-168
-160
-88
-79
-123
-41
-188
-221
-187
-296
-168
-202
-140
-81
-184
-85
-146
-132
-105
-153
-78
22
45
132
158
134
239
222
218
180
105
74
54
65
120
120
106
153
107
212
239
263
326
291
377
408
392
412
387
353
417
290
235
291
202
293
275
324
435
436
535
606
624
624
574
603
569
470
417
399
366
326
301
224
190
61
55
69
4
28
-54
-83
-136
-251
-329
-468
-595
-703
-818
-901
-1021
-1105
-1198
-1265
-1296
-1334
-1351
-1391
-1348
-1306
-1259
-1190
-1136
-1046
-989
-941
-809
-701
-601
-517
-429
-343
-296
-241
-233
-184
-170
-141
-78
0
78
94
199
303
345
370
453
488
473
484
477
503
477
504
481
491
527
510
581
567
550
597
645
734
792
863
915
971
986
972
1032
1006
1017
1039
1014
1051
1115
1161
1160
1155
1192
1209
1222
1308
1363
1487
1626
1668
1814
1556
1400
1142
837
555
-278
-643
-1142
-1542
-2170
-2674
-2819
-3102
-3399
-3507
-3091
-2972
-2766
-2567
-1889
-1372
-1204
-821
-436
-114
-146
32
266
245
-21
-37
22
68
-52
30
214
311
482
647
983
1072
1268
1322
1366
1385
1275
1143
764
421
57
-353
-828
-1307
-1656
-2125
-2404
-2484
-2457
-2363
-2369
-2048
-1667
-1355
-1060
-657
-228
3
200
584
868
863
888
878
947
820
717
793
723
639
634
728
849
822
893
1056
1102
1220
1228
1358
1428
1337
1347
1284
1214
1075
914
776
675
516
443
417
401
425
500
632
822
975
1295
1514
1885
2129
2326
2499
2128
2191
1741
1677
772
0
-466
-1209
-1764
-2895
-3084
-3639
-4026
-4560
-4303
-3938
-3992
-3749
-3256
-2152
-1957
-1393
-836
-116
27
56
560
708
632
311
455
459
387
188
354
413
471
674
964
1338
1559
1820
2009
2237
2364
2393
2129
1836
1523
1069
502
-250
-806
-1472
-2207
-2672
-3168
-3348
-3782
-3811
-3682
-3390
-3061
-2713
-2017
-1566
-968
-605
59
366
620
740
879
1004
824
811
667
699
445
481
516
632
594
728
1002
1115
1296
1396
1716
1687
1752
1763
1827
1755
1567
1456
1311
1159
925
804
664
545
476
566
616
736
897
1160
1456
1715
2085
2437
2693
3080
3201
3529
3393
3016
2830
2219
1929
543
-252
-1093
-1915
-2922
-4060
-4352
-4919
-5375
-5827
-5313
-5038
-4888
-4703
-3699
-2788
-2369
-1803
-1021
-221
-196
204
550
920
569
518
621
710
637
440
776
778
1119
1181
1635
1936
2146
2436
2502
2791
2804
2704
2316
1964
1529
917
124
-542
-1256
-2014
-2880
-3486
-3786
-4201
-4510
-4777
-4412
-4076
-3706
-3285
-2515
-1736
-1276
-588
121
808
923
1088
1437
1634
1473
1218
1193
1087
736
496
588
569
399
369
713
939
1043
1164
1451
1600
1596
1730
1759
1747
1464
1349
1228
1068
889
693
547
385
379
444
578
683
972
1325
1718
2164
2638
3199
3511
3955
4369
4532
4674
4141
3872
3137
2558
1714
159
-809
-2004
-2816
-4212
-5162
-5589
-6120
-6666
-6904
-6262
-5867
-5688
-5239
-4006
-3045
-2637
-2055
-1098
-439
-297
-57
599
808
588
595
834
1119
870
1044
1240
1617
1844
2099
2672
2995
3366
3417
3607
3714
3599
3229
2629
2080
1443
497
-478
-1348
-2187
-3172
-4049
-4490
-4938
-5340
-5621
-5349
-5058
-4783
-4235
-3449
-2638
-2060
-1257
-396
353
756
1134
1538
1727
1698
1643
1631
1419
1125
893
811
705
559
509
587
740
904
1068
1301
1520
1607
1694
1791
1848
1697
1477
1344
1171
922
611
421
290
117
6
102
306
471
719
1158
1716
2236
2725
3395
3986
4467
4843
4995
5366
4897
4353
3730
2976
2333
479
-655
-1793
-2736
-4102
-5469
-5786
-6351
-6889
-7339
-6675
-6134
-5984
-5637
-4408
-3145
-2734
-2125
-1164
-275
-81
96
784
1191
1025
938
1212
1618
1487
1546
1789
2167
2462
2613
3116
3386
3735
3757
3785
3912
3734
3325
2626
1993
1402
442
-637
-1570
-2449
-3396
-4413
-4885
-5199
-5687
-5968
-5863
-5357
-5117
-4750
-3939
-3123
-2400
-1811
-887
-27
439
767
1215
1642
1716
1613
1613
1622
1379
1160
1048
1013
820
611
645
767
866
931
1107
1355
1465
1502
1602
1671
1587
1371
1247
1105
866
537
296
174
53
-39
4
191
397
627
998
1574
2104
2642
3148
3868
4337
4843
5140
5366
5553
4867
4527
3627
3108
1857
77
-969
-2229
-3173
-4881
-5848
-6266
-6868
-7483
-7602
-6861
-6487
-6352
-5699
-4278
-3349
-2919
-2200
-1106
-411
-287
152
894
1139
986
1069
1550
1825
1706
1891
2198
2660
2803
3101
3552
3811
4057
4015
4149
4157
3882
3332
2610
2023
1257
204
-869
-1790
-2730
-3789
-4617
-5069
-5361
-5947
-6123
-5857
-5428
-5078
-4764
-3781
-3008
-2298
-1598
-670
218
544
983
1517
1987
2003
1926
2028
2020
1770
1501
1482
1442
1159
971
1041
1167
1095
1061
1189
1295
1313
1241
1338
1300
1158
960
854
814
542
323
142
98
29
-38
69
243
449
712
1103
1648
2167
2665
3185
3818
4335
4812
5080
5291
5454
4801
4363
3464
2929
1672
-166
-1262
-2524
-3500
-5292
-6307
-6711
-7347
-8028
-8170
-7417
-7054
-6990
-6324
-4821
-3783
-3305
-2521
-1245
-425
-163
368
1244
1589
1473
1612
2127
2428
2245
2372
2614
3034
3115
3344
3719
3936
4129
3982
4092
4096
3788
3199
2447
1896
1171
83
-972
-1883
-2808
-3934
-4826
-5283
-5669
-6311
-6608
-6303
-5896
-5611
-5265
-4282
-3371
-2715
-1928
-850
170
619
1099
1855
2420
2509
2459
2630
2709
2381
2104
2059
1963
1562
1238
1275
1327
1154
990
1125
1225
1206
1113
1216
1289
1168
1039
977
996
780
514
363
293
194
44
87
236
369
564
858
1392
1874
2338
2848
3507
4108
4530
4993
5193
5543
5085
4665
4109
3361
2598
687
-469
-1737
-2805
-4305
-5813
-6298
-7050
-7688
-8141
-7625
-7132
-7015
-6574
-5292
-3990
-3321
-2632
-1443
-348
107
582
1365
1940
1893
1911
2227
2604
2452
2367
2459
2718
2887
2879
3211
3372
3577
3515
3534
3643
3486
3068
2412
1879
1308
401
-679
-1612
-2534
-3556
-4616
-5259
-5716
-6384
-6814
-6831
-6429
-6125
-5808
-4975
-4050
-3137
-2359
-1282
-173
536
1126
1768
2494
2796
2842
2929
3003
2811
2463
2218
2099
1723
1348
1124
1087
996
741
720
765
841
781
829
934
952
876
849
941
862
690
501
456
379
275
222
301
403
527
776
1190
1642
2100
2583
3248
3840
4406
4936
5209
5640
5251
4991
4388
3787
2950
1077
-79
-1471
-2540
-4186
-5694
-6341
-7209
-7904
-8410
-7946
-7544
-7398
-6905
-5607
-4308
-3549
-2731
-1472
-348
219
813
1667
2249
2292
2375
2689
3015
2822
2704
2698
2833
2877
2852
3055
3154
3313
3275
3345
3462
3411
3068
2526
2043
1543
714
-305
-1230
-2186
-3272
-4355
-5093
-5655
-6350
-6968
-6972
-6709
-6382
-6137
-5422
-4371
-3496
-2547
-1498
-248
600
1245
2000
2793
3222
3258
3339
3407
3267
2856
2555
2357
1934
1433
1113
1024
852
551
461
550
659
634
690
860
943
916
879
974
936
720
523
422
368
211
82
107
178
247
420
763
1226
1668
2148
2754
3493
4061
4680
5053
5446
5611
5113
4908
4094
3589
2116
486
-639
-2040
-3253
-5171
-6190
-6947
-7781
-8488
-8583
-8039
-7791
-7552
-6637
-5157
-4107
-3328
-2264
-873
24
635
1334
2169
2475
2464
2654
2910
3007
2677
2588
2580
2742
2715
2710
2908
3083
3295
3298
3446
3621
3461
3003
2465
2043
1433
343
-669
-1604
-2592
-3755
-4783
-5330
-6073
-6795
-7188
-7007
-6755
-6654
-6121
-5240
-4209
-3454
-2402
-1144
-93
709
1415
2394
3014
3266
3389
3562
3574
3262
2906
2703
2383
1899
1506
1338
1248
985
805
847
1001
1009
1049
1176
1353
1353
1262
1312
1300
1183
901
755
686
543
334
231
292
333
364
549
886
1288
1672
2149
2820
3462
4001
4591
4974
5403
5295
4863
4601
3854
3264
1524
150
-1039
-2383
-3734
-5593
-6342
-7234
-8027
-8679
-8534
-8035
-7883
-7537
-6442
-4954
-4009
-3191
-1996
-641
203
799
1567
2367
2556
2584
2704
3005
2973
2604
2515
2456
2647
2490
2484
2669
2849
2987
2893
3106
3275
3036
2573
2092
1818
1125
81
-810
-1674
-2650
-3873
-4734
-5314
-6028
-6763
-7045
-6866
-6653
-6450
-5886
-4912
-3986
-3095
-1987
-716
325
1108
1886
2776
3356
3601
3694
3803
3735
3399
3030
2723
2378
1869
1456
1217
1050
791
589
603
676
707
749
875
1022
1013
992
1031
1040
913
685
565
473
353
175
145
172
204
306
514
934
1289
1742
2231
2940
3553
4148
4704
5054
5465
5092
4961
4410
3932
2914
1188
143
-1154
-2293
-4065
-5418
-6109
-7007
-7817
-8227
-7827
-7535
-7459
-6892
-5540
-4332
-3549
-2675
-1349
-230
464
1053
1917
2437
2456
2487
2624
2901
2589
2344
2191
2315
2387
2170
2282
2407
2642
2584
2577
2862
2853
2514
1969
1692
1371
481
-485
-1355
-2130
-3214
-4311
-4918
-5495
-6195
-6838
-6857
-6565
-6430
-6205
-5576
-4553
-3742
-2887
-1784
-598
375
1011
1921
2770
3264
3404
3489
3694
3577
3227
2887
2653
2270
1752
1397
1230
1048
719
514
573
621
575
548
657
795
746
777
833
875
731
565
563
572
522
381
433
513
648
779
1086
1514
1895
2287
2789
3458
3969
4514
4805
5298
5303
4962
4745
4161
3659
2061
790
-281
-1526
-2924
-4678
-5473
-6367
-7259
-7963
-7920
-7609
-7583
-7329
-6343
-5060
-4194
-3412
-2234
-943
-20
627
1406
2188
2438
2554
2665
3025
3053
2738
2618
2625
2849
2647
2550
2668
2815
2813
2589
2764
2864
2581
2094
1735
1578
903
-11
-831
-1505
-2417
-3511
-4233
-4771
-5356
-6145
-6382
-6201
-6029
-5872
-5583
-4676
-3836
-3076
-2144
-1053
54
717
1469
2370
3076
3353
3391
3608
3685
3466
3056
2794
2503
1959
1475
1173
986
607
219
122
134
69
-67
-44
75
94
103
163
293
259
132
122
173
232
120
147
265
436
615
814
1189
1537
1917
2327
2839
3431
3852
4338
4694
5072
5221
4835
4655
4049
3570
2299
874
-133
-1416
-2619
-4313
-5292
-6067
-6923
-7630
-7854
-7520
-7403
-7196
-6515
-5308
-4308
-3569
-2564
-1337
-271
388
1036
1884
2346
2538
2603
2888
3130
2895
2744
2673
2893
2823
2629
2711
2830
2933
2722
2752
2938
2767
2365
1895
1724
1232
350
-485
-1213
-1979
-3069
-3933
-4496
-5046
-5807
-6245
-6153
-5961
-5859
-5704
-4946
-4065
-3333
-2533
-1535
-402
386
1063
1949
2705
3153
3224
3400
3572
3452
3113
2756
2548
2137
1673
1300
1108
881
503
319
298
324
204
146
274
387
398
367
491
594
535
465
494
624
577
510
612
780
931
986
1252
1625
1954
2288
2657
3337
3744
4171
4508
4872
5169
4659
4502
3949
3554
2333
796
-103
-1344
-2513
-4273
-5275
-5942
-6842
-7636
-7921
-7547
-7449
-7396
-6772
-5528
-4521
-3883
-2923
-1614
-518
170
802
1782
2286
2413
2493
2789
3108
2764
2568
2496
2717
2646
2357
2474
2595
2718
2491
2479
2729
2523
2107
1618
1438
1002
80
-722
-1427
-2157
-3271
-4150
-4682
-5243
-5912
-6391
-6278
-6059
-5903
-5593
-4939
-4023
-3266
-2372
-1323
-289
578
1222
2098
2803
3295
3437
3544
3652
3491
3218
2775
2502
2037
1529
1138
851
658
245
24
-14
-12
-25
-119
-25
55
67
98
147
250
198
162
171
239
250
209
260
358
546
689
936
1271
1620
2056
2480
3033
3556
4074
4481
4943
5251
5509
5427
4963
4681
3999
3376
1918
601
-474
-1777
-3063
-4649
-5440
-6239
-7019
-7625
-7561
-7180
-7010
-6708
-5835
-4566
-3675
-2902
-1871
-652
257
792
1429
2154
2425
2432
2414
2653
2716
2366
2171
2135
2347
2197
2052
2207
2385
2444
2221
2346
2528
2296
1811
1353
1165
541
-380
-1226
-1912
-2761
-3860
-4633
-5130
-5605
-6226
-6442
-6182
-5875
-5556
-5054
-4154
-3230
-2398
-1403
-327
685
1377
2015
2774
3304
3558
3494
3491
3393
3071
2621
2190
1821
1292
799
476
359
161
-101
-155
-57
57
73
146
333
411
415
443
549
550
396
308
296
325
193
162
249
350
512
676
1061
1419
1792
2243
2797
3367
3903
4413
4871
5348
5512
5804
5470
5033
4488
3696
2881
1121
-172
-1411
-2677
-4127
-5621
-6285
-6977
-7616
-7993
-7667
-7170
-6868
-6369
-5225
-3888
-3024
-2274
-1193
-90
671
1005
1581
2093
2172
2045
1962
2250
2139
1823
1650
1804
2104
1959
1974
2244
2569
2646
2470
2723
2786
2436
1789
1277
970
45
-1028
-2005
-2741
-3725
-4791
-5423
-5781
-6133
-6553
-6408
-5886
-5325
-4775
-3986
-2859
-1840
-888
169
1196
2073
2589
3131
3645
3900
3858
3586
3424
3079
2654
2119
1673
1270
769
442
212
147
-17
-178
-145
-57
40
-12
24
78
58
-2
-59
-63
-213
-368
-495
-491
-466
-512
-433
-285
-18
303
645
1121
1571
2118
2664
3282
3863
4480
4933
5347
5745
5887
6079
5363
4939
4214
3503
2270
377
-726
-2030
-3231
-4870
-5983
-6460
-7122
-7731
-7765
-7177
-6682
-6423
-5760
-4378
-3185
-2444
-1716
-609
366
898
1158
1759
2099
2029
1791
1821
2174
1961
1691
1594
1953
2223
2077
2254
2610
2944
2834
2662
2959
2832
2247
1416
934
449
-692
-1844
-2783
-3495
-4541
-5444
-5809
-5956
-6180
-6346
-5829
-5030
-4289
-3568
-2634
-1390
-409
486
1387
2238
2859
3057
3353
3545
3558
3139
2685
2354
1892
1423
831
533
173
-164
-337
-363
-229
-282
-264
-88
110
227
206
256
280
195
46
-56
-136
-340
-534
-619
-579
-520
-474
-270
27
445
903
1388
1976
2534
3179
3789
4401
4986
5484
5830
6181
6251
6348
5909
5123
4461
3453
2584
697
-841
-2065
-3317
-4639
-6167
-6776
-7219
-7716
-8024
-7611
-6889
-6412
-5969
-4947
-3572
-2685
-2096
-1317
-359
361
537
822
1261
1359
1240
1072
1414
1642
1486
1454
1698
2299
2474
2568
2924
3265
3444
3150
3126
3091
2562
1667
756
194
-731
-1947
-3066
-3828
-4561
-5373
-5779
-5792
-5689
-5642
-5227
-4283
-3352
-2532
-1633
-596
489
1156
1876
2478
2896
2982
2877
2927
2788
2442
1856
1480
1149
837
484
265
216
50
33
104
326
440
386
429
506
533
431
228
94
-125
-377
-585
-729
-807
-962
-1001
-858
-589
-282
65
546
1064
1643
2207
2834
3396
3900
4397
4836
5189
5523
5700
5845
5836
5664
5537
4629
3976
2992
2228
940
-896
-1994
-3140
-4102
-5599
-6548
-6904
-7229
-7650
-7597
-6952
-6361
-5988
-5401
-4180
-3031
-2391
-1834
-992
-114
410
544
1012
1407
1536
1461
1598
2156
2266
2201
2268
2765
3191
3113
3141
3287
3392
3003
2514
2240
1740
830
-331
-1152
-1855
-2892
-3971
-4763
-5140
-5613
-5924
-5824
-5386
-4958
-4518
-3623
-2551
-1610
-809
20
924
1501
1936
2292
2472
2473
2230
2073
1857
1605
1235
902
676
492
388
261
327
294
292
355
439
501
336
204
82
-121
-363
-622
-841
-1074
-1283
-1356
-1325
-1274
-1157
-934
-554
-88
433
958
1535
2103
2655
3152
3595
3975
4161
4335
4514
4686
4763
4739
4948
4912
5027
4856
4949
4542
3598
3055
2243
1668
-238
-1704
-2688
-3680
-4990
-6450
-6987
-7270
-7825
-8069
-7562
-6706
-6175
-5750
-4673
-3190
-2023
-1444
-691
270
1142
1437
1527
2125
2307
2213
1813
2150
2649
2408
2175
2285
2943
3013
2809
2968
3117
2925
2218
1852
1572
821
-334
-1460
-2101
-2863
-3801
-4639
-5080
-5249
-5460
-5317
-4716
-3981
-3311
-2705
-1612
-517
250
867
1317
1897
1943
2002
1956
1806
1429
893
620
392
224
-65
-207
-225
-151
-14
120
318
369
372
361
360
250
-9
-371
-685
-1007
-1229
-1402
-1560
-1618
-1604
-1319
-1011
-568
-112
419
991
1547
2197
2678
3131
3395
3634
3834
3873
3954
3824
3784
3717
3801
3849
4030
4109
4314
4527
4552
4746
3887
3360
2508
1824
501
-1603
-2866
-4103
-5356
-6975
-7910
-8203
-8426
-8771
-8192
-7129
-6087
-5212
-4177
-2602
-1237
-182
452
1137
1694
2196
2010
1907
2096
1992
1708
1255
1845
2235
2107
2110
2643
3370
3235
3188
3370
3419
2704
1817
1273
501
-658
-2041
-3025
-3832
-4600
-5177
-5525
-5454
-5151
-4641
-3930
-2890
-1804
-810
-106
756
1513
1909
1945
1839
1739
1289
834
394
236
-193
-524
-549
-363
20
102
491
801
1047
1188
1169
1196
842
351
-224
-667
-1154
-1687
-2186
-2466
-2521
-2466
-2182
-1758
-1186
-620
14
687
1389
1955
2373
2675
2846
3053
3051
3003
2772
2576
2380
2201
2109
2107
2243
2379
2710
3235
3758
4404
4811
5266
5599
5519
5517
4213
3261
1943
741
-1106
-3580
-4959
-6191
-7399
-8671
-8993
-8716
-8371
-8101
-6737
-5184
-3953
-2884
-1847
-556
159
815
887
884
628
741
504
109
403
530
875
746
1701
2804
3183
3438
3889
4626
4383
3900
3499
3011
1778
333
-615
-1620
-2616
-3717
-4315
-4642
-4688
-4371
-3937
-3387
-2655
-1795
-1133
-459
94
654
644
489
489
415
207
-142
-297
-324
-363
-236
145
588
868
1164
1282
1682
1753
1624
1262
699
298
-440
-1040
-1610
-2114
-2546
-2843
-2760
-2501
-2058
-1621
-1011
-427
271
992
1469
1840
2008
2210
2187
2074
2019
1976
1731
1476
1477
1582
1688
1695
1945
2218
2487
2791
3174
3553
3879
4132
4454
4640
4901
4866
4849
4595
4325
3832
2252
1271
-29
-821
-2833
-4650
-5603
-6313
-7228
-7873
-7663
-7259
-6879
-6467
-4964
-3913
-2982
-2058
-1348
-641
-420
287
336
60
-160
197
190
-43
450
971
1400
1322
2200
3088
3296
3436
3654
3747
3144
2604
2235
1431
179
-780
-1358
-2320
-3012
-3428
-3410
-3793
-3896
-3349
-2859
-2603
-2354
-1730
-1400
-1229
-1006
-547
-357
-388
-103
113
287
501
813
1128
1020
1197
1428
1511
1163
900
624
212
-388
-976
-1243
-1712
-2036
-2353
-2371
-2167
-1991
-1641
-1333
-783
-339
167
522
917
1198
1315
1434
1418
1523
1478
1493
1451
1467
1575
1733
1866
1945
2152
2331
2497
2579
2723
2888
2896
2967
2958
3037
3024
3143
3298
3427
3566
3755
3791
3906
3759
3761
2884
1396
404
-673
-1532
-3651
-5007
-5843
-6267
-6996
-7032
-6521
-5753
-5113
-4593
-3147
-2164
-1077
-801
-795
-451
-366
-431
-1067
-1272
-1209
-1127
-1306
-770
296
1151
1838
2362
3458
4256
4659
4677
4416
4014
3291
2260
1137
305
-629
-1554
-2485
-3002
-2965
-3100
-3012
-2977
-2625
-2172
-1923
-1712
-1467
-1147
-1055
-1127
-1166
-774
-497
-313
-186
195
675
827
1021
1064
1196
879
457
-71
-590
-1051
-1638
-2173
-2613
-2649
-2584
-2378
-2064
-1524
-887
-395
104
546
1002
1234
1193
1038
973
915
745
534
441
514
580
693
933
1279
1634
1835
2009
2246
2438
2515
2491
2396
2356
2268
2131
2034
1928
1932
1873
1893
2024
2283
2515
2740
2909
3019
3276
3260
3428
2461
1467
534
-165
-906
-2600
-3587
-4253
-4405
-4799
-4983
-4883
-4158
-3433
-3235
-2871
-2592
-1615
-1528
-1956
-2139
-2055
-1708
-1926
-2021
-1746
-947
-193
590
1244
2164
3317
3806
4018
3967
4106
4034
3156
2216
1388
772
35
-869
-1564
-1728
-1784
-1965
-2150
-2157
-1697
-1469
-1492
-1612
-1629
-1425
-1441
-1622
-1714
-1495
-1234
-1057
-949
-659
-142
122
298
68
-13
-142
-461
-930
-1398
-1657
-1920
-2092
-2111
-1771
-1380
-891
-387
47
658
1103
1430
1406
1272
1172
935
586
171
-79
-172
-124
-90
83
450
873
1334
1627
1907
2138
2294
2364
2240
2045
1813
1618
1355
1107
926
861
871
874
936
1108
1313
1645
1928
2178
2526
2888
3118
3393
3363
3843
3500
2500
1594
496
247
-1095
-2303
-3588
-4309
-4451
-4541
-4841
-5228
-4674
-3972
-3173
-3219
-3049
-2405
-2093
-1644
-1800
-1815
-1739
-1343
-893
-691
-367
453
1438
1847
2225
2710
3201
3507
3259
3030
2561
2225
1987
1385
565
-95
-211
-278
-541
-970
-1030
-958
-916
-922
-1101
-1293
-1494
-1580
-1705
-1972
-2138
-2135
-1982
-1941
-1758
-1490
-1151
-701
-472
-332
-366
-320
-287
-454
-634
-798
-799
-779
-564
-410
-158
159
540
997
1239
1382
1277
1191
1129
989
692
337
100
3
113
246
499
811
1189
1664
1959
2181
2229
2245
2226
1984
1653
1283
959
690
480
272
200
224
450
802
1071
1370
1607
1994
2378
2718
2900
3150
3281
3465
3570
3455
3542
2722
2045
895
-74
-831
-1949
-2776
-3925
-4459
-4631
-4418
-4445
-4306
-4074
-3629
-2738
-2282
-1825
-2097
-2180
-1951
-1859
-1736
-1969
-2068
-1877
-1383
-631
105
473
860
1491
2152
2766
2882
2709
2512
2075
1938
1577
1095
669
251
145
58
-162
-280
-441
-639
-718
-1019
-1369
-1769
-2216
-2461
-2802
-3102
-3116
-3063
-2788
-2425
-2081
-1545
-983
-418
227
493
574
587
314
358
125
-185
-332
-573
-349
-83
126
424
564
690
1064
1235
1390
1303
901
788
555
405
292
46
79
262
542
979
1200
1280
1359
1286
1335
1283
1001
777
426
246
235
138
210
276
477
939
1289
1659
1975
2172
2462
2545
2582
2631
2600
2595
2656
2575
2662
2524
2455
2430
1966
1625
654
53
-705
-1479
-2088
-2808
-3059
-3094
-2887
-2612
-2340
-2248
-1919
-1668
-1459
-1258
-1539
-1655
-1859
-2017
-2039
-2300
-2413
-2355
-2115
-1468
-844
-233
288
735
1201
1586
1637
1463
1174
841
678
472
302
164
48
70
115
172
161
44
-76
-281
-421
-677
-992
-1262
-1557
-1717
-1833
-1861
-1690
-1628
-1542
-1352
-1276
-1018
-953
-1032
-877
-811
-673
-455
-462
-300
-172
-30
252
348
480
665
883
1145
1377
1484
1547
1599
1590
1660
1633
1458
1245
1021
807
690
411
75
-158
-384
-446
-556
-692
-765
-837
-808
-762
-735
-713
-721
-667
-578
-487
-446
-406
-328
-260
-207
-180
-221
-275
-371
-464
-482
-515
-540
-529
-443
-262
-86
103
320
549
783
972
1121
1231
1265
1265
1237
1152
1030
906
810
711
656
592
569
543
497
471
440
410
365
305
257
255
233
206
159
132
112
61
37
26
11
-18
-62
-48
-70
-123
-159
-158
-130
-145
-134
-79
47
129
196
261
347
427
469
501
509
522
508
533
534
508
433
373
331
246
154
64
-3
-81
-122
-135
-124
-107
-94
-62
19
112
179
217
220
214
154
71
-52
-189
-347
-546
-707
-880
-1015
-1109
-1191
-1233
-1235
-1168
-1081
-952
-804
-634
-480
-339
-202
-80
27
89
121
102
95
58
8
-86
-204
-269
-335
-386
-436
-424
-391
-337
-257
-121
54
200
321
436
572
687
703
691
683
669
634
573
551
526
475
438
415
415
385
351
327
324
304
286
266
234
226
164
123
46
-68
-154
-260
-360
-511
-663
-819
-942
-1052
-1163
-1209
-1219
-1127
-1001
-815
-612
-417
-197
12
212
346
446
540
622
691
721
742
763
754
724
653
564
498
423
359
289
232
210
226
235
262
317
396
449
472
515
568
615
573
496
401
310
184
49
-111
-295
-456
-610
-703
-761
-813
-824
-789
-759
-706
-603
-501
-391
-295
-168
-36
49
112
171
247
258
213
162
98
35
-63
-176
-290
-408
-491
-513
-491
-433
-410
-317
-222
-118
-55
-178
-158
-199
-133
-46
-36
128
339
465
638
624
429
325
162
126
146
83
147
350
539
820
936
922
939
804
687
505
211
-76
-353
-576
-675
-784
-934
-1020
-1078
-1072
-1079
-1174
-1288
-1344
-1357
-1304
-1170
-1005
-777
-484
-112
271
592
831
984
1126
1179
1138
1049
923
855
793
784
813
838
911
972
1029
1017
967
930
908
845
773
677
591
565
401
337
17
-360
-555
-822
-913
-1189
-1720
-1849
-1772
-1689
-1441
-1600
-1524
-977
-691
-398
-469
-938
-772
-704
-649
-490
-666
-334
294
656
886
685
315
382
330
262
296
-40
114
419
474
541
209
-9
214
375
492
549
414
537
618
434
346
54
-7
321
371
548
488
391
682
772
693
574
440
620
856
845
821
709
620
791
741
597
463
272
329
247
-71
-354
-648
-791
-800
-943
-1042
-1077
-1083
-977
-926
-1025
-963
-921
-778
-620
-634
-550
-455
-261
-17
147
271
420
568
657
662
517
427
312
236
182
79
66
95
184
281
334
407
502
593
661
645
601
529
446
300
159
-21
-145
-225
-315
-405
-529
-570
-525
-532
-546
-564
-538
-502
-482
-489
-457
-407
-402
-374
-363
-287
-240
-204
-138
-64
33
121
215
311
404
483
530
579
650
727
816
880
954
1013
1051
1078
1074
1083
1081
1086
1078
1074
1087
1060
1075
1080
1023
1051
940
946
692
353
21
-483
-661
-1089
-1343
-1565
-1756
-1654
-1654
-1659
-1738
-1823
-1812
-1847
-1976
-2151
-2316
-2433
-2444
-2438
-2325
-2090
-1804
-1361
-1017
-721
-457
-235
15
76
135
194
345
487
596
728
835
1007
1185
1332
1413
1349
1300
1176
967
681
271
6
-304
-570
-830
-1073
-1133
-1078
-993
-875
-736
-530
-256
-146
-54
-60
-66
-24
-77
-109
-171
-206
-158
-125
-65
-6
111
267
416
568
677
801
831
850
803
717
634
516
419
285
152
85
48
37
50
82
175
275
375
519
653
774
905
977
1134
1232
1358
1494
1592
1730
1846
1966
2164
2228
2369
2461
2465
2604
2154
1923
1228
746
429
-301
-484
-1006
-1095
-1093
-1310
-1317
-1568
-1650
-1673
-1839
-2006
-2268
-2465
-2585
-2726
-2811
-2742
-2597
-2299
-1942
-1616
-1178
-897
-581
-345
-222
-11
67
353
545
789
1036
1186
1441
1545
1709
1773
1739
1730
1450
1212
837
491
237
-58
-212
-388
-506
-561
-612
-614
-645
-675
-670
-668
-711
-737
-746
-729
-667
-633
-508
-418
-386
-299
-292
-251
-313
-373
-359
-334
-282
-269
-184
-70
41
113
180
269
333
379
371
292
158
21
-82
-164
-217
-266
-251
-189
-136
-88
-64
26
99
175
242
299
342
345
378
420
490
571
676
835
979
1102
1211
1339
1419
1504
1600
1715
1818
1900
2051
2167
2247
2289
2203
2262
1999
1659
1156
533
216
-419
-675
-1056
-1247
-1235
-1422
-1364
-1615
-1771
-1969
-2206
-2364
-2719
-2875
-3079
-3157
-3195
-3193
-2947
-2701
-2276
-1794
-1270
-696
-279
111
334
547
655
783
974
1150
1378
1475
1599
1650
1649
1613
1472
1400
1194
1005
778
502
273
-36
-167
-262
-301
-313
-335
-249
-248
-285
-422
-573
-703
-859
-911
-954
-881
-805
-722
-627
-562
-486
-508
-440
-380
-273
-183
-114
52
168
299
375
456
539
536
563
558
525
404
229
75
-136
-306
-469
-529
-462
-387
-260
-161
-84
-88
-140
-216
-309
-354
-373
-312
-253
-151
-42
49
151
199
276
371
515
709
870
1090
1234
1320
1325
1215
1169
1120
1049
1032
1020
1135
1262
1244
1259
1155
1015
890
617
390
216
18
-71
-236
-483
-623
-827
-1039
-1193
-1351
-1372
-1305
-1231
-1026
-801
-647
-454
-350
-272
-215
-251
-225
-233
-249
-240
-226
-208
-212
-218
-207
-182
-157
-119
-106
-78
-72
-95
-62
-65
-84
-78
-122
-139
-128
-150
-126
-135
-153
-164
-216
-245
-245
-212
-191
-125
-70
-4
55
91
164
190
188
210
219
254
291
292
317
312
297
269
231
173
116
63
1
-53
-118
-184
-243
-297
-343
-370
-391
-375
-336
-317
-312
-293
-292
-274
-273
-275
-254
-257
-212
-157
-62
35
123
218
308
403
489
568
636
688
730
780
823
861
886
904
925
947
956
957
927
857
763
651
538
404
266
117
-48
-196
-343
-479
-600
-693
-764
-826
-850
-849
-828
-796
-764
-681
-625
-587
-550
-511
-450
-415
-396
-360
-292
-240
-191
-105
5
120
180
244
304
355
404
457
525
554
548
487
418
335
213
106
14
-23
-78
-138
-147
-144
-127
-107
-100
-67
-29
-21
5
-1
-10
-36
-80
-85
-112
-132
-149
-155
-152
-150
-154
-164
-163
-176
-176
-177
-164
-158
-134
-150
-204
-151
-196
-174
-218
-281
-252
-348
-349
-435
-511
-533
-592
-606
-645
-667
-667
-639
-606
-529
-448
-315
-180
-20
156
301
438
548
658
728
785
827
893
909
918
951
973
1012
1022
1037
1029
1005
962
918
842
744
640
517
403
270
131
-30
-215
-391
-542
-632
-719
-845
-931
-977
-982
-970
-1013
-1001
-946
-872
-750
-643
-491
-328
-165
24
174
293
382
446
516
627
605
567
602
552
548
489
398
355
297
260
187
112
42
-49
-114
-140
-192
-182
-193
-126
-59
-73
-88
-149
-177
-254
-259
-349
-355
-421
-488
-409
-672
-674
-717
-499
-173
-138
-46
-6
187
142
40
-263
-358
-254
-165
-38
-183
-228
-203
-181
-252
-460
-685
-668
-645
-582
-633
-713
-532
-346
-166
-116
-89
74
350
475
550
500
499
695
761
842
780
804
983
1069
1038
899
805
820
854
807
751
704
729
853
869
824
711
616
540
311
32
-269
-499
-666
-851
-1024
-1143
-1198
-1192
-1125
-1074
-987
-882
-759
-612
-510
-412
-302
-174
-54
39
126
218
312
392
496
636
736
783
773
781
774
717
624
545
494
433
369
269
184
109
56
-5
-103
-182
-193
-183
-186
-223
-256
-268
-261
-281
-374
-482
-559
-585
-570
-638
-685
-664
-604
-510
-513
-492
-428
-345
-221
-147
-100
-1
131
238
284
259
302
375
331
243
133
133
138
27
-102
-166
-100
-35
-42
-128
-86
15
112
142
88
159
252
345
332
235
197
249
247
212
166
190
331
385
384
299
322
375
391
296
167
156
169
163
21
-70
-94
-105
-185
-393
-575
-692
-746
-830
-966
-1078
-1046
-933
-873
-845
-809
-618
-409
-300
-244
-189
-16
150
209
193
225
355
507
524
479
519
643
772
742
689
694
746
756
639
520
453
423
342
197
78
38
42
-2
-78
-117
-103
-106
-144
-200
-263
-277
-299
-351
-440
-501
-475
-437
-433
-476
-443
-367
-278
-266
-275
-243
-174
-90
-73
-83
-96
-54
30
87
110
159
177
221
218
204
208
182
203
225
256
247
211
186
224
272
296
266
251
305
392
388
320
292
297
322
237
123
70
66
75
47
28
52
112
150
188
170
180
166
91
20
-134
-225
-329
-425
-486
-555
-567
-569
-593
-597
-579
-542
-520
-556
-574
-537
-473
-408
-351
-265
-129
30
143
254
368
497
587
626
639
661
689
646
593
545
550
564
523
451
397
357
301
200
73
-9
-73
-153
-265
-368
-400
-369
-360
-391
-436
-423
-347
-297
-310
-360
-332
-222
-170
-231
-311
-330
-280
-242
-267
-281
-273
-215
-160
-135
-137
-104
-64
-18
-6
-16
14
49
99
110
122
142
179
200
239
275
306
349
357
356
318
289
245
210
163
128
83
33
42
28
31
26
22
45
55
70
67
44
27
21
24
-5
-48
-64
-56
-46
-51
-84
-136
-167
-215
-257
-320
-412
-454
-467
-477
-485
-493
-450
-355
-287
-223
-175
-122
-35
44
74
34
21
78
152
205
210
235
345
474
603
674
726
800
858
882
839
784
713
664
553
415
276
132
31
-121
-240
-338
-386
-396
-416
-435
-488
-485
-473
-463
-453
-462
-464
-467
-498
-503
-520
-529
-539
-547
-505
-473
-391
-328
-256
-199
-147
-44
37
97
109
175
264
331
365
355
369
350
346
333
272
241
209
228
241
228
238
288
396
471
523
566
592
604
577
542
479
402
302
176
70
-34
-118
-179
-208
-211
-242
-251
-247
-229
-210
-233
-228
-239
-231
-257
-269
-303
-361
-383
-408
-416
-502
-558
-580
-565
-537
-521
-487
-414
-319
-211
-98
-8
76
151
267
334
370
370
379
415
395
375
325
309
304
308
323
346
394
420
467
487
484
445
379
317
211
101
-4
-84
-158
-232
-286
-323
-341
-348
-337
-313
-296
-313
-323
-329
-351
-385
-408
-401
-377
-366
-336
-280
-210
-150
-106
-40
17
79
133
178
199
194
172
159
152
114
72
34
13
-17
-51
-57
-62
-56
-59
-24
24
55
83
119
183
233
270
288
309
313
294
266
231
187
111
46
-7
-76
-146
-194
-194
-175
-161
-144
-122
-82
-69
-68
-64
-75
-104
-151
-188
-210
-252
-297
-341
-367
-372
-372
-355
-324
-278
-217
-119
-17
76
180
277
384
447
491
516
522
508
462
414
366
323
247
175
126
98
78
57
31
10
-8
-14
-2
14
11
-8
-11
4
16
-21
-56
-80
-100
-135
-171
-206
-249
-260
-255
-221
-208
-202
-184
-153
-133
-125
-106
-95
-81
-65
-26
11
27
38
58
99
124
140
127
114
105
82
50
-16
-70
-107
-108
-98
-69
-11
42
98
166
253
336
417
485
526
539
541
561
580
574
557
541
529
494
425
338
