-571
-580
-609
-632
-646
-641
-650
-655
-656
-652
-666
-681
-698
-727
-729
-728
-731
-736
-726
-700
-697
-682
-672
-662
-661
-642
-606
-576
-522
-480
-433
-391
-335
-280
-229
-171
-110
-48
-7
59
133
179
256
314
376
438
489
545
561
605
632
679
726
754
793
800
847
891
917
919
940
980
1002
1035
1062
1092
1096
1112
1140
1162
1181
1181
1188
1190
1186
1170
1131
1087
1057
1020
982
924
873
822
767
730
650
583
500
420
328
251
179
85
12
-68
-106
-179
-248
-311
-382
-425
-479
-519
-574
-615
-639
-648
-663
-674
-686
-685
-677
-670
-670
-689
-687
-694
-706
-721
-727
-721
-705
-695
-679
-662
-658
-633
-632
-631
-610
-590
-573
-551
-509
-483
-448
-389
-347
-314
-299
-262
-224
-190
-147
-119
-79
-30
9
46
84
131
164
182
199
214
226
229
227
222
224
232
215
203
182
161
144
127
106
74
49
14
-18
-36
-52
-53
-61
-36
-16
-3
36
43
59
61
69
79
86
100
115
155
187
236
281
335
378
413
448
468
473
481
481
480
476
484
495
494
510
518
516
495
482
467
434
409
370
329
296
273
267
239
231
227
186
163
115
62
3
-53
-121
-182
-236
-307
-376
-450
-519
-603
-670
-758
-843
-940
-1017
-1071
-1139
-1205
-1271
-1337
-1392
-1443
-1493
-1519
-1553
-1562
-1575
-1557
-1518
-1488
-1415
-1362
-1298
-1229
-1135
-1057
-969
-862
-757
-628
-513
-384
-263
-143
-10
123
249
356
485
608
735
866
975
1090
1195
1288
1383
1467
1540
1611
1689
1766
1824
1857
1923
1941
1969
1977
1986
2000
1983
1972
1956
1947
1917
1890
1873
1859
1830
1806
1788
1745
1699
1646
1579
1497
1393
1307
1199
1097
994
875
769
638
514
394
252
125
1
-141
-260
-379
-493
-596
-705
-803
-909
-989
-1081
-1160
-1224
-1264
-1294
-1340
-1354
-1379
-1398
-1414
-1416
-1409
-1413
-1401
-1404
-1406
-1396
-1403
-1405
-1408
-1430
-1433
-1454
-1467
-1483
-1508
-1516
-1526
-1547
-1557
-1557
-1557
-1562
-1560
-1531
-1515
-1486
-1437
-1393
-1348
-1303
-1240
-1172
-1118
-1064
-982
-911
-834
-759
-668
-583
-507
-415
-337
-242
-139
-49
34
110
194
293
373
435
504
580
636
686
737
781
834
879
920
949
972
978
987
1017
1017
1032
1036
1042
1044
1046
1051
1036
1020
995
992
977
952
932
911
884
856
836
797
767
733
699
653
611
573
525
483
440
387
344
297
242
203
148
100
46
-6
-45
-105
-141
-182
-215
-228
-241
-240
-235
-251
-258
-262
-259
-255
-260
-255
-249
-247
-242
-233
-232
-231
-231
-229
-229
-238
-231
-246
-250
-235
-235
-222
-232
-242
-240
-245
-243
-248
-256
-242
-236
-233
-218
-212
-200
-199
-195
-198
-202
-196
-195
-186
-190
-194
-201
-222
-228
-231
-244
-249
-258
-259
-244
-240
-230
-223
-226
-230
-232
-244
-245
-244
-228
-214
-205
-201
-189
-173
-166
-146
-140
-131
-116
-111
-116
-109
-100
-91
-93
-94
-90
-86
-78
-82
-78
-69
-62
-70
-75
-74
-76
-69
-54
-50
-38
-28
-3
15
20
61
84
103
107
130
158
174
199
209
228
241
264
291
309
323
336
345
343
349
342
355
367
376
391
396
405
404
410
415
410
402
394
385
365
357
363
363
352
342
336
337
332
339
352
350
345
351
354
370
382
400
423
433
433
421
403
375
348
329
314
310
309
307
309
315
323
319
305
284
282
283
285
282
273
260
236
208
193
178
166
159
156
160
160
154
153
155
151
150
151
156
165
165
160
159
158
148
124
102
86
86
82
72
71
71
62
59
61
69
72
72
79
85
86
92
109
110
96
95
105
99
101
102
116
117
108
109
94
89
66
62
57
38
32
17
16
2
-29
-63
-99
-124
-142
-167
-165
-181
-200
-193
-197
-198
-196
-199
-209
-221
-228
-241
-248
-234
-227
-209
-200
-202
-199
-217
-222
-209
-202
-177
-175
-164
-138
-135
-125
-118
-86
-59
-29
4
32
50
46
21
-5
-50
-104
-140
-155
-164
-179
-179
-173
-170
-188
-206
-229
-237
-240
-240
-238
-211
-162
-127
-90
-56
-20
-8
-7
8
11
12
23
16
3
-22
-42
-65
-65
-63
-66
-54
-48
-31
-31
-40
-23
-30
-36
-47
-62
-74
-82
-72
-69
-80
-95
-134
-164
-200
-198
-198
-201
-186
-190
-185
-186
-192
-185
-164
-160
-154
-164
-159
-151
-143
-138
-145
-130
-125
-134
-109
-108
-128
-131
-173
-159
-168
-153
-141
-154
-138
-97
-69
1
37
56
90
39
151
-547
-1066
-987
-911
-689
-672
-523
-347
-79
97
235
456
558
556
584
548
458
456
280
295
222
36
186
122
113
297
273
461
371
360
285
270
228
146
128
-38
-124
99
193
123
267
207
38
11
-169
-236
-374
-389
-213
-333
-196
-157
-109
75
-161
-60
-78
-158
-69
-188
7
88
197
119
153
98
-13
-8
-11
-37
-69
101
120
100
31
113
155
100
64
60
39
124
136
146
16
-48
35
-34
-20
-65
100
149
184
202
109
169
137
153
129
216
240
342
349
163
-783
-1431
-1412
-943
-808
-1046
-823
-716
-350
-209
20
76
154
431
171
365
534
405
299
265
300
307
400
395
378
300
173
94
-85
45
-152
-32
-174
-328
-283
-692
-336
-302
-257
-230
-229
23
4
196
258
384
195
-65
221
272
115
-4
-42
-437
-775
-639
-708
-323
-154
-90
183
265
492
504
611
399
487
455
245
363
324
342
623
692
436
694
634
64
212
148
-71
-111
-129
-100
-78
131
141
444
322
18
64
-48
-1174
-1945
-1906
-1714
-835
-617
-787
-343
297
925
1274
2160
1365
243
90
-628
-684
-918
-759
-577
-260
211
667
1098
888
1282
1178
1140
893
665
531
437
876
582
805
444
278
416
90
204
-63
-101
-265
-560
-515
-695
-491
-558
-611
-336
-289
-123
-122
-49
-169
-379
-500
-706
-835
-943
-786
-593
-505
-259
-155
-57
-59
-41
-133
-817
-1335
-1601
-1539
-1171
-861
-359
-5
507
875
1251
1408
1374
1417
1167
969
-461
-1291
-1029
-923
-665
-702
-273
145
593
822
864
1045
832
837
386
276
217
66
170
25
-28
34
4
345
115
353
251
-259
-6
-251
-465
-347
-412
-369
-199
-394
-103
63
128
152
-8
89
96
-418
-214
-302
-300
-94
-531
431
287
345
438
106
538
193
233
90
53
375
-18
244
350
193
363
-35
274
34
159
200
-183
367
156
203
89
-71
253
196
-103
121
135
69
171
-3
-268
-251
-53
-181
25
-155
-200
-276
-16
-47
-24
53
151
445
-200
-121
-91
-222
-5
10
-65
-94
-25
133
-102
-64
32
-45
5
-287
108
-120
109
162
-229
152
292
442
4
271
166
-29
-20
-165
125
-204
-116
-96
159
26
-236
63
8
-143
88
-222
-244
101
-379
-22
-87
-38
-114
-64
-46
-214
137
7
-172
-244
-23
-144
-91
-292
-224
-84
-298
-219
-242
41
-192
217
208
12
113
-146
118
96
25
-23
-43
-99
-168
113
-3
13
453
45
225
359
99
331
-100
319
272
-12
-24
-18
120
-13
236
-10
76
52
117
-181
6
147
71
9
-264
-70
163
443
-131
223
-88
-72
107
-369
-171
-125
-76
-225
74
-203
-418
96
2
-217
-44
-464
-48
-72
-594
-127
181
-85
-24
213
7
167
295
207
-211
344
23
-308
451
8
198
167
139
182
205
117
157
-3
-27
57
-118
41
27
217
-179
17
355
-162
200
332
79
371
-93
-51
-93
-246
-433
-111
22
-365
-108
-108
234
-2
129
-221
-379
-146
-272
-476
-138
-46
-434
111
-122
-185
136
-58
-81
144
-40
85
78
-90
-141
-181
-251
-203
165
-7
-88
-110
271
-326
-41
103
-86
282
-364
71
-12
-539
-168
414
-136
115
-4
91
61
163
-47
-364
134
-418
-24
-316
37
289
99
269
440
67
310
437
-163
125
-450
47
-376
-177
-77
-300
239
33
25
117
244
279
-120
-70
249
-139
337
-345
131
-261
-428
438
157
44
-132
15
31
20
-374
-424
-108
391
-252
119
166
301
436
-67
333
-69
-26
-50
146
-308
-133
58
65
51
115
258
234
77
188
36
-62
167
4
92
-287
220
256
-29
343
-445
238
491
-311
53
22
150
287
-94
-49
159
206
-243
143
406
-265
52
197
43
201
71
73
37
141
-123
-122
-3
-169
29
-411
10
377
188
21
124
70
521
-94
-239
-445
-85
381
-426
326
-243
-104
131
-218
141
5
-590
112
53
-495
-30
-184
-67
227
88
-75
75
-52
-259
-181
-47
-194
-67
-164
-265
-287
-51
-31
364
487
-336
419
-98
336
192
-283
-276
-169
169
-285
-150
-770
-18
301
262
90
-128
178
-28
350
-52
-411
-238
-261
-132
-126
-81
-94
-12
238
88
-149
70
-43
-123
-403
301
116
-545
152
-256
106
464
-66
24
-14
75
-14
-229
-233
-394
-235
39
-66
16
307
276
400
-147
209
-369
-87
417
-224
-208
-386
156
-336
347
178
-139
678
94
191
-76
13
369
-61
-192
39
81
-291
-308
101
-133
492
289
-163
345
77
58
20
261
10
-63
184
12
294
247
111
411
-248
279
178
91
283
14
-148
326
180
-177
100
158
-17
3
71
-242
340
314
181
195
18
-22
371
-262
90
138
-435
-72
-177
130
-185
391
72
-233
168
-82
29
375
-232
-125
-255
-317
-214
-284
13
202
-10
-223
60
-225
231
167
127
-10
-82
-96
227
-193
-300
296
2
-131
68
-188
-119
-211
-5
268
-261
130
-66
174
101
-477
277
-20
46
-191
-418
-48
-65
360
23
-272
201
-119
63
-74
-177
367
78
-65
-121
-281
-538
277
-297
-477
106
-506
359
470
-368
36
568
-105
126
-151
-341
432
24
401
-171
-68
268
32
191
-158
203
187
121
26
-516
-1
141
46
286
31
31
118
279
129
425
-251
44
8
-456
44
-34
-74
-85
-116
-182
-77
-52
265
-329
13
420
47
-242
81
-312
-276
-57
-478
20
-168
136
-10
-30
715
395
-93
-31
-234
131
50
-412
93
-703
61
132
55
150
344
242
202
107
-309
486
83
521
-485
-107
87
-221
4
-249
139
-38
202
98
-392
-214
106
204
200
-206
42
38
-9
491
-121
-101
-256
-314
159
-76
-54
-33
-382
7
56
377
80
-215
-39
-364
269
-225
9
-424
18
-92
44
319
-98
-56
-176
-69
-296
-20
-243
202
-308
-134
191
-273
145
-150
38
39
23
404
-196
243
218
-882
241
-675
-333
49
-293
695
2
355
258
207
326
-586
-291
81
210
138
-50
-210
35
524
-351
82
286
-559
273
289
-240
26
151
45
175
-139
177
150
-311
191
-244
299
216
442
657
-656
127
-84
-66
355
-505
215
-171
-135
363
48
-35
143
50
325
100
78
291
-130
230
-320
-412
118
-72
-311
177
109
176
172
-58
187
-251
-174
226
316
-75
-189
-116
103
-166
-38
-47
-563
483
151
503
-80
106
424
-381
-15
-135
-46
-262
49
32
51
-201
381
-10
517
458
-94
477
-292
-44
-424
28
-336
364
-64
214
50
-587
184
-224
-303
-324
413
252
370
-92
-237
325
-53
-219
-154
-76
-189
-106
-427
-433
220
-167
227
-343
-136
454
60
350
-124
-296
297
-399
175
161
-715
316
-278
-576
381
-95
194
143
-232
-22
-135
695
176
20
-14
-136
74
27
-460
128
-524
112
207
-160
-5
-446
413
-99
-187
286
-124
418
600
-23
186
-178
-121
-409
-197
-546
-552
467
365
-218
808
16
-47
439
80
118
-130
3
-120
-38
-91
-448
-137
79
380
-125
228
243
1134
-319
-16
-41
-981
397
-29
-312
-340
163
-432
278
579
-123
803
488
257
-387
-100
-457
-305
-115
-711
-394
-111
283
-243
317
629
-733
425
727
-77
433
-286
-374
120
-249
-124
150
313
-148
-585
-203
913
-97
-406
183
-213
-21
-1
570
-36
-407
163
-127
125
106
-408
297
247
-90
781
-217
390
645
-1049
381
-891
-295
189
-638
462
-693
263
406
-263
183
-291
271
241
198
465
161
-438
-154
-286
-763
-794
-273
520
356
442
46
86
448
313
-195
550
24
-574
237
-911
253
56
-281
-74
-540
80
83
654
531
-125
44
-48
-279
25
316
57
-3
347
308
231
-188
-108
-95
-327
-258
-290
-338
-143
27
-218
464
496
-48
323
316
-236
145
156
-363
118
528
-345
-8
265
-165
-407
-210
-474
37
329
173
420
-343
406
298
765
320
-590
398
-326
-585
-63
-268
-157
22
584
-87
-118
197
-18
219
-374
134
484
287
48
351
35
-106
356
-1353
111
36
-150
-92
-854
-410
-505
541
342
231
994
18
-351
536
-368
243
-238
-313
-17
-748
-20
-337
-211
-25
153
418
1253
136
632
-1141
-568
83
-1725
865
-1163
179
998
-85
1073
71
1071
300
-255
87
-755
-645
158
-539
-273
-142
192
11
-137
433
439
189
-156
30
-470
180
-268
-536
-154
104
173
-257
424
-83
-326
450
-1003
-69
123
-124
588
-387
-816
145
286
1008
863
-697
313
484
-1471
192
-79
-531
-228
-798
496
45
612
524
482
272
132
12
-579
414
83
-1085
901
-334
-605
893
-452
767
-178
-252
270
-207
-472
-69
568
450
212
-432
115
-815
838
265
-1247
209
334
423
632
-528
-378
-44
-70
827
-823
758
-225
179
-47
-312
766
-310
209
532
-753
-622
-42
-395
36
525
254
-104
152
135
468
329
239
483
-412
-236
366
-474
358
440
-178
-83
-503
-310
237
88
114
19
-205
303
-177
416
-238
-80
798
198
43
-58
-43
-407
151
164
-224
189
-115
42
155
-986
-13
-184
-285
671
143
461
-70
147
-180
-32
-238
9
190
35
172
-70
304
-593
-266
-613
-508
575
922
-597
191
-379
-480
875
-72
864
25
43
-38
-961
-198
33
-838
252
705
-498
108
-365
75
328
83
43
9
-418
506
-689
-85
759
-616
617
-612
230
-308
-345
593
-847
80
311
-398
-106
-283
186
514
-1002
30
573
-502
359
-2
370
96
-685
-447
476
788
-137
419
-259
-49
-211
-702
-550
-852
1021
51
-162
506
-703
889
1021
-642
-288
577
-165
307
-366
-1464
1207
86
-1052
-161
332
1566
-327
-605
-1115
-475
1148
393
3
316
61
-619
319
-1153
-158
-264
1284
1202
-1685
1727
-546
-73
361
-718
-940
-964
1921
668
260
997
-1028
214
11
-815
-1347
-1154
1121
434
604
1365
437
111
276
-414
-469
-1154
66
2
-1095
27
-192
246
1256
964
53
671
-745
-1299
-326
-1330
1756
-300
-356
265
-2098
1209
91
1465
1425
2
477
-219
-228
-383
-547
-95
-681
-1034
471
-1476
738
638
831
1344
425
818
-562
-1734
243
461
-917
874
-650
494
978
601
356
-1399
-97
570
-668
-1286
-542
-474
816
725
859
6
419
1074
-538
-636
-20
-1715
-542
959
-1050
355
556
-23
630
-1066
206
807
-260
681
-912
278
-177
-1102
-497
6
624
400
779
226
-286
15
-230
506
57
-267
-38
-706
-494
636
434
-65
-825
-396
1304
442
1058
-680
-17
690
-1371
-170
273
-272
752
583
-655
-126
-198
-1081
874
-383
-527
118
338
1315
-789
172
19
-151
702
-1437
882
96
-518
343
-929
-289
299
602
458
116
25
-163
20
-588
-862
-798
474
661
726
610
250
241
-611
74
-933
61
128
599
-1754
-733
804
-451
1906
-111
118
362
-301
-121
155
786
-855
740
-931
-155
-380
-585
1130
-1742
771
506
553
1100
-842
879
-118
-377
-907
-132
-197
992
592
519
153
-998
971
-2343
-430
-227
-214
672
-537
1221
257
1082
-194
-275
17
-524
-639
49
202
-1334
551
-807
338
932
-174
-224
198
427
63
142
-1033
1159
281
159
-109
-487
553
-812
414
-1725
897
879
26
699
-1449
403
-1026
98
159
-234
120
-106
142
-44
785
489
1578
953
-1168
-1087
-360
-655
-323
-355
254
-298
-15
559
329
579
-435
-486
409
-444
-156
331
1282
1381
168
-1159
-1237
-514
-724
375
1338
483
-929
-487
-276
196
697
213
590
518
-270
-786
-1515
621
682
-478
857
-295
322
25
-641
-602
-502
58
118
393
645
1142
289
1369
-948
-1485
-1384
-461
462
15
954
667
265
314
119
-1337
-149
-1075
434
592
-630
937
-859
497
-530
-1000
709
-396
732
158
1078
11
-477
798
-314
453
-395
-182
-291
-826
453
-303
529
132
-663
67
80
-535
1091
-440
377
136
-1069
850
-649
68
710
287
118
94
-382
-708
-973
771
763
-320
-331
-847
-590
614
19
822
54
-762
469
-295
802
-807
592
383
-842
70
-1156
1598
725
-193
291
-431
350
-439
-1063
210
-211
329
360
48
373
-777
514
802
-705
-387
202
111
646
471
-757
40
-222
-849
41
-650
680
-206
1263
848
-1581
1517
-1049
-160
103
-544
284
-554
521
30
151
856
-77
-128
195
-1049
545
514
-945
68
-513
1054
1
-279
-260
480
-526
-654
1188
170
628
433
494
-1494
-41
-282
-1152
1464
527
-298
-875
804
146
-454
-522
277
381
-163
334
-141
-737
263
809
-77
86
-245
471
-873
279
607
-1033
1584
-471
367
-742
-804
1090
-453
670
-1305
-654
338
802
-73
466
-448
19
627
-1255
1335
-135
693
-27
-933
-130
-868
301
-336
44
-209
389
817
-301
1
-117
507
-630
-231
247
-684
1392
243
2
18
-515
281
-91
-255
96
136
-379
672
-1145
41
-19
-203
329
-1054
652
-731
534
330
-412
622
-359
-29
55
189
-413
551
412
-462
205
-455
-185
52
-599
-40
156
-373
-63
342
-275
-848
655
-126
-340
1014
-1490
583
1038
-30
246
222
1458
-1015
188
-135
17
696
-1494
-201
-133
-862
-176
-506
462
1352
-1024
907
624
223
617
-226
146
-439
217
-427
-94
-323
670
-169
-919
863
-94
-636
-19
-1008
158
1276
-495
-109
-639
534
410
651
815
-510
-36
-1589
505
-903
-481
1900
-29
659
-2162
-1203
2069
-16
738
-549
-526
886
-216
804
-417
-775
417
93
995
-818
563
83
-810
2299
-1121
-187
96
-889
1724
-1069
-1649
-407
-557
1264
-958
100
1952
1035
782
-1092
-1098
244
-222
151
585
-877
463
369
-1434
94
-400
1046
454
109
484
-149
930
-238
177
-936
533
-884
473
402
-1843
564
-207
81
409
-713
582
342
-1024
344
-481
356
1044
-343
779
114
-350
513
-945
1396
200
-1122
970
-1893
-325
279
743
331
482
-725
-617
741
86
647
-2
-54
252
-16
-2784
-60
11
182
1551
-605
52
719
781
-267
609
-1190
-74
789
-771
1078
-1529
19
677
560
469
-1139
482
337
189
993
-714
-895
69
-781
232
-154
-148
-793
713
-159
-531
-64
-558
1404
1171
108
-17
-216
-877
532
-925
1092
283
-1512
239
-228
-660
-191
-896
576
1136
-555
-39
734
874
1296
-667
-759
-283
-240
1065
-577
200
-455
-867
855
88
108
-241
494
-907
995
-648
-129
609
-283
827
-1163
244
-98
-46
917
-465
-512
-317
225
516
-505
-476
-878
734
-397
430
531
-486
705
-54
-167
533
-195
545
431
-619
117
-1398
-263
390
-715
1061
340
-733
139
163
-694
541
691
-90
904
-112
-430
-157
516
-433
-1103
248
-251
655
229
610
-613
-327
-246
-646
1249
-557
660
361
-1148
468
-757
-378
779
-468
1128
935
-892
-587
366
668
343
-29
225
-49
-567
-693
-76
-17
-570
672
268
-678
1195
-62
-291
658
-366
19
-643
-65
291
-938
538
-656
267
1134
22
614
124
-140
-1029
-358
-331
-343
267
289
-78
-549
-184
528
272
381
61
-513
828
370
595
89
312
-1126
-131
763
-1108
599
-166
1290
532
-1160
-1216
-122
-937
-427
-143
-428
574
-224
1166
-974
707
725
374
682
-871
218
424
-66
-272
-215
56
-401
-437
500
-707
-15
-122
55
-6
-350
506
48
284
307
524
437
756
-101
942
-470
417
-2612
-5409
-1609
-2117
775
1180
859
1325
1466
1464
1360
1025
349
157
-274
-160
395
45
-1101
166
144
129
-366
-291
313
-434
562
200
130
721
-948
32
457
-504
837
-515
-539
196
128
-751
167
229
-1202
-555
-902
-601
-53
-375
775
722
433
1004
518
-573
112
19
-877
266
-188
127
-300
272
640
-319
573
-819
-896
691
-649
-451
-336
-101
829
-141
321
1478
611
510
1024
-864
-547
-340
-322
-174
-716
-138
-658
399
379
369
399
223
388
727
671
-282
430
-120
-129
-89
-227
135
-411
-17
-425
-141
815
-173
-269
-82
-33
-268
-609
-423
-812
167
641
475
118
-394
666
-143
-382
332
-464
43
124
-35
146
274
-26
254
190
75
-459
-219
404
-252
303
-66
-10
720
-454
623
353
229
898
-156
227
-532
-152
531
-739
31
283
-428
407
27
70
397
292
294
249
348
-158
-184
-380
61
-213
-315
-53
-339
5
-384
231
612
-569
164
-406
163
252
-599
-4
-355
-759
-389
-218
-362
77
-340
-69
201
-371
208
-152
83
-34
-117
-247
168
271
-155
355
-201
-109
281
263
-57
575
360
121
165
-376
354
112
474
200
-209
174
-218
-185
-119
-143
-65
403
-1096
-172
-559
-617
-53
-226
356
205
-304
41
612
140
400
-22
156
442
-10
459
349
-150
-440
-495
-786
-577
-552
-331
-71
42
84
-360
157
232
332
502
86
-94
-238
-365
-81
104
-55
235
339
-164
422
170
147
596
405
523
87
-119
407
-368
-153
-212
-815
-82
-543
-153
380
89
-318
-468
-564
-426
-572
-669
-598
-31
-96
-553
57
-33
-129
-94
-186
-368
-334
-379
-200
11
71
-270
-352
-267
-208
60
-419
-493
-52
155
57
-9
239
262
393
356
542
835
601
692
788
780
526
73
284
-17
45
88
100
611
481
26
345
380
338
283
-235
124
-58
-201
-196
-120
448
-21
26
77
-390
-231
-365
-248
22
-341
-1422
-1403
-1440
-1220
-754
-359
307
635
948
871
1220
1191
939
971
448
783
220
273
431
399
645
5
126
45
195
-61
-50
-29
144
371
-45
-7
-391
-178
-286
-380
-325
-492
-86
-247
-101
-316
-422
-263
-327
-487
-562
-347
-385
-9
88
273
496
559
389
308
345
93
41
-40
321
214
51
167
42
306
259
-154
254
547
405
511
580
794
783
440
452
732
542
346
485
282
376
464
453
685
713
613
263
207
404
435
153
-44
159
-55
178
221
80
233
195
216
177
190
307
187
-25
243
-6
12
133
114
200
239
68
-167
-197
-436
-378
-656
-781
-860
-1269
-1152
-1213
-1414
-1449
-1321
-1469
-1603
-1706
-1836
-1898
-2027
-2102
-2156
-2235
-2360
-2299
-2143
-1986
-2035
-2090
-1767
-1829
-1720
-1627
-1873
-1390
-1560
-1373
-1110
-1165
-881
-792
-525
-505
-533
-505
-422
-189
-111
15
244
310
338
374
398
450
789
837
1078
1171
769
1166
1118
1243
1320
1537
1947
1884
2320
2007
1916
2356
2287
2317
2291
1848
2075
1660
1566
1835
1682
1964
2138
2210
2546
2630
2848
3025
3081
3114
3156
2831
2334
2080
1537
1588
318
-663
-1263
-1479
-1895
-3015
-3683
-3722
-3539
-3874
-4097
-3552
-2846
-2398
-2450
-1691
-1030
-664
-834
-784
-152
-102
-353
-1029
-886
-634
-1061
-1360
-1654
-1210
-1205
-1122
-582
-217
174
547
855
678
936
431
210
52
-321
-345
-605
-982
-1469
-1645
-1488
-1436
-1723
-1713
-1152
-709
-466
-414
210
547
744
645
728
1075
867
1022
1112
1472
1795
1458
1840
2445
2558
2922
2690
2992
3379
3141
3541
3267
3573
3659
3642
3806
3649
3879
3824
3938
4121
4113
4067
4187
3846
3952
4247
4300
4384
4232
3503
3429
3102
3126
2510
727
-286
-1170
-1681
-3200
-5090
-5965
-6049
-6368
-7179
-7298
-6666
-5730
-5742
-4983
-3754
-2923
-2510
-2886
-1801
-1107
-1225
-1827
-2216
-1794
-1890
-2568
-3042
-3258
-3417
-3692
-3604
-3142
-2821
-2765
-2188
-1691
-886
-794
-775
-472
-911
-714
-1235
-1815
-2695
-3880
-4237
-4760
-5678
-6363
-6719
-6594
-6274
-6211
-5382
-4429
-3672
-2629
-1666
-360
20
302
802
1086
1724
1220
997
1385
1269
1339
1441
1602
2084
2575
3442
4332
4930
5816
6302
7002
7664
7832
8183
8233
8447
8362
8199
8399
7823
7811
7535
7833
7675
7687
7823
8093
8358
6995
7010
6149
6469
5164
2400
896
-68
-1228
-3923
-6832
-8088
-8087
-9352
-10661
-11078
-9906
-8604
-9131
-7663
-6292
-4449
-3910
-4481
-2307
-1591
-1374
-1979
-2104
-1065
-1066
-1729
-1973
-2085
-1925
-2127
-2340
-1637
-1624
-812
100
528
2032
2140
3222
3351
3221
3554
2773
2022
-2
-1162
-2050
-3677
-5732
-7150
-7761
-7738
-8607
-9131
-8216
-7414
-6388
-6078
-4800
-3276
-2393
-1460
-934
507
888
711
698
380
159
-418
-1245
-1693
-1587
-1474
-1100
-684
-76
1082
2458
3476
4550
5807
6775
7618
7761
8211
8711
8484
8193
7908
8089
8117
7663
7814
8377
9066
9717
8367
8449
8536
8710
8140
4802
3115
2069
1105
-1523
-5410
-6790
-6906
-8113
-9760
-11057
-9225
-7972
-8240
-6448
-4164
-1007
140
274
3723
5844
6992
6407
6647
8287
7981
7269
6400
5975
6083
5085
4882
5169
4794
5280
5414
5906
6541
6617
6971
6655
6158
6164
5835
4350
2249
728
-269
-2158
-5034
-6869
-8110
-9154
-10557
-11361
-10448
-9899
-9648
-8224
-5953
-3389
-2510
-1213
1095
2843
3961
3729
4081
4705
4086
3823
2874
2107
1652
814
713
411
73
414
726
1419
1862
2801
3652
3784
4376
5079
5615
5566
4809
4984
5112
4819
3889
3713
3815
3694
2748
553
846
-192
-499
-3592
-6956
-8052
-9067
-10886
-14702
-17886
-17439
-17859
-19355
-21026
-20774
-17819
-17872
-17172
-15059
-12234
-9588
-9913
-7706
-4388
-3206
-2962
-3400
-1486
-354
-909
-1355
-1283
-651
-613
-793
259
568
1097
1915
2890
3997
4497
4829
5381
5006
4985
4709
4010
1814
251
-909
-2185
-4286
-7439
-8519
-9476
-10201
-11372
-11548
-10511
-9512
-7963
-5618
-3222
-723
1146
3772
6502
7765
8952
9345
10073
10536
9921
9750
8781
8423
7982
7978
7982
7660
8115
9063
9959
10769
11706
12765
13829
14291
15317
16079
16432
16287
16210
16798
16855
16320
15757
15935
15893
15058
12469
11603
10691
9538
6826
2215
638
-760
-2714
-6603
-10169
-10240
-10291
-11754
-13258
-13201
-10478
-9743
-9459
-7322
-4693
-2061
-1901
-635
2461
3555
3632
3024
4057
4798
4245
3279
2948
2692
2430
1866
2057
2004
1540
2049
2477
2687
2465
1921
1770
657
-908
-2190
-4142
-6594
-10056
-12485
-14679
-17715
-20602
-23507
-24516
-25403
-26625
-26783
-26624
-25310
-23793
-21832
-19309
-17140
-14364
-11525
-8853
-6247
-4781
-2898
-1607
-863
23
244
322
82
28
684
1055
1155
1694
3003
4794
6079
7671
9632
11527
13107
14401
15568
16778
16887
17241
17350
17873
17269
17030
16438
15736
14372
11293
10583
7802
5986
775
-3197
-4821
-5660
-6963
-9180
-10220
-8586
-8441
-9485
-9844
-8773
-5671
-5232
-4139
-1870
374
2444
2467
4494
6766
7027
6561
5949
6406
6509
4829
3844
3073
2643
2473
1600
1766
1106
885
1347
1256
1061
594
-117
-119
-1745
-2700
-4032
-5765
-8087
-10647
-11816
-13896
-16054
-18770
-19918
-20136
-21383
-22109
-22229
-20755
-19512
-18214
-16296
-13567
-10793
-8207
-5646
-2790
-518
982
2354
3048
3859
3721
3128
2357
1474
962
555
-180
-536
-96
974
2033
2732
4337
6061
8063
9201
10339
12043
12998
13559
13992
14068
14836
14033
13884
13548
12755
12049
8611
8300
6031
5087
1599
-2471
-3993
-5041
-6848
-9922
-12700
-12262
-11412
-12401
-12874
-12275
-9304
-7881
-7271
-4984
-2269
-165
756
1687
4744
6113
5683
6149
6547
8200
8040
7261
8079
7921
9171
9174
9836
10385
10170
11219
11613
11480
11311
10318
10128
8728
7189
5823
3898
1349
-1498
-3341
-4985
-7663
-10670
-12655
-13608
-13796
-15668
-15949
-15603
-14110
-12166
-10615
-8477
-5810
-2959
414
2867
5122
7042
8478
10054
10175
10468
10058
8768
7998
6846
6357
5353
3903
3661
4287
4843
5125
5255
6604
7894
8961
9492
10116
10824
11170
11053
11249
10699
10396
9502
9193
8479
7492
5622
2700
2100
-524
-1352
-6194
-9379
-11297
-12155
-14529
-17953
-20004
-18955
-18559
-19393
-19696
-18014
-15026
-14228
-12933
-10166
-7261
-5594
-4915
-2976
208
1021
717
1501
2442
4126
3408
3232
3790
3820
4953
4760
5768
5760
6058
7171
7564
7699
7482
7034
6705
5432
4132
2858
924
-1852
-4011
-5946
-7951
-10316
-12986
-13829
-15176
-16388
-16627
-16776
-15503
-15386
-13684
-10930
-8618
-6295
-4265
-947
2281
4175
5792
7319
8802
9481
9409
9033
8530
7440
6653
6058
4788
4269
3599
4137
4635
4769
6013
6964
8402
9639
10692
12307
12475
13176
13507
14260
14079
13493
13203
13268
13146
11717
11123
8291
7774
5728
4246
1668
-2941
-4858
-6240
-8062
-11267
-14986
-14955
-14456
-15524
-16525
-16496
-13567
-12598
-11926
-9999
-7002
-4920
-4254
-2803
275
2384
2013
2459
3831
5377
5880
4690
5571
5697
6438
6564
6697
7414
7259
8008
8605
8633
8666
7997
7665
6720
5392
4229
2429
94
-2385
-3894
-5960
-8299
-10994
-12616
-13380
-14936
-16051
-16481
-15845
-15284
-14816
-12794
-10597
-8215
-6299
-3613
-168
2130
3986
5478
7409
8524
8717
8480
7959
7495
6331
5385
4228
2978
2402
2007
2242
2111
2638
3589
4569
5580
6595
7929
8852
9129
9892
10569
11080
10416
10205
10303
10517
10146
8818
8441
5713
5306
3354
2337
-835
-5491
-7081
-8061
-10098
-14166
-17806
-17142
-16709
-18082
-19606
-18850
-15831
-15193
-14425
-12269
-8849
-7184
-6536
-4442
-952
897
214
1017
2957
4497
4668
3387
4498
4699
5364
5310
5573
6069
6007
6805
7448
7551
7480
6895
6745
5800
4764
3533
1773
-594
-2924
-4173
-6094
-8331
-11824
-13145
-13844
-14890
-16141
-17690
-16715
-15503
-14479
-12928
-11379
-8334
-5510
-2710
407
2930
5586
7152
8980
10201
10654
10327
9238
8690
7822
6866
4884
3489
2994
2817
3043
2322
3006
4094
5403
6486
7363
8866
10006
10654
11284
11882
12481
11804
11479
11326
11607
11267
10068
9178
6628
6401
4629
3627
260
-4304
-5515
-6266
-8046
-12365
-16020
-15137
-14649
-16011
-18196
-17406
-14470
-13903
-13401
-11658
-8173
-6689
-6361
-4304
-689
1171
78
787
3081
4875
4798
3297
4534
5176
5740
5455
5716
6325
6234
6763
7383
7612
7408
6574
6350
5587
4696
3232
1479
-875
-2877
-4069
-6017
-8522
-11906
-12906
-13685
-14594
-16323
-17580
-16397
-15377
-14416
-12999
-11331
-8332
-5836
-2868
203
2651
4895
6488
8773
9843
10144
9631
8805
8547
7497
6294
4343
3132
2497
2348
2317
1638
2374
3403
4739
5652
6556
8026
9200
9890
10387
11204
11617
11196
10723
10971
11049
11094
9925
9723
7819
6653
5972
4674
3291
-2024
-3857
-4629
-5487
-9529
-14148
-14654
-13394
-14561
-17413
-18035
-15295
-13857
-14047
-12912
-9824
-7182
-6980
-5524
-2058
686
486
209
2691
4703
5467
3900
4400
5611
5962
5869
5616
6255
6218
6604
7096
7397
7236
6471
6405
5813
5001
3824
2190
412
-1923
-2989
-4976
-7129
-10197
-11936
-12761
-14222
-15706
-17117
-16668
-16063
-15293
-13828
-12120
-9845
-7322
-4254
-712
1630
3931
5961
8512
9931
10166
10176
9492
9208
7877
6659
5056
3244
2434
1676
1772
1028
1183
2101
3275
4403
5158
6658
7807
8819
9274
10368
10823
10809
10350
10626
10821
10871
10194
10051
8839
6784
6428
5094
4719
-277
-3475
-4508
-4655
-7857
-12931
-15161
-13743
-13911
-16670
-18580
-16522
-14230
-14302
-13908
-11516
-8137
-7449
-6830
-3994
-546
206
-634
1005
3478
4868
3801
3299
4679
5408
5537
5024
5682
5830
6318
6658
7125
7259
6703
6457
6085
5337
4449
2859
1189
-1105
-2566
-4055
-6315
-9020
-11442
-12335
-13593
-15281
-16590
-16948
-16122
-15772
-14752
-12896
-10794
-8362
-5831
-2390
687
3113
5160
7394
9600
10337
10545
10041
9693
8996
7624
6117
4227
3217
2369
1960
1393
1104
1926
2882
3860
4659
5981
7488
8342
9056
9798
10793
10881
10592
10544
11100
10954
10693
10306
10849
9542
7692
7132
6602
6257
1315
-1838
-2698
-2760
-6280
-11509
-13736
-12344
-12912
-16137
-18252
-16078
-14044
-14485
-14469
-12111
-8511
-7932
-7416
-4557
-844
102
-598
1220
3868
5519
4410
4111
5549
6532
6437
5870
6353
6488
6955
6980
7229
7270
6806
6635
6188
5414
4690
3384
1804
-355
-1889
-3053
-5297
-8207
-10739
-11927
-12876
-14891
-16754
-17318
-16651
-15872
-15064
-13597
-11333
-8540
-5466
-2201
776
3490
5792
8283
10130
10996
11080
10520
10070
9209
7916
6069
4060
2831
2055
1586
661
260
994
2177
3076
3817
4955
6626
7709
8383
9168
10072
10444
10309
10164
10760
10558
10459
10020
10505
9555
7319
7051
6210
6276
1751
-1814
-2578
-2685
-5598
-10799
-13402
-12032
-12551
-15459
-18113
-16129
-14093
-14725
-14886
-12967
-9202
-8744
-8449
-5931
-2062
-719
-1650
141
2855
4798
3953
3468
5120
6241
6267
5638
6214
6614
7016
7044
7246
7448
7169
6866
6457
5616
5087
3782
2211
108
-1488
-2484
-4826
-7534
-10052
-11024
-12228
-14466
-15990
-16759
-15862
-15935
-15380
-13813
-11680
-9262
-6890
-3672
-572
2172
4340
6615
8958
9936
10238
9981
9680
9248
7911
6333
4477
3415
2543
1629
829
168
879
1670
2131
2867
3932
5602
6457
7227
8226
9299
9854
9587
10089
10505
10807
10032
10304
10675
11585
9432
7817
7927
7883
7385
2163
-611
-1019
-1386
-5094
-10505
-12523
-11406
-12685
-16234
-18617
-16265
-15004
-16043
-16275
-13599
-9930
-9955
-9608
-6370
-1972
-985
-2015
188
3404
5338
3902
3647
5413
6695
6032
5348
5916
6458
6588
6255
6584
7015
6764
6406
5897
5497
5302
3914
2373
87
-865
-2007
-4523
-7388
-10263
-10605
-12546
-14599
-16612
-17299
-16355
-16747
-15968
-14523
-12243
-9916
-7499
-3826
-684
2153
4247
6594
9424
10287
10541
9945
9908
9524
7967
6140
3907
3152
1987
882
-42
-820
48
443
1211
1778
3359
4760
5815
6913
7998
9402
9696
9708
10450
10695
11146
10006
10462
10856
11417
10961
7965
8724
7961
8520
5243
700
-181
-538
-2250
-7394
-11784
-11339
-11744
-13996
-18279
-17798
-15521
-16296
-17009
-16266
-11941
-10693
-11090
-9121
-4623
-1416
-2699
-1690
1588
4687
4595
3141
4820
6479
6906
5625
6019
6831
6840
6707
6535
7325
7206
6589
6365
5732
5829
4746
3081
1431
-480
-1006
-3241
-6047
-8632
-10382
-10919
-13693
-15071
-16615
-16054
-16032
-16000
-14515
-12699
-10592
-8492
-5354
-1893
684
2860
4945
7819
9452
9659
9543
9324
9422
8146
6499
4640
3242
2474
959
208
-794
-815
-195
167
1102
1856
3544
4441
5685
6864
8128
8941
9140
9586
10691
10759
10807
10084
11051
11466
11710
11388
8972
9833
8613
9101
6426
2083
417
-281
-1879
-6648
-11426
-11964
-12356
-14417
-18590
-18732
-16621
-17176
-17621
-16847
-12725
-11152
-11376
-9250
-4839
-1427
-2456
-1499
1814
4728
4831
3460
5055
6515
6883
5670
6182
6795
6732
6470
6572
7370
7246
6575
6462
5997
6232
5216
3639
2192
377
-19
-2163
-4815
-7619
-9292
-10000
-12699
-14336
-16217
-15723
-15759
-15786
-14613
-13062
-10909
-8791
-5635
-2325
160
2567
4724
7743
9365
9700
9684
9496
9636
8209
6667
4646
3114
2226
684
-57
-1211
-1222
-629
3
964
1771
3528
4699
6179
7654
8911
9931
10080
10780
11573
11812
11263
10687
11102
11715
11297
11538
9633
9119
8770
7947
7988
3341
439
-798
-1013
-4324
-9691
-12601
-12165
-12967
-16492
-19357
-17586
-16673
-17342
-17484
-14985
-11718
-11696
-10920
-7481
-3020
-2340
-3012
-325
3045
4844
3622
3921
5683
6819
6152
5845
6564
6521
6365
6233
6848
6992
6136
5954
5540
5501
4992
3412
2193
254
-526
-1607
-4216
-7099
-9009
-9436
-11023
-13583
-15230
-15074
-14183
-14869
-14514
-12826
-10419
-8742
-6881
-3708
-698
1421
2808
5300
7680
8370
8073
7831
8425
7796
6215
4523
3208
2632
1350
288
-547
-876
-280
101
899
1682
3087
4695
5624
7026
8353
9564
9976
10124
11032
11615
11552
10411
10793
11086
11611
10604
11267
10457
9247
9017
7823
8861
4391
748
-479
-389
-3298
-9165
-12790
-12137
-12779
-16318
-20219
-18525
-17183
-18022
-18342
-16494
-12586
-12264
-11478
-8304
-3769
-2310
-3010
-310
2978
5146
4254
4215
5884
6964
6613
5965
6328
6205
6083
6124
6321
6341
5688
5704
5593
5169
5049
3774
2916
1142
30
-496
-2815
-5329
-7638
-8551
-9544
-12028
-13820
-14779
-14308
-14512
-14393
-13509
-12004
-10179
-8054
-5346
-2778
-788
1344
3807
5989
7067
7364
7415
7734
7399
6321
4965
3281
2363
1542
679
-192
-967
-437
158
988
1695
2826
4576
5687
7041
8498
9652
10225
10303
11106
11688
11755
10678
10642
10762
11163
10562
10488
10911
8536
8833
7519
8518
6156
1170
-623
-433
-1951
-6978
-12427
-12646
-12564
-14692
-19477
-19920
-17424
-17919
-18328
-17906
-13909
-12065
-12181
-9927
-5488
-1952
-2624
-1665
1940
5040
5436
4117
5410
6986
7516
6275
6314
6588
6549
6345
6484
6849
6668
6138
6314
5892
6207
5288
4012
2919
1228
901
-844
-3414
-6103
-7403
-8201
-10531
-12497
-14437
-14247
-14363
-14867
-14304
-13195
-11751
-10061
-7505
-4894
-2713
-831
1224
4144
5768
6369
6617
7136
7647
6891
6003
4447
3528
3017
2004
1431
438
340
981
1563
2312
3068
4569
5745
6917
8217
9441
10316
10357
10707
11491
11665
11187
10005
10494
10534
10367
9992
9664
11236
8774
8397
7759
8281
7456
1942
-296
-526
-1281
-6116
-12177
-13296
-12926
-14649
-19641
-21476
-18666
-18619
-19174
-19553
-15723
-12667
-12531
-10755
-6832
-2061
-1931
-1561
1787
5130
6466
4796
5561
7148
8042
6778
6161
6544
6532
6425
6137
6310
6512
5996
6288
5743
5950
5636
4391
3519
1596
1365
69
-2575
-5281
-7200
-7587
-10198
-12723
-14817
-14849
-14944
-16624
-16280
-15142
-13285
-12408
-10646
-7351
-4464
-2520
-815
2326
5288
6256
6616
7184
8595
8275
7101
5923
4974
4800
3163
2279
1280
955
1313
1148
1920
2421
4006
5054
6018
7330
8606
9834
9948
10118
10822
11162
10823
9524
9571
9649
9461
8362
8336
8810
10090
8253
6902
7643
7633
7808
2969
194
-164
-450
-4705
-10146
-12993
-12320
-14075
-18273
-21472
-19276
-18379
-19486
-20065
-17112
-12828
-12330
-11370
-7906
-2314
-600
-1118
1556
5431
7774
6436
6188
7954
9179
8035
6651
6894
7185
6632
5813
5917
6384
6148
5783
5464
5612
5972
4741
3731
2089
1396
573
-1767
-4839
-6896
-7758
-9399
-12285
-14679
-14899
-14730
-15549
-16387
-15398
-13094
-11798
-10615
-8312
-4988
-2405
-837
1298
4152
6423
6730
7008
8262
8823
8379
6851
5954
5841
4957
3535
2258
1856
1914
1627
1378
1745
2837
3808
4276
5034
6318
7468
7764
7845
8218
9002
8776
8023
7519
8014
7876
7188
6682
7347
8268
8569
8918
7288
8427
8008
8224
6699
2646
849
222
-1870
-6314
-11232
-12733
-13283
-15750
-19932
-20732
-18814
-19196
-19626
-18792
-14443
-12184
-11664
-9240
-4503
-356
-540
482
4007
6972
7195
5787
6874
8025
7789
6155
5968
6396
5955
5027
5267
5930
6039
5446
5542
5645
6105
5509
4264
3370
1826
1242
-614
-3006
-5776
-7445
-8727
-11084
-13072
-15055
-14959
-15483
-15938
-15311
-14251
-12434
-11030
-8696
-5630
-3130
-944
1261
4161
6382
7581
8145
8840
9827
9326
8641
7435
6521
5751
4182
3311
1883
1291
774
433
598
666
1452
1953
2828
3752
4813
5660
5831
6555
7138
7530
7247
6714
7023
7186
6878
6500
6613
7567
8209
8425
9858
8709
9341
8973
9413
9040
4901
2345
1640
423
-3911
-9235
-11645
-11848
-14024
-18494
-20270
-18567
-18582
-19305
-19289
-15419
-12865
-12420
-10608
-6600
-2085
-1758
-1056
2004
5185
6152
4980
5823
6903
7285
6166
5776
5971
5679
5102
5233
5539
5453
5023
5265
5168
5326
5104
4264
3506
1966
1473
273
-1707
-4483
-6202
-7088
-8911
-11197
-12955
-13300
-13753
-14095
-14196
-13053
-11692
-10754
-8609
-5802
-3513
-1708
278
3052
5404
6630
6984
8010
8872
8626
8011
6872
5918
4880
3626
2571
1201
177
-516
-759
-839
-897
-351
320
1247
2148
3406
4559
5096
5846
6822
7602
7760
7242
7557
7897
7998
7307
7274
7888
8305
8909
9167
11065
10022
9710
10129
10364
10823
6168
3281
2809
2065
-2273
-8107
-11062
-11350
-13366
-18065
-21049
-19642
-19684
-20491
-21002
-17948
-14920
-14444
-12633
-9079
-3974
-2802
-2255
698
4331
6235
5222
5579
6879
7570
7050
5907
5888
5767
5296
5151
5257
5285
5020
5361
5343
5708
5996
5387
4972
3686
3483
2705
823
-1700
-3914
-4584
-6463
-9015
-11594
-12497
-12612
-13753
-14121
-14156
-12674
-11359
-10056
-7838
-5518
-3342
-1371
877
3302
4718
5698
6033
7063
7372
6840
5812
4557
4290
3149
2175
699
-320
-284
-670
-742
-909
-197
737
1493
2499
3463
4803
5386
5873
6795
7396
7736
6969
6951
7477
7453
7137
6369
6961
7953
8215
8933
9372
11727
10842
10535
11148
11082
11549
6753
3799
2828
1985
-2824
-8778
-11997
-12483
-14527
-19335
-22538
-21211
-20718
-21068
-21876
-18731
-15295
-14259
-12029
-8907
-3798
-2330
-1574
1149
4462
6493
5226
5483
6720
7377
6958
5615
5531
5653
5850
5750
5867
6133
6379
7179
7422
7714
7964
7626
7332
5797
5496
4282
2151
-538
-3029
-3983
-6464
-9204
-12008
-12779
-13389
-14931
-15388
-15306
-13875
-13126
-11984
-9403
-7147
-5172
-3387
-713
2166
3596
4366
5330
7055
7353
6903
6121
5542
5478
4142
3254
1952
1186
815
188
126
-378
8
413
1075
1829
2440
3633
4214
4957
5844
6487
7054
6779
6858
7364
7571
7102
6804
7041
7697
8114
8105
9062
10071
11436
9898
10226
10820
10730
9758
5279
3202
2839
420
-4540
-9491
-11689
-12133
-15460
-19741
-21445
-20211
-20138
-20959
-21260
-17455
-15138
-14078
-11878
-8167
-3810
-2885
-1477
1607
4957
6234
5322
6241
7958
8350
7600
6678
7040
7376
7066
6909
6814
7096
7309
7383
7381
7477
7223
6804
5972
4628
4196
2609
640
-2128
-3780
-5010
-7613
-10082
-12469
-12854
-13543
-15023
-15537
-14944
-13719
-12622
-11484
-9126
-6872
-4851
-2758
-107
2246
3649
4562
5905
7300
7268
6779
6059
5848
5307
3875
2786
1512
862
208
-537
-900
-1314
-974
-497
243
873
1672
2934
3860
4749
5589
6325
6903
6873
7243
7635
7736
7339
6935
7510
7747
8133
7599
8896
9628
11150
10261
9387
11058
10182
10372
6692
3815
3075
1544
-2766
-7220
-10811
-11452
-14084
-17841
-20623
-20099
-20014
-20307
-20958
-18510
-15046
-14441
-12076
-9182
-4472
-2458
-1598
1199
4436
6588
6085
6146
7947
8344
7736
6432
6550
6680
5886
5409
5400
5675
5638
5396
5767
6403
6550
5970
5963
5306
5086
3953
2276
618
-1503
-2514
-4975
-7471
-9716
-11269
-12057
-13794
-14903
-15039
-14357
-13483
-13107
-11190
-8913
-6954
-5059
-2915
-41
1955
3040
4118
5854
6678
6292
5570
5209
5351
3872
2501
1431
703
353
-864
-1171
-1112
-776
-392
60
1318
2427
3523
4549
5576
6854
7545
8191
8150
8391
8592
8288
7750
7154
6901
6968
6667
6531
6564
7850
8127
9551
8622
8594
10164
9050
9634
6171
4006
3212
1726
-2219
-6294
-9618
-10397
-12751
-16477
-18809
-18697
-18848
-18874
-19783
-17317
-14521
-14099
-11480
-9090
-4680
-3305
-2274
496
3332
5127
4471
4742
6355
6793
6164
5070
5459
5635
5327
5085
5426
5911
6152
6469
6823
7843
7897
7561
7629
6875
6772
5232
3446
1542
-856
-2002
-4823
-7483
-9804
-11723
-12620
-14356
-15342
-15676
-15146
-14401
-13574
-11779
-10048
-8088
-6330
-3817
-1433
163
1252
2468
4235
4947
4761
4335
4203
4725
3554
2804
1903
1510
1557
646
742
576
1060
1421
1880
2796
3463
4162
4780
5673
6386
6684
6838
6626
6875
6785
6337
5935
5424
5571
5567
5707
5655
6213
7155
8258
9188
10437
9859
10595
11240
10910
10418
7115
4811
3861
1876
-2676
-6595
-10095
-10765
-13624
-17454
-19054
-19344
-19109
-19188
-19746
-16612
-14738
-13377
-10908
-8032
-4071
-3088
-1524
1067
3869
4830
4677
4913
6496
6810
6067
5637
5658
6029
5775
5806
6375
6219
6771
7109
7514
8261
7549
7637
7231
6391
5872
3942
2596
322
-1878
-3245
-5773
-8253
-10697
-11992
-12916
-14173
-15439
-15431
-14721
-13784
-12814
-11683
-9396
-7696
-5707
-3416
-1290
558
1461
2968
4741
5111
5394
4719
5152
5290
4153
3404
2401
2257
1685
980
722
574
543
906
1353
1908
2525
3002
4053
5010
5464
6118
6288
6938
7043
6922
6973
6364
6250
6038
5884
5991
5519
5979
6704
7215
8362
8622
10416
9451
9934
10491
10002
9420
5754
3547
3023
939
-4072
-7765
-10724
-10939
-13978
-18197
-19045
-18958
-18721
-18653
-19566
-15832
-14055
-12810
-9887
-7452
-3370
-2549
-821
1959
4378
4919
4780
4832
6189
6245
4955
4370
4015
4233
4178
3737
4062
3895
4775
5690
5645
6628
6270
7096
7037
6174
6085
4584
3414
1232
-934
-1994
-4575
-7543
-9709
-10953
-11799
-13596
-15183
-14682
-13788
-13049
-12330
-11464
-8440
-6486
-5072
-2758
-1030
1199
2080
2963
4519
4556
4697
4149
3896
4134
2952
2030
1386
1241
1141
622
399
849
1335
2138
2760
3084
4266
4975
5960
6526
6622
7249
7166
7155
6844
6104
6022
4928
4207
3955
3560
3513
3178
3427
4739
5500
6456
7560
9099
10593
9808
10954
11101
10962
9114
5827
4321
3696
-444
-4697
-8113
-10069
-10880
-15389
-17844
-17977
-18099
-17499
-18184
-17386
-13704
-13004
-10575
-8462
-5799
-3037
-2434
-613
1535
2450
2612
2577
2344
3642
2632
2249
1973
1860
2829
2891
3335
3958
4526
6312
7094
7482
8380
8549
9554
8806
8157
7437
6103
4383
1950
-146
-1755
-4606
-7597
-9320
-10743
-11654
-13375
-14628
-13671
-12998
-12161
-11477
-10575
-7857
-6158
-4528
-3019
-1737
-2
1240
1979
2536
2643
2841
2944
2725
2390
2093
1531
1481
1346
1382
1646
1408
1919
2427
3374
3617
3756
4421
5194
5862
5624
5606
5776
5871
5595
4938
4593
4404
3879
3392
3325
3463
3406
3806
4443
5623
6754
7427
9062
10162
11770
11051
11349
11932
10845
9725
6291
4210
2717
-158
-4587
-7706
-10716
-11731
-14615
-17653
-18121
-18551
-18086
-17570
-17912
-15148
-13242
-11804
-9050
-7809
-4555
-3332
-2027
-296
922
1455
2112
1643
2325
2934
2247
2798
2492
3457
4494
4866
5902
6757
7906
9764
9803
10700
10988
11224
11159
9844
8874
7308
5522
3038
629
-1839
-3817
-6812
-9055
-10466
-11842
-12543
-13823
-13629
-12750
-12017
-10641
-10224
-8249
-6129
-5030
-3559
-2750
-1571
-247
-97
17
44
48
408
-191
-760
-298
-513
-179
27
-33
1411
1641
2441
3046
3794
5132
5207
5513
6103
6408
6465
6126
5661
5755
5364
4666
4029
3588
3586
3166
2575
2787
2856
3319
3708
4003
5272
5825
7181
7633
8882
9650
10257
9772
8947
9342
7682
6462
3216
770
-868
-2792
-6839
-9639
-12053
-12830
-14041
-16638
-17119
-16657
-15916
-14774
-14656
-12990
-10059
-9232
-6591
-5389
-3033
-1410
-543
795
2185
2718
3027
3231
3239
4779
4154
4573
4776
5496
6752
7271
7689
8512
9208
10456
10667
10263
10432
9844
9574
7939
6405
4388
2659
89
-2272
-4719
-6700
-8923
-11332
-12252
-13366
-13685
-14385
-14273
-13069
-11777
-10548
-9392
-7911
-5476
-3930
-2746
-1653
-619
596
1158
1187
1119
1232
1239
1334
706
895
1017
1074
1658
1726
2535
3290
3729
4411
4929
5682
5944
5677
5632
5657
5220
4465
3491
2686
2428
1556
642
-54
-227
-74
-215
-120
240
945
1927
2706
3628
4514
5714
6796
7540
8513
8950
9745
9565
9834
8458
7772
7330
5031
3585
737
-1389
-2756
-4899
-8000
-9316
-11237
-11183
-12103
-13695
-12783
-12551
-11455
-10050
-10056
-8192
-6397
-5648
-3491
-3256
-1753
-825
-230
676
1204
1083
1935
2017
2169
3195
2665
3844
4006
4736
5579
6091
6715
7114
7310
7964
7847
7262
6743
5759
5016
3469
1944
-75
-1572
-3499
-5067
-6954
-8225
-9606
-10477
-10662
-11121
-10699
-10675
-9456
-8429
-7088
-5758
-4449
-3048
-1430
-286
541
1231
1618
2298
2336
2155
1561
1365
1222
1093
172
201
143
474
748
712
1363
1940
2635
2899
3358
3613
3966
3681
3536
3327
2791
2210
1513
820
482
-53
-564
-718
-769
-294
-12
405
1009
1898
2794
3877
4303
4994
6077
6661
7390
7427
7723
8234
8215
8254
7644
7785
6623
5775
5400
3952
3278
1020
-715
-1083
-2251
-4496
-5624
-7463
-7005
-7464
-9313
-9053
-9489
-8741
-7894
-8754
-7929
-7050
-6722
-5115
-5421
-4691
-3829
-3367
-2481
-1834
-1859
-736
-373
24
1319
1204
2519
2793
3448
4354
5001
5295
5493
5546
5945
6061
5308
4697
3953
3531
2590
1564
55
-716
-1915
-2798
-3848
-4748
-5751
-6211
-6440
-6775
-6692
-7225
-6501
-6115
-5413
-4841
-4430
-3648
-2639
-2075
-1163
-837
-586
356
553
947
1014
685
1240
1495
1118
1413
952
1371
1665
1295
1670
1524
1645
1821
1629
1615
1625
1146
1096
859
506
321
-319
-467
-498
-657
-639
-705
-392
145
704
1266
1850
2621
3445
4342
4998
5515
6203
6725
7318
7579
7782
8022
8387
8377
8595
8410
8509
8505
6884
7271
6247
5351
4142
1381
398
-220
-2893
-4799
-7138
-8571
-8387
-10881
-12067
-12697
-13223
-12058
-12262
-12703
-11281
-10637
-8764
-7430
-7089
-5314
-3957
-2482
-1202
-541
308
1765
1874
2855
3240
3590
4259
4331
4773
5251
5771
5680
5987
5914
6418
6397
5880
5307
5024
4415
3869
2577
1154
417
-938
-1889
-3177
-4630
-5661
-6075
-6838
-6881
-7586
-7550
-6791
-6455
-5472
-5032
-4266
-3120
-2175
-1520
-419
-273
433
925
864
1079
869
536
535
31
-237
-197
-870
-763
-956
-769
-376
-416
-427
216
642
1095
1237
982
1570
1775
1879
1627
1137
1204
1453
1202
1039
887
1116
1726
1948
2154
2654
3254
3976
4532
4777
5398
5796
6137
6439
6439
6644
6807
6671
6655
6627
6655
6424
6485
5082
4671
4574
3168
2530
34
-1604
-1805
-3446
-5694
-7319
-9343
-8788
-9770
-11537
-11571
-12228
-10992
-10107
-10639
-9653
-8571
-7365
-5375
-5297
-4205
-2892
-1779
-649
-70
290
1483
1958
2338
3248
3312
4267
4533
5078
5570
6402
6681
6912
7006
7087
7564
7098
6350
5570
4934
4206
3170
1215
114
-1330
-2477
-3563
-5148
-6501
-7066
-7559
-7671
-7983
-8494
-7510
-7004
-5909
-5344
-4627
-3570
-2485
-1555
-743
-244
-4
642
927
1325
920
909
838
909
927
807
582
685
705
1013
1191
1081
1185
1103
1642
1486
1321
880
815
737
581
-92
-639
-837
-892
-841
-1283
-1079
-908
-267
373
947
1635
2590
3405
4508
5123
5885
6656
7049
7625
7806
8090
8355
8172
8010
8202
8028
7985
7291
7225
5838
5513
4806
3188
2295
-429
-1875
-2493
-4815
-6896
-8735
-10562
-10121
-11837
-12856
-12973
-13441
-11877
-11266
-11158
-9804
-8781
-6912
-4908
-4515
-2934
-1741
-237
1015
1591
2175
3113
3518
4263
4685
4714
5287
5538
6005
6067
6594
6541
6694
6401
6261
6284
5756
4753
3893
2988
2256
1122
-732
-1816
-3272
-4157
-5120
-6525
-7612
-7893
-8146
-7844
-8151
-8042
-7030
-6129
-4889
-4200
-3482
-2321
-1053
-260
545
580
1009
1663
1632
1409
1166
698
747
380
-176
-151
-637
-676
-658
-731
-429
-306
-499
-2
91
369
606
212
436
590
635
606
300
270
733
877
1220
1396
1688
2449
3122
3678
4212
4615
5264
5919
6207
6616
6705
6996
7234
7364
7536
7599
7606
7848
7997
8171
7855
8053
6614
6018
5750
3879
3054
-78
-2335
-2866
-5231
-7581
-9693
-12257
-11805
-12905
-14055
-13989
-14734
-12872
-11294
-10854
-9433
-8277
-6285
-3604
-3098
-1893
-711
535
1811
2164
2416
3086
3345
3736
4169
4186
4731
5147
5516
5774
6525
6803
7182
6884
6533
6782
6383
5325
3999
2552
1623
439
-1641
-3362
-5336
-6425
-7156
-8534
-9741
-10223
-10086
-9232
-9021
-8705
-7539
-6125
-4446
-3385
-2519
-1416
-120
486
1142
1136
918
1292
776
177
30
-669
-869
-1040
-1553
-823
-786
-610
-61
156
1213
1800
1605
2137
2122
2424
2613
1788
1432
1050
754
589
3
-377
-173
75
746
1235
1800
2814
4003
5148
6142
6907
7653
8442
9001
9148
9253
9165
9015
8722
8423
8077
7945
7394
7418
6928
6931
6513
4429
4778
3167
2219
477
-2989
-3940
-5233
-8093
-9506
-12671
-13561
-13450
-15189
-14874
-15727
-15135
-12826
-11911
-10696
-9130
-7699
-4565
-3148
-2113
-529
769
2316
2889
3387
3993
4685
4913
5167
5400
5852
6537
6996
6773
7290
7952
8175
8157
6861
6576
6365
5156
3431
1335
-478
-1548
-3608
-5665
-7613
-9342
-9735
-10508
-11374
-11574
-11263
-10179
-8987
-8217
-6735
-5062
-3373
-2082
-857
-16
1191
1658
1488
1896
1375
1473
1121
-67
-50
-102
-398
27
-680
62
980
1175
2011
1910
2368
3266
3018
2881
2385
1686
1721
852
-64
-769
-1363
-1414
-1546
-1702
-1222
-388
725
1846
2951
4360
5979
7303
8071
9054
9678
10200
10271
9682
9471
9159
8532
8003
7132
6608
6758
6130
6424
5753
5995
5347
3757
3964
1974
1106
-1662
-5091
-6055
-8243
-10890
-12863
-16086
-15923
-16197
-16641
-15967
-16309
-13890
-11105
-9187
-7083
-5424
-2911
381
1437
2859
3530
4681
5390
5164
5249
4858
4864
4552
4240
4233
4496
5063
5418
5182
6072
6750
7387
6944
5776
5460
5037
3630
1491
-1056
-3085
-4472
-6621
-8507
-10723
-11754
-11829
-11856
-11856
-11349
-10004
-8048
-6061
-4540
-2504
-490
1288
2426
3320
3949
3948
3890
2846
2106
1499
267
-573
-1707
-2287
-1817
-2111
-1757
-1465
-753
831
1394
1969
2454
2661
3215
2984
2166
1539
534
14
-938
-1960
-2406
-2866
-2744
-2528
-1993
-857
296
1654
3003
4474
6007
7050
7910
8306
8552
8752
8304
7733
6745
6080
5642
5132
4640
4485
4505
5433
5795
6617
7445
8035
8724
6615
7054
5696
4135
1837
-3191
-5181
-6954
-10463
-12612
-16401
-17262
-16377
-16960
-15419
-15438
-13291
-9552
-7042
-4689
-2795
-1175
1852
2666
3029
3185
3113
3269
2032
1674
1240
1543
1424
1386
2088
3405
5342
6722
6965
8070
9301
10288
10062
7854
6417
5006
3194
189
-3396
-6423
-8330
-10279
-11810
-13396
-13828
-13041
-11938
-10557
-8859
-6394
-4046
-1811
-57
1720
3562
4386
4322
3988
3522
3344
2226
863
-614
-1304
-1190
-1391
-1807
-1762
-952
359
1375
1828
2339
2846
3302
3016
2330
1236
68
-1274
-2714
-4015
-5161
-5967
-6494
-6823
-6208
-5165
-3921
-2467
-1027
1054
3285
5209
6630
7587
8534
9456
9718
9472
8667
8043
7582
6997
6247
5675
5422
5776
6080
6801
7523
8358
9364
9863
10806
10637
10857
8152
6060
4672
1388
-722
-6102
-10303
-11514
-14289
-15652
-17664
-19180
-16796
-15737
-13226
-11229
-9756
-6006
-3167
-1324
333
720
1823
2071
905
455
-269
-417
-1609
-2055
-1711
-176
1242
1966
3383
5123
7790
9949
10050
9910
9991
9794
9063
6020
3043
443
-1840
-4340
-7039
-9230
-10222
-10735
-10581
-9872
-8743
-6774
-4884
-3248
-1651
427
1904
2602
2298
1885
2151
1855
814
-1041
-2188
-2047
-2261
-2469
-3317
-3242
-1897
-912
-327
-300
150
1094
1155
943
220
-406
-860
-2070
-3167
-3953
-4398
-4700
-5439
-5426
-4668
-3599
-2332
-1881
-754
932
2703
3980
4366
4886
5767
6607
6964
6555
6281
6450
6531
6385
6118
6082
6161
6449
6405
6740
7258
7599
7845
7963
8171
8934
8805
8675
8036
7702
7911
7075
5422
2130
1168
-585
-2211
-5226
-9515
-10574
-11261
-12611
-13392
-15071
-13982
-12367
-11538
-9487
-8823
-6594
-4688
-3679
-2631
-1783
-1264
-695
-1591
-1739
-1440
-621
-436
-906
-116
1393
3763
4746
5449
6319
7797
9563
9712
8679
8036
7107
6231
4102
1592
-315
-2294
-4049
-5905
-7010
-7358
-7606
-7815
-7534
-6800
-5270
-4182
-3545
-3460
-2631
-1425
-867
-1248
-1906
-1785
-1141
-820
-1514
-1383
-1230
-258
318
-141
522
936
1115
1420
387
452
545
-439
-1039
-2306
-2453
-2380
-3214
-3805
-4054
-3710
-2679
-2733
-2614
-1965
-932
156
579
906
1583
2529
3001
3353
3611
4139
4846
5047
5399
6039
6505
7153
7048
7091
7484
7616
7655
7038
6558
6650
6524
6386
5958
5701
6030
6378
6471
6514
6708
7104
7150
6713
5025
2685
1931
-550
-2460
-6115
-9679
-10662
-12249
-13344
-14537
-15182
-13373
-12067
-10623
-8636
-7112
-4621
-3330
-2383
-1770
-1238
-1239
-1841
-2840
-3236
-3135
-2679
-2586
-2091
-914
1245
3700
4983
6525
7704
9139
10186
9724
8753
7449
5843
3961
1240
-916
-2851
-4680
-6104
-7218
-7240
-6720
-6062
-5532
-4744
-3446
-2094
-1219
-1115
-1486
-1392
-1463
-1633
-2508
-3221
-3191
-2981
-2576
-2420
-1396
-644
358
868
1189
2001
1890
1442
550
-456
-704
-1834
-2962
-3792
-4442
-4034
-4032
-3769
-3318
-2577
-1488
-720
-197
397
731
1155
1182
1128
1186
1405
1738
1707
2141
2947
3980
4861
5354
6249
7239
8031
8338
7938
7796
7555
6907
6137
5048
4347
3800
3301
3160
3069
3634
4233
4924
5647
6414
7325
7723
8057
7544
6689
4342
2206
194
-2517
-4856
-8649
-11066
-11926
-12618
-12661
-12900
-12131
-9793
-8184
-6016
-4521
-3120
-1814
-1554
-1545
-1656
-2018
-2688
-3620
-4061
-3740
-2870
-1553
-390
1163
2899
5472
7419
8497
8977
8881
8880
8167
6568
4717
2651
881
-963
-2635
-3418
-4045
-4413
-4688
-4407
-3580
-2883
-2456
-2620
-2771
-2845
-3216
-3631
-4480
-5202
-5740
-5760
-5089
-4477
-3586
-2391
-896
918
2287
3259
4217
4302
4159
3474
2337
1270
-173
-1930
-3311
-4109
-4590
-4659
-4794
-4473
-3669
-2631
-1567
-970
-734
-257
-120
-100
-338
-840
-1042
-1162
-1207
-921
-462
458
1266
1915
2888
3865
4836
5368
5487
5509
5596
5670
5484
4938
4488
4294
4221
4220
4216
4228
4412
4741
4862
5129
5632
5898
6248
6346
6469
6894
6945
7022
6632
5786
4228
2373
996
-732
-2658
-5379
-7891
-8842
-9448
-9925
-10471
-10608
-9416
-8277
-7247
-6189
-5258
-4142
-3885
-4040
-3831
-3444
-3199
-3591
-3742
-3011
-1698
-287
901
2197
3745
5449
6817
7627
8148
8098
7631
6883
5680
4450
3083
1624
121
-1348
-2113
-2443
-2849
-3341
-3795
-3754
-3500
-3542
-3903
-4375
-4570
-4878
-5308
-5525
-5462
-5153
-4927
-4483
-3468
-2107
-793
114
890
2014
2930
3346
3331
3090
2912
1911
1102
198
-571
-1176
-2717
-3274
-3517
-3447
-3139
-3757
-3649
-3096
-2838
-2301
-2470
-2295
-1802
-1962
-1775
-1755
-1309
-744
-799
-469
204
1243
2093
2518
3005
3611
4396
4695
4889
4905
4894
4935
4647
4627
4685
4497
4231
3764
3594
3697
3565
3365
3012
3002
3350
3733
4176
4710
5379
6191
6835
7460
8020
8415
8132
6868
4603
2583
830
-1480
-4089
-7188
-9226
-9999
-10584
-10604
-10328
-9451
-8062
-7052
-5707
-4337
-3430
-2998
-3405
-3837
-3814
-3684
-3670
-3862
-3611
-2441
-815
888
2648
4419
5907
6943
7456
7787
7821
6939
5478
3896
2490
1554
518
-455
-1315
-1922
-1841
-1755
-1771
-1869
-2155
-2700
-3436
-4236
-4822
-5558
-6453
-7107
-7332
-6960
-6156
-5079
-3821
-2497
-1058
575
2122
3151
3833
4139
4086
3827
3374
3156
2652
2115
1791
1736
2045
1896
1758
1400
1107
665
-411
-1498
-2558
-3573
-4470
-5339
-5874
-5593
-5117
-4362
-3455
-2442
-1058
-27
808
1241
1243
1206
894
514
-22
-347
-476
-230
292
908
1806
2731
3790
4494
4861
5197
5305
5231
4627
3796
3084
2585
2147
1886
1786
2000
2586
3227
4222
5123
6042
6988
7608
8148
8430
8386
8234
7497
6361
4329
1884
-179
-2065
-4193
-6324
-8447
-9485
-10017
-10271
-9936
-9481
-8875
-8269
-7605
-6710
-6092
-5702
-5214
-5092
-4997
-4585
-3570
-2325
-1245
-141
1374
3055
4811
6208
7153
7494
7490
7259
6666
5663
4561
3655
2502
1255
311
-133
-517
-1169
-1826
-2457
-3061
-3638
-4109
-4787
-5710
-6514
-6904
-6919
-6870
-6523
-5797
-4879
-3876
-2565
-1071
409
1645
2669
3477
4003
4531
5039
5237
5065
4895
4835
4878
4820
4743
4481
4123
3591
3086
2331
1175
-573
-2653
-4170
-6207
-7531
-8803
-9721
-9892
-9908
-9202
-7897
-6462
-4822
-3319
-2249
-1008
-295
284
706
404
222
27
-2
585
915
1813
2675
3569
4788
5621
6339
6673
6754
6362
5601
4680
4064
3452
2739
2033
1350
1549
1751
1927
2098
2392
2814
2976
3133
3462
3642
4055
4455
4568
4780
5304
6106
6245
5796
4647
3068
1510
-110
-1766
-3964
-6124
-7385
-8363
-8730
-8656
-7945
-6868
-6172
-5454
-4509
-3631
-3066
-2546
-2604
-2930
-3407
-3235
-2378
-1931
-1166
-126
1140
2508
3668
4921
5627
5829
5815
5146
3975
2872
2106
1289
99
-1008
-1513
-1872
-2101
-2046
-2110
-2370
-2883
-3223
-3460
-4197
-4771
-4974
-5162
-5377
-5346
-4619
-3561
-2456
-1174
106
1226
2321
3357
4070
4300
4294
4205
3879
3269
2882
2568
2374
2273
2231
2257
2120
2157
2135
1858
1100
155
-1572
-2727
-4707
-6630
-7717
-9234
-9177
-9662
-9375
-8296
-7112
-5221
-3503
-1941
-657
447
1250
1794
1881
1515
1551
1137
1189
1208
1204
2020
2478
3605
4165
4494
5014
5168
5212
4613
4020
3398
2818
2366
2060
1943
1767
2164
2423
2902
3309
3460
3954
4002
4410
4541
4578
5112
5454
6043
6429
6900
7549
7866
7966
6931
5151
3242
1350
-554
-2879
-5021
-6778
-7893
-8379
-8421
-8269
-7991
-7257
-6368
-5783
-5761
-6030
-6067
-6123
-6257
-6533
-6711
-6224
-5091
-3453
-1953
-480
1151
2979
4639
5688
6091
5826
5401
4798
4065
3302
2440
1892
1570
1464
1403
1219
1209
1312
1087
495
-438
-1557
-2647
-3671
-4582
-5520
-6094
-6195
-5871
-5415
-4707
-3771
-2774
-1697
-923
-415
-49
183
374
343
300
264
392
894
1454
2019
2474
2949
3429
3779
3949
3641
2953
2282
1302
208
-1286
-2784
-3874
-4709
-4788
-5000
-4852
-4476
-3760
-2670
-1971
-1410
-1223
-921
-461
-463
-674
-1156
-1388
-1291
-1055
-669
-372
332
1177
2091
2894
3336
3546
3692
3868
3826
3609
3199
2922
2986
3119
3337
3498
3703
4029
4303
4479
4356
4183
3981
3897
3896
3753
3777
3952
4469
5027
5491
5871
6245
6501
6288
5218
3362
1113
-1162
-3170
-5185
-7059
-8310
-8717
-8312
-7783
-7389
-6883
-6075
-4984
-4211
-4094
-4508
-5037
-5419
-5648
-5929
-6149
-5824
-4725
-2945
-1057
513
1823
3075
4260
5059
5164
4736
4101
3465
2830
2168
1524
1128
1127
1398
1748
1839
1668
1285
678
-108
-1218
-2404
-3422
-4111
-4435
-4621
-4538
-4150
-3414
-2471
-1619
-867
-216
292
504
419
148
-145
-353
-379
-184
195
711
1410
2249
3082
3566
3674
3567
3306
2897
2101
1125
126
-689
-1337
-1847
-2219
-2321
-2263
-2069
-2069
-2274
-2549
-2937
-3161
-3595
-3754
-3680
-3160
-2305
-1517
-562
379
1434
2358
2800
3114
3063
3062
2858
2422
1997
1464
1397
1510
1783
2205
2576
3096
3611
3834
3753
3268
2582
1874
1117
276
-479
-1066
-1332
-1204
-1151
-1025
-531
-156
183
683
707
727
755
450
405
296
41
146
310
453
720
870
1087
1531
1709
1607
1621
1431
1309
1332
963
642
514
338
211
11
-227
-204
-111
-93
-103
-267
-329
-277
-471
-884
-1413
-1909
-2211
-2533
-2832
-2923
-2754
-2305
-1821
-1433
-1067
-766
-609
-591
-805
-1175
-1482
-1793
-2035
-2090
-1986
-1686
-1197
-672
-96
439
784
1009
1089
958
690
268
-186
-539
-835
-1061
-1154
-1101
-931
-771
-644
-563
-542
-619
-774
-1022
-1286
-1455
-1589
-1544
-1447
-1322
-1021
-702
-442
-234
-155
-105
-103
-201
-306
-407
-470
-404
-231
-9
278
532
820
1073
1184
1186
1121
1022
861
631
363
172
25
-87
-85
-108
-96
-133
-178
-226
-306
-441
-663
-786
-926
-1041
-1093
-1040
-926
-705
-471
-247
83
330
527
692
773
862
902
916
977
1033
1151
1335
1535
1708
1836
1877
1915
1866
1676
1436
1139
837
565
308
83
-20
-112
-112
-70
-111
-112
-138
-199
-279
-423
-544
-634
-734
-741
-660
-501
-287
-88
128
381
579
706
801
866
920
923
896
883
891
940
993
1044
1068
1048
1008
912
739
479
193
-119
-415
-701
-943
-1039
-1092
-1099
-1045
-925
-806
-723
-666
-661
-635
-643
-671
-632
-579
-476
-289
-52
193
438
707
1014
1302
1481
1637
1758
1881
1971
1980
2011
2009
1974
1941
1850
1725
1512
1184
878
553
182
-208
-580
-855
-1033
-1178
-1260
-1263
-1237
-1184
-1145
-1119
-1101
-1154
-1225
-1285
-1367
-1408
-1407
-1336
-1232
-1112
-925
-642
-326
-74
151
384
627
817
932
1021
1110
1213
1293
1373
1430
1480
1528
1534
1525
1462
1351
1214
1046
866
675
462
255
33
-185
-388
-565
-744
-908
-1061
-1180
-1235
-1313
-1378
-1415
-1402
-1423
-1489
-1501
-1458
-1394
-1363
-1318
-1206
-1057
-887
-727
-537
-361
-201
-76
63
174
204
234
247
210
176
99
-1
-93
-190
-272
-296
-329
-338
-271
-225
-138
-108
-91
-56
-83
-79
-42
-54
-36
10
54
159
255
331
475
594
743
913
987
1041
1071
1072
1080
1014
884
712
512
279
18
-284
-622
-897
-1129
-1259
-1320
-1367
-1310
-1203
-1099
-1003
-1019
-1003
-977
-970
-896
-839
-690
-509
-379
-270
-194
-146
-100
-65
39
198
375
578
840
1038
1316
1391
1512
1407
1379
1147
526
205
-932
-1005
-1133
-1137
-524
-511
250
566
526
-106
-896
-1596
-2733
-2840
-3222
-2618
-1517
-934
325
938
1270
1134
501
-51
-109
166
334
892
1065
1402
1931
1786
1703
1500
1315
1605
1862
1792
1534
1181
562
52
-481
-869
-499
38
453
725
600
456
32
-695
-1505
-2117
-2125
-1941
-1567
-1098
-686
-135
335
611
761
790
658
460
348
100
-46
8
140
619
1193
1560
1942
2114
1908
1587
1135
672
483
310
106
147
281
473
697
831
873
934
882
545
237
-269
-788
-1106
-1356
-1312
-1127
-797
-437
-155
75
48
83
9
-194
-330
-551
-651
-630
-595
-521
-379
-163
103
252
201
-41
-315
-508
-846
-1120
-1301
-1317
-1154
-1152
-1124
-1047
-767
-622
-707
-851
-1027
-981
-1020
-1272
-1418
-1399
-1222
-905
-612
-253
127
561
845
1049
1221
1190
1253
1168
961
804
628
560
458
311
201
258
443
409
422
455
609
861
880
900
933
1013
1025
938
877
832
833
819
797
925
1112
1366
1696
2125
2544
3079
3504
3975
4380
4773
5006
4400
3407
1608
480
-757
-2008
-3256
-4215
-4026
-3913
-3726
-3979
-3769
-3053
-2883
-2995
-3556
-3796
-3691
-4198
-4461
-4692
-3943
-3116
-2522
-1699
-916
352
1018
1180
1224
1202
1432
1475
1377
1387
1434
1963
2402
2977
3327
3464
3537
3050
2257
1153
177
-534
-1305
-1950
-2455
-2474
-2156
-2041
-1894
-1701
-1235
-977
-1176
-1580
-1838
-1800
-1737
-1613
-1295
-681
72
682
1175
1575
1896
1949
1654
1237
790
494
169
-228
-760
-1141
-1223
-1053
-962
-1218
-1425
-1377
-1196
-1383
-1792
-1971
-1716
-1451
-1484
-1613
-1336
-850
-651
-717
-674
-322
40
9
-130
153
787
1372
1636
1841
2173
2573
2675
2493
2287
2036
1761
1449
1109
871
699
624
614
601
590
633
782
836
786
740
860
1103
1263
1398
1724
2271
2849
3238
3574
4108
4679
5119
5411
5210
4619
3277
1813
741
-204
-1027
-2027
-2336
-2174
-2067
-2215
-2503
-2188
-1857
-2180
-2847
-3572
-3637
-3907
-4441
-4816
-4522
-3567
-2991
-2548
-1931
-855
146
401
368
487
781
981
801
833
1076
1545
1867
2094
2406
2668
2699
2221
1458
565
-217
-928
-1550
-2041
-2302
-2275
-2073
-1866
-1710
-1569
-1318
-1283
-1481
-1931
-2275
-2372
-2378
-2192
-1855
-1119
-290
432
1006
1513
2101
2398
2304
1998
1659
1510
1173
916
739
762
850
646
546
326
126
-365
-1029
-1570
-2051
-2336
-2632
-2702
-2483
-2283
-1968
-1821
-1569
-1345
-1306
-1271
-1405
-1428
-1514
-1503
-1296
-962
-347
237
887
1509
1982
2460
2733
3000
3096
3054
2984
2856
2876
2900
2984
3082
3182
3316
3286
3177
3010
2856
2699
2458
2335
2310
2374
2480
2602
2838
3036
3103
3063
2928
2802
2292
1281
-132
-1554
-2470
-3271
-3870
-4340
-4255
-3784
-3600
-3551
-3620
-3210
-2877
-3140
-3622
-4099
-3938
-3826
-3925
-3864
-3308
-2224
-1521
-1029
-541
243
908
842
638
519
774
879
720
830
1243
1956
2329
2481
2678
2876
2825
2176
1260
373
-343
-1015
-1705
-2042
-2051
-1837
-1715
-1714
-1553
-1368
-1215
-1353
-1625
-1874
-2094
-2201
-2209
-1999
-1548
-966
-374
94
434
665
822
798
578
300
84
-12
-57
-98
94
425
726
866
819
871
766
555
131
-215
-438
-646
-755
-808
-555
-212
59
251
311
497
537
437
228
34
6
-43
3
122
456
800
993
1038
980
930
666
269
-140
-500
-710
-975
-1073
-1016
-790
-496
-255
25
229
401
427
420
426
427
553
685
939
1241
1592
2037
2396
2765
3005
3173
3239
3273
3300
3365
3457
3516
3595
3311
2737
1877
1145
542
-135
-805
-1343
-1506
-1782
-2193
-2667
-2824
-2731
-2945
-3427
-3957
-4116
-4187
-4506
-4927
-5114
-4724
-4293
-3915
-3510
-2812
-1868
-1330
-1118
-1010
-543
-20
199
252
441
996
1413
1585
1723
2122
2633
2676
2367
1964
1841
1704
1241
750
501
617
664
448
233
233
356
187
-201
-558
-715
-838
-1190
-1454
-1497
-1205
-969
-899
-778
-542
-256
-193
-257
-301
-222
-201
-309
-341
-298
-125
-74
-157
-231
-278
-349
-559
-832
-1082
-1209
-1267
-1230
-1072
-798
-452
-165
70
211
266
286
238
179
100
64
126
260
446
629
799
973
1143
1221
1188
1094
1034
980
886
795
761
848
954
1046
1118
1198
1262
1175
983
703
402
158
-64
-192
-224
-209
-178
-135
-58
81
250
384
540
745
963
1100
1169
1152
1143
1150
1151
1140
1125
1096
978
866
723
635
599
578
541
498
517
543
530
416
249
96
-31
-129
-300
-424
-475
-499
-557
-726
-881
-973
-1010
-1092
-1184
-1268
-1326
-1368
-1428
-1406
-1336
-1235
-1123
-1046
-971
-881
-827
-845
-886
-936
-928
-880
-780
-706
-626
-530
-457
-351
-309
-153
-2
157
312
373
467
488
476
436
384
314
309
293
268
243
181
211
204
158
108
107
139
164
179
165
117
-26
-79
-126
-110
-19
75
311
513
652
694
754
869
914
906
834
864
949
1021
985
932
1045
1098
1111
1074
1022
948
852
666
448
308
231
309
324
337
387
434
511
486
358
238
168
72
-113
-256
-405
-452
-433
-473
-487
-444
-233
-83
-29
-28
3
65
72
17
-57
13
120
184
212
238
251
254
