3
0
-8
-12
-22
-35
-45
-56
-61
-58
-52
-45
-35
-29
-17
-11
-4
4
12
21
28
33
38
34
31
26
22
22
21
24
26
33
44
49
52
53
59
67
68
69
78
91
102
104
107
109
103
91
76
65
57
50
39
32
20
9
-3
-17
-24
-28
-33
-40
-45
-54
-66
-72
-79
-76
-72
-69
-64
-56
-43
-32
-25
-20
-18
-17
-16
-14
-9
-11
-13
-13
-11
-17
-30
-41
-46
-50
-58
-64
-65
-65
-65
-65
-65
-68
-70
-72
-69
-65
-55
-44
-34
-24
-18
-12
-5
-9
-18
-27
-35
-36
-38
-38
-33
-29
-28
-35
-43
-50
-48
-45
-39
-27
-16
-9
-4
0
8
11
12
16
23
27
28
32
33
28
28
24
23
16
12
16
23
31
37
46
49
53
56
53
44
32
19
11
9
5
2
2
-3
-1
0
5
13
23
32
37
45
43
29
17
7
1
-13
-35
-48
-54
-59
-66
-76
-80
-86
-88
-81
-73
-57
-41
-27
-19
-14
-6
-5
-6
-1
6
17
19
23
28
27
19
9
0
-6
-19
-24
-17
-10
-5
5
18
27
33
41
48
50
45
44
49
45
38
35
32
27
16
4
-4
-11
-13
-16
-19
-20
-23
-23
-19
-7
5
12
22
27
32
33
23
17
18
14
6
6
6
8
1
1
2
4
1
-13
-15
-13
-11
-18
-30
-41
-53
-63
-75
-80
-89
-97
-102
-98
-92
-90
-86
-85
-83
-85
-85
-86
-83
-71
-60
-46
-38
-29
-19
-11
-4
-5
-5
-9
-12
-12
-5
3
9
10
2
-3
-6
4
10
14
23
37
56
54
60
75
91
105
114
133
153
152
144
148
155
142
113
110
107
90
75
60
58
53
49
55
68
81
94
92
88
84
65
34
11
12
-7
-24
-36
-34
-36
-49
-44
-38
-31
-53
-66
-62
-62
-74
-76
-67
-73
-78
-82
-81
-91
-88
-76
-70
-64
-51
-38
-24
4
32
43
26
18
43
47
30
38
64
72
79
79
104
114
102
108
115
140
119
103
113
95
78
70
69
61
58
52
42
21
24
6
-10
-5
0
13
-5
-4
0
-7
-12
-25
-15
-16
-34
-61
-58
-63
-95
-124
-118
-99
-123
-132
-125
-115
-127
-124
-97
-117
-129
-132
-136
-149
-164
-151
-125
-156
-148
-104
-100
-103
-91
-58
-61
-87
-83
-58
-81
-96
-53
-4
1
-6
48
72
46
31
85
101
76
89
95
110
86
88
111
90
66
74
88
88
71
45
67
59
65
80
110
121
122
142
137
132
122
140
131
123
136
125
89
56
42
23
-7
-30
-2
-2
4
32
58
80
65
83
66
25
9
21
22
-16
-31
2
-3
-17
21
-20
-16
7
-9
-31
-63
-79
-51
-27
-51
-41
2
-9
-22
-15
-3
-14
-50
-74
-82
-89
-123
-138
-104
-87
-67
-79
-74
-22
-7
21
16
41
30
16
30
20
40
47
19
7
34
31
-25
-47
-8
-17
-51
-49
-23
5
-42
-35
26
3
-17
-3
48
53
25
26
26
25
-31
-79
-84
-70
-80
-91
-102
-88
-63
-88
-74
-66
-72
-76
-90
-76
-37
-44
-89
-113
-102
-123
-153
-167
-170
-108
-69
-66
-71
-69
-81
-63
-33
-34
-37
-60
-62
17
40
28
19
26
39
32
38
-28
34
55
27
69
65
66
43
14
81
107
97
77
70
106
84
61
28
21
19
13
47
145
126
109
121
109
101
50
6
-9
37
25
-16
-12
21
0
-40
-18
5
-25
-41
-74
-12
21
-32
-29
-5
2
-62
-63
-46
-7
3
-36
24
19
17
72
21
41
38
-49
-17
-16
18
49
32
25
40
13
22
-43
-4
17
-9
88
84
58
53
32
72
71
42
29
-10
32
13
3
-11
-50
-35
-56
-68
2
6
-62
-88
-16
15
-14
-32
-64
22
9
-58
-87
-111
-79
-48
-37
-38
-13
-60
-120
-55
-61
-49
-46
-45
41
-13
-28
-35
-28
-61
-81
-60
9
-28
-29
56
-8
-7
-61
-88
-60
-29
-60
-44
25
16
46
5
-64
11
30
31
29
-1
8
13
-21
18
-75
-51
-44
-33
55
-22
35
38
15
14
53
26
98
90
89
148
139
165
88
96
71
77
12
-90
-61
-14
-72
-40
-3
16
47
7
55
25
25
42
49
51
-57
116
-17
-19
22
-26
-28
-42
-16
30
51
-76
83
-73
-55
-23
-57
44
22
110
85
79
53
30
23
31
43
4
94
20
62
95
43
61
6
90
73
157
164
92
93
0
100
-28
-106
22
10
78
63
62
88
42
67
27
46
136
-14
-15
39
-41
-76
31
-63
-93
-100
-60
-53
-71
25
-93
-50
-16
-40
-18
-48
-70
-13
-108
-86
-64
-140
-209
-105
-156
-178
-75
-152
-43
-7
2
100
-80
39
40
-52
78
9
46
59
40
1
45
7
-4
22
88
52
-12
150
11
21
32
-65
10
-179
-77
-43
-130
19
-46
-55
-103
-116
-44
-90
-135
-61
-75
-80
-51
-72
26
-18
-67
-39
-70
-94
-69
-78
-136
-159
-107
-23
-34
-20
79
127
108
87
34
2
20
-56
37
-46
17
126
27
4
28
55
43
-12
24
81
68
88
96
139
103
-93
-115
-37
-111
90
99
53
137
37
14
78
-37
-20
0
80
182
70
57
52
13
7
99
-26
-71
-17
34
116
79
52
37
52
66
74
59
10
-52
24
62
-32
37
10
20
-70
-72
-113
-62
-65
-81
56
-44
19
68
84
12
-65
-21
-72
-75
-14
-192
-53
-14
-27
39
-113
-46
-71
-156
-9
81
9
6
-32
-34
-9
20
-20
-67
-67
68
2
80
23
16
-57
-168
49
-41
-12
-14
73
136
145
91
47
-24
-42
-57
-6
151
-59
150
129
154
221
97
54
41
-168
-90
-35
-97
58
-26
6
96
29
-179
-123
40
-38
-55
94
97
133
-89
-25
-101
-77
-239
-238
-240
-37
159
32
40
-94
-73
-43
-34
13
-8
-159
-12
96
173
113
10
92
94
104
149
56
96
1
14
243
264
181
191
93
209
185
140
144
-12
105
116
160
244
189
-1
31
145
152
240
78
111
32
-2
209
69
124
-79
-28
51
30
95
-56
-105
-52
20
47
-87
-250
-198
-112
-184
-66
-25
-132
-224
-155
-120
-191
-197
-192
-206
-186
-95
-87
-98
-99
-143
-148
-84
-214
-256
-80
-148
-244
-187
-144
-333
-191
-110
-60
68
38
14
-25
-50
-147
-161
-160
-197
-171
-151
-116
-107
-92
-57
-32
94
114
81
134
12
-11
72
-3
42
78
34
155
183
172
123
-32
-23
-26
-69
-20
31
60
152
-47
80
-11
-26
-56
-176
-48
56
-109
-34
-30
-13
43
-68
-36
-192
-40
-48
40
0
-68
-166
35
93
31
2
-38
15
38
71
32
97
61
14
-39
-14
-108
-177
-158
85
239
254
208
48
185
138
12
120
-128
36
92
110
219
69
43
168
151
164
52
-67
122
131
149
87
-8
11
6
-68
181
141
-2
128
-70
56
-4
0
82
-49
59
21
39
-23
23
42
-54
1
-9
55
-49
-37
-77
1
36
-83
82
2
-59
43
-111
-271
-352
-475
-237
-177
-118
-17
-50
113
-40
-1
-115
-61
-23
-57
18
-82
-177
-238
-89
-70
18
-185
-181
-241
-30
216
79
63
44
37
-58
-50
-50
96
114
170
-52
-192
-146
-306
-172
-142
-94
-6
17
176
16
134
215
110
271
139
-44
87
-10
-203
-116
-114
130
-30
11
189
172
204
96
173
188
85
4
104
72
179
134
2
49
-61
89
206
121
123
102
44
158
164
68
104
11
200
134
-89
-94
-40
97
-3
24
127
82
-17
75
28
15
-56
-79
62
-60
-25
73
-6
-81
-137
-45
-6
-88
-57
23
-19
19
42
-51
-129
-124
-71
-138
-45
50
-58
-66
-69
-87
142
121
-79
44
16
33
29
-18
-95
-143
1
-38
-73
61
85
23
54
79
88
74
-2
30
7
46
88
-7
-14
0
53
115
68
39
86
58
38
57
25
47
-22
-31
-23
-59
7
68
94
143
204
223
237
105
48
11
-95
-149
-195
-183
-189
-156
-110
-118
-84
-21
-28
-2
37
32
57
48
34
10
0
-19
-62
-61
-89
-105
-97
-62
-45
-74
-39
-41
-78
-93
-14
45
68
104
87
120
155
139
71
16
-29
-87
-150
-141
-133
-142
-130
-92
-42
-35
-29
-39
-47
-96
-116
-127
-181
-228
-255
-258
-268
-255
-228
-195
-180
-191
-172
-191
-189
-174
-192
-183
-142
-93
-99
-106
-100
-59
-2
24
60
104
109
150
212
245
290
312
390
469
547
584
591
633
664
695
658
659
659
661
624
663
723
691
682
678
776
796
765
744
733
777
844
924
984
1041
1082
1060
999
895
768
492
331
186
58
-71
-228
-289
-310
-246
-223
-174
-124
-116
-298
-554
-836
-1184
-1588
-2065
-2418
-2603
-2724
-2704
-2526
-2202
-1901
-1601
-1227
-862
-605
-484
-469
-511
-579
-722
-831
-920
-944
-980
-985
-873
-713
-657
-733
-751
-715
-669
-678
-640
-502
-368
-183
43
301
450
510
479
428
318
126
-149
-393
-504
-583
-552
-435
-220
-6
223
528
822
1031
1083
1098
1110
1133
1097
1035
1014
1016
1021
1041
1163
1235
1273
1274
1293
1362
1469
1520
1545
1656
1778
1856
1947
2091
2315
2274
2241
2257
2308
2171
2094
2136
2274
2410
2447
2615
2646
2859
2488
1711
-90
-2125
-3756
-4854
-6017
-7588
-8313
-7859
-6561
-5237
-3530
-1736
-314
713
1770
2841
3021
2177
885
-41
-497
-927
-1422
-2017
-2072
-1616
-742
48
686
793
370
-63
-76
-24
-616
-1454
-1848
-1746
-1383
-721
63
436
474
679
1090
1272
864
30
-886
-1435
-1746
-1955
-2157
-2087
-1907
-1595
-996
-179
292
174
-15
78
213
123
-17
-63
-25
134
509
944
1185
1193
995
780
766
775
525
159
15
149
370
703
1155
1456
1567
1715
1959
2101
1939
1576
1225
1013
990
1030
1025
1059
1256
1422
1567
1935
2210
2217
2049
2187
2583
2842
3125
3363
3575
3520
3793
3941
3439
1939
-396
-3256
-5788
-7313
-8375
-9797
-10731
-9834
-7358
-4819
-2360
165
2192
3194
3900
4694
4674
3170
951
-550
-1258
-1611
-1934
-2245
-2353
-1833
-888
11
395
95
-929
-2120
-2653
-2523
-2528
-2838
-2689
-1532
86
1804
3433
4480
4571
4040
3531
2954
1787
-6
-2020
-3344
-3779
-3595
-3398
-3147
-2596
-2300
-1994
-1397
-611
-682
-1298
-1480
-967
-171
540
1270
1796
2174
2507
2810
2710
1993
772
-743
-1779
-2155
-2256
-2464
-2461
-1831
-771
368
1500
2402
2651
2413
2342
2594
2627
2202
1623
1306
1380
1681
2002
2125
2032
1790
1667
1740
1839
1560
1076
760
908
1201
1880
2405
2775
3051
3535
4131
4242
4379
3949
3568
2846
2381
1346
-196
-1649
-3262
-5515
-7724
-8235
-7737
-7723
-7783
-6347
-3723
-1663
-139
1510
2873
3039
2615
2504
2296
1460
-69
-1332
-1884
-1742
-1659
-1837
-2001
-1802
-1705
-1831
-1828
-1807
-2306
-3062
-2946
-1956
-896
-129
781
1958
2960
3643
4060
4088
3334
1952
519
-466
-1281
-2375
-3511
-3968
-3745
-3384
-3104
-2934
-2645
-2533
-2252
-1723
-934
-433
-28
587
1523
2395
2788
2738
2387
1802
954
60
-803
-1661
-2401
-2818
-2637
-2076
-1416
-769
-79
666
1311
1745
1946
2064
2077
2022
2049
2311
2548
2579
2406
2300
2244
2072
1761
1391
1088
831
726
915
1300
1652
1912
2232
2856
3364
3710
4066
4491
4967
5171
5543
5679
5776
5090
3624
1428
-722
-3357
-7261
-10820
-11961
-11089
-10908
-10520
-7935
-3673
-629
1263
3448
5250
5091
3857
3202
2916
1749
-20
-1232
-1324
-938
-866
-1291
-1673
-1883
-2489
-3526
-4210
-4455
-5013
-5370
-4329
-1897
389
2247
4154
6008
6858
6806
6331
5365
3404
932
-1119
-2318
-3044
-3702
-4169
-4031
-3536
-3106
-2821
-2354
-2137
-2382
-2556
-2261
-1461
-836
-72
734
1451
1932
2264
2372
1987
1217
117
-928
-1631
-2039
-2423
-2832
-3100
-3045
-2719
-2171
-1511
-1020
-644
-13
921
1863
2590
2941
2974
2905
2818
2600
2098
1333
486
-160
-422
-265
78
331
590
1017
1575
2023
2256
2172
1984
1870
1901
2190
2596
2905
3152
3510
3935
4375
4864
5367
5706
5732
5534
5081
3813
1734
-554
-2705
-5304
-8580
-11101
-11412
-9918
-8505
-7334
-5140
-1868
879
2415
3553
4464
4278
3079
2400
2671
2548
1354
108
-262
-275
-802
-1946
-3232
-4391
-5437
-6052
-5839
-4969
-4057
-3159
-1560
914
3345
4874
5666
6015
5701
4881
4058
3246
2000
271
-1251
-2127
-2612
-3161
-3820
-4374
-4731
-4882
-4644
-3938
-3051
-2279
-1396
-108
1415
2578
3251
3558
3472
2900
2118
1392
635
-375
-1483
-2293
-2721
-2882
-3004
-3043
-3447
-3958
-3920
-3078
-1900
-728
522
1843
3148
4200
4878
4733
3729
2325
1011
-85
-833
-1282
-1711
-1979
-1738
-1099
-518
-244
-68
81
325
856
1769
2642
3122
3482
3903
4089
3915
3593
2876
1908
1081
816
1098
1428
2013
2661
3579
4414
5404
5997
6030
5713
4040
1464
-1143
-2523
-4768
-8694
-12080
-11911
-9230
-7421
-6436
-4316
-1030
1133
1945
2891
4087
3888
2328
1622
2625
3559
2724
919
-189
-656
-1740
-3650
-5291
-6281
-7144
-7621
-6647
-4438
-2348
-900
735
2917
4764
5721
6033
5936
5151
3990
3135
2742
2104
738
-983
-2389
-3498
-4573
-5559
-6159
-6408
-6320
-5566
-3957
-1940
-149
1293
2510
3494
4081
4404
4503
4200
3469
2616
1952
1254
279
-1223
-3051
-4786
-5978
-6515
-6430
-5800
-4737
-3212
-1307
925
2919
4232
4656
4461
4000
3473
2884
2092
1183
309
-360
-906
-1311
-1657
-2087
-2532
-2632
-2200
-1391
-428
590
1517
2244
2802
3207
3345
3067
2531
2049
1802
1767
1899
1970
1975
2022
1946
1843
2028
2303
2482
2627
3288
4397
5451
6164
6685
6902
5789
3817
1683
-210
-3183
-8034
-12457
-13099
-10129
-7464
-6356
-4620
-1168
1662
2350
2498
3189
2917
1203
509
2155
4100
4088
2370
711
-307
-1739
-4162
-6574
-7817
-8142
-7931
-6648
-4024
-1362
-7
679
1842
3088
3587
3658
3776
3694
3433
3558
4021
3960
2750
628
-1742
-3809
-5319
-6276
-6637
-6338
-5483
-4176
-2357
-243
1410
2099
2152
2083
2030
2193
2744
3334
3388
3069
2713
2275
1317
-163
-2099
-4269
-6052
-6889
-6684
-6197
-5337
-3945
-2023
-66
1768
3251
3989
3994
3656
3477
3381
3151
2702
1962
868
-405
-1653
-2927
-4086
-4849
-5013
-4433
-2991
-900
1206
2810
3832
4343
4367
4024
3682
3487
3227
3128
3233
3325
3164
2596
1689
598
-220
-574
-396
72
949
2184
3479
4642
5521
6139
6018
5532
5137
4457
3160
1375
-112
-1494
-3420
-6567
-9786
-10869
-9408
-7289
-6246
-5274
-3233
-792
392
891
1804
2399
1828
1332
2223
3547
3525
2012
207
-1117
-2402
-3940
-5369
-6064
-5974
-5435
-4518
-3063
-1371
-322
40
573
1610
2525
3154
3773
4263
4268
3982
3708
3125
1768
-106
-1941
-3377
-4317
-4662
-4487
-4044
-3541
-3010
-2352
-1600
-811
-158
327
746
1279
1951
2781
3518
3713
3191
2294
1445
554
-345
-1426
-2720
-3700
-4255
-4508
-4434
-3843
-3188
-2596
-1784
-582
819
1890
2490
2832
2999
2750
2370
2100
1572
690
-278
-1128
-1735
-1901
-1749
-1566
-1287
-686
162
966
1638
2238
2503
2395
2319
2544
2679
2525
2383
2177
1765
1353
1250
1261
1211
1156
1225
1499
1861
2285
2917
3439
3720
4032
4485
4656
4723
4549
4396
4189
3332
1554
-555
-2414
-4759
-8066
-10981
-11130
-8549
-5753
-4304
-3054
-1344
-68
60
103
831
1799
2155
2716
4125
5416
4845
2475
-325
-2494
-4115
-5338
-5721
-4986
-3767
-2853
-2241
-1705
-1421
-1657
-1835
-1232
185
1905
3631
5085
5789
5465
4336
2956
1416
-222
-1739
-2635
-2980
-2984
-2889
-2798
-2985
-3484
-4021
-4093
-3530
-2482
-1155
261
1455
2265
2671
2785
2617
2076
1344
735
505
522
486
173
-512
-1440
-2661
-3798
-4295
-4173
-3919
-3437
-2511
-1380
-250
668
1220
1454
1569
1732
2124
2682
3033
2930
2402
1516
455
-538
-1336
-1980
-2369
-2361
-1902
-1127
-328
266
664
1072
1614
2297
3034
3731
4186
4155
3723
3143
2518
1837
1216
718
571
616
689
704
817
850
880
1108
1474
1958
2658
3547
4269
4726
4967
5153
5086
4346
2747
515
-2236
-5429
-8385
-9396
-8043
-5773
-4546
-4133
-3581
-2878
-2627
-2473
-1503
287
2031
3492
5037
6277
5842
3476
565
-1503
-2585
-3037
-2829
-1990
-1136
-1144
-2028
-3219
-4285
-5137
-5297
-4062
-1623
1022
3083
4293
4553
3910
2778
1767
1260
1165
1138
1045
829
265
-826
-2305
-3766
-4956
-5555
-5297
-4180
-2639
-1233
-379
-111
-169
-209
55
745
1652
2467
3045
3424
3417
2845
1789
450
-819
-1791
-2215
-2450
-2854
-3344
-3568
-3836
-4195
-4086
-3463
-2421
-1089
414
1688
2739
3321
3431
3141
2788
2345
1892
1459
1116
685
56
-814
-1673
-2208
-2339
-2028
-1371
-509
283
937
1604
2231
2616
2793
2904
2932
2987
3151
3246
3057
2684
2119
1513
1116
946
913
973
1018
1042
1056
1280
1662
2125
2688
3468
4095
4378
4820
5429
5422
4268
2493
236
-2607
-5878
-7921
-7538
-5446
-3826
-3481
-3674
-3874
-4302
-4600
-3922
-2105
46
1832
3399
4746
5066
3643
1239
-725
-1581
-1641
-1128
-254
440
128
-1236
-2967
-4410
-5242
-5151
-3870
-1729
362
1643
1993
1688
919
130
1
772
1823
2514
2674
2342
1382
-72
-1520
-2510
-2880
-2803
-2369
-1773
-1263
-1223
-1718
-2387
-2790
-2707
-1960
-687
653
1544
1779
1478
1025
693
599
601
731
822
795
437
-101
-1046
-2815
-4235
-4380
-3689
-2921
-1927
-1247
-1107
-1306
-1264
-847
-79
658
1265
1822
2356
2610
2261
1532
837
364
43
-51
179
432
343
-84
-546
-709
-624
-344
300
1209
1811
2123
2294
2185
1832
1640
1731
1961
2146
2264
2162
1878
1566
1239
1034
1015
1314
1726
2009
2055
2053
2226
2377
2519
2718
3182
3792
4328
4141
2946
868
-2642
-6483
-7750
-5433
-2957
-2583
-3060
-3053
-3857
-5630
-6026
-3972
-1245
504
1628
2850
3708
3121
1216
-562
-906
-203
616
1354
2116
2087
584
-1825
-3668
-4417
-4402
-3612
-1764
111
669
-45
-880
-1392
-1586
-1007
546
2369
3461
3468
2551
1220
-96
-1019
-1266
-881
-381
-256
-422
-769
-1309
-1909
-2158
-1962
-1325
-380
592
1209
1301
876
269
-49
204
785
1437
1774
1525
683
-294
-1058
-1342
-1380
-1696
-2231
-2435
-2161
-1979
-1796
-1473
-1043
-833
-501
32
614
1000
1164
1089
890
737
574
409
205
-76
-535
-936
-997
-695
-252
226
657
966
1152
1331
1538
1816
2032
2241
2445
2509
2301
1890
1493
1218
1105
1014
989
925
843
742
794
998
1285
1580
2126
2783
3176
3569
3850
3793
3462
3688
4084
4023
3330
2439
1304
-1277
-4525
-5866
-4145
-2490
-2928
-3966
-3894
-3921
-5184
-5975
-4838
-2531
-543
1109
2254
2299
1022
-437
-875
208
1501
1710
1167
1088
1269
766
-423
-1425
-1709
-1547
-985
38
775
322
-879
-1555
-1515
-1315
-935
-8
916
1131
712
22
-759
-1323
-1103
-85
1124
1668
1380
679
136
-101
-40
232
445
400
194
-24
-351
-822
-1257
-1428
-1289
-933
-624
-649
-909
-1136
-1130
-998
-728
-414
-16
135
-308
-922
-1322
-1399
-1355
-980
-607
-371
-484
-843
-1270
-1464
-1222
-663
-12
499
782
665
444
370
554
754
894
928
920
837
747
633
523
538
738
1122
1466
1647
1679
1602
1463
1331
1256
1245
1304
1411
1531
1535
1353
1046
836
785
973
1217
1254
1118
942
977
1002
1137
1488
1926
2133
2283
2400
1990
1195
101
-1899
-3971
-3872
-1745
-973
-2474
-3803
-3971
-4568
-5681
-5582
-4515
-3552
-2622
-1239
-532
-960
-1811
-2134
-1512
107
1579
1625
620
113
337
351
34
10
146
-78
-163
259
278
-706
-1615
-1550
-972
-507
-126
27
-227
-520
-427
-382
-626
-801
-597
-274
37
189
-32
-547
-750
-380
182
504
394
-70
-462
-441
-172
118
325
487
603
701
631
387
10
-296
-362
-391
-733
-1268
-1626
-1766
-1634
-1264
-869
-806
-866
-729
-267
289
743
1093
1370
1665
1825
1740
1420
1139
1018
1032
1114
1225
1131
894
775
872
1046
1135
1109
1074
1154
1335
1536
1654
1672
1607
1484
1375
1277
1160
988
758
570
503
470
448
555
808
1045
1203
1580
2100
2481
2717
2805
2731
2766
2717
2470
2144
2009
1950
1730
948
-80
-1240
-2831
-3911
-3320
-1817
-1789
-2990
-3620
-3305
-3331
-3402
-2708
-1837
-1373
-817
-58
-136
-1008
-1573
-1559
-1220
-373
222
-411
-1566
-1809
-1369
-1075
-862
-321
63
176
678
1374
1388
855
737
1097
1330
1298
1073
575
-162
-550
-627
-938
-1455
-1785
-1841
-1834
-1613
-1366
-1335
-1415
-1038
-284
350
622
574
353
283
491
710
661
441
193
-3
-88
-102
-221
-399
-584
-798
-758
-733
-635
-449
-54
86
150
121
110
153
223
564
796
923
931
933
718
666
755
960
1123
1250
1336
1279
1198
1299
1414
1438
1478
1444
1360
1199
1064
953
857
652
470
241
49
-58
-84
-67
31
187
434
654
856
1112
1351
1640
2061
2356
2386
2468
2699
2734
2525
2393
2401
2307
2091
2079
2067
1933
1741
1630
1458
1514
412
-1906
-2733
-828
528
-1032
-2712
-2579
-2317
-3393
-3634
-3096
-3433
-4081
-3412
-2636
-3087
-3693
-3754
-3513
-2590
-818
-311
-1636
-2285
-1107
-220
-265
28
433
-331
-934
-97
529
-311
-1086
-820
-547
-587
-323
-215
-831
-1136
-538
-141
-412
-445
-361
-533
-459
130
151
-465
-753
-421
-220
-321
-502
-988
-1508
-1463
-851
-460
-286
-86
171
423
871
912
308
-44
221
480
346
102
-243
-710
-1165
-1166
-983
-1143
-1404
-1441
-1334
-1084
-765
-609
-487
-169
287
645
773
860
906
912
1033
1241
1268
1016
862
931
983
895
795
577
349
376
612
866
1011
1095
1145
1190
1277
1413
1498
1561
1698
1744
1735
1770
1829
1713
1570
1629
1692
1678
1575
1462
1263
1258
1448
1694
1760
1586
1558
1571
1598
1539
1492
1274
170
-1460
-1808
-449
257
-934
-2246
-2368
-2242
-2713
-2905
-2703
-2888
-3018
-2547
-2112
-2361
-2652
-2704
-2583
-1876
-780
-563
-1432
-1684
-755
17
-38
-167
-214
-591
-712
102
890
793
434
442
575
484
407
288
-62
-303
-118
2
-380
-756
-813
-679
-436
-68
66
-238
-494
-332
-18
73
-30
-224
-343
-210
139
359
33
-659
-965
-677
-392
-547
-885
-1054
-862
-427
-40
125
92
102
306
540
619
509
155
-235
-224
43
66
-165
-312
-182
110
336
313
132
-28
44
366
757
991
1084
1155
1295
1575
1861
2011
1972
1900
1875
1864
1681
1333
1014
800
666
602
609
631
664
720
870
1080
1100
969
902
970
971
906
783
585
462
506
642
673
637
565
570
678
729
654
520
522
685
772
517
-75
-513
-330
111
2
-570
-1024
-1368
-1690
-1793
-1777
-1991
-2285
-2264
-2019
-1954
-2038
-2110
-2149
-1923
-1359
-960
-1079
-1267
-1054
-707
-521
-423
-457
-790
-1069
-905
-448
-159
-150
-137
-65
-25
107
333
426
500
682
838
859
889
911
837
687
595
447
55
-341
-528
-545
-532
-576
-771
-1002
-1414
-1659
-1296
-732
-619
-867
-1066
-1005
-636
-291
-65
16
-24
127
333
212
-24
-154
-269
-348
-182
-43
-109
-218
-66
366
813
1032
845
592
565
837
1196
1394
1405
1404
1310
1117
985
883
699
554
540
562
589
578
524
439
449
514
543
498
477
628
900
1137
1251
1185
982
945
962
937
899
754
456
260
172
0
-159
-263
-168
-31
24
-21
-48
-12
173
366
466
504
518
552
563
433
111
-68
-33
-30
-403
-910
-1336
-1650
-1800
-1809
-1844
-1969
-2008
-1918
-1749
-1616
-1413
-1216
-1146
-1041
-794
-652
-799
-914
-817
-637
-635
-744
-819
-879
-895
-791
-718
-826
-928
-961
-916
-717
-357
-33
91
113
311
665
871
930
909
694
433
342
257
67
-111
-355
-617
-840
-1029
-1223
-1422
-1594
-1596
-1461
-1393
-1233
-934
-578
-219
156
461
675
823
863
757
523
304
85
-103
-217
-220
-183
-99
7
86
117
183
330
526
726
945
1179
1369
1524
1639
1698
1594
1452
1292
1118
948
760
540
337
220
67
-86
-189
-149
-11
185
415
627
769
891
1072
1269
1348
1221
1080
1007
941
784
570
365
197
34
-160
-225
-162
-123
-199
-280
-366
-400
-226
5
137
121
144
222
285
240
187
81
-41
13
140
158
-69
-188
-157
25
171
98
-189
-499
-575
-613
-596
-698
-803
-781
-730
-560
-392
-352
-500
-574
-626
-627
-614
-776
-888
-880
-749
-677
-652
-601
-430
-199
-26
110
160
62
-2
105
232
220
157
66
-20
-43
-76
-149
-342
-565
-708
-666
-612
-552
-522
-515
-488
-383
-260
-192
-131
-36
76
152
308
383
348
269
352
431
393
321
318
302
223
248
353
488
527
545
551
611
659
728
778
842
898
932
961
990
1002
979
1026
1070
1014
801
600
472
392
294
256
256
216
129
114
174
223
235
277
365
452
573
707
803
798
775
787
841
788
594
303
137
144
109
-159
-469
-575
-548
-497
-445
-347
-340
-421
-371
-81
165
244
278
313
388
507
580
493
271
89
-8
-45
-147
-308
-496
-693
-796
-844
-873
-881
-714
-531
-353
-92
254
448
427
387
406
444
369
208
-94
-444
-709
-832
-897
-957
-1033
-1098
-1159
-1121
-1065
-1127
-1224
-1197
-1103
-1000
-769
-491
-267
-156
-22
70
68
-80
-251
-385
-509
-649
-817
-944
-1006
-967
-904
-827
-733
-617
-590
-548
-468
-409
-317
-108
147
285
308
304
319
294
278
301
329
279
231
237
274
306
280
211
179
267
375
447
513
587
623
620
629
656
617
543
518
497
446
423
427
426
401
322
210
125
146
280
446
558
602
597
562
512
468
376
237
90
-55
-178
-285
-371
-432
-435
-417
-358
-321
-271
-204
-154
-106
15
244
532
789
837
854
843
733
532
353
149
-75
-251
-297
-305
-434
-633
-762
-772
-777
-737
-657
-520
-358
-83
160
330
447
511
553
586
493
189
-74
-218
-249
-359
-571
-738
-788
-798
-733
-570
-496
-506
-438
-198
92
325
440
420
356
392
539
612
477
232
14
-148
-273
-435
-721
-1038
-1114
-952
-787
-669
-513
-333
-230
-124
44
131
24
-79
-6
190
333
298
102
-128
-260
-308
-350
-422
-470
-499
-500
-395
-218
-118
-119
-117
-13
103
168
210
260
301
313
297
235
159
88
35
-18
-15
11
45
150
280
341
323
278
282
331
381
389
339
257
194
199
202
173
130
71
-12
-71
-88
-96
-128
-144
-50
93
188
177
119
45
-32
-79
-122
-114
-63
7
46
44
36
31
35
74
89
52
-33
-105
-128
-104
-93
-79
-53
-29
10
10
44
60
29
-29
-77
-101
-115
-116
-92
-20
55
138
226
301
358
430
523
647
763
816
751
627
531
479
391
257
105
18
18
5
-19
-66
-107
-133
-117
-69
5
39
99
217
382
480
475
416
285
124
-32
-129
-228
-326
-392
-368
-307
-224
-154
-90
14
150
311
454
544
611
635
604
558
500
443
348
210
65
-60
-228
-425
-554
-580
-548
-512
-476
-420
-300
-130
51
169
240
292
290
258
227
174
75
-51
-130
-165
-220
-297
-390
-467
-546
-641
-641
-520
-345
-186
-26
119
188
192
172
128
63
25
11
-6
-58
-127
-241
-370
-444
-450
-478
-514
-483
-398
-353
-308
-199
-108
-59
-9
44
36
-25
-84
-107
-125
-161
-197
-224
-230
-202
-164
-167
-197
-215
-235
-216
-152
-91
-72
-28
93
221
336
384
382
354
317
344
428
482
449
403
347
301
243
185
127
20
-97
-134
-97
-110
-170
-217
-223
-246
-285
-347
-401
-421
-393
-331
-272
-212
-167
-127
-89
-12
64
106
176
299
393
402
377
377
373
334
274
216
153
110
146
242
333
358
311
233
214
230
206
119
31
-31
-135
-241
-309
-341
-355
-330
-228
-69
5
-31
-78
-116
-126
-111
-96
-100
-87
-12
121
267
369
366
317
286
288
258
166
66
16
-7
-25
1
15
-15
-76
-120
-117
-77
-57
-82
-94
-70
-45
-36
-1
52
39
-40
-126
-229
-372
-506
-542
-485
-412
-346
-290
-240
-191
-138
-108
-86
-58
-62
-104
-127
-163
-262
-353
-379
-380
-413
-463
-496
-494
-481
-447
-384
-312
-232
-131
-6
95
192
267
340
405
413
317
156
-16
-194
-318
-406
-460
-518
-592
-666
-671
-599
-474
-332
-204
-83
40
171
296
411
493
518
510
515
458
337
156
-19
-114
-156
-225
-294
-315
-258
-111
44
180
289
382
490
633
763
790
705
605
568
573
562
507
389
230
57
-92
-202
-316
-445
-538
-543
-472
-355
-245
-124
24
177
332
485
623
685
685
663
655
652
624
538
422
293
164
38
-91
-214
-301
-340
-360
-347
-326
-328
-281
-154
-22
63
81
54
1
-50
-26
71
132
181
249
340
395
387
329
251
199
214
246
243
191
95
-21
-105
-151
-206
-260
-292
-271
-230
-224
-245
-252
-243
-214
-169
-111
-90
-120
-118
-53
29
55
28
11
14
31
76
120
150
189
248
324
414
482
499
475
432
344
193
3
-200
-298
-339
-348
-346
-363
-356
-372
-368
-354
-340
-311
-232
-113
3
103
138
146
159
206
239
178
47
-87
-149
-162
-145
-110
-48
30
110
207
303
357
362
346
386
443
449
416
326
236
125
-21
-122
-159
-202
-265
-314
-357
-425
-509
-519
-450
-342
-246
-152
-21
83
132
146
152
175
239
310
386
433
391
285
162
47
-59
-188
-328
-432
-489
-515
-497
-430
-340
-247
-147
-36
63
159
262
371
478
547
568
520
378
185
-7
-152
-239
-308
-346
-340
-332
-322
-303
-231
-116
-18
67
174
270
299
245
161
118
73
9
-47
-53
-70
-114
-145
-140
-145
-160
-114
-11
94
152
196
238
261
260
276
303
330
342
321
299
289
222
81
-103
-269
-395
-483
-487
-407
-291
-186
-92
3
69
104
130
138
131
128
103
39
-32
-96
-144
-182
-200
-209
-244
-284
-296
-279
-238
-147
-3
160
311
448
563
649
691
670
594
486
370
246
109
-48
-217
-370
-475
-547
-613
-679
-722
-719
-651
-515
-339
-150
35
219
389
526
605
615
550
425
238
-11
-290
-573
-834
-1033
-1113
-1071
-956
-829
-711
-614
-510
-366
-217
-97
5
138
271
375
447
472
424
335
255
172
28
-169
-356
-509
-639
-702
-668
-569
-407
-214
-13
166
318
446
567
660
693
657
559
452
354
243
102
-25
-115
-206
-314
-418
-509
-574
-591
-535
-420
-272
-95
118
333
488
583
620
601
553
493
406
307
211
129
75
59
85
118
139
163
221
295
356
395
417
425
434
462
496
526
522
479
411
312
165
-14
-166
-236
-221
-143
-50
34
95
150
209
262
291
296
283
257
225
168
103
33
-27
-97
-150
-176
-185
-200
-218
-217
-191
-152
-117
-69
-20
15
31
30
8
-46
-133
-220
-270
-299
-336
-383
-401
-399
-425
-458
-460
-425
-372
-313
-250
-194
-184
-175
-133
-84
-76
-128
-198
-242
-268
-323
-413
-500
-544
-548
-508
-435
-329
-204
-51
117
267
383
455
507
540
550
500
408
306
210
107
0
-82
-136
-187
-227
-233
-224
-231
-252
-261
-252
-212
-146
-69
-34
-39
-62
-86
-112
-124
-128
-147
-154
-133
-106
-102
-84
-35
33
105
189
291
387
479
582
666
711
728
719
674
597
477
329
172
30
-97
-225
-338
-401
-403
-373
-309
-205
-72
87
249
381
456
486
489
477
454
395
288
164
54
-30
-106
-176
-228
-281
-334
-367
-352
-312
-245
-151
-56
11
68
134
208
289
362
426
451
426
345
203
16
-158
-275
-337
-353
-316
-235
-162
-142
-179
-247
-305
-337
-322
-260
-168
-51
67
155
182
133
28
-60
-103
-138
-205
-284
-324
-326
-295
-244
-190
-140
-116
-100
-78
-54
-68
-118
-157
-146
-121
-117
-128
-121
-95
-90
-98
-102
-88
-62
-20
24
62
71
60
78
117
116
38
-76
-180
-268
-348
-410
-468
-536
-578
-543
-457
-369
-316
-271
-215
-136
-32
71
164
255
339
386
420
441
427
359
290
261
238
205
192
225
252
235
175
104
46
15
15
30
46
47
25
4
25
64
91
123
193
284
361
417
459
467
421
357
314
291
284
290
300
312
298
256
199
151
131
124
137
179
241
297
339
378
430
466
469
431
349
249
168
104
57
31
19
20
13
-2
-35
-66
-79
-71
-50
-18
32
86
132
178
222
236
216
174
130
84
34
-34
-128
-228
-296
-314
-292
-249
-212
-201
-219
-245
-270
-291
-306
-302
-256
-172
-74
7
64
95
104
95
59
-6
-92
-194
-296
-390
-472
-517
-525
-493
-421
-325
-235
-181
-162
-158
-175
-224
-304
-396
-471
-528
-561
-567
-548
-485
-363
-208
-35
129
250
319
352
360
347
331
328
338
365
398
409
377
317
276
264
239
191
132
88
67
77
109
126
118
92
90
134
198
243
273
306
323
300
236
176
151
144
148
164
179
183
172
142
102
64
34
26
44
86
133
156
142
100
64
47
43
42
55
52
15
-45
-93
-112
-123
-136
-131
-108
-101
-112
-117
-102
-89
-97
-104
-77
-42
-30
-29
-17
-21
-51
-76
-66
-38
-34
-33
-19
-1
-18
-65
-117
-144
-162
-179
-187
-194
-209
-242
-265
-273
-317
-398
-453
-477
-510
-562
-585
-560
-510
-424
-297
-175
-107
-97
-118
-158
-214
-235
-194
-112
-32
15
19
-18
-95
-183
-260
-304
-328
-328
-300
-231
-146
-73
-2
72
142
197
261
303
298
235
153
73
-10
-85
-128
-140
-141
-110
-32
75
175
259
327
367
371
345
301
266
238
210
179
142
93
40
-6
-34
-52
-74
-72
-57
-53
-61
-52
-25
10
59
129
187
189
149
105
76
43
11
-9
-19
-25
-30
-20
7
54
99
127
157
181
190
187
185
188
190
189
207
242
259
219
117
-9
-132
-221
-276
-294
-276
-248
-234
-223
-201
-156
-117
-101
-77
-12
77
139
160
163
145
93
20
-48
-101
-158
-227
-275
-287
-283
-278
-246
-151
-27
42
46
47
67
76
95
149
217
245
220
167
79
-48
-186
-293
-356
-363
-307
-205
-92
10
75
104
126
162
200
225
248
259
230
156
75
10
-28
-59
-79
-88
-97
-115
-149
-167
-141
-78
4
106
219
304
333
316
279
220
140
55
-21
-82
-153
-232
-306
-354
-360
-330
-281
-217
-156
-104
-40
41
115
156
181
215
257
275
252
209
165
133
102
61
-2
-84
-166
-232
-259
-247
-210
-148
-54
74
205
307
382
455
525
579
591
563
498
404
311
229
173
121
64
1
-52
-82
-79
-49
-18
-1
11
13
5
-19
-56
-84
-80
-39
29
90
126
122
80
1
-111
-221
-297
-318
-289
-231
-154
-47
58
121
161
188
195
178
158
139
98
37
-4
-7
-1
3
7
5
-23
-61
-90
-111
-104
-60
17
99
185
264
289
245
158
55
-51
-141
-194
-237
-301
-374
-444
-516
-586
-645
-669
-659
-621
-563
-485
-387
-278
-164
-39
98
220
295
321
300
241
159
103
84
85
89
98
98
82
50
8
-23
-26
4
40
82
116
130
114
85
74
79
84
100
136
169
181
179
194
221
220
180
124
76
29
-37
-105
-159
-198
-223
-215
-157
-66
17
78
139
213
274
298
295
270
222
172
145
137
118
89
65
39
-14
-87
-152
-187
-199
-178
-127
-70
-26
-10
1
30
57
74
85
107
141
162
162
154
127
81
36
24
45
79
128
182
233
264
271
255
205
140
92
64
48
38
31
14
-12
-51
-88
-129
-170
-195
-210
-209
-192
-161
-146
-143
-140
-137
-172
-234
-283
-320
-370
-437
-496
-550
-615
-675
-701
-688
-644
-553
-402
-232
-77
60
199
328
418
481
537
581
581
526
441
339
229
105
-21
-125
-200
-247
-276
-280
-266
-259
-239
-170
-59
46
121
188
237
240
206
158
105
23
-89
-197
-281
-343
-372
-351
-288
-223
-176
-142
-109
-86
-73
-55
-10
58
141
222
286
331
355
335
272
207
167
128
62
-1
-39
-81
-133
-145
-110
-55
-11
38
109
187
240
272
309
344
347
322
295
268
207
117
63
69
84
61
22
-7
-38
-74
-94
-81
-79
-106
-132
-119
-79
-69
-98
-132
-154
-176
-203
-206
-177
-155
-160
-158
-116
-65
-42
-32
-11
23
34
25
11
-16
-54
-87
-93
-88
-88
-84
-63
-49
-48
-45
-36
-7
34
88
144
183
193
181
159
143
136
136
135
141
158
170
166
152
139
122
87
52
30
15
0
3
29
72
110
126
113
82
55
26
-3
-26
-36
-56
-103
-149
-175
-181
-172
-144
-118
-121
-157
-202
-232
-235
-209
-154
-69
38
148
244
309
333
322
290
250
219
188
143
94
48
26
33
37
44
74
110
119
100
82
49
-24
-108
-138
-122
-98
-70
-27
22
42
23
-9
-40
-88
-165
-236
-266
-278
-295
-296
-242
-167
-129
-121
-101
-83
-100
-144
-175
-191
-220
-254
-259
-226
-189
-167
-149
-112
-78
-68
-68
-56
-42
-52
-75
-78
-64
-52
-52
-39
0
20
2
-29
-37
-31
-16
18
71
120
160
209
261
288
289
280
260
226
182
135
82
14
-68
-138
-184
-200
-197
-188
-157
-92
-19
38
75
105
136
179
235
301
355
383
384
364
335
280
191
79
-29
-112
-159
-160
-122
-66
-14
11
17
20
23
21
22
25
27
25
9
-3
-2
7
19
14
-12
-55
-102
-135
-141
-128
-100
-48
45
164
284
386
470
516
509
477
422
345
240
137
65
12
-36
-85
-121
-141
-161
-205
-251
-281
-285
-258
-184
-72
51
149
203
209
170
99
-1
-103
-180
-234
-282
-335
-392
-454
-528
-597
-629
-614
-553
-462
-348
-225
-103
20
132
227
289
299
250
148
15
-135
-283
-395
-466
-517
-555
-564
-512
-402
-262
-111
53
202
306
385
462
537
580
594
592
565
492
387
273
150
25
-84
-154
-184
-196
-207
-216
-205
-161
-92
-10
92
197
276
312
311
279
209
104
-1
-77
-129
-167
-196
-198
-173
-131
-77
-23
29
75
121
165
203
234
252
248
225
186
125
43
-36
-96
-158
-218
-249
-238
-193
-128
-38
68
164
233
269
276
278
277
275
273
268
261
250
244
243
224
165
93
26
-20
-46
-61
-58
-44
-25
7
59
124
172
182
167
131
68
-10
-98
-197
-307
-397
-440
-431
-385
-315
-245
-206
-197
-222
-271
-320
-350
-365
-364
-338
-284
-235
-216
-205
-183
-153
-120
-79
-40
-8
13
22
29
39
62
94
122
151
170
160
119
72
39
24
26
46
67
71
73
110
177
242
293
334
367
379
382
392
378
319
232
150
69
-30
-150
-272
-382
-452
-463
-424
-363
-301
-265
-249
-230
-193
-124
-34
65
191
332
452
510
505
459
374
251
121
10
-92
-189
-275
-332
-363
-358
-332
-293
-225
-130
-33
46
125
206
249
253
251
264
263
228
168
94
9
-74
-136
-178
-193
-190
-180
-161
-122
-63
3
71
144
222
288
338
381
405
377
310
235
167
95
29
-16
-48
-82
-134
-178
-195
-191
-174
-146
-117
-97
-94
-98
-90
-70
-53
-47
-32
-8
-9
-54
-119
-191
-288
-402
-484
-516
-506
-463
-394
-307
-209
-107
-21
27
47
54
71
94
113
125
126
106
58
-3
-55
-84
-99
-106
-101
-67
-10
46
92
140
195
247
286
320
338
311
242
169
106
44
-15
-43
-31
-9
12
38
64
85
107
126
151
185
232
282
332
380
401
380
319
233
137
18
-123
-250
-345
-415
-454
-455
-421
-379
-327
-243
-131
-26
47
107
156
176
161
122
71
17
-58
-153
-253
-341
-417
-480
-515
-502
-442
-342
-213
-63
82
204
301
375
428
463
488
498
494
468
408
322
222
125
35
-58
-145
-200
-230
-246
-259
-259
-233
-182
-112
-24
73
165
236
283
287
245
175
91
15
-47
-100
-155
-205
-241
-281
-336
-386
-412
-414
-397
-348
-260
-169
-100
-48
1
38
61
82
113
144
146
127
100
76
43
-2
-47
-66
-66
-58
-26
38
102
134
151
194
251
291
323
382
463
532
577
610
610
554
456
343
235
130
50
18
17
11
-11
-17
1
14
-4
-40
-65
-90
-134
-186
-229
-263
-299
-330
-342
-339
-328
-323
-318
-314
-320
-334
-356
-376
-385
-376
-352
-283
-179
-77
-2
37
56
56
56
63
77
84
71
43
11
-8
-16
-31
-48
-60
-66
-67
-68
-71
-88
-115
-137
-137
-108
-57
-4
41
68
88
106
127
152
170
177
173
166
151
123
95
75
68
71
74
77
72
61
54
66
89
125
172
219
258
275
269
229
163
87
15
-48
-101
-139
-163
-192
-235
-289
-331
-362
-376
-364
-323
-260
-182
-85
18
116
197
248
263
245
207
157
111
73
26
-30
-84
-109
-110
-91
-34
65
167
252
334
414
475
495
497
483
433
342
243
159
79
-2
-63
-99
-124
-146
-155
-143
-116
-95
-84
-56
-8
38
60
66
62
50
26
0
-23
-56
-95
-118
-128
-134
-160
-204
-262
-315
-351
-378
-376
-358
-332
-308
-275
-225
-164
-106
-57
-10
26
41
28
1
-43
-92
-138
-163
-150
-119
-90
-60
-18
34
77
127
196
264
307
312
289
244
173
97
42
2
-29
-56
-73
-71
-52
-23
1
18
28
29
30
17
-22
-84
-138
-160
-171
-179
-173
-154
-160
-202
-243
-262
-274
-283
-270
-236
-203
-174
-127
-64
-7
31
70
114
156
180
185
169
129
64
-15
-83
-123
-139
-151
-140
-94
-27
58
158
259
333
378
418
473
517
540
545
534
497
438
379
313
250
184
118
53
-16
-72
-121
-143
-130
-74
19
126
232
324
379
391
369
322
256
187
107
5
-109
-218
-302
-372
-422
-457
-470
-456
-404
-312
-191
-57
58
140
197
248
289
297
289
272
224
140
49
-27
-97
-181
-263
-320
-355
-372
-359
-301
-214
-114
-17
69
150
215
255
266
251
216
151
65
-26
-135
-256
-382
-481
-540
-565
-561
-535
-496
-460
-421
-360
-281
-200
-130
-75
-42
-28
-31
-54
-100
-166
-225
-255
-260
-249
-233
-214
-190
-153
-89
1
95
167
219
260
279
273
250
226
197
150
94
57
34
8
-29
-52
-46
-21
20
84
166
243
298
334
351
349
340
341
352
354
331
287
228
156
77
11
-24
-32
-26
3
62
138
205
248
272
265
232
192
164
149
141
130
118
101
66
22
-22
-47
-47
-30
-4
23
39
36
15
1
10
26
28
9
-16
-39
-60
-71
-61
-35
-24
-25
-24
-6
12
14
5
-10
-29
-44
-40
-23
-19
-39
-70
-88
-95
-107
-129
-150
-166
-185
-214
-235
-246
-259
-276
-280
-246
-180
-106
-33
31
70
66
15
-50
-114
-185
-265
-324
-337
-328
-328
-328
-310
-285
-271
-264
-239
-200
-170
-141
-87
-3
82
136
169
197
212
201
177
159
136
87
16
-54
-115
-155
-170
-138
-61
25
92
135
169
187
183
169
169
181
189
189
193
179
125
37
-63
-142
-203
-244
-249
-215
-153
-84
-8
83
166
225
274
329
388
415
402
367
325
277
225
178
136
91
44
12
-9
-25
-48
-68
-71
-48
1
61
120
167
199
211
210
209
204
185
156
126
91
46
-10
-75
-137
-189
-228
-245
-236
-209
-172
-132
-96
-60
-34
-8
22
57
98
141
175
187
182
164
133
86
26
-42
-100
-137
-156
-169
-192
-205
-198
-172
-141
-115
-85
-50
-8
44
111
178
207
186
137
84
23
-55
-138
-208
-273
-335
-377
-387
-379
-371
-358
-315
-246
-171
-100
-34
22
52
51
25
-20
-79
-146
-207
-252
-281
-303
-321
-315
-286
-238
-172
-90
8
100
172
222
257
275
274
264
248
224
179
106
21
-65
-141
-207
-247
-252
-237
-208
-152
-70
29
134
237
341
423
471
485
475
434
350
235
109
-10
-129
-237
-322
-372
-403
-415
-387
-306
-184
-49
86
219
340
439
507
541
550
532
501
460
410
334
212
67
-68
-183
-277
-339
-354
-332
-294
-226
-105
54
208
336
443
541
627
680
696
660
562
413
246
101
-12
-110
-194
-255
-295
-323
-336
-324
-286
-229
-163
-79
25
134
234
307
348
352
321
267
196
100
-18
-164
-322
-463
-573
-640
-677
-682
-659
-613
-534
-418
-270
-111
33
149
230
287
312
307
273
215
138
45
-55
-159
-256
-349
-423
-455
-447
-403
-337
-255
-161
-63
40
147
243
312
332
313
271
213
139
53
-31
-119
-213
-295
-346
-365
-373
-371
-344
-285
-209
-131
-44
45
118
158
189
220
240
229
186
131
59
-27
-108
-157
-184
-212
-231
-213
-164
-110
-64
-17
48
117
190
263
335
379
379
350
308
260
198
138
79
22
-45
-109
-148
-169
-181
-178
-156
-114
-61
10
104
202
280
328
357
381
386
366
321
258
170
61
-40
-107
-145
-164
-161
-129
-71
3
70
130
179
214
229
227
217
198
170
134
102
69
17
-57
-138
-215
-284
-338
-357
-337
-285
-219
-154
-102
-64
-46
-40
-20
22
70
105
135
157
154
126
83
39
10
-10
-16
-3
16
29
27
31
49
89
128
160
183
201
212
215
207
176
109
10
-99
-201
-281
-336
-366
-375
-357
-329
-291
-239
-188
-133
-86
-41
1
28
38
19
-19
-67
-127
-189
-243
-285
-317
-341
-357
-354
-336
-303
-254
-185
-106
-33
41
104
155
191
220
239
243
237
224
201
152
76
-19
-97
-142
-164
-173
-173
-162
-146
-123
-88
-28
49
114
176
237
283
302
295
285
276
261
237
200
161
111
47
-23
-78
-108
-113
-91
-38
28
89
129
152
163
158
136
110
95
85
73
48
6
-56
-138
-228
-295
-316
-303
-269
-222
-157
-91
-33
11
42
62
66
54
34
17
-6
-42
-92
-136
-160
-176
-176
-164
-134
-94
-57
-20
19
57
86
115
137
155
168
165
148
118
63
-11
-87
-157
-200
-211
-198
-162
-116
-63
-12
38
92
158
232
305
372
424
462
480
468
428
364
279
182
72
-35
-127
-199
-249
-273
-261
-222
-167
-108
-43
34
112
180
225
257
271
260
224
172
99
17
-61
-123
-167
-202
-224
-249
-269
-279
-278
-266
-245
-210
-152
-77
8
94
172
237
273
284
250
182
89
-21
-112
-170
-179
-165
-127
-80
-50
-46
-67
-85
-101
-111
-98
-63
-15
32
54
54
30
-17
-85
-155
-222
-283
-334
-361
-353
-318
-272
-226
-182
-136
-87
-46
-20
-21
-42
-68
-87
-98
-89
-81
-73
-55
-29
-11
-12
-31
-64
-93
-103
-84
-45
2
46
91
124
147
162
167
171
168
163
158
151
130
111
95
95
103
99
90
85
76
59
61
87
123
144
157
163
161
154
159
185
225
263
276
276
273
267
252
228
197
177
165
165
188
219
234
220
186
139
91
47
7
-22
-35
-42
-46
-42
-23
5
35
65
88
96
