-39
-26
-10
-3
-1
-1
-1
0
6
8
7
2
-17
-45
-70
-88
-99
-108
-113
-116
-116
-109
-100
-87
-73
-62
-52
-43
-30
-10
13
37
57
65
62
52
37
24
19
20
19
16
12
5
-6
-18
-29
-37
-37
-34
-34
-32
-29
-26
-26
-24
-20
-15
-10
-5
0
4
9
15
14
7
-6
-27
-49
-67
-75
-82
-87
-86
-88
-91
-87
-79
-64
-46
-23
1
24
39
51
59
63
59
49
41
34
26
16
6
-8
-17
-15
-10
-5
11
27
40
57
74
90
110
128
146
160
168
167
162
158
150
133
113
91
70
49
27
13
7
6
5
2
-4
-12
-20
-26
-28
-24
-24
-22
-11
-4
-5
-2
-2
5
16
28
37
41
42
40
34
26
24
24
26
30
29
31
27
26
30
35
35
34
32
31
35
34
32
29
24
14
1
-5
-2
3
3
5
-2
-5
-8
-11
-3
1
-1
-8
-11
-18
-21
-24
-33
-41
-51
-59
-74
-79
-77
-78
-80
-89
-99
-104
-100
-92
-80
-71
-67
-63
-59
-52
-48
-41
-38
-37
-40
-48
-48
-48
-41
-26
-11
0
9
17
24
32
39
45
50
53
55
52
38
24
13
9
13
23
33
39
33
20
11
1
1
10
15
20
23
22
26
30
40
49
53
57
55
49
40
29
20
8
-9
-24
-40
-64
-81
-95
-106
-115
-120
-110
-97
-88
-75
-67
-61
-52
-40
-23
-8
6
8
10
3
0
-2
-4
-6
-12
-19
-28
-35
-38
-36
-35
-40
-44
-44
-34
-21
0
23
44
58
57
44
31
21
8
-6
-17
-27
-38
-53
-61
-71
-76
-75
-70
-57
-49
-43
-36
-26
-22
-13
3
21
37
48
53
52
49
53
58
67
76
74
64
47
28
8
-11
-29
-34
-33
-32
-28
-19
-11
-3
1
7
13
24
47
72
89
103
112
114
111
108
108
106
99
96
91
89
89
91
95
95
91
85
78
77
83
88
86
77
58
42
27
16
15
17
13
13
3
-18
-38
-56
-72
-84
-95
-101
-100
-97
-89
-86
-87
-90
-90
-80
-66
-47
-22
-1
17
27
29
23
16
13
11
9
6
9
9
13
11
-3
-19
-36
-49
-49
-41
-29
-15
-7
0
1
1
-4
-8
-8
-9
-14
-19
-24
-30
-34
-40
-45
-43
-35
-20
-1
13
22
27
30
33
41
52
57
62
64
62
56
54
53
50
44
37
30
28
26
26
24
14
2
-18
-37
-52
-56
-56
-52
-48
-41
-39
-35
-32
-30
-22
-18
-13
-9
-4
-4
-2
4
7
11
12
15
18
19
19
18
15
6
-3
-18
-31
-35
-42
-46
-45
-42
-40
-39
-40
-41
-47
-51
-52
-46
-40
-32
-21
-17
-12
-13
-16
-19
-27
-37
-45
-51
-62
-67
-71
-79
-81
-76
-65
-55
-44
-30
-14
5
19
32
37
36
31
25
19
16
10
7
6
4
-5
-16
-27
-43
-57
-69
-72
-62
-41
-16
5
19
22
22
21
26
32
38
45
50
49
39
29
27
32
38
41
43
46
49
45
38
26
16
13
14
19
25
35
41
48
54
55
56
56
56
57
58
58
61
66
72
69
66
51
30
14
10
12
19
30
32
27
18
12
8
12
28
43
56
65
67
68
65
60
53
44
36
34
37
42
37
23
0
-31
-62
-82
-92
-97
-97
-97
-105
-113
-118
-118
-120
-119
-117
-113
-106
-104
-107
-117
-126
-134
-143
-144
-144
-138
-127
-119
-105
-95
-83
-71
-52
-27
-9
2
7
16
32
46
58
50
41
37
18
1
-15
-18
-11
-6
-11
-31
-57
-76
-84
-92
-101
-98
-86
-60
-38
-40
-39
-37
-26
-8
1
13
27
39
33
9
-18
-47
-49
-32
-3
24
45
72
88
86
69
36
19
12
17
32
42
67
97
143
168
193
221
233
258
259
260
247
221
215
202
182
161
148
131
117
114
104
96
82
77
69
53
43
34
29
56
79
104
147
168
192
204
187
147
107
67
43
29
3
-13
-42
-70
-78
-94
-106
-97
-95
-84
-74
-76
-88
-88
-70
-39
-13
-8
25
54
66
56
15
-14
-36
-62
-97
-146
-195
-243
-277
-299
-308
-298
-280
-255
-238
-233
-230
-249
-258
-251
-261
-254
-244
-214
-191
-183
-159
-153
-149
-162
-149
-143
-115
-73
-28
32
57
75
95
114
114
95
81
92
114
123
129
125
110
111
107
97
90
73
67
43
-50
-132
-219
-265
-266
-282
-317
-344
-342
-377
-397
-447
-482
-462
-429
-365
-308
-263
-202
-160
-137
-119
-136
-130
-95
-43
-6
25
42
54
89
83
107
115
133
207
234
267
305
335
389
461
508
553
574
607
657
676
680
628
573
468
458
249
160
177
119
434
522
680
773
785
838
744
494
190
66
-235
-283
-258
-538
-424
-608
-1202
-1041
-1086
-947
-745
-1198
-1685
-1983
-3065
-3757
-4508
-5245
-5146
-4450
-3998
-2827
-1417
-1143
-126
-767
-1013
-1026
-557
108
658
429
546
1575
1991
2605
2307
1900
2640
4043
4451
4926
3872
3419
3597
3210
3422
2684
2339
2764
3909
3555
3420
2377
1783
1932
852
164
-1005
-1084
-1186
-940
-1676
-2236
-1872
-2008
-1587
-2626
-3623
-3921
-3752
-3901
-3781
-4353
-4206
-3436
-3914
-3507
-3936
-3469
-2756
-2558
-2264
-1561
-828
-91
531
-279
299
729
1049
1407
1469
2074
3059
3793
3607
3922
3659
3926
4224
3956
3963
3794
3900
3930
3841
4079
4432
4823
5223
5112
4957
4891
4424
3838
2563
793
341
-564
-188
-743
-1414
-902
-1354
-1054
-1276
-1567
-1719
-2429
-3454
-3998
-4293
-4141
-4573
-4790
-4755
-4350
-3416
-3201
-2541
-2676
-2305
-2114
-2556
-2301
-3019
-3023
-3505
-4346
-4076
-3311
-2513
-2139
-1690
-1446
-850
-597
-1105
-962
-1160
-1866
-1832
-2066
-1312
-220
-135
988
1437
2325
2934
2555
3269
3172
3341
3753
4250
4950
5318
5716
5983
6702
7656
8453
9137
9560
9039
8650
7482
6732
4505
3555
2283
1025
1377
-204
510
-73
-59
127
-873
-956
-1328
-2101
-3165
-4407
-5459
-5475
-6344
-6604
-6694
-6154
-5725
-5179
-4576
-3871
-2472
-2994
-2062
-2293
-1868
-1495
-2049
-1576
-1130
-929
-531
-404
-86
1102
591
1382
676
464
298
-795
-1417
-2184
-2424
-3105
-2769
-2791
-1582
-1074
-578
455
1228
1887
2365
2004
2265
2012
1114
1902
1299
2583
3059
3784
5693
6366
8523
9129
10131
10578
9559
8922
7801
5925
4851
2591
1175
614
-1200
-687
-1695
-1409
-1469
-1748
-1991
-2459
-2734
-3735
-4630
-6506
-7224
-8140
-9186
-9643
-9977
-9735
-8904
-8823
-7296
-5842
-4999
-3652
-3464
-2135
-1384
-1274
-1101
-621
-489
195
279
506
1456
1422
2409
2731
2992
3172
2748
2086
1840
1160
899
297
-416
-2
-1
485
1055
1645
2350
2926
3068
4255
4246
4436
4170
3821
4213
4325
4417
5111
6128
6888
8528
9260
10877
11436
10865
11067
9645
8450
7609
5223
4785
3012
1831
1508
-205
-829
-1997
-2614
-2216
-1360
-580
-75
-764
-1794
-2297
-3457
-4166
-5425
-7513
-9163
-10556
-10474
-8063
-6339
-3727
-2621
-3422
-5288
-8790
-9490
-9024
-6777
-5645
-4506
-4313
-3997
-3816
-4953
-5498
-8291
-9850
-11613
-11680
-10263
-8359
-6393
-5231
-5427
-6486
-8750
-10654
-11286
-10974
-9805
-9436
-8794
-8778
-8024
-7012
-4955
-2189
-477
770
1231
1702
2884
4065
5374
6123
6451
6724
5772
6052
4247
3459
2159
933
2338
2697
4747
5389
5780
6405
6528
6613
6451
5342
4606
3589
2894
2473
1906
1591
1157
1256
989
2136
2222
2500
2129
1212
1440
678
877
924
535
2225
1774
2873
3061
2890
4243
3829
5033
5531
5986
6236
5819
5621
5290
4737
4325
4247
4473
4953
5412
5408
5440
5259
4959
5572
5214
5652
5076
4063
3770
3115
3535
3655
3584
4227
3499
3842
2964
1921
2034
-77
-246
-1855
-2106
-2274
-2758
-2508
-2842
-2722
-2954
-3297
-3759
-4070
-4366
-4183
-3709
-2740
-2521
-1874
-2435
-1998
-2080
-2212
-1782
-2304
-1621
-1630
-922
-241
685
1056
1268
662
736
845
753
892
468
140
-301
-770
-285
725
1129
1418
404
-146
-816
-1392
-1218
-1280
-1040
-823
-605
-166
434
552
1017
1314
1258
2132
2211
3298
4126
4589
5418
4888
4782
4466
3598
3685
2915
2472
2111
992
1383
1598
2560
3459
4260
5186
5707
5885
5814
5980
5487
5123
4205
3630
3204
2305
1670
1263
796
986
577
619
892
713
1085
1025
1165
1306
758
463
220
-54
88
-456
-666
-812
-1117
-1031
-1015
-880
-661
-823
-845
-579
-541
-304
-533
-574
-425
-518
-476
-363
-446
-161
-369
-368
-45
-386
55
-338
-396
-184
-865
-473
-915
-1002
-618
-1199
-625
-997
-781
-646
-696
-472
-368
-73
270
782
1087
1588
1970
2237
2684
2720
2850
3062
2606
2690
2173
2043
1988
1365
1498
1154
1283
1441
1319
1734
1745
1733
1784
1589
1674
1396
1044
750
532
263
41
-181
-339
-261
-500
-267
-170
81
412
379
756
1073
1305
1622
1782
2055
2380
2395
2481
2707
2600
2471
2115
2122
1822
1626
707
442
181
-526
-728
-1859
-1791
-2347
-2816
-3066
-3420
-3353
-3572
-3926
-3873
-3703
-3653
-3667
-3944
-3612
-3524
-3370
-3644
-3421
-3391
-3189
-3251
-3089
-2531
-2384
-2119
-1969
-1147
-594
3
161
880
1403
1840
2063
2287
2649
2612
2510
2447
2623
2566
2347
2003
2074
2105
2201
2084
2292
2532
2747
2953
3041
3583
3701
3780
3857
3971
4428
4228
4206
3975
4314
4133
3976
3803
3352
3851
2820
3120
2429
2307
2102
1418
1345
1007
737
355
-1
-462
-427
-1046
-1127
-1770
-1940
-2362
-2541
-3056
-3231
-3512
-3847
-3805
-4279
-3948
-4241
-4269
-4330
-4179
-4063
-3771
-4034
-3683
-3728
-3511
-3341
-3330
-3014
-2993
-2666
-2517
-2008
-1855
-1402
-1362
-908
-594
-142
63
338
611
1050
1533
1714
2425
2618
3197
3420
3899
4670
4883
5226
5209
5721
5979
6068
5605
5472
5335
4743
4463
3426
3258
2482
1804
1229
902
773
529
75
-185
-219
-806
-1324
-2655
-3312
-4161
-5026
-5923
-6419
-6730
-6901
-7206
-7186
-6632
-6289
-6111
-5716
-4853
-4101
-3280
-3359
-2355
-2168
-1639
-1586
-1580
-1320
-1508
-1702
-1795
-1687
-1794
-1775
-2123
-1661
-1357
-953
-786
-257
356
1344
1867
2447
3523
3770
4512
4412
5361
5888
6115
5856
6199
6435
6537
6055
5073
5622
4259
4182
2702
2404
1902
1048
215
-74
-257
-522
-1018
-1787
-1354
-1737
-1817
-2451
-2812
-2807
-3109
-4022
-4214
-4655
-4806
-5317
-5804
-5106
-4809
-4423
-4368
-3092
-2070
-784
-496
457
1515
1844
2151
1889
1985
1537
709
-84
-422
-1156
-1636
-2592
-2633
-2481
-2207
-2196
-1603
-1028
94
845
1276
2872
3121
4378
4180
5193
5799
6191
5521
5916
5956
5423
5407
3015
4475
2614
2464
1232
327
300
-1043
-2269
-3224
-3820
-5348
-5781
-7891
-7240
-8047
-8259
-8518
-8554
-8080
-7601
-8160
-7943
-7439
-7724
-6927
-8088
-6694
-6882
-6364
-6723
-5983
-4843
-4470
-3503
-3341
-1228
-624
532
1150
2497
3277
4019
4183
5264
5588
5829
5978
6199
7000
7244
7545
7777
8689
8889
9838
9657
10587
11015
11264
11505
11621
12000
12282
11531
10952
11493
10058
10198
7493
7589
6571
5018
3899
2136
2143
942
83
-984
-505
-1468
-1282
-2383
-2186
-2131
-2866
-3339
-4191
-4496
-4889
-5856
-7104
-7160
-8246
-7907
-9362
-9022
-8794
-8467
-8320
-8050
-6418
-5796
-4644
-4625
-2796
-1911
-1238
-962
-467
432
527
351
592
876
692
642
368
1075
1170
1423
1662
2463
3137
4059
4424
5336
6361
6824
8026
7826
9199
9487
9829
9875
9616
9884
9099
7903
7170
6766
5400
4621
2318
2586
1217
201
-837
-1523
-1690
-2390
-3104
-3177
-3127
-4009
-4051
-5193
-4942
-5658
-6489
-7037
-7814
-8094
-8492
-9146
-9319
-9304
-9213
-8862
-8767
-7547
-6912
-5816
-5358
-3767
-2549
-1759
-1029
-595
827
866
1143
1261
1623
1507
1239
901
1193
968
754
1002
1440
2071
2650
3250
4539
5549
6394
7744
8077
9777
9681
10865
10748
10745
11075
9810
9591
8105
8013
6174
5280
3065
2786
1376
176
-994
-2027
-1995
-3219
-3459
-3863
-3773
-4609
-4805
-5492
-5229
-6022
-6597
-7300
-7708
-7998
-8749
-8950
-9604
-9221
-9633
-8903
-9178
-7858
-7286
-6237
-5191
-4330
-2334
-2009
-773
-296
804
1299
1325
1366
1703
1441
1114
817
708
724
198
261
575
915
1152
1785
2291
3843
3945
5594
6047
7245
8118
8598
9458
9254
9762
8567
8677
6660
7000
4625
3650
1695
295
-164
-2267
-2987
-4315
-4178
-5309
-5102
-5887
-4995
-5759
-5798
-5886
-6157
-6136
-7253
-7754
-8541
-8868
-10050
-10182
-11421
-10944
-11527
-10860
-10842
-10082
-8852
-8167
-6499
-5821
-3607
-2841
-1465
-620
333
1354
1354
1643
1831
1792
1480
1215
989
1133
679
867
1145
1689
2103
2889
3738
5328
6077
7210
8578
9128
10589
10858
11829
11804
11883
11147
10749
9379
8822
7534
5753
4692
2465
2200
386
-672
-1971
-2294
-3196
-3323
-4057
-3881
-4020
-4707
-4327
-4991
-4807
-5553
-6068
-6608
-6927
-7947
-8111
-9218
-9311
-9712
-9673
-9358
-9538
-7998
-7719
-5699
-5111
-3002
-1456
-289
1254
2138
3584
4057
4330
4478
4745
4125
4008
3201
3156
2619
2265
2343
2534
2801
3535
4124
5427
6585
7410
9127
9600
11258
11641
12820
12720
13212
12600
12117
10987
9797
9139
6778
5768
3066
2627
491
-702
-2637
-3123
-3936
-4725
-5156
-5586
-5147
-6067
-5833
-6388
-6076
-6801
-7333
-8185
-8478
-9188
-9907
-10623
-11319
-11193
-11779
-11174
-11528
-10450
-9227
-8584
-6788
-5661
-3617
-2136
-1003
630
2050
2806
3691
3824
4532
4505
3630
3626
3018
2686
2144
1512
1785
1729
1888
2630
3135
4596
5449
6527
7871
8917
10173
10856
11354
11765
12119
11453
11032
9307
8965
7395
5320
3848
1763
1193
-748
-1977
-2979
-3390
-4171
-4406
-5055
-4636
-4835
-5329
-5155
-5629
-5444
-6078
-6774
-7386
-7923
-8690
-9174
-10353
-10434
-10696
-10954
-10603
-11107
-9405
-9130
-8163
-6695
-5831
-3511
-2769
-1412
309
1379
2370
3120
3378
4541
3989
3893
3870
3192
3330
2607
2366
2682
2516
3165
3732
4535
6132
6885
8565
9638
11168
12434
13493
13804
14617
14201
13727
12535
10777
10606
7490
6157
3411
2113
632
-1361
-2992
-3642
-4418
-4942
-5285
-5838
-4787
-5784
-5397
-5635
-5760
-5610
-6477
-7260
-7645
-8536
-9028
-9966
-10923
-10624
-11321
-11005
-11064
-10488
-9077
-8236
-7319
-5465
-3892
-2188
-793
366
2410
3152
3891
4583
4935
5329
4744
4250
4216
3632
3083
2558
2314
2426
2538
2675
3614
4263
5513
6643
7516
9409
10253
11776
12460
12870
13797
13243
12585
11718
9851
9708
7055
5162
3627
1207
410
-1890
-3372
-3782
-5273
-5521
-5842
-6550
-5568
-6541
-6396
-6042
-6922
-6145
-7206
-7634
-8031
-9249
-9532
-10492
-11627
-11456
-12380
-12090
-12070
-11922
-10252
-9780
-8267
-6802
-5156
-3290
-1897
-632
1322
1939
3064
3515
3838
4216
3548
3415
2908
2457
1945
1646
1351
1447
1603
2022
2869
3565
4920
6073
7440
8663
10340
11346
12908
13147
14012
14096
12866
12904
10738
10837
8435
6408
4940
2782
1458
-355
-2402
-3003
-4084
-5183
-4769
-6224
-5174
-5967
-6291
-5708
-6665
-6249
-6841
-7983
-7969
-9277
-9868
-10639
-12175
-11957
-12952
-13179
-13061
-12941
-12030
-10739
-10319
-8008
-6540
-4847
-2688
-1630
696
1909
2839
4205
4588
4929
5094
4214
4415
3755
2984
2894
2239
2404
2631
2687
3716
4542
5461
7259
7937
9810
11051
11901
13603
13799
14878
14874
13941
13620
12005
10840
9504
6702
5304
2989
980
-141
-2493
-3191
-4310
-5473
-5090
-5988
-5628
-5439
-6062
-5244
-5883
-5860
-5840
-6929
-7058
-8211
-9019
-9546
-10791
-11234
-11779
-12396
-12060
-12297
-11399
-10369
-9588
-7841
-6648
-4646
-2996
-1418
203
1615
2623
3667
4019
4621
4470
4218
3910
3411
3074
2453
2241
1937
2199
2554
3086
4090
5005
6422
7804
9162
10843
11989
13256
14430
14565
15487
14207
13645
12446
10550
9963
6639
5217
2936
843
-495
-2724
-4242
-4672
-6459
-6244
-6848
-7203
-6135
-7467
-6495
-6761
-7105
-6554
-7855
-7987
-8502
-9889
-9920
-11300
-11691
-11714
-12801
-12044
-12153
-11330
-10076
-9537
-7456
-6132
-4259
-2407
-1152
930
2055
3198
4214
4655
5245
5030
4609
4549
3687
3594
2548
2242
2192
1819
2410
2362
3435
4355
5279
6816
7857
9603
10746
11700
13053
13664
14358
14365
13254
13161
11349
10537
8631
6318
4927
2426
1041
-572
-2432
-3126
-4401
-5189
-5123
-6151
-5397
-5993
-6051
-5669
-6483
-5945
-6679
-7172
-7537
-8766
-9196
-10032
-10984
-11125
-12075
-12062
-11980
-11968
-10831
-10184
-8881
-7318
-6136
-3888
-2719
-789
602
1844
3033
3746
4215
4600
4301
4255
3722
3385
2982
2289
2219
1881
2066
2363
2815
3891
4770
6191
7549
8763
10552
11595
12808
14130
14296
15458
14428
14168
13421
11507
11093
7873
6355
4362
2085
741
-1448
-3233
-3666
-5550
-5585
-6163
-6852
-5752
-7055
-6267
-6397
-6653
-6161
-7196
-7460
-7850
-9140
-9315
-10707
-11324
-11644
-12795
-12428
-12748
-11950
-11466
-10522
-9078
-7598
-5498
-4028
-1995
-387
1367
2764
3879
4701
5372
5190
5420
4942
4423
4117
2755
2748
2035
2017
2180
2045
3054
3887
4874
6483
7498
9182
10603
11522
13221
13741
14745
14555
13865
13402
11802
10947
9006
6960
5127
2788
1249
-641
-2621
-3671
-5213
-5992
-6359
-7335
-6615
-7276
-7043
-6823
-7182
-6419
-6948
-7221
-7455
-8536
-8718
-9636
-10610
-10889
-12098
-12125
-12539
-12420
-11739
-11415
-10119
-8929
-7411
-5429
-3864
-2045
-210
1186
2917
3761
4778
5212
5291
5315
4864
4491
3845
3046
2437
2099
1950
1919
2147
2813
3783
4790
6327
7621
9415
10795
12044
13428
14250
15022
14905
14262
13608
12205
10962
9255
6690
4984
2494
846
-1051
-2997
-4093
-5341
-6173
-6506
-7075
-6815
-6862
-7121
-6668
-6922
-6516
-6707
-7203
-7419
-8278
-8743
-9519
-10534
-11102
-12046
-12417
-12675
-12523
-12035
-11372
-10325
-8881
-7272
-5324
-3495
-1719
272
1704
3368
4332
5209
5518
5417
5262
4687
4122
3331
2433
1848
1490
1230
1303
1446
2239
3169
4181
5691
6945
8789
10209
11418
12964
13855
14464
14594
13879
13457
12031
10525
9195
6729
5283
2701
1100
-487
-2200
-3382
-4500
-5086
-5163
-5411
-5239
-4868
-5003
-4331
-4643
-4361
-4567
-5050
-5407
-6497
-7144
-7935
-9005
-9816
-10855
-11264
-11479
-11714
-11407
-10933
-9794
-8791
-7403
-5605
-3819
-2218
-552
795
2497
3228
4043
4282
4348
4266
3707
3159
2545
1672
1144
652
525
628
896
1585
2505
3687
5272
6669
8299
9757
11406
12455
13610
14063
14654
14306
13285
12820
11009
10578
7721
6039
4054
2047
482
-1583
-3071
-3961
-5067
-5830
-5780
-6594
-5556
-6286
-5860
-5514
-5691
-5041
-5732
-6073
-6284
-7189
-7629
-8674
-9614
-9762
-10856
-10921
-11176
-10624
-10158
-9540
-8633
-6877
-5242
-3748
-2016
-519
1416
2601
3680
4599
5182
5179
5176
4640
4412
3800
2770
2331
1473
1389
1099
990
1408
2122
3041
4253
5337
6975
8502
9652
11128
11908
13232
13290
13537
12786
12218
10957
9488
8177
6015
4332
1886
538
-1225
-2602
-4371
-5172
-6134
-6413
-6982
-7177
-6801
-6987
-6637
-6831
-6590
-6348
-6655
-6993
-7462
-7975
-8225
-9153
-9633
-10181
-10444
-10552
-10706
-10110
-9605
-8646
-7864
-6371
-4639
-3007
-1547
-105
1460
3055
3921
4621
5233
5343
5625
4954
4765
4256
3449
2914
2153
2018
1942
1644
1971
2325
3267
4276
5086
6557
7681
9067
10120
11066
12182
12665
12960
12392
11846
11087
9944
8686
6587
4807
3073
1179
-283
-2221
-3565
-4497
-5645
-5959
-6435
-6578
-6083
-6424
-5824
-5694
-5475
-4890
-5401
-5368
-5850
-6394
-6668
-7749
-8359
-9038
-9853
-10013
-10476
-10066
-9758
-9384
-8257
-7232
-5441
-4139
-2748
-962
495
2116
3170
3999
4865
4985
5200
4970
4458
4156
3131
2571
1779
1319
1108
703
921
1102
1884
2652
3632
4847
6126
7548
8553
9719
10824
11418
11956
11795
11375
10951
9615
8852
7079
5311
3868
1867
657
-1102
-2770
-3420
-4484
-4942
-5202
-5681
-4834
-5071
-4778
-4446
-4545
-3870
-4195
-4465
-4691
-5420
-5668
-6523
-7446
-7925
-8934
-9243
-9722
-9773
-9336
-9276
-8430
-7629
-6127
-4738
-3606
-1926
-482
1081
2205
2983
4011
4343
4430
4425
3845
3794
2818
2177
1585
919
853
376
359
739
985
2012
2656
3820
5073
6088
7194
8243
9083
10197
10163
10537
10406
9534
9460
7749
7549
5770
4239
2958
1363
294
-1138
-2781
-3304
-4296
-5172
-5317
-6220
-5339
-5879
-5805
-5498
-5604
-4858
-5152
-5448
-5409
-5874
-5985
-6655
-7585
-7603
-8442
-8554
-8994
-8926
-8349
-8279
-7486
-6480
-4984
-3714
-2582
-1100
653
1919
2874
3613
4547
5000
4942
4741
4396
4268
3356
2615
1804
1307
953
308
41
222
441
1277
1592
2558
3703
4381
5626
6081
7389
8067
8165
8676
8442
8289
7655
6320
5882
4436
2855
1601
-221
-918
-2629
-4187
-4816
-5966
-6236
-6784
-7220
-6471
-6752
-6353
-6132
-5987
-5085
-5393
-5333
-5457
-5681
-5657
-6556
-7252
-7674
-8372
-8705
-9445
-9410
-9108
-8972
-8323
-7510
-5971
-4583
-3403
-1663
64
1838
2992
4119
5421
6115
6537
6418
6379
6302
5554
4815
3986
3495
3150
2362
2172
2180
2593
3153
3533
4470
5720
6797
8043
9093
10430
11914
12185
13182
13091
13038
12514
11171
10617
9083
7231
5780
3832
2790
1250
-559
-1061
-2002
-2397
-2696
-3275
-2448
-2464
-2354
-1994
-2127
-1374
-1612
-2233
-2431
-3220
-3572
-4845
-6227
-6913
-8050
-8799
-9776
-10167
-9970
-10003
-9625
-8826
-7474
-6034
-4900
-3374
-1594
-13
1225
1992
3153
3711
3925
3664
3188
2937
1987
897
-144
-999
-1404
-2348
-2826
-2733
-2431
-1748
-1288
-203
1291
2566
3934
5263
6632
8143
8478
9259
9520
9367
8928
7765
7226
6178
4539
3155
1557
694
-455
-1916
-2608
-3040
-3249
-3430
-3826
-3202
-2767
-2495
-2349
-2308
-1770
-1718
-2296
-2841
-3324
-3703
-4661
-5910
-6608
-7307
-7909
-8653
-8833
-8460
-8171
-7650
-6921
-5300
-3960
-2592
-1362
331
1950
3021
3783
4527
5140
5320
4944
4407
4086
3327
2479
1308
654
310
-375
-800
-1099
-652
-152
188
1037
1934
3246
4146
4989
6330
7047
7752
7757
8002
8013
7026
6170
5138
4418
3169
1508
288
-524
-1459
-2397
-3585
-3795
-3921
-4476
-4703
-5068
-4499
-4427
-4845
-4863
-4938
-4559
-4913
-5827
-5995
-6413
-6812
-7746
-8716
-8748
-9286
-9684
-9924
-9670
-8831
-8498
-7874
-6366
-5087
-3411
-2524
-984
823
1852
2917
3333
4143
4676
4322
4101
3666
3300
2717
1441
901
477
171
-268
-758
-339
242
743
1374
2399
3732
5047
5945
7315
8600
9567
10090
10321
10975
10667
10037
9056
8535
7871
6433
5011
3852
3115
2073
750
-235
-468
-890
-1380
-2022
-1922
-1603
-1800
-2121
-2332
-2077
-1968
-2672
-3312
-3671
-3937
-4479
-5590
-6079
-6476
-6933
-7459
-7732
-7257
-6962
-6624
-6068
-4733
-3477
-2504
-1535
-224
1230
2043
2613
3163
3801
3924
3622
3079
2876
2341
1423
478
-260
-485
-996
-1629
-1746
-1485
-840
-379
193
1424
2597
3855
4929
6282
7624
8481
9030
9674
10273
10108
9398
8703
8366
7570
6107
4736
3624
2952
1563
409
-567
-795
-1329
-2072
-2502
-2378
-2106
-2319
-2730
-2714
-2372
-2376
-2925
-3584
-3754
-4024
-4756
-5668
-6305
-6735
-7334
-8011
-8186
-7965
-7841
-7627
-7099
-5841
-4757
-3906
-2784
-1477
-21
782
1520
2266
2862
3052
2762
2422
2235
1611
692
-308
-996
-1291
-2022
-2571
-2830
-2565
-1963
-1692
-862
337
1491
2978
3887
5652
6770
7668
8543
8976
9816
9407
8772
8425
7717
6846
5394
3781
3252
1811
705
-516
-1611
-1547
-2542
-3034
-3203
-3278
-2697
-3141
-3324
-2886
-2895
-2541
-3298
-3745
-3626
-4289
-4733
-5771
-6251
-6573
-7412
-7809
-7995
-7889
-7539
-7602
-6682
-5539
-4544
-3364
-2494
-679
372
1321
2207
2803
3570
3477
3226
3087
2609
2150
1008
117
-274
-953
-1327
-2027
-2017
-1525
-1177
-540
196
1450
2881
3804
5187
6523
7794
8753
9110
10090
10481
10460
9804
8952
8718
7747
6304
5015
3708
3010
1640
300
-362
-1080
-1370
-2209
-2810
-2487
-2530
-2607
-3027
-3235
-2702
-2927
-3376
-3973
-4430
-4426
-5286
-6074
-6652
-7048
-7351
-8003
-8195
-7851
-7587
-7257
-6848
-5815
-4510
-3640
-2587
-1444
-162
869
1441
2219
2634
2901
2670
2343
2181
1698
889
74
-556
-745
-1273
-1724
-1886
-1610
-992
-574
99
1177
2436
3547
4580
5855
7277
8238
8880
9439
10169
10524
10103
9506
9063
8624
7515
6147
4971
4044
2880
1529
350
-329
-904
-1719
-2486
-2699
-2618
-2772
-3225
-3429
-3243
-3186
-3477
-4061
-4371
-4544
-5039
-5839
-6492
-6860
-7211
-7870
-8262
-8221
-7993
-7765
-7567
-6838
-5726
-4846
-3865
-2852
-1554
-441
186
1161
1734
2268
2220
2005
1964
1632
989
164
-592
-909
-1447
-2005
-2244
-2268
-1782
-1464
-919
90
1160
2508
3414
4677
6200
7290
8319
8706
9516
10136
10108
9872
9087
8759
8081
6874
5812
4460
3500
2525
1115
379
-535
-1072
-1534
-2403
-2294
-2470
-2582
-2582
-3133
-2789
-2928
-3193
-3471
-4228
-4272
-4813
-5462
-5927
-6610
-6823
-7218
-7628
-7463
-7431
-6888
-6624
-6049
-4950
-4128
-3049
-2309
-1236
-212
570
1212
1661
2009
2258
1920
1871
1489
1131
540
-177
-384
-775
-947
-1115
-1170
-561
-135
581
1316
2355
3613
4534
5611
6809
7921
8734
9214
9550
10273
10128
9901
8983
8638
8147
7007
5878
4538
3874
2759
1578
461
-245
-815
-1523
-2373
-2603
-2693
-2915
-3339
-3798
-3577
-3661
-3908
-4477
-4806
-4806
-5223
-5818
-6332
-6601
-6778
-7314
-7596
-7443
-7313
-6988
-7038
-6299
-5425
-4709
-3865
-3319
-1980
-1135
-433
270
849
1475
1709
1551
1811
1628
1472
958
390
436
73
-197
-436
-482
79
224
596
1321
2109
3306
3894
4923
6070
7122
7964
8376
8996
9681
9874
9667
9182
8696
8491
7397
6389
5067
3992
3159
1610
562
-629
-1418
-2170
-3181
-3717
-3981
-4330
-4531
-5045
-5052
-4919
-5072
-5205
-5642
-5715
-5798
-6193
-6609
-7041
-7258
-7466
-7905
-7975
-7915
-7638
-7472
-7180
-6400
-5559
-4620
-3953
-2939
-1844
-860
-25
613
1278
1861
1966
2133
2002
1990
1641
1043
701
415
134
-250
-589
-410
-44
185
628
1294
2414
3383
4094
5250
6388
7614
8119
8730
9341
9948
10097
9594
9235
8752
8426
7264
6158
4980
4125
3071
1729
607
-191
-897
-1792
-2616
-3047
-3105
-3614
-3976
-4344
-4304
-4325
-4711
-4998
-5268
-5483
-5671
-6216
-6467
-6755
-7033
-7084
-7425
-7219
-7001
-6740
-6204
-5902
-4898
-4049
-3265
-2225
-1512
-376
440
1097
1913
2218
2521
2799
2691
2813
2326
2002
1765
1258
1052
595
343
371
209
525
725
1219
1797
2419
3232
3987
4803
5647
6499
7101
7680
8152
8400
8721
8546
8244
7777
7338
6860
5970
4886
4011
3142
2288
1203
38
-517
-1309
-2104
-2903
-3385
-3519
-4094
-4581
-4871
-4925
-4911
-5299
-5660
-5702
-5696
-5762
-6229
-6318
-6245
-6234
-6355
-6467
-6129
-5674
-5421
-5210
-4658
-3746
-2963
-2473
-1732
-820
33
725
1193
1869
2286
2557
2715
2754
2842
2607
2288
2051
1824
1574
1256
958
932
934
996
1167
1466
2088
2545
3068
3801
4647
5455
5980
6571
7317
7710
8038
8082
8065
7873
7186
6805
6079
5170
4115
2813
2060
924
-305
-1264
-2280
-2934
-3749
-4516
-4635
-5149
-5360
-5643
-5882
-5518
-5734
-5805
-5984
-6129
-5774
-6153
-6413
-6600
-6670
-6524
-6964
-7046
-6660
-6444
-6114
-6114
-5255
-4234
-3651
-2936
-2204
-836
180
771
1540
2262
3078
3401
3409
3746
3672
3636
3123
2690
2610
2066
1693
1110
905
1105
776
929
1063
1612
2268
2523
3371
4172
4806
5577
5927
6855
7162
7127
7512
7289
7333
6558
5834
5653
4669
3797
2645
1668
1283
-35
-943
-1709
-2384
-2615
-3642
-4059
-4150
-4452
-4530
-5226
-5231
-4949
-5285
-5518
-6068
-5867
-5777
-6397
-6705
-6848
-6627
-6731
-7183
-6843
-6408
-6025
-5801
-5390
-4209
-3395
-2709
-1928
-892
451
1100
1820
2529
3336
3936
3998
4149
4379
4268
4053
3487
3322
3108
2459
2022
1566
1641
1477
1059
1197
1424
1873
2019
2298
3042
3609
3971
4433
4959
5642
5763
5742
6099
6206
6122
5515
5125
5047
4406
3653
2704
2183
1694
738
-199
-845
-1236
-1787
-2680
-3168
-3252
-3531
-4011
-4612
-4568
-4456
-4753
-5211
-5437
-5151
-5203
-5646
-5829
-5652
-5462
-5624
-5768
-5288
-4812
-4513
-4399
-3807
-2723
-2016
-1555
-953
139
1212
1698
2213
2829
3582
3900
3889
4036
4225
4033
3582
3123
3037
2676
1910
1399
1009
954
513
81
73
153
351
311
578
1210
1556
1852
2197
2912
3586
3733
3828
4162
4665
4841
4349
4099
4155
4014
3458
2577
2278
1876
1161
243
-429
-712
-1290
-2255
-2870
-3182
-3254
-3854
-4481
-4651
-4649
-4605
-4976
-5203
-5075
-4937
-4911
-5076
-4960
-4593
-4516
-4504
-4353
-3846
-3348
-3221
-2963
-2361
-1630
-1014
-718
-104
656
1314
1826
2220
2784
3177
3413
3562
3623
3687
3537
3198
2818
2497
2107
1553
910
447
37
-390
-783
-1109
-1171
-1267
-1219
-1084
-678
-271
49
544
1223
1929
2450
2857
3361
3927
4386
4530
4443
4466
4522
4270
3731
3159
2711
2195
1336
522
-106
-584
-1300
-2135
-2599
-2750
-3044
-3502
-3822
-3750
-3656
-3739
-3870
-3875
-3683
-3662
-3784
-3864
-3758
-3694
-3846
-3994
-3857
-3613
-3470
-3478
-3271
-2606
-2083
-1619
-1240
-461
460
968
1589
2137
2839
3247
3361
3555
3675
3555
3246
2680
2318
1854
1142
494
-272
-719
-1195
-1697
-1945
-2188
-2126
-2052
-1862
-1355
-889
-334
231
935
1774
2376
2974
3593
4103
4504
4780
5099
5272
5040
4904
4763
4694
4203
3608
3126
2834
2291
1631
1043
648
178
-463
-941
-1291
-1570
-2058
-2547
-2925
-3001
-3204
-3648
-4023
-4182
-4060
-4346
-4563
-4644
-4444
-4334
-4427
-4287
-3785
-3383
-3158
-2890
-2187
-1433
-1039
-598
-36
635
1175
1423
1794
2060
2319
2317
2174
2199
2014
1743
1271
928
720
356
-102
-516
-726
-709
-1005
-1113
-984
-811
-595
-525
60
548
872
1351
1849
2612
3068
3395
4010
4450
4819
5008
5194
5636
5483
5248
5174
4948
4899
4094
3573
3000
2501
1911
956
189
-323
-1009
-1683
-2458
-2841
-3054
-3687
-4068
-4360
-4153
-4186
-4638
-4604
-4384
-4067
-4164
-4332
-3894
-3685
-3594
-3612
-3420
-2881
-2818
-2784
-2475
-2008
-1420
-1392
-1143
-480
-30
505
482
903
1454
1592
1675
1582
1761
1908
1355
1166
981
861
512
-199
-254
-322
-604
-839
-1068
-692
-609
-655
-373
2
528
745
985
1654
2114
2451
2616
2892
3495
3625
3604
3570
3760
4044
3712
3365
3294
3322
3124
2421
2100
1959
1660
982
318
89
-164
-873
-1576
-1940
-2068
-2472
-3189
-3471
-3603
-3612
-3966
-4306
-4261
-4163
-4161
-4339
-4321
-4013
-3915
-3978
-3920
-3615
-3191
-3196
-3177
-2815
-2256
-1899
-1826
-1496
-856
-400
-64
286
770
1236
1447
1716
2013
2266
2305
2193
2159
2186
2018
1752
1383
1116
932
642
327
-2
-122
-282
-431
-522
-345
-331
-264
-154
218
632
778
1105
1406
1922
2259
2545
2855
3156
3332
3630
3774
3829
3834
3691
3803
3461
3254
2969
2585
2237
1663
1279
901
308
-210
-703
-1127
-1374
-1973
-2257
-2660
-2898
-3014
-3372
-3507
-3727
-3814
-3834
-4045
-4025
-3985
-4046
-3959
-3977
-3569
-3361
-3258
-2899
-2458
-1818
-1380
-1008
-245
290
978
1470
1888
2580
2751
3108
3199
3319
3410
3130
2795
2583
2161
1988
1283
806
539
136
-63
-547
-633
-619
-789
-694
-614
-374
-158
-129
203
507
734
968
1008
1335
1481
1606
1845
1872
2079
2121
2358
2574
2696
2783
2912
2979
3216
3138
3065
2869
2701
2504
2013
1565
1068
516
-136
-868
-1422
-1879
-2533
-3157
-3618
-3744
-3921
-4251
-4374
-4238
-4065
-3922
-3861
-3546
-3212
-3005
-2848
-2652
-2256
-2030
-2014
-1895
-1609
-1284
-1113
-1086
-746
-360
21
218
509
1060
1406
1573
1806
2122
2420
2288
2145
2134
2033
1764
1234
829
566
75
-394
-879
-1098
-1361
-1728
-1874
-1867
-1736
-1666
-1677
-1356
-988
-585
-379
-130
404
758
1032
1221
1589
2012
2090
2198
2446
2802
3055
2908
3021
3327
3481
3527
3240
3393
3366
3138
2859
2471
2292
1828
1125
632
98
-349
-1100
-1932
-2318
-2802
-3242
-3823
-4281
-4337
-4616
-4754
-4906
-4825
-4629
-4687
-4548
-4240
-3877
-3592
-3510
-3076
-2566
-2134
-1758
-1468
-843
-308
148
613
1051
1686
2009
2316
2732
2987
3224
3121
3103
3116
2909
2648
2119
1750
1440
897
413
-100
-456
-766
-1199
-1341
-1534
-1529
-1556
-1608
-1317
-1096
-813
-659
-352
140
439
772
1097
1439
1849
2133
2473
2861
3076
3436
3614
4030
4220
4244
4421
4419
4497
4201
3966
3641
3185
2618
1963
1221
561
-342
-1154
-1983
-2672
-3288
-4078
-4583
-5011
-5206
-5379
-5606
-5560
-5384
-5135
-4907
-4695
-4196
-3828
-3539
-3134
-2716
-2198
-1976
-1658
-1211
-736
-271
-5
414
955
1455
1939
2300
2789
3221
3565
3861
4029
4227
4254
4067
3861
3620
3346
2786
2132
1657
1129
593
-72
-572
-901
-1297
-1537
-1719
-1700
-1654
-1673
-1392
-1131
-803
-564
-344
40
254
512
683
751
876
872
937
950
877
905
813
834
934
962
1026
995
1086
1309
1278
1301
1172
1211
1098
789
520
231
-133
-669
-1196
-1602
-2021
-2569
-3053
-3430
-3630
-3824
-4000
-4099
-3985
-3827
-3589
-3373
-3043
-2619
-2285
-1891
-1551
-1105
-707
-497
-223
141
453
705
780
1145
1435
1642
1903
2127
2492
2717
2836
3160
3265
3468
3370
3255
3284
2941
2714
2192
1702
1242
557
26
-678
-1298
-1770
-2443
-2838
-3195
-3480
-3606
-3930
-3779
-3703
-3562
-3341
-3255
-2771
-2503
-2218
-1807
-1552
-1040
-856
-499
-18
248
738
983
1377
1930
2192
2806
2980
3390
3776
3956
4277
4236
4250
4238
3882
3717
3232
2762
2265
1434
993
262
-341
-962
-1643
-2003
-2505
-2811
-2993
-3279
-3281
-3368
-3224
-3066
-3026
-2737
-2642
-2323
-2147
-1899
-1613
-1476
-1228
-977
-675
-334
-167
222
537
934
1367
1666
2105
2374
2716
3067
3188
3401
3333
3347
3205
2876
2668
2109
1629
1005
349
-155
-946
-1544
-2171
-2728
-3057
-3539
-3700
-3877
-3981
-3775
-3681
-3318
-3051
-2670
-2099
-1776
-1172
-732
-253
210
498
1035
1371
1681
1997
2193
2672
2902
3186
3576
3774
4279
4498
4859
5180
5258
5638
5547
5581
5441
5113
4851
4149
3532
2875
1953
1139
21
-833
-1620
-2628
-3298
-4086
-4514
-4891
-5295
-5270
-5404
-5210
-5004
-4802
-4330
-4056
-3585
-3239
-2946
-2441
-2217
-1869
-1685
-1456
-1071
-927
-643
-396
-73
377
573
1096
1516
1927
2343
2618
3139
3349
3514
3628
3543
3543
3258
2863
2469
1803
1309
554
-145
-805
-1585
-2098
-2778
-3213
-3497
-3772
-3853
-3953
-3684
-3364
-3106
-2641
-2182
-1524
-1014
-518
96
570
1045
1394
1680
2112
2226
2450
2525
2644
2887
2887
3097
3124
3284
3601
3686
3877
3937
4082
4251
4001
3954
3651
3295
2776
1988
1357
506
-505
-1428
-2543
-3327
-4293
-5135
-5726
-6386
-6624
-6846
-6859
-6651
-6429
-5851
-5332
-4750
-3937
-3301
-2556
-1984
-1392
-716
-417
-15
211
498
731
748
960
1129
1307
1514
1729
2154
2489
2813
3267
3648
4076
4395
4589
4833
4778
4809
4516
4133
3656
3026
2303
1418
532
-287
-1213
-2129
-2917
-3518
-4023
-4513
-4783
-4756
-4668
-4496
-4183
-3630
-3090
-2558
-1997
-1347
-777
-328
64
374
671
823
871
908
896
933
912
926
1043
1238
1543
1827
2186
2787
3361
3845
4275
4767
5309
5445
5494
5396
5189
4754
3979
3189
2255
1196
11
-1181
-2277
-3276
-4291
-5047
-5751
-6100
-6277
-6322
-6179
-5882
-5313
-4746
-4191
-3464
-2812
-2171
-1723
-1239
-764
-519
-393
-306
-161
-38
-96
-55
132
304
609
842
1381
1855
2371
2945
3487
4108
4576
4896
5145
5209
5224
4979
4431
3839
3028
2198
1104
-79
-1117
-2281
-3377
-4382
-5196
-5745
-6386
-6658
-6681
-6497
-6140
-5708
-4996
-4168
-3371
-2404
-1540
-658
88
688
1335
1682
1985
2079
2048
2024
1866
1758
1568
1395
1428
1468
1667
1934
2330
2924
3403
4032
4714
5329
5826
6035
6306
6418
6111
5684
4886
4162
3059
1832
566
-749
-2051
-3291
-4462
-5259
-6038
-6523
-6818
-6891
-6567
-6223
-5663
-5092
-4393
-3558
-2939
-2330
-1822
-1421
-1140
-1126
-1038
-1082
-1263
-1491
-1714
-1711
-1710
-1723
-1499
-1192
-563
20
769
1651
2500
3481
4290
5138
5857
6366
6737
6816
6781
6601
6045
5388
4449
3569
2577
1376
299
-862
-1811
-2761
-3639
-4182
-4765
-5109
-5328
-5360
-5126
-5001
-4616
-4207
-3717
-3089
-2609
-1998
-1501
-1035
-496
-167
260
517
714
1015
1069
1382
1459
1612
1807
1951
2305
2502
2794
3198
3439
3911
4188
4562
4890
4978
5188
5159
5095
4900
4336
3984
3225
2502
1624
579
-279
-1412
-2346
-3267
-4165
-4790
-5473
-5902
-6101
-6303
-6109
-6056
-5667
-5214
-4753
-4113
-3682
-3044
-2510
-2100
-1657
-1406
-1088
-942
-888
-720
-732
-587
-582
-439
-172
65
441
836
1349
2009
2493
3211
3724
4366
4865
5201
5562
5664
5732
5568
5225
4906
4299
3682
2914
2101
1397
505
-243
-1016
-1694
-2204
-2820
-3187
-3542
-3822
-3956
-4207
-4168
-4288
-4309
-4294
-4353
-4212
-4248
-4173
-4085
-4010
-3774
-3638
-3377
-3027
-2755
-2209
-1843
-1242
-692
-135
570
1079
1782
2365
2884
3489
3844
4364
4703
4970
5283
5349
5587
5618
5607
5662
5446
5399
5178
4900
4666
4111
3817
3237
2660
2070
1256
676
-161
-936
-1700
-2527
-3174
-3928
-4601
-5052
-5617
-5853
-6232
-6360
-6346
-6332
-6107
-5974
-5619
-5189
-4843
-4319
-3918
-3361
-2852
-2418
-1828
-1384
-810
-358
120
715
1194
1722
2226
2690
3292
3653
4172
4508
4856
5155
5280
5444
5437
5350
5200
4884
4588
4151
3659
3158
2527
2006
1404
836
314
-240
-650
-1105
-1451
-1746
-2053
-2231
-2463
-2583
-2698
-2811
-2841
-2921
-2900
-2910
-2824
-2727
-2603
-2458
-2185
-1940
-1594
-1303
-881
-489
-93
304
669
1069
1343
1583
1740
1904
1955
1950
1841
1741
1600
1475
1285
1146
1022
984
923
961
1035
1163
1290
1426
1558
1740
1814
1841
1733
1623
1463
1098
738
184
-274
-877
-1465
-2075
-2606
-3122
-3540
-3950
-4106
-4244
-4240
-4180
-4023
-3675
-3330
-2947
-2584
-2176
-1720
-1376
-1069
-769
-555
-344
-269
-81
31
156
228
389
640
934
1202
1566
1977
2475
2939
3415
3919
4322
4708
4939
5168
5260
5167
4939
4555
4161
3590
2894
2097
1305
500
-301
-1131
-1825
-2478
-3038
-3514
-3849
-4001
-4148
-4198
-4179
-3994
-3787
-3611
-3440
-3238
-3032
-2880
-2784
-2689
-2661
-2631
-2658
-2602
-2557
-2465
-2379
-2199
-1913
-1516
-1119
-639
-108
514
1137
1724
2355
2858
3348
3663
3975
4170
4203
4073
3858
3609
3315
2838
2399
1913
1534
1148
790
550
383
297
265
274
456
615
729
844
884
1107
1026
970
674
490
195
-203
-731
-1149
-1661
-2064
-2604
-2905
-3133
-3340
-3430
-3480
-3239
-2945
-2667
-2305
-1881
-1330
-830
-463
-3
319
663
792
915
1027
1017
873
714
605
564
343
199
139
168
265
301
535
747
1056
1331
1658
2030
2324
2519
2699
2812
2918
2819
2610
2346
2019
1682
1177
672
205
-304
-722
-1166
-1421
-1654
-1844
-1905
-1870
-1672
-1479
-1292
-1015
-713
-392
-140
21
183
204
192
89
-103
-321
-700
-1037
-1376
-1681
-1946
-2251
-2391
-2456
-2378
-2213
-1992
-1645
-1215
-771
-216
285
830
1223
1577
1943
2161
2299
2239
2144
2027
1791
1529
1232
937
733
458
405
349
425
519
686
959
1355
1642
1987
2122
2452
2587
2622
2501
2233
1975
1504
951
335
-293
-978
-1662
-2357
-2756
-3253
-3541
-3859
-3883
-3749
-3548
-3283
-2923
-2462
-1905
-1482
-973
-543
-164
117
251
472
507
479
301
186
109
-6
-212
-249
-309
-166
-140
96
355
651
980
1293
1705
2066
2288
2472
2579
2661
2604
2347
2087
1669
1264
724
146
-385
-960
-1489
-1979
-2363
-2582
-2849
-2950
-2967
-2802
-2562
-2339
-1999
-1621
-1177
-775
-415
-44
278
492
681
757
868
807
712
578
434
341
125
-9
-138
-174
-181
-171
-86
52
216
435
607
869
1058
1209
1337
1386
1446
1339
1205
1001
728
446
93
-267
-584
-964
-1177
-1432
-1506
-1582
-1544
-1371
-1141
-805
-426
-35
450
894
1324
1689
1943
2262
2290
2338
2163
2005
1693
1256
756
275
-260
-755
-1356
-1749
-2125
-2418
-2636
-2779
-2723
-2643
-2508
-2293
-2020
-1664
-1386
-1142
-819
-605
-377
-325
-197
-152
-146
-207
-265
-281
-263
-306
-238
-122
102
336
602
993
1385
1840
2232
2639
3043
3355
3581
3708
3759
3720
3480
3184
2764
2305
1727
1074
418
-219
-854
-1459
-2029
-2446
-2821
-3084
-3251
-3302
-3204
-3094
-2862
-2590
-2210
-1836
-1489
-1114
-751
-424
-153
36
227
324
393
395
373
352
272
194
166
117
150
113
196
286
423
580
717
927
1113
1260
1430
1527
1627
1624
1572
1522
1353
1183
911
646
381
71
-204
-471
-713
-843
-1003
-1002
-1008
-881
-720
-520
-214
108
454
785
1090
1414
1688
1854
1980
1943
1965
1774
1568
1215
851
434
-27
-534
-983
-1442
-1823
-2240
-2510
-2696
-2819
-2884
-2888
-2754
-2555
-2332
-2093
-1804
-1482
-1157
-919
-623
-406
-185
-89
55
147
227
234
253
310
391
461
551
690
885
1105
1337
1626
1892
2195
2438
2701
2912
3070
3137
3130
3053
2923
2647
2323
1876
1424
896
339
-232
-814
-1353
-1854
-2293
-2647
-2926
-3121
-3209
-3222
-3087
-2931
-2670
-2386
-2039
-1656
-1280
-905
-582
-272
-9
204
354
445
468
469
412
348
247
146
50
-32
-69
-91
-71
-26
49
158
294
435
560
661
771
826
855
797
724
570
389
146
-117
-403
-713
-1022
-1284
-1512
-1688
-1828
-1892
-1832
-1736
-1525
-1298
-954
-569
-164
278
716
1148
1545
1867
2188
2406
2566
2633
2611
2556
2418
2216
1977
1662
1402
1076
785
489
204
-13
-235
-408
-549
-674
-758
-859
-925
-976
-1060
-1132
-1252
-1359
-1463
-1610
-1750
-1922
-2051
-2175
-2301
-2368
-2417
-2405
-2369
-2265
-2080
-1859
-1594
-1296
-925
-511
-108
299
721
1130
1516
1841
2150
2395
2588
2708
2767
2805
2763
2661
2499
2326
2136
1894
1639
1361
1115
860
598
354
142
-65
-267
-454
-588
-728
-867
-991
-1108
-1173
-1272
-1349
-1423
-1464
-1488
-1523
-1514
-1483
-1432
-1357
-1271
-1124
-956
-780
-588
-372
-107
146
385
640
891
1138
1350
1525
1711
1841
1947
1973
2012
2015
1962
1858
1733
1608
1447
1246
1026
816
592
352
98
-125
-357
-582
-814
-1010
-1181
-1341
-1488
-1620
-1692
-1733
-1776
-1766
-1738
-1637
-1557
-1430
-1256
-1066
-862
-666
-429
-162
76
302
531
756
997
1159
1356
1497
1651
1778
1860
1950
2019
2057
2080
2037
2044
1984
1899
1762
1589
1433
1216
943
645
315
-5
-382
-783
-1144
-1547
-1890
-2278
-2577
-2836
-3058
-3239
-3361
-3388
-3336
-3271
-3122
-2922
-2651
-2342
-2034
-1664
-1298
-917
-559
-201
173
500
784
1066
1321
1592
1777
1974
2136
2310
2448
2571
2686
2793
2850
2907
2933
2952
2914
2819
2705
2539
2352
2084
1771
1428
1048
642
202
-246
-687
-1140
-1564
-1969
-2312
-2617
-2897
-3113
-3252
-3323
-3345
-3336
-3248
-3113
-2934
-2727
-2507
-2238
-1987
-1725
-1464
-1195
-933
-713
-496
-275
-58
146
323
500
702
888
1087
1265
1472
1672
1853
2047
2225
2405
2540
2638
2729
2789
2801
2749
2647
2528
2343
2109
1832
1521
1184
798
405
21
-370
-761
-1156
-1500
-1795
-2082
-2328
-2555
-2688
-2805
-2874
-2926
-2901
-2863
-2794
-2715
-2567
-2422
-2261
-2108
-1910
-1688
-1471
-1251
-1031
-764
-498
-225
48
346
645
951
1239
1566
1851
2147
2383
2639
2857
3045
3172
3272
3317
3326
3273
3181
3025
2801
2569
2263
1958
1557
1184
762
355
-91
-496
-918
-1292
-1698
-2012
-2314
-2550
-2784
-2959
-3066
-3110
-3133
-3104
-3026
-2881
-2723
-2535
-2284
-2033
-1739
-1485
-1164
-850
-525
-252
48
343
649
890
1149
1385
1619
1819
1998
2188
2341
2468
2554
2646
2722
2736
2701
2659
2583
2458
2262
2049
1797
1495
1136
763
379
-37
-496
-935
-1340
-1736
-2124
-2479
-2753
-2982
-3143
-3265
-3286
-3240
-3128
-2974
-2742
-2440
-2115
-1772
-1407
-995
-599
-224
116
470
787
1058
1280
1493
1669
1801
1903
1991
2071
2122
2152
2181
2218
2245
2247
2236
2235
2202
2152
2049
1948
1792
1607
1353
1091
783
447
51
-331
-721
-1106
-1492
-1850
-2145
-2411
-2605
-2761
-2815
-2810
-2736
-2611
-2408
-2157
-1860
-1558
-1217
-881
-543
-230
53
314
528
702
843
939
1003
1037
1045
1054
1020
1024
998
1006
988
1001
1018
1052
1056
1072
1060
1066
1020
943
848
715
559
344
121
-114
-376
-650
-926
-1162
-1372
-1585
-1743
-1853
-1895
-1902
-1865
-1760
-1609
-1427
-1202
-960
-678
-414
-150
118
368
615
807
985
1142
1271
1376
1447
1508
1554
1571
1583
1599
1598
1589
1541
1525
1484
1426
1338
1225
1112
964
786
582
355
109
-165
-455
-731
-1020
-1301
-1590
-1834
-2038
-2220
-2381
-2489
-2545
-2542
-2528
-2446
-2333
-2172
-2004
-1799
-1558
-1306
-1063
-824
-558
-295
-42
172
411
624
849
1025
1222
1395
1568
1700
1842
1974
2093
2161
2218
2262
2290
2263
2201
2111
1996
1841
1637
1418
1166
892
577
274
-40
-344
-675
-965
-1248
-1477
-1706
-1890
-2043
-2148
-2215
-2250
-2243
-2208
-2144
-2057
-1935
-1808
-1655
-1508
-1339
-1179
-995
-815
-635
-461
-278
-89
112
296
497
691
899
1097
1290
1479
1653
1813
1947
2059
2148
2205
2206
2182
2112
2027
1878
1698
1487
1255
1007
730
449
170
-107
-380
-634
-865
-1063
-1256
-1412
-1542
-1632
-1698
-1754
-1777
-1777
-1755
-1724
-1683
-1617
-1542
-1466
-1371
-1268
-1141
-1020
-884
-732
-555
-374
-185
6
234
446
667
878
1099
1308
1486
1656
1808
1936
2022
2066
2092
2092
2034
1946
1820
1691
1513
1306
1091
867
636
380
131
-93
-318
-542
-755
-936
-1085
-1243
-1370
-1473
-1546
-1608
-1663
-1681
-1677
-1670
-1648
-1619
-1548
-1482
-1411
-1319
-1214
-1082
-962
-819
-660
-485
-307
-120
76
293
491
700
900
1102
1287
1448
1606
1724
1829
1893
1932
1934
1903
1840
1745
1614
1467
1291
1106
892
674
463
244
35
-178
-365
-540
-705
-852
-977
-1084
-1166
-1263
-1305
-1356
-1370
-1410
-1410
-1399
-1377
-1359
-1310
-1257
-1178
-1111
-1006
-883
-764
-615
-480
-293
-128
55
232
416
592
763
905
1070
1177
1293
1358
1432
1474
1474
1456
1425
1372
1299
1189
1088
967
813
687
523
402
210
67
-87
-213
-371
-500
-635
-716
-847
-915
-995
-1031
-1084
-1120
-1110
-1085
-1066
-1040
-984
-891
-817
-750
-644
-545
-426
-356
-230
-119
-8
61
162
265
373
420
502
571
655
700
736
792
826
848
835
853
852
812
744
701
641
560
430
337
225
109
-31
-150
-256
-370
-492
-574
-639
-695
-761
-796
-788
-786
-767
-756
-696
-651
-598
-548
-473
-413
-356
-312
-235
-178
-127
-84
-32
37
84
143
200
266
322
381
450
520
561
612
648
698
713
716
709
703
671
622
566
524
444
355
285
221
152
57
3
-51
-93
-148
-180
-206
-225
-257
-270
-285
-299
-331
-362
-374
-397
-431
-471
-494
-513
-535
-554
-555
-550
-531
-517
-471
-420
-361
-308
-235
-159
-80
-15
51
110
165
211
239
269
281
295
291
299
297
301
296
307
314
338
355
381
404
435
465
489
500
504
502
486
452
405
349
271
185
93
3
-101
-200
-297
-373
-446
-500
-545
-564
-571
-560
-536
-494
-444
-391
-334
-269
-203
-153
-105
-61
-23
1
17
29
40
40
43
51
64
74
91
121
159
199
243
291
341
388
430
466
488
499
491
474
442
393
324
246
161
69
-30
-126
-220
-305
-382
-441
-484
-516
-530
-524
-501
-465
-417
-360
-296
-228
-160
-93
-34
20
64
103
130
153
162
167
168
171
168
167
170
177
186
198
220
242
263
283
307
324
331
327
319
295
260
209
149
74
-8
-97
-190
-285
-375
-462
-541
-607
-655
-688
-708
-706
-690
-651
-601
-536
-465
-383
-298
-209
-126
-41
34
103
159
211
257
290
315
337
356
373
386
399
414
432
452
467
487
502
514
519
519
511
491
456
411
352
285
202
109
12
-90
-192
-295
-388
-475
-552
-609
-652
-679
-688
-680
-658
-619
-565
-505
-443
-369
-301
-229
-165
-105
-55
-14
22
51
67
82
92
101
106
110
123
135
149
164
190
217
239
260
284
302
316
318
319
308
286
257
222
184
135
85
35
-12
-55
-94
-129
-146
-159
-162
-158
-138
-113
-87
-54
-16
20
51
74
98
111
114
108
92
74
39
2
-42
-81
-127
-174
-218
-250
-281
-303
-323
-325
-322
-314
-297
-273
-240
-208
-171
-130
-89
-50
-9
25
63
97
130
156
184
213
239
264
289
317
345
368
397
424
450
473
490
510
517
524
516
500
476
440
394
336
266
190
99
7
-91
-191
-290
-391
-480
-565
-640
-703
-756
-788
-808
-812
-801
-780
-745
-699
-644
-580
-519
-448
-383
-314
-247
-185
-121
-65
-11
46
99
157
209
267
330
392
462
525
596
663
728
784
834
876
905
908
909
887
850
786
706
620
519
404
279
159
39
-84
-199
-297
-383
-459
-530
-573
-603
-621
-641
-641
-628
-615
-612
-597
-582
-568
-567
-557
-546
-540
-538
-530
-505
-480
-451
-413
-355
-289
-216
-136
-39
56
156
248
349
442
518
580
637
678
700
696
691
665
628
576
522
466
395
328
267
214
162
111
74
48
19
-2
-18
-24
-38
-56
-64
-78
-99
-129
-158
-181
-220
-258
-297
-324
-354
-388
-406
-413
-419
-418
-406
-371
-339
-304
-259
-203
-142
-90
-37
23
76
121
155
194
226
238
248
253
262
251
234
222
212
193
173
154
144
125
109
97
92
82
66
58
50
40
24
9
-6
-27
-52
-75
-102
-127
-158
-184
-208
-231
-254
-275
-283
-287
-292
-287
-274
-255
-237
-210
-171
-138
-104
-66
-23
20
52
87
121
153
177
193
213
229
234
236
239
244
234
226
221
216
205
192
180
172
157
143
129
121
105
83
72
60
43
21
8
-6
-22
-40
-49
-65
-76
-92
-98
-107
-115
-127
-133
-131
-139
-147
-154
-153
-160
-167
-170
-166
-174
-179
-183
-173
-174
-175
-174
-158
-152
-145
-135
-113
-99
-87
-70
-45
-25
-14
5
29
56
69
88
110
138
153
174
197
226
240
260
286
314
329
338
357
375
377
373
371
364
343
314
287
247
201
143
91
31
-29
-102
-168
-230
-288
-353
-406
-445
-483
-522
-541
-545
-551
-550
-538
-512
-486
-456
-420
-378
-332
-290
-247
-195
-147
-103
-56
-3
50
98
147
201
258
314
363
419
477
524
565
605
644
662
673
679
673
653
613
570
518
453
373
291
205
114
20
-65
-152
-231
-302
-376
-431
-467
-504
-545
-556
-556
-571
-572
-554
-548
-537
-516
-496
-483
-458
-433
-415
-385
-348
-316
-277
-228
-174
-120
-53
19
87
167
242
321
396
466
527
586
631
665
688
704
698
685
661
624
576
520
462
397
329
260
192
127
62
-2
-56
-111
-161
-210
-251
-295
-332
-371
-409
-443
-471
-507
-537
-558
-578
-597
-606
-602
-597
-581
-553
-515
-468
-410
-344
-270
-191
-101
-15
74
167
252
329
405
474
527
573
610
632
641
643
633
613
582
548
503
457
403
350
291
231
171
112
55
-4
-61
-116
-168
-219
-265
-312
-355
-393
-428
-460
-484
-502
-518
-524
-522
-512
-497
-472
-441
-399
-352
-301
-244
-180
-113
-47
23
94
158
219
275
329
375
412
439
460
474
476
468
454
434
402
368
329
284
235
185
136
85
36
-10
-58
-102
-139
-173
-205
-234
-255
-276
-292
-302
-308
-311
-311
-309
-301
-292
-277
-261
-240
-216
-190
-163
-132
-98
-62
-25
14
52
92
130
163
199
230
257
278
297
312
319
322
320
310
295
273
250
217
184
146
107
64
22
-20
-62
-104
-137
-171
-201
-228
-252
-268
-283
-287
-291
-294
-288
-279
-270
-255
-236
-218
-200
-176
-151
-130
-105
-80
-55
-28
-1
27
54
84
113
141
169
198
226
249
272
294
308
320
325
328
323
311
293
271
241
206
165
123
78
28
-19
-63
-106
-148
-183
-214
-239
-257
-270
-278
-279
-275
-267
-257
-241
-224
-207
-191
-172
-154
-136
-119
-102
-87
-70
-50
-30
-8
14
41
66
98
129
157
181
215
240
259
277
293
295
293
289
276
251
225
193
155
116
76
32
-10
-48
-84
-116
-145
-168
-189
-201
-209
-215
-217
-213
-210
-204
-194
-187
-178
-166
-157
-149
-135
-123
-111
-97
-76
-57
-37
-12
12
39
69
96
125
151
178
199
219
235
244
249
248
243
233
218
199
177
152
124
95
69
36
7
-20
-44
-71
-93
-113
-133
-148
-160
-173
-183
-190
-197
-202
-205
-202
-202
-197
-187
-178
-164
-149
-131
-110
-87
-62
-37
-10
19
45
74
101
125
148
170
190
205
219
229
233
235
233
230
226
216
202
186
169
147
123
98
70
42
12
-19
-50
-83
-112
-140
-166
-191
-213
-231
-248
-259
-267
-271
-271
-265
-255
-242
-226
-204
-183
-160
-132
-103
-76
-46
-13
18
46
76
106
134
160
185
210
233
252
268
283
294
298
300
300
295
286
269
248
224
197
163
127
91
51
9
-32
-71
-112
-153
-188
-220
-250
-277
-298
-312
-326
-333
-336
-333
-325
-313
-297
-278
-255
-230
-204
-173
-140
-109
-74
-38
-3
31
67
103
134
166
198
226
253
273
290
308
322
328
331
332
325
312
300
280
254
225
192
158
122
82
40
0
-40
-81
-120
-154
-186
-216
-241
-261
-276
-289
-295
-297
-292
-288
-279
-268
-252
-236
-218
-198
-176
-153
-131
-109
-82
-54
-30
-5
23
52
80
109
137
165
190
215
238
258
272
283
287
290
285
273
256
236
212
180
149
116
78
42
7
-25
-56
-84
-106
-126
-142
-154
-161
-165
-168
-168
-165
-161
-160
-158
-153
-150
-149
-146
-143
-137
-133
-125
-116
-105
-89
-72
-50
-22
6
34
64
97
126
154
181
203
220
231
237
239
232
219
203
181
156
127
97
66
36
9
-21
-45
-64
-81
-96
-105
-111
-117
-122
-124
-123
-126
-126
-125
-127
-130
-134
-137
-138
-141
-143
-143
-140
-135
-126
-112
-94
-72
-45
-17
14
48
82
116
149
181
209
232
254
271
279
283
279
268
251
232
208
178
146
112
79
45
12
-20
-50
-77
-103
-125
-144
-161
-175
-186
-196
-200
-206
-213
-218
-220
-225
-228
-227
-227
-229
-225
-218
-207
-193
-174
-155
-129
-98
-63
-24
16
60
105
149
194
235
274
308
336
359
373
378
376
370
355
333
305
270
230
190
148
104
61
18
-23
-59
-93
-123
-150
-174
-192
-209
-223
-237
-245
-254
-261
-267
-271
-275
-278
-278
-277
-271
-263
-252
-236
-215
-188
-158
-123
-82
-41
4
52
100
146
192
236
275
309
336
356
367
372
372
363
345
320
293
260
224
185
145
106
65
26
-10
-44
-75
-104
-129
-149
-165
-183
-198
-208
-218
-228
-235
-241
-246
-248
-248
-246
-241
-235
-227
-216
-200
-179
-156
-131
-101
-67
-32
4
42
82
120
155
189
219
245
263
278
292
295
292
284
272
255
231
205
176
145
111
78
46
16
-13
-42
-65
-85
-105
-122
-135
-146
-155
-162
-165
-169
-172
-174
-172
-170
-169
-166
-161
-155
-147
-137
-124
-109
-93
-74
-50
-27
0
27
55
82
107
131
154
175
191
203
212
216
213
205
198
184
165
146
123
99
74
49
25
4
-17
-38
-56
-70
-82
-93
-103
-108
-112
-114
-116
-114
-113
-112
-109
-104
-100
-94
-88
-80
-70
-60
-50
-39
-25
-13
2
17
29
43
57
69
79
89
97
103
107
109
107
107
102
96
87
80
69
57
44
30
16
2
-12
-25
-39
-51
-62
-71
-78
-86
-88
-91
-91
-87
-84
-78
-69
-59
-48
-38
-24
-12
0
11
20
30
36
41
44
47
48
47
45
42
38
34
29
26
22
17
13
10
9
5
1
0
-3
-7
-13
-20
-26
-34
-42
-48
-57
-65
-74
-80
-83
-84
-86
-85
-80
-73
-63
-52
-37
-20
-5
12
31
49
64
77
90
100
107
109
111
110
106
102
92
80
70
57
44
32
20
10
0
-10
-17
-23
-31
-35
-40
-43
-47
-51
-55
-60
-61
-65
-68
