-8
-16
-23
-33
-44
-49
-54
-60
-65
-67
-68
-67
-64
-61
-55
-48
-44
-38
-33
-30
-32
-31
-29
-32
-33
-33
-35
-34
-33
-31
-28
-26
-24
-22
-16
-13
-10
-10
-4
1
8
14
16
14
10
9
8
9
8
5
5
8
13
19
25
29
34
39
45
50
53
57
57
54
55
56
57
53
45
35
25
20
13
9
6
4
3
4
8
11
12
14
16
18
19
20
23
21
17
13
11
10
8
4
-1
-11
-16
-18
-20
-19
-20
-18
-16
-15
-14
-13
-11
-12
-14
-14
-10
-9
-11
-14
-15
-16
-17
-17
-16
-14
-16
-13
-9
-4
0
1
3
6
10
12
13
10
6
-2
-9
-17
-20
-22
-26
-32
-35
-37
-37
-37
-37
-36
-32
-27
-18
-8
4
11
17
21
24
30
30
28
25
19
15
15
17
19
17
15
16
17
17
18
18
17
14
12
10
9
6
-2
-9
-14
-20
-25
-29
-32
-35
-38
-38
-37
-33
-28
-23
-16
-11
-6
2
9
12
11
10
11
14
14
15
14
10
6
2
-2
-7
-12
-19
-27
-34
-38
-41
-46
-50
-54
-57
-60
-62
-59
-55
-50
-46
-42
-35
-29
-26
-21
-14
-6
1
10
21
30
38
42
47
52
53
56
58
56
52
51
48
44
38
29
21
8
3
-5
-7
-9
-12
-16
-17
-12
-7
1
2
6
10
18
24
27
26
23
22
20
18
17
16
16
17
17
17
18
17
14
6
-3
-12
-20
-28
-35
-40
-48
-54
-60
-65
-69
-74
-78
-82
-81
-76
-67
-58
-50
-48
-46
-46
-42
-36
-38
-43
-46
-46
-45
-46
-50
-52
-52
-50
-49
-43
-39
-40
-41
-42
-38
-32
-26
-22
-18
-15
-13
-11
-9
-5
-5
-8
-9
-8
-7
-7
-6
-4
-4
-3
-1
3
3
5
7
9
10
12
16
22
24
24
23
21
20
18
15
9
6
5
9
15
19
24
30
40
54
66
79
92
100
106
111
112
110
104
95
85
72
60
46
34
23
15
10
4
4
5
8
11
14
23
30
37
43
53
63
66
66
70
75
77
75
71
67
65
62
61
60
62
64
66
71
73
73
70
66
60
51
42
35
29
21
9
-2
-10
-20
-33
-44
-50
-53
-54
-51
-44
-36
-23
-11
-1
11
21
33
42
50
55
57
56
51
43
35
24
14
7
0
-6
-9
-10
-12
-13
-12
-13
-15
-17
-19
-19
-23
-28
-30
-33
-37
-46
-53
-56
-58
-62
-63
-59
-54
-45
-39
-30
-18
-4
5
12
18
22
23
21
19
14
8
1
-7
-17
-30
-45
-56
-65
-78
-88
-93
-97
-100
-102
-102
-101
-95
-91
-86
-78
-69
-64
-60
-57
-53
-52
-54
-57
-60
-60
-59
-61
-63
-66
-64
-68
-71
-71
-70
-67
-62
-58
-51
-44
-37
-31
-29
-28
-32
-37
-40
-43
-43
-41
-33
-28
-25
-18
-11
-5
-1
2
5
7
10
11
13
11
7
-1
-8
-12
-17
-20
-23
-22
-21
-18
-14
-11
-7
-3
3
9
15
21
28
36
40
42
42
43
40
35
29
25
21
15
12
10
8
1
-9
-16
-24
-30
-38
-44
-45
-44
-39
-36
-32
-28
-22
-16
-10
-3
2
12
19
27
34
39
43
43
47
52
53
53
53
53
49
43
33
22
11
2
-9
-19
-27
-36
-45
-52
-58
-63
-65
-62
-59
-50
-39
-25
-12
0
11
22
31
38
45
52
57
62
68
73
80
85
88
87
83
77
75
73
68
61
53
47
39
27
13
2
-8
-18
-28
-35
-36
-34
-33
-26
-16
-5
8
20
31
43
54
65
76
86
98
108
114
119
122
121
116
110
103
95
86
77
69
57
45
35
23
10
-5
-15
-22
-30
-40
-47
-48
-46
-44
-41
-39
-34
-31
-27
-20
-10
5
20
35
50
69
87
105
117
124
129
132
131
127
119
108
95
77
58
42
27
11
-4
-18
-30
-37
-43
-43
-43
-39
-31
-24
-17
-7
2
7
12
15
18
22
27
32
36
42
46
50
50
52
52
51
48
42
37
30
26
22
17
11
5
-6
-14
-21
-28
-35
-39
-41
-42
-39
-32
-28
-23
-16
-13
-12
-13
-11
-10
-7
-5
-5
-10
-17
-22
-32
-41
-52
-62
-68
-72
-73
-73
-68
-62
-58
-50
-39
-28
-21
-13
-5
3
8
12
14
9
5
-2
-8
-15
-21
-29
-36
-39
-44
-44
-46
-51
-54
-52
-50
-43
-39
-37
-36
-38
-40
-44
-52
-59
-66
-73
-81
-85
-84
-80
-75
-70
-58
-51
-41
-33
-23
-11
-1
8
11
13
14
17
20
17
12
8
5
-6
-17
-29
-39
-52
-61
-67
-71
-78
-89
-94
-101
-102
-104
-103
-103
-105
-105
-104
-103
-107
-109
-113
-109
-103
-91
-75
-63
-47
-33
-16
-1
14
29
40
48
49
53
56
56
50
44
36
27
26
28
33
37
42
45
46
49
53
57
62
72
83
98
113
127
141
151
153
150
151
152
152
152
155
155
150
152
159
166
162
164
170
178
181
188
192
185
174
163
153
135
112
87
63
37
8
-17
-39
-67
-101
-128
-147
-172
-200
-231
-260
-293
-324
-348
-372
-399
-427
-443
-460
-479
-497
-508
-514
-524
-523
-521
-510
-495
-470
-441
-410
-382
-356
-318
-284
-249
-215
-172
-139
-106
-77
-46
-20
-2
24
53
88
115
147
177
201
225
251
274
287
299
312
324
331
343
358
371
375
382
390
396
401
409
421
432
445
463
481
500
520
542
565
582
602
621
640
652
657
665
670
677
684
690
683
675
669
677
677
665
647
624
590
541
487
426
349
255
167
70
-42
-151
-227
-286
-365
-454
-538
-617
-707
-782
-829
-879
-944
-1006
-1041
-1071
-1116
-1150
-1152
-1136
-1123
-1096
-1051
-1006
-976
-927
-840
-755
-697
-647
-573
-507
-457
-397
-326
-276
-263
-227
-170
-131
-126
-110
-88
-83
-86
-77
-56
-71
-87
-77
-43
-25
-21
6
47
78
95
131
161
169
178
215
259
269
284
325
370
390
414
453
474
475
488
530
556
559
571
602
616
618
639
673
697
703
722
742
755
774
811
849
852
855
870
895
901
922
962
980
966
950
947
895
809
745
716
649
530
409
267
88
-70
-121
-163
-296
-469
-597
-699
-841
-949
-1015
-1104
-1253
-1351
-1357
-1384
-1462
-1517
-1471
-1409
-1372
-1313
-1217
-1141
-1107
-995
-818
-680
-635
-566
-432
-341
-277
-174
-33
-6
-17
61
188
213
172
205
246
218
163
194
206
110
10
2
17
-58
-127
-125
-113
-160
-193
-153
-148
-207
-236
-160
-108
-128
-116
-36
29
27
90
201
262
259
306
406
440
441
488
571
573
551
594
664
683
675
731
782
779
771
829
882
861
839
867
898
875
871
911
933
910
910
973
1005
985
981
1017
1031
992
965
916
823
698
631
592
500
341
126
-74
-232
-295
-372
-510
-713
-897
-1042
-1179
-1282
-1403
-1533
-1684
-1758
-1778
-1805
-1882
-1957
-1946
-1884
-1796
-1718
-1630
-1564
-1486
-1330
-1121
-955
-881
-805
-677
-543
-425
-302
-184
-154
-182
-148
-33
68
84
99
110
110
98
118
137
79
18
-8
11
-38
-106
-157
-188
-215
-227
-199
-213
-257
-285
-234
-153
-102
-76
-54
-20
4
53
138
202
229
244
302
351
395
435
480
520
544
591
634
689
721
767
809
837
866
901
955
985
1013
1030
1053
1076
1079
1094
1117
1155
1169
1200
1247
1269
1297
1340
1409
1427
1425
1437
1453
1430
1332
1245
1131
1027
890
782
580
240
-70
-189
-150
-268
-484
-714
-865
-1065
-1243
-1334
-1470
-1702
-1932
-1944
-1923
-2018
-2191
-2262
-2229
-2178
-2068
-1928
-1813
-1775
-1677
-1418
-1147
-1002
-950
-803
-627
-488
-342
-174
-74
-113
-61
88
240
255
227
222
180
176
198
259
175
27
-72
-78
-85
-187
-267
-349
-412
-475
-476
-487
-596
-682
-686
-613
-604
-588
-547
-495
-429
-338
-187
-114
-69
-23
90
185
240
320
396
469
494
567
635
678
711
778
867
890
917
959
1021
1053
1082
1138
1171
1184
1187
1215
1243
1261
1305
1333
1372
1372
1428
1461
1465
1481
1517
1566
1582
1725
1652
1373
1191
1421
1583
1388
1078
768
556
303
96
-135
-204
-233
-366
-586
-805
-1109
-1338
-1269
-1197
-1443
-1892
-2029
-1899
-1793
-1950
-2214
-2294
-2173
-1980
-1813
-1722
-1791
-1763
-1424
-990
-821
-837
-746
-557
-393
-272
-119
-5
10
46
193
330
323
312
379
406
304
146
105
117
124
83
27
-86
-258
-341
-331
-350
-490
-577
-571
-558
-609
-654
-675
-720
-743
-685
-553
-460
-413
-329
-172
-7
119
220
273
287
335
445
563
608
625
659
724
790
854
906
925
961
1027
1128
1179
1183
1177
1187
1210
1229
1272
1284
1266
1249
1288
1327
1304
1272
1280
1308
1325
1365
1410
1403
1347
1332
1410
1496
1485
1434
1393
1302
1135
1016
904
512
-29
-307
-126
-12
-210
-511
-672
-848
-1129
-1243
-1294
-1483
-1893
-2035
-1939
-1923
-2166
-2380
-2375
-2376
-2395
-2352
-2174
-2111
-2093
-1859
-1406
-1058
-982
-895
-726
-569
-465
-284
-72
-41
-52
104
406
539
472
433
469
498
469
447
360
232
206
237
217
34
-102
-187
-233
-309
-372
-365
-438
-494
-520
-430
-492
-631
-707
-646
-586
-590
-495
-377
-257
-181
-20
107
115
133
219
315
310
341
405
458
519
616
719
692
653
672
766
795
771
802
841
865
852
920
966
952
924
943
978
932
923
974
1071
1105
1119
1176
1214
1224
1212
1253
1302
1355
1435
1485
1518
1497
1446
1297
1125
924
491
-69
-404
-202
-46
-237
-607
-757
-867
-1176
-1422
-1558
-1678
-2047
-2225
-2163
-2079
-2303
-2584
-2584
-2488
-2469
-2527
-2389
-2242
-2147
-1923
-1454
-1021
-913
-858
-667
-418
-300
-180
31
113
98
185
499
682
633
586
662
716
606
540
516
412
140
-50
-50
-114
-254
-317
-219
-311
-534
-638
-622
-654
-744
-686
-625
-618
-692
-694
-698
-742
-725
-573
-338
-206
-84
74
249
363
445
551
575
556
560
702
852
921
962
1018
1076
1055
1069
1081
1081
1046
1071
1122
1131
1124
1103
1111
1105
1102
1073
1042
1035
1044
1103
1163
1201
1193
1226
1273
1323
1383
1434
1490
1546
1660
1789
1875
1934
1959
1930
1754
1563
1308
794
128
-176
111
246
-4
-438
-537
-692
-957
-1245
-1440
-1686
-2101
-2214
-2139
-2064
-2397
-2636
-2652
-2516
-2552
-2657
-2638
-2583
-2441
-2159
-1635
-1258
-1112
-1007
-718
-461
-385
-363
-300
-289
-287
-116
195
371
359
362
442
448
320
213
123
14
-133
-215
-363
-551
-619
-458
-317
-458
-709
-824
-773
-779
-790
-795
-739
-713
-604
-512
-529
-648
-672
-496
-280
-124
-24
151
356
572
723
809
776
694
714
819
895
900
950
1032
1058
1049
1044
1016
935
893
925
945
893
830
862
921
960
971
980
983
1006
1105
1226
1298
1281
1296
1406
1551
1669
1751
1818
1825
1848
1935
2088
2299
2469
2604
2610
2499
2140
1704
1049
194
-481
-423
27
-38
-492
-765
-649
-819
-1176
-1565
-1875
-2365
-2695
-2645
-2542
-2697
-2921
-2731
-2436
-2345
-2534
-2687
-2760
-2727
-2508
-2100
-1652
-1319
-973
-559
-195
-45
-114
-234
-377
-478
-516
-405
-194
-2
155
294
419
345
115
-179
-451
-752
-1140
-1387
-1410
-1197
-940
-638
-475
-529
-683
-805
-927
-1173
-1266
-1175
-870
-597
-389
-290
-286
-282
-205
-92
-75
-107
-37
237
559
796
864
824
809
802
769
668
521
491
627
850
948
898
829
811
852
902
902
768
669
756
976
1150
1241
1361
1474
1607
1720
1742
1690
1676
1754
1894
2013
2066
2123
2286
2429
2507
2521
2503
2451
2622
3364
4086
4202
3356
2148
862
-833
-2797
-3675
-2974
-2016
-1873
-2165
-1770
-1471
-1643
-2342
-2948
-3465
-3788
-3206
-2234
-1846
-2147
-1626
-389
277
-351
-1299
-1661
-1420
-903
-637
-587
-475
126
1045
1435
845
-102
-449
-411
-560
-981
-1288
-1059
-384
251
110
-570
-1154
-1283
-1210
-1271
-1507
-1780
-1637
-1055
-386
-253
-597
-791
-690
-475
-466
-463
-355
-82
351
706
677
274
-49
19
197
141
-34
-69
192
571
844
843
574
324
331
517
516
350
363
715
1100
1235
1101
840
704
702
798
718
623
692
1095
1497
1580
1542
1523
1656
1709
1767
1723
1677
1774
2016
2274
2316
2314
2198
2163
2136
2235
2290
2197
2126
2138
2435
2646
2974
3070
2743
1596
111
-890
-2646
-5609
-8522
-7743
-4473
-2906
-3990
-4236
-1297
783
34
-2230
-2618
-1657
-507
230
32
-518
-404
1316
1771
-19
-2668
-2956
-1732
-1161
-2065
-3081
-2494
-926
339
-257
-1298
-1435
-200
604
517
313
459
930
1155
1260
525
-343
-727
-425
-546
-1082
-1236
-990
-884
-1420
-1624
-1876
-2124
-2419
-1895
-823
-136
163
28
103
209
637
765
482
425
904
1397
1040
231
-474
-674
-829
-943
-1285
-1568
-1380
-696
-95
-265
-386
-56
650
1042
1265
1404
1580
1855
2069
2011
1475
1069
1033
1208
1131
985
972
1009
1099
1297
1437
1348
1445
1816
2226
2445
2610
2776
2868
3119
3352
3353
3080
3097
3455
3640
3479
3283
3406
3475
3920
4053
3264
1171
-732
-2588
-6263
-10378
-11181
-7218
-4396
-4724
-4915
-1057
2438
1364
-1394
-1632
316
478
-337
-514
546
875
606
-256
-1302
-2819
-4244
-4629
-4315
-3947
-4327
-3713
-1881
-190
-599
-1266
-170
1758
2181
1385
1687
2773
3077
1939
650
-236
-791
-1417
-2279
-2979
-3110
-2628
-2301
-2126
-2114
-2445
-2924
-2732
-1555
-593
-2
921
2340
2959
2413
1704
1303
945
523
243
-116
-439
-677
-838
-1427
-2109
-2435
-2470
-2264
-1773
-896
-160
539
1268
1875
1977
1983
2219
2385
2324
2210
2238
2061
1647
1089
560
73
-161
-162
-110
55
410
913
1270
1563
1878
2100
2213
2482
2863
3175
3260
3329
3332
3282
3132
2937
2878
2938
3093
3173
3393
3389
3296
3073
3579
4272
4027
2220
89
-1589
-5340
-10369
-12634
-9048
-5099
-4579
-4539
-645
3981
3905
1377
696
1692
644
-956
-662
705
109
-1407
-1455
-853
-2366
-5705
-6814
-5128
-3678
-4544
-4547
-1875
1126
1455
823
1953
3625
3558
2356
2549
3373
2724
603
-731
-996
-1779
-3589
-4892
-4684
-4042
-3942
-3782
-2768
-1524
-1196
-1240
-817
-32
619
1259
2148
2591
2516
1903
1278
362
-676
-1638
-1961
-1863
-1835
-1953
-2013
-1730
-1611
-1653
-1794
-1479
-870
-36
707
1382
1791
2031
2232
2167
1862
1344
1086
1061
1161
1059
840
640
527
335
100
1
58
350
772
1216
1690
2157
2394
2501
2656
2825
2862
2769
2699
2753
2886
2796
2621
2698
2814
2642
2572
2781
3086
3237
3201
3307
3687
4445
4888
4741
3565
1901
-363
-4869
-10502
-12943
-9929
-6264
-5342
-4387
-482
3985
4910
2880
1297
1081
413
-924
-1424
-858
-907
-1450
-1631
-1636
-2912
-5449
-7003
-6283
-4685
-4449
-4191
-2076
1046
2587
2423
2555
3430
3781
2912
2086
2098
1862
457
-1155
-2003
-2424
-3512
-4907
-5305
-4354
-3400
-2965
-2236
-745
505
1114
1517
1887
2141
1698
1334
1290
1552
1023
106
-699
-1460
-2131
-2632
-2891
-2947
-2548
-2065
-1520
-1060
-553
-403
-50
312
687
975
1134
1299
1504
1841
1612
1194
744
637
591
521
284
235
534
778
755
639
646
677
846
1005
1266
1479
1708
1886
2163
2334
2310
2201
2162
2164
2172
2262
2389
2460
2308
2339
2531
2724
2581
2597
3006
3611
3809
3709
3915
4383
4805
4726
4214
2868
742
-3681
-9978
-14078
-12437
-8214
-6645
-5955
-2381
3151
5424
3972
2198
1839
847
-946
-1617
-1013
-1265
-2187
-1792
-980
-2062
-5126
-6720
-5758
-4223
-4415
-4385
-2056
1219
2767
2762
3352
4321
4232
3033
2527
2769
2264
496
-919
-1434
-2049
-3429
-4633
-4723
-4131
-3731
-3235
-1917
-322
525
1019
1940
2988
3184
2141
1081
897
916
-72
-976
-1119
-1222
-1749
-1962
-2032
-2272
-2391
-2065
-1311
-524
-206
-136
477
1151
1344
1145
1059
953
1026
1000
696
397
320
224
62
93
7
-94
-2
353
625
789
787
846
1085
1328
1330
1277
1320
1402
1545
1654
1715
1733
1646
1488
1542
1656
1501
1285
1325
1457
1957
2701
3193
3206
3040
2862
2772
2921
3106
3313
3783
4474
4846
4695
3167
-69
-6040
-12342
-14796
-11980
-8574
-7703
-5717
-316
5005
5690
3726
2599
2168
271
-1767
-1890
-1174
-1866
-2477
-1419
-760
-2993
-6188
-6693
-5169
-4419
-4989
-3969
-845
1953
2714
2992
4014
4550
3724
2817
2902
2917
1691
-140
-1153
-1656
-2728
-4274
-4937
-4566
-4098
-3798
-2786
-1068
211
607
1217
2378
3092
2958
2292
1515
740
301
-114
-761
-1495
-2083
-2380
-2358
-2284
-2287
-1932
-1145
-330
243
548
548
687
1094
1374
1247
1028
934
981
1090
966
543
173
33
35
191
325
450
774
1279
1581
1727
1879
1918
1746
1593
1538
1447
1317
1219
1258
1487
1776
1997
2091
2199
2354
2438
2373
2270
2110
2061
2360
2720
3019
3092
3198
3169
3447
3839
4261
4427
4636
4862
4928
4652
3163
-1056
-8504
-14335
-14118
-9623
-7393
-7359
-4547
1832
5919
4956
2836
2499
1938
-260
-1439
-763
-782
-2485
-2886
-1566
-1832
-5230
-7842
-6812
-4533
-4291
-4689
-2762
528
2164
2035
2431
3644
3980
3075
2673
3280
3268
1450
-679
-1883
-2745
-4259
-5612
-5755
-5060
-4436
-3690
-2113
-461
226
257
993
2155
2845
2911
3175
3220
1878
126
-590
-965
-2676
-4285
-4444
-3586
-3085
-2757
-2057
-903
-59
178
524
892
829
703
1365
1954
1696
899
504
584
534
-221
-1027
-982
-468
-302
-317
89
702
1078
1352
1804
2235
2274
1879
1724
1862
1805
1298
897
868
1044
1183
1379
1727
2009
2096
2281
2681
2686
2402
2048
1857
1763
2313
3129
3436
3459
3551
4139
4339
4287
4140
4658
5244
5266
5059
4379
1897
-4890
-12858
-15639
-11783
-8168
-8248
-6928
-961
4773
5215
2933
2236
2286
446
-1260
-447
652
-876
-2440
-1584
-1025
-3853
-7544
-7675
-5106
-3748
-4271
-3427
-429
1693
1426
1195
2600
3793
3380
2945
3768
4419
3007
406
-1426
-2352
-3689
-5265
-5663
-4845
-3919
-3252
-2111
-758
-117
-317
-30
1015
2012
2431
2868
3468
3449
2250
195
-1716
-3426
-4793
-5329
-4801
-4042
-3181
-2109
-1102
-493
-241
-144
123
746
1350
1895
2335
2413
1903
1205
313
-677
-1460
-1808
-1617
-912
-106
352
770
1363
1804
1870
1845
2037
2499
2945
3099
3007
2868
2441
1695
1060
684
443
357
469
701
1031
1277
1382
1546
1966
2329
2344
2475
3272
4456
4647
3930
3537
3641
3318
2698
2651
3269
3907
4334
4627
4707
4503
3517
-81
-7789
-14748
-14856
-9337
-5979
-5978
-4207
963
4631
3931
1921
1321
1106
145
147
1413
1536
-607
-2357
-2475
-3007
-5583
-7653
-6586
-3623
-2067
-2284
-1709
238
1210
400
337
2258
4090
4121
3745
4240
4279
2013
-1326
-3348
-3857
-4417
-4999
-4333
-2750
-2007
-2316
-2219
-1462
-1191
-1547
-1170
497
2339
3339
3562
3482
2774
1252
-413
-1853
-3068
-4235
-4471
-3525
-2214
-1667
-1721
-1561
-1263
-1006
-652
15
886
1734
2306
2383
1815
652
-724
-1561
-1787
-1696
-1373
-707
121
669
851
741
546
346
436
1012
1995
2758
2949
2741
2393
1787
900
27
-543
-606
-216
446
975
1315
1452
1420
1326
1461
1856
2208
2406
2645
3158
3886
4175
3771
2989
2432
2213
2411
2977
3592
4226
4961
5488
5215
4466
3244
-373
-7599
-13703
-12915
-7250
-4497
-5183
-3835
579
2700
843
-554
482
1276
568
1099
3110
3061
54
-2294
-2529
-3211
-5684
-6865
-4684
-1667
-1261
-2376
-1940
-526
-673
-1867
-977
1984
4054
4155
4070
4484
3759
1055
-1566
-2502
-2534
-2935
-3081
-2181
-1467
-2184
-3519
-3783
-3308
-3167
-2924
-1454
779
2307
2849
3001
2775
1754
462
110
649
986
595
2
-1145
-3039
-4577
-4697
-3897
-3102
-2154
-980
328
1143
1277
983
731
633
576
689
904
963
800
480
78
-411
-899
-951
-549
59
436
641
798
882
862
848
940
1048
1228
1525
1634
1540
1325
1093
854
727
768
878
1023
1277
1604
1938
1979
1988
2400
2807
2937
2793
2912
2869
2969
3122
3407
3591
4116
4914
5474
5641
5560
5267
4305
1671
-4292
-11204
-13301
-8802
-4353
-4215
-4842
-2406
-85
-1148
-2485
-740
2006
2235
1834
3343
4677
2307
-1770
-3501
-3114
-3724
-4896
-3863
-1175
-483
-2704
-4455
-3693
-2399
-2868
-2823
79
3984
5123
3928
3286
3246
1781
-765
-1575
-471
66
-1041
-1860
-1643
-2027
-3961
-5555
-5044
-3295
-2105
-1362
-89
1353
1901
1561
1410
1655
1780
1768
2255
3002
2898
1681
175
-873
-1771
-3273
-5045
-5613
-4139
-2287
-1347
-1054
-531
-126
-102
127
847
1890
2494
2636
2496
2245
1440
304
-446
-611
-785
-1032
-901
-380
-157
-540
-889
-697
-20
526
1055
1639
2276
2561
2472
2180
1790
1361
978
863
952
1205
1363
1348
1068
811
714
1105
1741
2256
2624
3109
3874
4450
4752
4638
4669
4804
4845
4837
5101
5550
5370
4475
737
-6881
-13653
-12587
-5912
-3110
-5506
-6410
-3298
-1876
-3431
-3554
-48
2921
2850
2298
2977
2616
-478
-3052
-2972
-2018
-2921
-3561
-1961
38
-1305
-4878
-6204
-4231
-2153
-1864
-813
2057
4212
3286
1382
999
1458
788
-356
-157
1037
924
-891
-2480
-2775
-2920
-3560
-3352
-1734
-138
-71
-516
-295
458
707
644
958
1557
1940
1928
1927
1711
1141
186
-429
-460
-276
-431
-819
-924
-1372
-2227
-3072
-2748
-1797
-733
-212
-211
-256
-255
6
151
888
1596
2037
1595
860
12
-649
-915
-833
-406
-82
346
441
464
155
83
224
737
1400
1991
2373
2293
1999
1478
1125
903
1024
1239
1506
1649
1705
1607
1496
1650
2077
2654
3326
4210
4873
5142
4912
4708
4620
4832
5171
5569
5674
5280
4717
3879
1606
-4211
-10736
-11830
-5845
-903
-2466
-6189
-6350
-4652
-4745
-4287
-1122
2592
2893
1223
273
181
-1123
-2845
-2702
-1048
-398
-1630
-2264
-1820
-2042
-4189
-5131
-2995
82
620
-667
-750
340
441
-990
-1418
-111
1175
759
-208
-536
-821
-1765
-2339
-1525
-302
-53
-616
-756
-466
-468
-883
-822
-107
606
665
257
-151
-478
-739
-699
-177
396
442
-118
-626
-643
-347
-177
-6
333
562
313
-499
-1651
-2697
-3039
-2581
-1820
-1299
-1300
-1669
-1944
-1718
-1016
-106
785
1455
1757
1663
1374
1105
953
882
900
941
914
767
541
256
9
19
329
698
873
869
936
1210
1574
1853
2043
2251
2431
2556
2503
2297
2069
2087
2553
3245
3825
3935
3778
3733
3949
4173
4146
4260
4772
5437
5575
5549
5274
3889
-813
-7067
-9285
-4534
868
-572
-5875
-8301
-6744
-6105
-5088
-1609
2423
1908
-1842
-3669
-2559
-1051
-831
166
1435
1526
-640
-1955
-1264
-21
-696
-1709
-624
1443
1347
-1378
-2615
-1499
118
-266
-726
-210
220
-855
-2105
-1457
60
554
-228
-259
432
508
-616
-1230
-521
380
139
-650
-982
-1032
-1323
-1662
-1206
-499
-264
-733
-1073
-1073
-938
-899
-667
-19
612
890
625
272
-153
-477
-650
-757
-1021
-1635
-2206
-2364
-2008
-1719
-1723
-1714
-1435
-874
-224
564
1245
1659
1692
1608
1493
1253
851
538
485
329
38
-133
95
197
-38
-311
-127
359
749
1053
1316
1601
1734
1849
2021
2297
2516
2629
2610
2591
2579
2560
2533
2641
2972
3316
3470
3486
3695
4198
4763
5191
5641
6110
6542
6384
5026
753
-4954
-7116
-2686
2460
371
-6217
-9842
-8258
-6814
-5526
-2498
466
-1165
-5900
-7204
-4193
-410
786
1064
751
-624
-2848
-2921
46
3073
2844
646
66
859
430
-1719
-1920
18
1386
-52
-1765
-1679
-996
-1286
-1842
-827
192
-389
-2075
-2461
-1477
-832
-989
-1058
-648
-745
-1637
-2196
-1556
-311
576
644
394
18
-311
-463
-62
791
1408
1431
897
396
-2
-200
-380
-373
-329
-421
-732
-818
-567
-530
-1099
-1890
-1777
-1160
-565
-864
-1121
-935
-299
227
428
532
179
-153
-398
46
544
830
559
101
-164
-190
-86
25
202
78
-94
-117
496
1094
1401
1355
1488
1948
2202
2253
2179
2488
2689
2667
2435
2245
2193
2170
2513
3036
3674
3804
3892
4009
4337
4674
5062
5618
5824
5954
5328
4085
421
-3849
-4950
-1083
2316
-1198
-7430
-9964
-7283
-5150
-3676
-1592
-658
-3435
-7213
-6290
-2082
1100
1039
39
-1239
-2627
-3326
-1088
2609
4381
2091
-1400
-2061
-630
600
252
1023
2003
1416
-1053
-2223
-542
979
659
-568
-831
-1159
-2455
-3242
-2160
-732
-883
-2520
-3230
-2954
-2269
-2001
-1271
-579
-205
-76
-765
104
901
1243
1357
1662
2086
1656
753
751
373
744
873
552
248
-337
-614
-812
-435
-578
-1328
-2422
-2451
-1796
-1547
-1892
-2376
-2354
-2123
-1667
-962
-348
-118
68
166
633
931
1010
769
513
275
67
89
341
463
-20
-358
-154
518
869
736
758
1173
1582
1823
2049
2287
2414
2223
1993
2026
2085
2037
1990
2175
2620
2712
2531
2560
2802
3382
3687
4265
4848
5425
5526
5633
5667
5060
2561
-1496
-2827
-48
3474
634
-5624
-8483
-5904
-3240
-2617
-1680
-1492
-4011
-7247
-5769
-1524
703
-754
-2538
-3363
-3919
-3958
-1741
1627
2624
336
-2777
-2415
265
2461
2444
1940
1943
959
-630
-734
1436
2931
1856
-255
-1262
-1430
-1737
-1716
-886
-731
-2262
-4016
-3972
-2290
-1193
-1285
-1844
-2157
-2299
-2262
-1310
23
697
426
73
502
1240
1681
1604
1417
1389
1237
1081
1063
1105
825
179
-251
-318
-535
-1240
-1843
-1903
-1862
-2086
-2239
-2402
-2472
-1999
-995
-293
-289
-479
-636
-411
93
540
591
332
119
11
87
349
613
780
771
790
1053
1313
1541
1643
1684
1625
1514
1622
1716
1674
1545
1432
1384
1229
935
763
716
805
944
1373
1967
2528
3064
3476
3805
3862
3902
4148
4601
4851
5078
4802
3840
1135
-1264
-780
1985
2295
-2386
-5892
-4660
-1212
-816
-1888
-2129
-3227
-5572
-6198
-3287
-1108
-2286
-4452
-4548
-4097
-4285
-4083
-1833
-53
-888
-3059
-3467
-897
1443
2067
1350
1176
1046
348
481
2250
3882
3019
617
-528
-99
210
36
-22
-140
-1524
-3214
-3442
-2359
-1749
-2670
-3755
-4028
-3658
-2963
-2028
-923
-490
-836
-957
-219
1017
1636
1570
1312
1062
999
1150
1655
1988
1663
1030
588
547
531
369
-9
-436
-484
-20
67
-615
-1365
-1328
-828
-763
-1107
-1535
-1563
-1249
-767
-337
-282
-600
-923
-784
-246
193
320
516
894
1177
1148
1246
1641
2020
2085
1996
2125
2299
2341
2212
2024
1785
1521
1268
1195
1232
1355
1397
1341
1323
1290
1286
1332
1563
1878
2064
2470
3016
3672
4068
4294
4576
4252
3505
1467
311
1437
3933
3122
-1704
-4465
-2726
-194
-931
-2272
-2329
-2966
-4479
-4140
-1878
-1262
-3284
-4733
-4166
-4004
-4689
-4601
-2596
-1446
-2510
-4258
-4078
-1596
387
767
235
440
769
668
1120
2601
3369
2028
198
141
1164
1402
1023
891
535
-936
-2219
-1891
-965
-1122
-2303
-3033
-2891
-2614
-2328
-1899
-1480
-1681
-2357
-2302
-1217
171
622
345
289
605
905
1167
1575
1975
1919
1653
1765
1999
2219
1801
1221
709
483
232
-419
-940
-1317
-1185
-1061
-1178
-1405
-1436
-1234
-1033
-943
-983
-1221
-1464
-1260
-894
-612
-680
-606
-271
175
563
819
1191
1467
1697
1922
2204
2483
2558
2428
2366
2369
2439
2383
2115
1700
1380
1222
1209
1205
1380
1567
1815
2109
2661
3031
2991
3331
3137
3471
3481
3676
3916
3602
2306
739
1058
2730
2563
-1240
-3410
-1948
856
426
-1117
-964
-854
-1961
-2825
-1795
-1559
-3121
-4507
-3658
-3736
-4949
-5568
-3971
-2259
-3239
-4888
-4986
-2819
-974
-574
-1054
-886
-504
-247
265
1392
2138
1313
210
279
1230
1172
526
377
542
-276
-1175
-1055
-268
-540
-1885
-1577
-2311
-2310
-2401
-2207
-1126
-1828
-2111
-1752
-1091
47
-222
-623
44
-407
-13
320
954
1311
576
562
912
1099
836
974
1224
1564
1075
188
498
759
891
290
-700
-666
-911
-1213
-989
-1128
-1224
-1939
-2166
-1691
-1492
-1166
-1135
-899
-650
-621
-274
208
676
922
919
1177
1514
1833
1947
1835
1684
1395
1304
1481
1760
1811
1529
1404
1592
1830
2018
2172
2235
2159
2125
2199
2400
2430
2265
2172
2328
2504
2789
2942
3487
3514
2863
1634
272
1078
2810
3514
388
-2270
-1282
1140
1026
-1047
-1574
-1380
-2094
-2833
-1997
-1539
-2752
-4330
-4033
-3879
-5019
-5630
-4170
-2256
-3046
-4950
-5276
-3177
-1141
-883
-1463
-1325
-498
101
647
1541
2128
1548
686
813
1523
1493
934
989
1268
564
-698
-914
-185
0
-809
-1565
-1603
-1549
-1530
-1218
-713
-800
-1473
-1660
-962
-256
-279
-641
-805
-847
-961
-857
-384
61
87
-59
218
891
1501
1916
2040
1954
1282
685
841
1242
1008
-152
-630
-501
-290
-494
-699
-736
-1029
-1416
-1481
-1074
-708
-670
-854
-811
-841
-794
-509
97
526
285
-151
-207
366
925
1220
1389
1673
1998
2267
2492
2636
2699
2607
2404
2279
2220
2271
2330
2203
1990
1590
1411
1418
1796
2208
2492
2578
2883
3321
3740
3764
3269
2596
1186
1053
1887
2716
565
-2264
-2096
79
638
-1066
-1810
-1412
-1714
-2711
-2386
-1845
-2499
-3714
-3717
-3329
-4350
-5201
-4384
-2773
-2876
-4246
-4812
-3608
-1928
-1157
-1290
-1538
-1126
-529
59
532
993
1033
633
581
954
1080
902
890
1124
698
-269
-415
427
1071
660
-179
-649
-870
-859
-536
-298
-572
-1246
-1599
-1364
-1084
-1149
-1381
-1395
-1199
-1007
-654
-193
215
425
427
607
1124
1703
2172
2264
2058
1618
953
765
871
1015
464
-544
-1036
-878
-529
-549
-957
-1339
-1600
-1560
-1244
-1061
-1115
-1433
-1525
-1276
-1125
-1039
-963
-727
-532
-568
-584
-275
286
866
1133
1159
1231
1389
1801
2152
2301
2181
1994
2057
2233
2323
2290
2177
2062
2111
2161
2406
2520
2575
2390
2180
2152
2304
2616
2887
3342
3112
2539
865
328
1460
2774
1765
-1412
-1948
44
1484
211
-1308
-1244
-1341
-2249
-2373
-1700
-2201
-3360
-3539
-2690
-3644
-5135
-4640
-2735
-2230
-3970
-4934
-3805
-1689
-611
-652
-1202
-1293
-961
-367
325
649
510
-122
-407
8
240
207
439
979
991
275
152
1028
1551
1126
258
-253
-453
-602
-316
-183
-718
-1629
-2082
-1639
-1140
-1072
-1146
-1167
-1105
-972
-672
-62
345
631
872
1071
1247
1284
1501
1838
1849
1548
1135
603
259
172
346
-56
-1008
-1449
-935
-186
-171
-624
-906
-797
-788
-796
-608
-811
-1191
-1311
-989
-838
-953
-999
-701
-212
-56
-115
-3
669
1295
1536
1558
1697
1931
2120
2213
2245
2315
2148
2109
2212
2270
2215
2011
1959
1882
1744
1708
1888
2141
2318
2286
2268
2545
2764
3212
3150
2963
1891
955
1440
2570
2794
166
-1554
-735
1240
1114
-554
-1272
-1322
-1925
-2396
-1648
-1511
-2825
-4306
-3875
-3319
-4150
-4588
-3416
-2029
-2727
-4189
-4120
-2627
-1755
-1709
-1842
-1747
-1764
-1755
-981
-100
182
-181
-404
128
826
1165
1451
1678
1702
1241
727
891
1296
1311
791
85
-414
-926
-1233
-1072
-921
-1149
-1713
-1847
-1315
-750
-461
-330
-261
-244
-309
-112
381
600
566
437
502
674
757
1002
1225
999
571
382
751
1208
1319
1125
738
448
328
366
223
-133
-614
-850
-932
-1027
-1056
-1120
-1214
-1361
-1431
-1317
-1128
-949
-795
-650
-559
-435
-143
259
522
573
563
675
903
1117
1256
1276
1190
1064
1071
1239
1371
1393
1405
1498
1511
1438
1408
1592
1773
1775
1743
1900
2233
2477
2557
2667
2834
2968
2892
2684
2426
1791
1086
807
1169
987
-134
-1050
-888
-392
-499
-779
-676
-1013
-1957
-2513
-1990
-1471
-1958
-2738
-3099
-3409
-3997
-4076
-3376
-2861
-3169
-3672
-3400
-2756
-2310
-1938
-1366
-755
-539
-392
47
628
857
676
478
557
689
643
572
555
559
352
84
10
31
-45
-209
-169
37
85
-62
-189
-128
-4
63
95
160
142
15
-109
-127
-21
-48
-149
-184
-88
97
294
547
821
1026
1154
1174
1075
910
762
689
672
521
289
21
-279
-546
-726
-663
-589
-585
-697
-813
-804
-752
-630
-543
-471
-473
-485
-450
-419
-463
-616
-792
-911
-845
-720
-689
-793
-842
-661
-366
-69
172
363
467
509
627
812
955
984
989
1041
1095
1112
1131
1192
1207
1193
1273
1563
1916
2160
2295
2379
2500
2634
2781
2878
2877
2810
2732
2509
2155
1869
1763
1620
1235
940
736
523
158
-100
-263
-534
-893
-1231
-1499
-1919
-2328
-2613
-2673
-2686
-2684
-2568
-2573
-2742
-3039
-3119
-2892
-2601
-2389
-2327
-2252
-2082
-1805
-1545
-1417
-1399
-1365
-1232
-1057
-737
-357
35
304
401
358
322
470
701
798
663
549
540
544
412
176
13
-94
-88
-15
149
373
572
744
849
896
843
758
718
653
543
373
245
168
99
-19
-223
-431
-548
-484
-374
-292
-221
-153
-165
-270
-286
-163
-26
-35
-134
-287
-417
-466
-437
-378
-384
-423
-482
-517
-489
-427
-388
-414
-445
-353
-90
120
161
102
66
126
201
290
400
489
525
546
682
918
1104
1153
1128
1091
1139
1302
1523
1605
1487
1399
1549
1883
2155
2311
2411
2549
2695
2809
2847
2812
2679
2448
2091
1686
1379
1206
941
568
361
224
20
-238
-266
-234
-439
-816
-1100
-1285
-1614
-1983
-2276
-2420
-2557
-2606
-2547
-2628
-2832
-3012
-2952
-2777
-2604
-2362
-2075
-1798
-1521
-1130
-770
-625
-638
-659
-632
-641
-526
-354
-230
-223
-259
-187
-126
-76
11
191
374
493
605
688
681
570
448
273
97
-8
-37
-57
-178
-325
-401
-344
-270
-298
-352
-289
-57
217
486
687
738
566
370
383
511
528
332
176
151
184
147
60
27
18
-14
-105
-164
-170
-103
25
177
314
278
132
69
124
140
44
-97
-217
-281
-275
-207
-197
-295
-433
-533
-494
-429
-353
-320
-386
-437
-354
-113
119
231
280
355
459
578
736
873
959
927
892
934
1028
1118
1080
1007
1014
1199
1486
1750
1958
2115
2236
2356
2579
2797
2852
2674
2503
2352
2088
1755
1425
1169
883
731
547
166
-298
-490
-378
-397
-567
-772
-998
-1428
-1866
-2040
-2162
-2341
-2557
-2582
-2648
-2848
-2972
-2979
-2980
-3025
-2874
-2573
-2312
-2101
-1784
-1424
-1261
-1222
-1185
-1133
-1150
-1107
-938
-778
-672
-510
-227
-36
-2
-12
21
89
190
409
673
854
927
946
949
964
1004
993
875
692
636
663
631
526
433
407
318
179
80
110
209
297
361
346
239
42
-102
-123
-39
29
11
-61
-134
-154
-69
59
122
22
-152
-191
-43
168
248
261
253
172
68
30
100
116
8
-163
-289
-329
-356
-411
-535
-737
-939
-1012
-921
-820
-777
-795
-786
-712
-595
-442
-295
-148
-21
139
389
660
820
837
836
936
1075
1157
1178
1181
1197
1277
1463
1733
1961
2102
2188
2303
2417
2439
2386
2270
2131
1978
1866
1675
1302
897
650
581
446
273
67
-173
-361
-331
-93
-39
-250
-550
-813
-1162
-1547
-1725
-1791
-1959
-2220
-2305
-2237
-2258
-2391
-2544
-2658
-2749
-2689
-2423
-2079
-1794
-1629
-1478
-1313
-1058
-811
-704
-688
-621
-375
-88
163
336
403
298
142
130
248
399
494
610
698
696
637
572
506
378
281
311
390
362
204
19
-128
-239
-341
-446
-566
-691
-761
-700
-473
-203
-14
51
107
231
406
642
887
1050
1078
1093
1211
1367
1431
1413
1356
1287
1202
1119
1068
941
744
542
428
358
296
204
54
-47
-71
-53
-137
-246
-334
-443
-569
-690
-759
-901
-1138
-1401
-1514
-1449
-1351
-1234
-1110
-922
-713
-488
-256
-86
-8
-8
38
153
260
233
92
-19
-16
130
305
456
496
447
454
659
1040
1380
1545
1592
1639
1704
1768
1870
1993
2074
2041
1981
1999
2017
1862
1460
1074
879
874
915
886
753
480
210
98
104
21
-214
-494
-797
-1127
-1402
-1543
-1705
-2021
-2281
-2306
-2244
-2339
-2485
-2424
-2196
-1982
-1803
-1549
-1238
-970
-775
-592
-412
-251
-128
-44
17
37
-8
-160
-394
-627
-772
-803
-775
-762
-805
-823
-715
-488
-247
-78
29
111
182
284
455
701
907
947
858
777
760
741
662
546
456
387
340
330
416
581
720
789
832
893
997
1073
1095
1015
917
892
879
846
641
307
-93
-374
-528
-612
-720
-866
-886
-760
-512
-445
-508
-536
-502
-493
-545
-494
-464
-575
-771
-812
-736
-769
-950
-1116
-1159
-1227
-1269
-1158
-963
-926
-1047
-1028
-737
-424
-304
-271
-152
16
125
251
505
775
869
819
812
948
1091
1133
1144
1216
1346
1450
1562
1734
1910
2019
2061
2098
2155
2217
2264
2286
2236
2045
1743
1417
1178
1028
911
794
680
581
452
317
268
325
315
159
-1
-87
-235
-551
-867
-1098
-1388
-1782
-2067
-2163
-2283
-2533
-2734
-2693
-2533
-2409
-2285
-2096
-1895
-1718
-1465
-1153
-913
-824
-793
-763
-722
-620
-468
-335
-334
-397
-428
-381
-272
-118
20
105
222
407
553
560
571
687
805
777
670
654
675
611
448
273
121
-57
-222
-333
-376
-400
-388
-282
-100
67
113
62
2
47
185
341
456
522
524
495
538
614
593
434
279
203
170
140
110
68
-29
-93
-79
-93
-232
-428
-521
-514
-462
-431
-501
-656
-802
-829
-840
-896
-972
-1012
-1039
-1068
-993
-832
-659
-477
-201
94
238
253
321
533
729
788
754
721
694
673
755
910
1024
1030
1002
1023
1088
1151
1164
1179
1283
1486
1685
1820
1945
2106
2246
2306
2294
2257
2166
2002
1785
1519
1250
1038
941
850
707
471
203
-68
-199
-120
-101
-261
-473
-573
-743
-1007
-1256
-1470
-1753
-1971
-1955
-1846
-1864
-2038
-2132
-2072
-1927
-1832
-1760
-1684
-1583
-1416
-1189
-935
-722
-596
-527
-447
-316
-163
-98
-74
-26
57
70
-31
-96
-63
-43
-185
-375
-428
-390
-424
-548
-626
-624
-605
-601
-542
-419
-324
-330
-400
-400
-297
-122
63
209
342
463
566
627
630
589
527
483
474
472
434
352
254
203
206
218
195
165
182
211
240
287
301
173
-43
-197
-219
-209
-246
-304
-404
-538
-682
-784
-850
-833
-732
-646
-643
-717
-768
-813
-882
-919
-814
-616
-515
-548
-570
-477
-333
-201
-81
64
210
319
431
589
725
753
729
765
860
949
1024
1122
1186
1182
1143
1180
1310
1430
1501
1571
1729
1926
2072
2101
2059
1985
1882
1763
1680
1659
1605
1471
1274
1061
813
534
336
244
177
115
105
89
-39
-175
-182
-152
-296
-538
-727
-895
-1131
-1352
-1425
-1469
-1535
-1607
-1596
-1628
-1682
-1719
-1666
-1613
-1604
-1468
-1296
-1105
-1130
-1008
-822
-808
-1022
-1166
-1122
-1078
-944
-828
-572
-498
-313
-156
9
122
129
229
250
355
385
519
566
585
434
181
69
118
329
368
385
448
589
615
577
517
437
304
141
123
73
34
-45
-58
-38
-51
11
104
222
267
293
342
412
421
355
272
209
193
171
195
215
191
58
-194
-370
-339
-176
-69
-19
1
-73
-264
-419
-419
-368
-353
-390
-397
-397
-455
-571
-705
-783
-783
-685
-511
-381
-347
-336
-302
-283
-307
-342
-303
-183
-19
159
296
386
412
419
437
446
454
483
537
629
765
890
931
856
738
613
505
501
659
920
1153
1280
1341
1410
1519
1694
1876
1989
1973
1876
1795
1731
1624
1455
1245
972
663
394
195
-5
-206
-383
-559
-753
-932
-1081
-1283
-1534
-1717
-1779
-1801
-1838
-1848
-1825
-1828
-1868
-1911
-1933
-1901
-1802
-1669
-1544
-1406
-1204
-973
-748
-527
-315
-183
-175
-192
-151
-73
-22
-27
-31
-7
13
-11
-75
-124
-139
-111
-35
41
87
99
64
16
-52
-121
-158
-116
-15
43
28
13
55
90
89
83
167
310
415
443
419
421
440
443
394
336
321
351
393
405
397
340
232
109
60
142
306
425
425
357
296
226
67
-141
-276
-271
-217
-177
-129
-114
-201
-326
-393
-413
-467
-518
-510
-485
-523
-631
-738
-820
-871
-881
-826
-731
-613
-482
-346
-243
-202
-163
-102
-18
84
240
434
618
729
756
741
718
738
826
965
1079
1125
1163
1241
1313
1343
1350
1335
1316
1318
1364
1393
1301
1144
1067
1151
1252
1257
1250
1310
1321
1209
1097
1072
1034
896
838
917
981
908
756
629
452
186
-53
-201
-342
-541
-772
-992
-1208
-1375
-1473
-1599
-1702
-1683
-1571
-1527
-1575
-1599
-1568
-1546
-1555
-1541
-1479
-1361
-1243
-1134
-1052
-1015
-1025
-1071
-1104
-1088
-966
-748
-502
-334
-272
-259
-258
-279
-305
-294
-223
-123
-26
66
101
24
-88
-81
17
70
64
101
254
416
454
389
304
234
165
129
181
281
326
324
307
299
293
317
372
413
471
528
530
476
450
452
409
313
245
247
261
248
179
60
-115
-312
-429
-443
-427
-372
-213
-24
49
-29
-87
-27
78
105
45
-15
-18
44
113
116
37
-35
-68
-143
-259
-338
-334
-318
-317
-263
-161
-70
-16
24
76
144
182
170
120
90
111
138
149
127
78
58
135
264
369
444
538
636
694
776
942
1153
1283
1336
1407
1551
1709
1817
1854
1765
1550
1286
1099
978
879
794
709
599
462
350
209
63
-41
-97
-207
-394
-597
-825
-1068
-1331
-1443
-1533
-1715
-1897
-1743
-1442
-1754
-2326
-2139
-1386
-1328
-1823
-1815
-1169
-928
-1154
-1149
-842
-535
-487
-508
-537
-501
-424
-285
-110
126
236
93
-7
34
71
-63
-120
118
374
314
156
205
376
353
72
-84
-42
17
-20
-87
-84
-99
-183
-261
-270
-170
-38
25
79
178
312
418
492
522
484
439
473
551
609
607
564
525
487
441
383
349
311
266
294
435
596
669
649
580
484
352
229
141
97
88
36
-95
-247
-413
-542
-650
-728
-751
-782
-775
-694
-634
-629
-684
-706
-630
-559
-445
-345
-348
-383
-409
-351
-263
-221
-170
-111
-36
54
80
99
164
228
274
311
377
475
540
586
669
765
886
967
985
971
917
893
936
1005
1074
1108
1126
1135
1102
1128
1213
1277
1274
1222
1208
1217
1194
1120
997
864
711
555
486
487
430
198
-108
-351
-540
-710
-867
-970
-1032
-1121
-1274
-1418
-1447
-1416
-1446
-1522
-1542
-1504
-1480
-1460
-1364
-1254
-1234
-1286
-1271
-1164
-1048
-951
-861
-767
-685
-570
-394
-220
-140
-146
-127
-32
60
72
38
27
43
25
-7
10
67
73
4
-58
-51
-22
-30
-36
-7
22
-9
-41
-6
52
49
22
58
131
168
162
161
168
166
229
375
521
598
624
709
836
870
769
645
604
553
386
224
203
205
105
-17
-5
51
9
-71
-66
-31
-93
-198
-236
-232
-336
-506
-611
-624
-633
-717
-817
-892
-935
-967
-936
-837
-748
-730
-696
-533
-288
-103
-28
70
212
330
386
452
596
742
829
855
853
840
851
913
1006
1070
1075
1115
1249
1412
1511
1540
1566
1611
1670
1731
1733
1636
1434
1175
982
925
919
838
705
624
555
415
230
39
-186
-418
-555
-624
-720
-874
-1036
-1166
-1244
-1221
-1171
-1201
-1281
-1282
-1202
-1128
-1079
-1015
-961
-942
-888
-740
-568
-465
-421
-377
-309
-250
-219
-221
-242
-254
-257
-233
-167
-114
-116
-144
-166
-174
-194
-209
-214
-246
-288
-284
-233
-167
-103
-22
83
163
219
255
252
202
143
120
128
135
154
205
236
197
142
136
170
196
244
343
418
440
435
392
307
200
109
35
-77
-184
-250
-269
-265
-276
-294
-321
-345
-318
-242
-168
-95
-26
34
97
183
243
182
7
-214
-424
-589
-643
-629
-635
-652
-653
-663
-732
-769
-690
-555
-487
-480
-445
-366
-317
-360
-442
-504
-549
-557
-473
-360
-266
-210
-147
-55
-6
55
50
-43
-41
78
194
244
255
329
381
391
433
435
432
427
435
505
580
610
583
536
524
515
484
494
520
497
493
546
637
712
718
743
791
857
938
929
872
814
796
852
870
827
739
617
501
396
348
325
244
138
51
-28
-78
-90
-63
-70
-148
-252
-335
-378
-424
-483
-550
-619
-676
-691
-686
-703
-771
-845
-850
-794
-734
-714
-704
-682
-666
-685
-716
-702
-639
-611
-643
-647
-600
-565
-570
-538
-437
-369
-368
-342
-238
-96
24
89
141
194
247
266
203
97
-37
-161
-190
-104
30
94
59
-9
-53
-30
82
206
287
320
344
397
415
332
198
109
92
103
138
244
350
361
297
245
261
278
250
197
146
103
96
178
333
456
489
493
523
593
677
759
809
809
823
895
1020
1099
1066
975
940
970
1026
1118
1199
1072
702
482
611
760
707
705
766
513
64
-9
205
82
-310
-446
-410
-627
-927
-959
-964
-1222
-1419
-1268
-1067
-1082
-1149
-1118
-1113
-1152
-1109
-1053
-1087
-1112
-999
-843
-761
-720
-691
-717
-716
-585
-406
-312
-279
-137
118
283
275
195
165
165
131
110
132
144
100
65
117
178
132
11
-61
-30
41
101
154
207
231
209
204
239
258
200
116
95
109
96
77
82
80
52
40
54
33
-21
-58
-61
-51
-42
-12
7
15
11
-23
-86
-140
-145
-131
-109
-73
-76
-191
-361
-454
-424
-392
-447
-527
-549
-503
-431
-314
-158
-62
-76
-104
-34
84
122
65
-15
-66
-76
-70
-63
-86
-136
-160
-78
102
251
327
394
504
569
547
524
534
536
524
551
627
673
620
504
422
432
464
469
475
505
560
629
735
834
854
809
744
686
615
525
431
344
275
215
132
17
-92
-159
-193
-221
-232
-244
-264
-274
-266
-235
-218
-217
-213
-163
-83
-17
23
44
36
-8
-64
-103
-113
-107
-103
-116
-117
-67
-4
-8
-88
-154
-186
-211
-233
-247
-299
-424
-517
-507
-486
-581
-729
-787
-768
-790
-862
-926
-953
-927
-854
-742
-651
-614
-605
-582
-499
-420
-429
-489
-474
-336
-170
-122
-225
-357
-401
-360
-339
-367
-390
-370
-310
-195
-39
65
37
-48
-35
77
182
218
212
201
197
194
170
125
84
70
136
292
445
504
496
547
699
844
915
949
1029
1138
1202
1217
1234
1251
1228
1192
1194
1216
1179
1084
985
907
823
745
696
644
579
531
500
443
368
298
185
-26
-249
-377
-444
-565
-752
-946
-1135
-1305
-1395
-1403
-1389
-1373
-1350
-1332
-1319
-1292
-1238
-1159
-1026
-818
-615
-517
-496
-446
-351
-283
-248
-215
-187
-161
-70
92
238
314
353
413
499
573
597
577
531
485
458
462
483
474
389
249
141
92
32
-86
-183
-208
-198
-208
-212
-186
-161
-161
-167
-135
-83
-53
-29
27
116
180
192
172
157
152
154
168
188
189
159
158
229
299
271
156
72
73
88
34
-58
-125
-183
-283
-388
-419
-432
-517
-598
-538
-402
-350
-385
-405
-408
-460
-515
-476
-358
-296
-321
-354
-358
-387
-447
-458
-385
-281
-218
-208
-211
-201
-163
-84
23
112
164
218
333
492
623
670
641
620
680
812
945
1018
1009
966
946
951
940
927
945
976
992
1028
1123
1201
1166
1052
958
908
851
810
826
839
771
655
536
401
238
89
7
0
40
74
55
-8
-57
-108
-200
-308
-390
-432
-455
-447
-405
-386
-448
-567
-655
-676
-681
-739
-834
-887
-854
-783
-745
-739
-723
-705
-695
-640
-535
-446
-443
-466
-428
-357
-327
-347
-365
-351
-337
-344
-325
-269
-210
-172
-133
-65
-11
-6
-14
19
61
41
-38
-103
-134
-181
-230
-224
-174
-138
-123
-66
27
83
67
32
18
12
1
-7
-26
-58
-92
-98
-72
-50
-68
-138
-236
-298
-290
-221
-127
-48
5
27
11
-17
-12
37
99
139
168
185
165
110
61
63
101
111
69
36
75
150
180
123
27
-35
-49
-47
-35
-11
-14
-58
-95
-88
-102
-188
-272
-275
-230
-216
-239
-271
-301
-334
-351
-355
-373
-400
-377
-268
-143
-76
-53
-26
21
94
204
334
435
513
612
740
829
831
768
695
652
657
688
687
632
589
602
614
561
489
462
456
417
359
336
348
337
264
153
50
-14
-36
-34
-42
-82
-123
-122
-67
-6
18
36
74
121
152
168
188
205
212
204
194
200
232
282
341
389
411
405
386
365
328
266
165
41
-68
-140
-182
-198
-184
-152
-152
-207
-293
-371
-409
-409
-377
-332
-299
-269
-235
-239
-330
-485
-630
-706
-726
-700
-634
-584
-597
-652
-682
-669
-658
-667
-663
-628
-603
-619
-652
-668
-696
-757
-806
-790
-740
-714
-715
-710
-684
-665
-661
-632
-547
-436
-329
-235
-156
-96
-71
-81
-121
-155
-138
-59
40
109
148
195
276
369
454
530
614
715
817
902
966
1000
1002
979
962
956
957
958
965
990
1006
997
984
986
1000
999
992
998
1011
995
927
845
794
773
725
632
524
439
380
326
250
130
-28
-172
-254
-274
-294
-352
-396
-377
-342
-371
-452
-507
-510
-505
-508
-493
-476
-499
-530
-508
-467
-502
-625
-718
-696
-623
-590
-579
-526
-453
-415
-393
-339
-273
-244
-239
-201
-132
-70
-23
37
100
111
56
-23
-86
-102
-51
50
159
249
324
379
388
345
298
280
270
251
242
250
252
202
93
-40
-146
-204
-219
-210
-216
-274
-358
-417
-444
-476
-534
-586
-595
-583
-563
-546
-550
-606
-692
-729
-695
-658
-663
-664
-603
-504
-438
-421
-411
-383
-350
-306
-230
-143
-84
-38
46
152
218
241
289
395
511
595
663
741
808
830
815
814
820
787
729
700
713
712
670
625
600
573
530
468
401
319
226
130
28
-70
-149
-204
-252
-299
-350
-423
-521
-601
-624
-615
-621
-648
-661
-630
-573
-529
-505
-479
-437
-383
-321
-249
-158
-72
-6
30
43
54
76
113
148
163
166
191
250
305
306
265
235
231
231
218
209
214
226
235
250
264
259
250
282
368
448
456
419
420
496
589
627
619
606
624
663
688
684
661
658
693
737
732
674
591
503
405
305
233
197
186
189
187
138
37
-62
-106
-119
-155
-218
-261
-270
-282
-317
-359
-416
-507
-608
-667
-687
-725
-783
-805
-750
-671
-628
-606
-562
-510
-493
-485
-430
-328
-242
-184
-125
-80
-90
-149
-179
-130
-19
95
185
257
301
320
337
373
407
411
411
456
536
582
554
482
408
318
196
93
48
23
-37
-115
-153
-150
-160
-190
-202
-186
-185
-212
-226
-198
-180
-228
-328
-432
-506
-551
-569
-580
-601
-616
-590
-516
-428
-364
-340
-334
-319
-288
-253
-225
-203
-196
-222
-285
-355
-397
-415
-429
-462
-493
-481
-410
-299
-192
-103
-35
25
97
191
280
336
355
368
397
434
462
470
463
452
436
398
339
292
290
319
339
336
344
392
464
521
532
493
445
429
448
459
416
343
300
302
296
243
165
115
89
50
6
-16
-19
-34
-65
-73
-55
-55
-89
-114
-116
-138
-186
-217
-220
-240
-284
-296
-269
-264
-314
-359
-344
-288
-232
-164
-67
17
64
104
181
291
387
454
508
543
530
475
429
421
410
361
279
203
169
171
175
139
70
7
-9
19
47
48
15
-59
-157
-221
-226
-226
-276
-361
-420
-419
-377
-319
-265
-242
-259
-278
-259
-213
-190
-195
-184
-145
-105
-86
-80
-97
-160
-265
-354
-387
-382
-371
-353
-327
-328
-379
-422
-386
-279
-187
-173
-217
-231
-163
-43
43
31
-46
-117
-131
-90
-38
-27
-67
-127
-139
-64
54
137
154
140
142
176
208
220
210
181
149
129
136
151
153
138
106
54
-7
-47
-50
-24
6
38
84
126
149
140
121
97
57
4
-17
19
79
106
80
32
-4
-35
-76
-134
-186
-207
-180
-108
-23
35
56
61
72
92
104
120
145
173
196
213
234
234
189
118
64
48
63
95
134
159
147
122
134
185
218
186
121
84
105
137
120
38
-78
-182
-239
-247
-235
-230
-236
-234
-211
-177
-147
-135
-135
-137
-128
-98
-46
11
42
28
-28
-109
-174
-206
-221
-248
-289
-335
-378
-401
-384
-340
-317
-344
-372
-318
-177
-33
35
29
-4
-12
18
61
84
74
51
42
63
109
158
199
232
267
308
358
428
507
555
555
534
535
562
595
614
595
526
421
328
288
279
253
197
135
101
93
100
105
104
84
56
51
89
149
192
195
177
167
160
139
112
86
48
1
-34
-36
-1
56
115
150
149
137
166
240
310
318
277
238
233
247
246
208
141
88
97
165
240
272
258
226
206
206
216
196
131
52
12
12
-2
-70
-174
-266
-324
-360
-381
-389
-393
-404
-402
-358
-285
-258
-304
-378
-421
-433
-454
-469
-453
-414
-392
-383
-367
-360
-388
-423
-411
-371
-365
-389
-386
-344
-323
-365
-425
-453
-454
-454
-456
-476
-540
-624
-654
-602
-533
-515
-523
-502
-438
-347
-247
-160
-119
-123
-111
-42
43
85
96
134
200
264
318
371
413
431
449
496
559
603
641
696
732
699
604
511
450
389
308
237
197
176
153
129
106
59
-13
-58
-32
52
139
184
187
180
206
262
334
371
349
280
221
219
279
357
395
377
323
275
267
305
357
372
338
306
326
386
426
410
362
318
287
260
230
183
108
12
-60
-95
-128
-195
-271
-314
-337
-373
-423
-453
-457
-455
-452
-426
-392
-389
-424
-455
-469
-495
-538
-563
-554
-554
-595
-633
-610
-530
-446
-381
-314
-258
-229
-215
-163
-70
10
47
67
92
111
105
93
87
72
40
17
25
33
-4
-67
-105
-100
-81
-70
-61
-54
-71
-104
-124
-136
-168
-222
-253
-251
-241
-242
-238
-208
-179
-165
-154
-132
-97
-43
43
139
190
183
165
170
169
129
64
12
-16
-29
-28
-23
-43
-112
-197
-248
-254
-245
-232
-204
-149
-81
-29
-2
-11
-52
-99
-108
-65
-5
35
37
15
-4
5
41
72
86
94
124
208
332
454
532
558
549
528
509
504
515
531
524
476
396
314
267
262
269
254
209
161
133
120
104
76
34
-25
-87
-126
-148
-175
-216
-254
-284
-332
-419
-511
-571
-605
-645
-695
-726
-724
-700
-675
-661
-662
-661
-625
-540
-444
-373
-318
-242
-152
-82
-41
-14
18
45
81
150
240
300
296
270
269
297
330
358
391
418
418
388
358
344
334
315
293
290
307
327
335
321
279
218
179
196
259
333
383
415
445
480
519
560
603
636
647
658
692
728
720
654
568
506
461
423
394
382
372
346
316
297
268
206
127
75
55
34
-9
-67
-129
-195
-269
-358
-461
-558
-612
-588
-503
-417
-378
-380
-384
-369
-338
-290
-231
-179
-145
-111
-60
-19
-26
-72
-116
-140
-156
-186
-217
-223
-196
-137
-70
-32
-39
-62
-47
29
129
193
205
190
180
182
184
173
132
62
-2
-26
-20
-25
-66
-116
-149
-179
-220
-247
-227
-167
-104
-46
3
41
62
74
83
86
73
49
38
41
34
-7
-75
-140
-180
-198
-192
-162
-124
-88
-53
-1
57
90
83
66
77
108
129
122
93
43
-23
-86
-124
-137
-138
-143
-154
-166
-175
-165
-113
-27
67
137
191
247
303
337
328
291
262
261
271
280
261
208
130
53
-11
-70
-123
-162
-171
-142
-82
-18
14
-1
-54
-132
-216
-278
-287
-250
-208
-200
-231
-280
-313
-309
-283
-279
-309
-332
-299
-212
-127
-89
-101
-128
-126
-78
-14
11
-29
-96
-138
-142
-139
-151
-175
-199
-213
-214
-199
-191
-205
-223
-214
-182
-159
-161
-176
-199
-235
-263
-244
-188
-145
-156
-198
-231
-242
-251
-266
-286
-304
-302
-268
-209
-155
-127
-126
-134
-145
-145
-113
-40
46
114
143
133
99
71
77
104
126
135
160
229
326
411
454
454
434
421
426
440
444
445
463
490
483
424
336
263
222
211
230
266
291
287
274
269
267
244
204
179
178
192
202
193
167
135
117
115
106
66
-2
-66
-110
-138
-155
-155
-134
-116
-115
-126
-134
-143
-154
-156
-132
-99
-79
-79
-86
-84
-88
-103
-125
-144
-155
-150
-122
-87
-62
-48
-36
-23
-11
-5
13
38
49
48
56
85
114
104
45
-28
-82
-102
-87
-50
-20
-24
-60
-104
-129
-142
-150
-147
-124
-91
-69
-71
-107
-173
-252
-319
-358
-378
-400
-423
-437
-445
-460
-482
-491
-487
-485
-493
-487
-441
-365
-292
-250
-229
-201
-153
-96
-40
2
27
35
34
41
67
122
194
261
304
323
341
380
438
500
550
577
582
579
577
570
539
473
385
298
231
191
177
189
207
209
186
150
122
130
171
221
251
273
311
365
403
389
333
265
208
173
163
159
132
68
-2
-50
