1
0
-1
-3
-4
-5
-7
-6
-5
-3
0
3
7
9
9
10
6
4
5
4
3
0
0
-2
-1
-2
-1
-1
-2
-1
-2
1
6
7
9
12
14
14
16
16
16
17
15
14
9
5
0
-2
-5
-3
-4
2
5
8
12
14
15
16
17
15
18
20
23
25
27
32
31
30
30
23
21
12
8
6
7
4
2
10
19
23
25
31
33
30
28
27
17
10
5
-3
-5
-11
-8
-9
-6
-1
-1
4
2
2
7
10
9
7
10
18
15
15
13
3
-3
-5
-4
-15
-19
-14
-15
-17
-13
-7
-10
-6
6
2
5
1
-6
-9
-17
-22
-32
-31
-34
-33
-30
-17
-17
-12
1
8
-1
1
5
1
3
-2
4
-11
-9
-10
-13
-12
-22
-20
-21
-30
-28
-31
-37
-34
-38
-36
-32
-35
-25
-11
-10
-8
-1
-2
2
0
3
3
-5
0
-5
-7
-2
-6
-8
1
5
6
6
4
8
14
8
8
6
2
-3
-8
-8
-11
-19
-20
-11
-21
-16
-14
-15
-8
1
8
0
10
22
13
11
15
15
4
-9
1
7
-10
-3
0
-11
2
-3
-6
1
4
3
9
8
1
2
6
3
-5
4
9
-11
-11
6
1
-16
-12
1
-9
-21
2
6
4
0
28
30
-13
30
24
32
-34
27
34
-32
-47
49
-10
-94
25
-14
-32
-59
9
5
-48
-50
31
6
-72
-20
113
-39
-95
127
61
-120
-14
152
-87
-101
85
-4
-12
-90
85
60
-127
54
88
27
-158
102
156
-248
39
121
-69
-136
43
75
-67
-117
132
24
-80
-34
151
-4
-196
205
-8
-57
-89
166
-11
-138
76
76
-43
-160
130
13
-113
-70
158
-69
-176
233
-37
-166
198
43
-122
43
147
-91
-34
36
89
-81
-125
208
-56
-86
49
160
-70
-71
284
-56
-106
200
109
-313
336
41
-285
271
39
-92
-66
272
-127
-80
122
67
-83
-12
50
13
44
-204
321
-172
-142
567
-573
235
307
-339
-17
251
-15
-330
175
146
-232
-94
244
-129
-93
-20
178
-239
57
67
-200
316
-278
128
-9
-14
179
-273
53
388
-544
119
266
-314
4
44
49
-131
53
102
-142
157
65
-264
393
-202
-24
-66
182
-93
-338
427
-210
-125
50
134
-144
-166
312
-320
202
-196
16
128
-121
-118
128
136
-339
272
-265
359
-314
-142
460
-403
-53
98
84
-271
-42
189
-66
-83
-94
258
-95
-139
29
-15
118
-376
92
226
-228
-241
404
-154
-116
-73
250
-148
-221
259
1
-206
80
70
51
-202
44
166
-129
-98
47
129
-216
17
-37
100
-126
-151
220
59
-304
211
116
-112
-175
268
77
-563
512
-143
-183
226
-346
522
-416
117
-41
139
43
-495
648
-122
-465
456
114
-311
164
-108
482
-493
74
496
-384
-36
107
319
-515
-23
464
-250
-400
552
-95
-100
86
7
385
-485
324
280
-300
45
9
505
-800
357
453
-863
504
48
-199
27
28
272
-435
201
227
-259
64
-68
366
-340
-61
409
-189
-293
364
-45
-150
-41
201
-101
-245
441
-316
154
-48
257
-437
317
313
-783
631
-146
-99
-167
394
-290
138
-371
458
50
-820
1112
-641
-35
243
247
-543
172
588
-958
659
59
-409
534
-530
274
144
-435
277
-10
-452
568
-172
-401
353
167
-235
-143
345
116
-484
194
272
-284
-170
332
94
-875
1219
-889
120
500
-571
502
-664
999
-664
-23
485
-153
35
-169
435
-78
-454
652
-60
-807
957
-65
-930
898
103
-810
486
583
-483
-405
1203
-701
-236
756
2
-860
908
244
-987
650
423
-782
201
303
96
-691
474
307
-900
776
-42
-569
225
928
-1594
909
515
-1237
655
312
-817
421
-278
542
-1005
402
731
-1362
586
469
-871
-6
1186
-1726
1302
-474
-708
1559
-1867
1286
-168
-1045
1083
-237
-770
803
117
-1292
1830
-1411
191
923
-1439
1588
-1827
1446
22
-1508
1535
-454
-521
650
57
-830
1069
-746
-79
1036
-1458
1091
-292
-150
-21
143
358
-1108
1391
-963
-18
589
-519
-344
576
-47
-1112
1630
-996
-548
1646
-1497
509
304
-227
-546
1037
-992
547
-168
-321
829
-1268
927
-736
652
-264
-1039
2010
-1795
-223
1908
-2117
667
933
-1561
577
1001
-1438
894
246
-776
747
-741
1111
-1120
735
443
-1860
2310
-1043
-769
1693
-998
-360
1424
-689
-699
1397
-601
-141
70
463
-19
-254
192
122
-90
266
130
-598
1374
-1158
222
525
-204
-445
1353
-1539
1140
-187
-430
1408
-1922
2188
-1207
-143
1175
-1175
289
1085
-1516
952
95
-1073
1659
-1433
686
-33
61
-512
874
-782
-217
788
-597
-170
724
-504
-29
712
-704
338
286
-136
-392
706
-526
-30
766
-1128
801
-70
-915
1117
-930
293
93
-88
-61
-490
1209
-1299
385
840
-1197
318
638
-589
-76
95
263
-930
773
-271
-466
880
-1343
1466
-895
-659
1902
-1946
554
735
-1482
1309
-339
-1014
1505
-1667
1643
-1509
372
1451
-2704
1703
-54
-1668
1967
-1344
-188
961
-1660
1926
-2039
892
55
-594
437
-440
75
-4
213
-315
54
-17
-207
411
-989
704
100
-1311
1347
-100
-1717
1961
-1219
91
309
-599
957
-1475
1823
-1814
1131
-179
-1033
1671
-1722
947
-17
-661
1018
-1011
767
-557
603
-775
525
646
-1729
2294
-1930
1420
-741
122
780
-1494
1847
-1406
909
-63
-215
598
-719
895
-555
178
154
-118
382
-772
998
-253
-781
1501
-1296
941
-214
-264
1002
-1414
1661
-1349
1164
-733
264
598
-1151
1460
-927
-261
1689
-1630
523
856
-1286
716
193
-696
211
968
-1507
1525
-377
-505
850
-469
272
-217
425
-263
-56
435
-460
-388
1415
-2027
1444
21
-1414
1893
-1555
1246
-906
656
-206
-222
941
-1729
2386
-2292
1822
-939
139
1041
-2364
2633
-1969
483
902
-2182
2211
-808
-796
1244
-973
888
-1032
1006
-598
303
-305
499
-434
-169
849
-1769
2138
-1586
138
1258
-1538
503
966
-1371
194
1698
-3032
2526
-712
-1428
2713
-2529
1405
-34
-1376
2162
-2487
1586
-267
-876
1094
-513
-66
38
388
-979
1606
-1904
1415
-383
-666
1398
-2016
1871
-771
-236
60
596
-906
648
169
-855
1380
-1545
995
-130
-847
1221
-898
-65
1093
-1126
284
1108
-1686
1514
-1015
281
567
-1000
419
1205
-2845
3197
-1385
-1264
3174
-3582
3142
-1571
-88
1474
-993
-184
1647
-1925
976
1071
-2289
1880
-828
-121
838
-1483
1444
-519
-1209
2592
-2365
989
859
-1514
1141
-187
40
-332
1109
-1280
1113
-1112
667
172
-1355
1872
-1683
1185
-429
-217
456
-274
82
206
428
-902
1502
-1681
1531
-694
-472
667
-546
-234
428
-151
-661
1279
-1369
1222
-1168
875
-820
961
-1068
302
824
-1640
1960
-2174
2394
-2437
1696
-49
-1586
1817
-966
-476
1116
-795
-624
2135
-3709
3847
-3121
1312
809
-2396
2436
-1578
911
-1430
1562
-1759
1277
-1015
-172
2140
-3358
2848
-1694
810
-931
912
-900
562
-140
-1020
2006
-2652
2971
-2598
1251
137
-957
1165
-1234
957
-495
296
-244
-141
-43
300
-703
359
208
-272
76
198
-106
-135
353
-874
1087
-1005
611
221
-1410
2030
-1242
556
-537
1206
-1339
918
-354
-347
1313
-1617
2409
-3270
3678
-2882
1752
-757
220
621
-1187
1829
-2253
2289
-1709
1419
-1830
2527
-2432
1320
567
-2113
3084
-3016
3516
-3836
3474
-2429
997
84
-542
490
-358
1154
-2436
3752
-3700
2799
-984
-205
200
847
-975
827
217
-1568
2829
-3161
2805
-2516
2264
-1787
1253
-739
771
-1233
777
1249
-3513
4375
-3411
1946
17
-721
606
443
-1327
1143
-527
-399
858
-1355
1949
-2353
1533
424
-1785
1700
124
-1920
2217
-496
-2030
3456
-3374
2113
-144
-2004
2159
-925
-1159
2140
-1853
449
1405
-2947
2744
-1571
86
878
-1717
1414
216
-2606
4480
-4216
2437
-114
-2393
3290
-2681
484
1093
-1447
464
1408
-3540
3877
-2638
605
750
-1529
1471
-1031
156
876
-1159
299
600
-2302
2810
-2220
330
1792
-2737
2099
-772
-1081
1823
-1932
1352
-441
-291
1151
-1731
1591
-502
-1148
2501
-2735
1836
255
-2284
2758
-1619
149
1277
-2235
2436
-2282
1719
-688
-167
1212
-965
70
861
-1361
865
499
-1006
1175
-1228
1641
-1909
1858
-1515
1092
-406
272
150
-709
1462
-1574
921
17
-239
-35
149
223
-586
442
91
330
-233
-734
2214
-2689
1860
-532
-644
1064
-1700
1892
-1657
594
1150
-1950
2436
-1813
574
545
-803
832
-594
808
-767
449
-1172
1782
-1394
772
-324
563
-436
595
-231
-166
686
-1055
834
-455
-196
384
-627
476
39
-515
728
-1341
1901
-2242
1859
-606
-1302
2613
-2454
1385
-199
-946
1500
-1310
-47
369
-232
96
-515
294
-45
-1004
1625
-1757
1059
37
-728
1127
-634
-91
781
-1057
567
-834
370
-220
-387
232
194
-810
593
335
-1247
1401
-1492
1550
-1838
2430
-2086
510
1141
-2177
1847
-1245
227
654
-930
294
829
-1179
679
-747
1033
-1361
1271
-945
540
113
-53
292
-23
50
169
-671
558
-354
54
-91
187
-246
-80
386
-995
1404
-910
287
751
-430
384
-459
850
-488
67
361
-414
468
-545
352
-130
86
53
265
-803
1267
-723
-56
557
-628
481
425
-1312
2166
-1595
421
814
-1513
2260
-2819
2658
-1695
799
-270
434
-476
812
-1029
566
721
-1826
2240
-1582
994
-158
-75
-305
945
-1133
848
78
-585
1449
-1488
1455
-839
-395
917
-803
76
814
-1345
912
-77
-424
633
-379
399
364
-1085
1315
-887
-448
1681
-2076
909
325
-1234
1208
-1108
818
-249
-586
971
-816
221
76
102
-12
-289
46
956
-2031
1695
-503
-466
1380
-1736
1384
-1258
183
955
-2057
2100
-498
-1257
2447
-2584
1272
613
-1621
1121
470
-1454
861
-994
1417
-898
-1067
2460
-1976
-263
2812
-3987
3754
-2104
-389
2876
-3949
2648
-702
-1045
1871
-2269
1883
-689
-1354
2575
-2567
1173
659
-1290
672
642
-2175
2858
-2794
2208
-862
-846
1811
-2013
955
-44
66
-1074
2131
-2469
2084
-1289
193
1103
-1795
1036
167
-384
534
-1355
2017
-967
-1079
2377
-1594
267
1020
-2120
2192
-892
172
-177
109
129
-586
455
142
-493
154
936
-1737
1182
107
-674
280
-145
683
-509
107
625
-994
962
-647
296
-60
-198
-52
874
-1845
1365
428
-1993
2471
-1256
266
444
-380
308
150
-594
110
357
-447
-253
1221
-1714
2236
-2181
1378
-55
-1248
1143
706
-1844
1980
-449
-1618
2861
-2939
2612
-2255
2246
-1877
2318
-3209
2419
-695
-1492
2694
-3656
4793
-4603
3988
-1984
-354
1228
-744
53
-643
1711
-3073
3526
-2864
677
1397
-2596
2942
-2923
2782
-1815
-267
2596
-2717
1214
-780
1476
-3144
3278
-2459
1677
8
-2024
3969
-4303
2276
25
-1632
2348
-3445
3770
-2539
-307
2610
-3596
3835
-3721
1932
1170
-3709
4582
-4181
3816
-3230
1288
1566
-4092
4607
-4315
3473
-2123
-413
1854
-2267
2662
-3213
2977
-888
-1554
3188
-3611
2367
-553
-1132
2815
-3505
3160
-2667
1828
-843
-1311
3467
-4788
4461
-2353
-116
2075
-2428
2589
-1415
45
285
-101
-370
401
828
-1613
1547
-956
1344
-1883
762
926
-1653
2398
-2668
2804
-1239
-391
1064
-750
972
-1171
1138
-1838
2162
-1615
1108
9
-1006
992
-976
1048
-1174
701
258
427
-1271
1183
-415
-876
1960
-2698
2949
-1548
-990
3526
-4199
3835
-2869
1627
-1009
-17
1003
-2857
3253
-2364
2088
-1637
174
2012
-2970
2794
-2030
1655
-1860
1241
692
-3053
4212
-4795
3474
-1239
-208
-280
19
2050
-3095
785
1870
-2024
744
1213
-1781
733
-565
1526
-1767
1583
-671
-500
840
-2110
2229
-1528
993
-803
674
-933
273
791
-1434
1081
-241
-735
289
1291
-2153
1731
-850
644
-1103
667
211
-1414
1892
-787
-466
431
85
-812
649
-1110
865
-179
163
87
-412
463
595
-935
751
96
-252
664
-1992
2620
-1953
-417
2639
-3079
2135
-709
-529
1353
-569
989
-1681
1990
-601
-460
-28
1134
-1581
771
1429
-2597
2438
-673
-592
936
-1091
1302
-1207
1224
-32
-2088
2486
-1490
-298
1479
-1233
-344
1411
-1258
-491
2084
-1815
413
460
-988
463
832
-2223
1789
-659
319
-888
1473
-415
-1641
2799
-2107
500
1076
-1375
-192
1435
-864
722
-1327
1668
-1739
1144
-516
548
2
-383
113
715
-897
-374
3179
-4629
3937
-1612
830
-1247
1008
935
-2970
3790
-3561
2039
-533
-537
700
-651
1284
-1522
550
-62
655
-163
-1171
606
1176
-2861
3752
-2768
489
1422
-2471
2412
-2600
2159
-2207
701
649
-183
-1711
2100
-1087
198
986
-3304
4415
-3526
2179
-873
-72
-402
793
-616
-295
567
9
-12
-810
1061
-1860
2656
-2441
2077
-1455
715
-1308
2361
-596
-1545
2428
-2791
1822
-1469
943
-225
1208
-1704
1460
-467
-468
901
-1260
719
432
-46
-370
412
-692
687
-910
795
-235
28
341
-450
769
166
-420
-149
-272
475
266
-1108
1043
-230
147
-5
100
-496
386
261
-664
504
18
948
-2015
1001
-73
-1381
1131
67
269
-1189
994
330
-585
27
-646
609
-30
271
-596
1252
-1354
171
776
-1169
923
-1246
351
526
471
113
-941
72
-628
757
795
-394
280
-625
1493
-1006
116
361
-799
787
230
49
-770
462
724
-1258
736
74
-203
152
-141
188
-405
252
684
-801
706
-1248
-474
1102
-288
21
63
200
-371
-1323
897
526
-890
869
60
-691
619
-961
-581
703
-530
-506
388
759
-882
1085
-775
-1134
1155
-569
-335
397
940
-1549
-34
16
-96
137
-869
271
-827
1141
-596
584
-484
-961
752
73
351
-550
795
-972
765
76
-398
584
-461
612
-171
-25
51
-141
-161
719
-186
75
721
-786
-294
670
-308
-60
1008
-527
-408
174
630
53
18
649
-809
515
249
-8
396
-436
114
906
-307
364
48
3
336
-27
838
733
629
-680
1086
545
-520
1093
92
271
788
-328
670
411
-579
-643
337
53
-623
388
119
-675
-548
-399
-936
330
-1383
-821
-25
-586
-551
-271
-1309
-1691
-121
-1264
-631
72
-1035
-956
-700
-726
-988
-773
282
-704
-266
99
-114
136
-599
347
74
-185
864
219
1053
787
500
1031
582
1047
1736
1594
1537
1557
1717
2132
745
1969
2048
1810
2614
2074
2686
2413
2141
1988
2794
1087
577
1075
78
1651
843
367
310
-827
-1022
-1211
-1238
-995
-1268
-1834
-1675
-1753
-2139
-3281
-3180
-2873
-3357
-2725
-1909
-2486
-2611
-3193
-3249
-2274
-2509
-2213
-1934
-2078
-2331
-1630
-1471
-1320
-1804
-2598
-1471
-1229
-537
-493
-555
-647
-1195
-400
257
-545
254
200
587
1190
936
1041
320
669
1146
2141
2620
2637
1808
1902
2171
2866
2986
3859
3799
3106
4373
3829
4418
4110
4421
4399
4796
4979
4704
3486
1158
1387
1062
3627
2007
990
782
-566
-1291
-2045
-1372
-1596
-2840
-3329
-1909
-1722
-3313
-4429
-5076
-4593
-4632
-4061
-2111
-2941
-3908
-4836
-3963
-2689
-3034
-3032
-2101
-1241
-1111
-85
-65
-159
-302
-854
1227
2480
2533
2056
1220
1329
1396
1873
2083
2131
-133
-504
-611
674
737
-1493
-2121
-2841
-2401
-1841
-2175
-1892
-3340
-4444
-3131
-1875
-2445
-3067
-3143
-2527
-922
-743
407
160
-1049
-318
1493
3368
3658
2981
3300
4138
4549
5962
6831
6297
6471
6183
8260
8618
7474
7021
7016
6934
3413
4538
4393
5047
3349
745
2078
673
-1051
-2829
-2556
-2336
-3681
-4978
-4085
-4120
-6874
-7652
-7380
-6392
-6205
-8094
-6378
-6025
-7062
-6866
-6486
-4584
-4388
-4889
-3687
-1456
-1538
-1531
-867
-99
1650
1212
2264
3652
3537
3164
2572
3958
5021
4484
3770
4296
4481
2361
-440
-761
1065
1173
-73
-1208
-1870
-3763
-5480
-4662
-3295
-3604
-5181
-5109
-3618
-4880
-6352
-5089
-3204
-2370
-1883
-801
445
-1211
-1865
1081
3512
4281
4439
5703
6778
5835
6387
9000
9958
9924
10567
11736
11604
9703
9038
10266
6164
5151
6459
8110
7669
1439
193
-52
-1103
-2820
-2239
-1379
-3750
-7986
-8142
-5841
-7953
-10450
-10057
-8101
-7572
-10192
-9798
-8503
-10125
-10688
-8186
-4236
-3738
-5908
-6184
-3420
-2164
-1553
973
2417
3116
2178
2989
5338
5390
4835
4866
6576
7925
7343
5932
4850
4845
1726
1211
2377
2399
1785
-2531
-2588
-2845
-4227
-5367
-5123
-4618
-5311
-6921
-6495
-5158
-7654
-7695
-5059
-2822
-2544
-4898
-3804
-2263
-2351
-259
2809
4365
3509
3079
5250
7747
7652
8474
11661
12567
12681
11388
12641
12456
10864
10858
9055
9828
8514
8835
6616
2971
1206
677
859
-1065
-2317
-3538
-5459
-8748
-9239
-7553
-9023
-10920
-11812
-10463
-10671
-13430
-12564
-10670
-10462
-11317
-9500
-6914
-6794
-8511
-7430
-2787
-1274
-1217
54
2017
2888
1507
3944
7143
7963
6308
6691
8681
8832
7672
6858
8143
6043
4648
3058
3712
3200
467
-169
-1440
-2618
-4281
-4640
-4258
-5085
-6978
-7329
-6758
-7130
-6647
-6224
-5080
-5105
-6076
-4921
-3769
-2325
-1024
270
1549
2485
3132
4577
6569
7572
9589
10939
12364
12929
11646
12373
12623
14377
11791
9979
10393
10622
10660
6223
4927
4054
3292
838
-73
-210
-2424
-6086
-8686
-6472
-6747
-9731
-11546
-11805
-10799
-13306
-14131
-11919
-11203
-12774
-13483
-10771
-8769
-9339
-10622
-7285
-3706
-3734
-3519
-1843
981
1019
1054
4289
6996
6623
4848
6373
8701
9436
7614
8135
7516
3371
3366
5350
8036
3936
-1403
-1361
183
-477
-2193
-2494
-2920
-5277
-7455
-4952
-3574
-5982
-6881
-5318
-3394
-5132
-6452
-3946
-2148
-1790
-512
1818
2496
1488
2055
5506
8838
9317
10121
10006
10023
9516
11379
13461
10501
10071
9961
11919
9550
5856
5658
6083
4908
3007
2754
1708
-1460
-5859
-4946
-2041
-4588
-8408
-10073
-9194
-9948
-12628
-10900
-9134
-10993
-13556
-12452
-9474
-9180
-11336
-10176
-5722
-5201
-6046
-5163
-2472
-1190
-1842
750
3943
4278
2418
2811
5774
7644
7120
5375
5786
5295
4336
4880
5965
5955
2729
616
787
1927
1072
-208
-1085
-1538
-2674
-4012
-3371
-3096
-3526
-3886
-2835
-2379
-3917
-4973
-3248
-362
800
557
505
1213
2001
3325
6231
8218
8353
7106
7173
8705
9905
8662
8187
9611
10088
9868
6176
5306
5473
5567
5162
4388
3199
1076
-2287
-3553
-1153
-1182
-3868
-7185
-8188
-7711
-8815
-9612
-8334
-8524
-10700
-12098
-10707
-8451
-9120
-10571
-8880
-6368
-6282
-6933
-5766
-3187
-2617
-2570
-593
1576
1338
193
1694
4614
5729
4577
3420
3302
3209
4074
5754
5774
2630
-253
746
2794
3245
1100
-590
-1494
-2031
-1511
-674
-1034
-3286
-4585
-3485
-1285
-1100
-2297
-3147
-3085
-1696
314
1975
1844
777
1125
3340
5996
7277
7209
6762
6966
7611
9491
9758
7475
7578
8306
10350
8615
5701
4994
5173
4884
4583
4361
2827
80
-3789
-2053
-56
-1882
-4978
-7515
-6912
-7703
-8881
-7898
-7289
-9660
-11837
-10998
-8384
-7844
-10209
-9736
-7521
-6913
-6975
-6030
-3832
-3622
-4086
-2333
389
1148
188
637
2766
4297
3873
4103
4505
3364
3176
3838
6082
5500
2501
1554
1765
2734
2662
2065
1085
-448
-1991
-875
333
-732
-2561
-3894
-2724
-1889
-1713
-1487
-1909
-2812
-2571
-774
1231
1602
512
887
2198
3735
5221
6096
6512
6136
6048
7186
8854
7280
6513
7401
8755
9156
5472
4803
5137
5427
4663
4169
3596
1854
-1161
-1938
729
-186
-2723
-5496
-5790
-5242
-6567
-6989
-6208
-7530
-9921
-10071
-8259
-6689
-8268
-9688
-8400
-7288
-6681
-6114
-4949
-4156
-5038
-4449
-2218
-225
-104
-703
-188
1402
1899
2338
3305
3565
3116
1491
2377
3861
4086
3293
2224
1818
1552
1456
2140
2488
860
-405
-756
66
342
-710
-1146
-1518
-2006
-1685
-901
-420
-955
-1639
-1034
-233
321
1153
1801
1529
1670
2367
4309
4909
4942
5145
5602
5603
6122
6547
5136
5690
5624
7328
6170
3844
3375
3576
3968
3501
2961
1739
738
-1701
-734
486
-484
-3112
-4900
-3936
-4221
-5065
-5037
-4794
-7128
-7895
-6913
-5360
-5763
-7263
-7119
-6631
-5895
-5029
-4009
-3721
-4264
-4540
-2930
-1562
-563
-431
-944
-610
-145
1091
1838
2009
2109
2039
1490
2122
2437
1954
2005
1885
2383
1557
911
1175
1335
925
777
335
51
-573
-431
428
-272
-1106
-1604
-1257
-1111
-814
-401
-339
-1246
-1200
10
873
724
422
998
999
1318
2264
3189
2764
2126
2399
3332
3667
3924
4369
3553
3142
2099
3254
4073
3830
3619
2006
1681
1663
2070
2007
1904
521
383
-830
-1016
153
-344
-1152
-2592
-2598
-2306
-2238
-2684
-2279
-3533
-3847
-3836
-2771
-2203
-3170
-3659
-3623
-2974
-2732
-2014
-1751
-1795
-2847
-2203
-1456
-569
-413
-735
-699
-865
-448
186
595
424
475
-173
317
432
850
783
23
-135
-237
222
509
565
-8
-400
-717
-113
245
377
68
-437
-527
-370
268
371
120
-403
-271
-358
158
407
387
-16
-394
106
505
718
461
416
182
282
620
1213
977
630
570
687
1249
1454
1500
1380
1155
1392
1819
2077
2099
1402
1486
1646
2276
2423
2136
1801
1467
1567
1735
2049
1809
1522
821
900
1040
1111
831
359
159
-84
-72
-130
-175
-779
-1076
-1194
-1028
-1024
-1292
-1602
-1931
-2036
-1856
-1702
-1792
-2039
-2333
-2184
-2197
-1800
-1846
-1914
-2067
-2069
-1747
-1604
-1388
-1471
-1385
-1333
-1108
-856
-733
-622
-656
-570
-365
-225
31
25
51
195
256
287
311
312
266
268
210
295
136
54
-128
-21
-116
-179
-113
-308
-315
-498
-430
-411
-353
-361
-365
-359
-291
-199
-19
76
177
304
495
722
868
1114
1167
1330
1558
1749
1913
2090
2129
2255
2328
2468
2582
2634
2647
2588
2540
2576
2576
2400
2253
2043
1881
1807
1582
1432
1091
748
479
294
220
-119
-428
-742
-939
-1140
-1250
-1413
-1630
-1871
-2010
-2084
-2072
-2108
-2190
-2170
-2220
-2067
-1999
-1755
-1723
-1681
-1540
-1462
-1149
-1077
-846
-849
-802
-765
-675
-484
-429
-442
-393
-380
-334
-266
-316
-169
-337
-288
-358
-310
-297
-437
-435
-548
-607
-652
-526
-655
-621
-722
-721
-666
-596
-481
-467
-429
-412
-312
-152
81
140
258
336
461
624
792
922
985
1034
1097
1314
1486
1576
1540
1569
1583
1607
1680
1693
1670
1546
1496
1466
1544
1455
1350
1233
1182
1077
1005
939
780
576
470
398
290
247
1
-24
-209
-180
-184
-177
-161
-247
-210
-235
-165
-186
-183
-158
-216
-233
-283
-373
-342
-524
-524
-596
-610
-682
-755
-859
-911
-986
-1068
-1015
-1167
-1169
-1348
-1390
-1361
-1391
-1415
-1526
-1609
-1599
-1604
-1592
-1521
-1566
-1509
-1568
-1459
-1289
-1174
-1016
-957
-843
-738
-453
-368
-70
111
217
334
483
695
822
925
1015
1151
1180
1395
1340
1483
1468
1585
1603
1670
1641
1573
1517
1455
1450
1323
1266
1088
968
816
729
552
441
274
230
79
43
-69
-111
-184
-228
-138
-181
-104
-123
-106
-110
-46
-10
20
48
75
162
136
225
217
283
285
236
240
250
216
219
204
208
201
-72
-79
-171
-167
-260
-394
-429
-641
-689
-844
-834
-844
-969
-1106
-1161
-1135
-1154
-1091
-1038
-964
-946
-1013
-943
-823
-776
-637
-640
-471
-494
-378
-195
-137
104
55
207
245
335
419
500
637
632
659
689
733
707
716
738
716
697
624
581
582
461
424
380
298
253
117
172
103
117
31
27
141
41
168
101
172
126
127
266
246
278
269
247
329
358
406
475
454
337
309
351
374
367
262
241
184
101
59
104
55
-111
-209
-244
-318
-421
-473
-444
-541
-614
-654
-651
-616
-735
-675
-640
-581
-602
-632
-472
-466
-412
-386
-301
-189
-230
-106
16
126
127
172
274
294
354
351
378
441
416
396
408
398
366
260
342
256
207
117
88
72
-24
-72
-182
-166
-241
-256
-287
-359
-350
-398
-327
-259
-232
-261
-261
-189
-127
-67
-17
59
89
171
213
265
296
291
240
329
409
331
342
269
308
283
192
227
117
103
-27
-51
-106
-232
-390
-440
-482
-494
-563
-734
-670
-789
-779
-789
-741
-755
-795
-714
-672
-576
-644
-573
-537
-422
-305
-250
-98
-83
-15
82
184
331
370
415
440
484
475
530
570
591
573
554
536
521
465
411
388
300
290
161
165
52
37
-57
-73
-103
-155
-128
-167
-114
-132
-110
-48
-38
-2
82
108
136
190
156
272
253
319
410
378
421
383
422
456
478
478
492
478
416
366
327
278
241
136
112
19
-30
-141
-196
-274
-370
-366
-382
-421
-432
-483
-511
-495
-510
-395
-433
-331
-379
-340
-259
-222
-146
-112
17
25
151
122
244
298
315
419
402
459
422
405
434
403
405
299
266
253
146
112
47
-14
-138
-186
-301
-285
-335
-407
-401
-519
-553
-587
-535
-460
-456
-441
-431
-416
-332
-255
-191
-87
-109
23
102
169
260
263
387
427
557
578
633
605
596
555
635
593
548
501
375
357
233
172
106
12
-127
-155
-288
-338
-425
-554
-527
-637
-628
-650
-654
-665
-690
-623
-632
-578
-552
-464
-428
-340
-288
-223
-176
-123
28
131
259
294
362
397
416
515
528
631
544
524
484
452
432
320
337
244
171
113
4
-57
-153
-260
-228
-321
-348
-453
-465
-526
-562
-548
-536
-468
-474
-366
-326
-273
-252
-152
2
127
226
277
370
403
514
606
760
801
815
879
898
957
909
924
865
818
741
735
618
560
352
258
177
58
3
-124
-165
-319
-411
-457
-488
-548
-555
-606
-554
-623
-619
-588
-583
-491
-561
-426
-349
-324
-297
-186
-138
-18
21
148
299
225
343
271
403
431
381
448
383
328
225
138
132
34
-88
-123
-228
-312
-469
-552
-618
-681
-739
-769
-815
-892
-953
-1020
-942
-930
-916
-854
-839
-765
-667
-581
-398
-358
-249
-104
-11
234
295
415
482
555
690
819
905
896
928
915
965
914
959
871
809
733
711
656
490
350
210
202
105
96
-70
-142
-332
-389
-389
-391
-443
-519
-529
-519
-558
-512
-442
-472
-367
-342
-182
-139
-132
-14
67
240
343
413
492
513
514
606
668
715
676
602
662
571
602
535
483
413
309
227
181
70
-62
-153
-302
-298
-457
-534
-588
-693
-717
-751
-743
-822
-820
-828
-730
-649
-606
-532
-542
-435
-392
-220
-74
-50
68
69
223
277
353
476
537
620
612
654
662
670
691
722
730
692
613
559
515
484
390
349
267
141
100
17
-48
-81
-174
-210
-245
-345
-385
-399
-465
-440
-486
-476
-475
-517
-493
-422
-394
-389
-376
-359
-265
-294
-187
-162
-104
-105
-82
-61
-11
-41
-14
63
2
67
-51
-15
-53
-80
-33
-69
-90
-194
-261
-254
-289
-271
-257
-317
-356
-440
-393
-355
-364
-352
-374
-331
-356
-327
-294
-244
-274
-215
-190
-92
-119
-133
-25
-3
93
77
184
174
271
244
361
409
372
414
410
495
503
520
521
554
518
538
538
566
541
509
557
532
493
473
430
430
469
351
393
271
197
207
119
239
83
83
-11
-39
-24
-66
-38
-50
-109
-116
-143
-109
-65
-152
-95
-124
-75
-124
-134
-120
-136
-122
-112
-72
-66
-107
-115
-122
-14
-45
-40
-32
-72
-56
-126
-57
-65
-114
-129
-143
-142
-149
-197
-213
-228
-233
-299
-238
-290
-323
-359
-342
-309
-346
-314
-318
-260
-297
-258
-227
-191
-229
-193
-116
-65
-35
-39
1
78
96
138
267
314
309
319
356
398
427
443
460
489
416
415
364
367
343
266
314
226
242
131
121
102
32
46
51
54
-25
-64
-97
-113
-83
-121
-103
-119
-208
-185
-191
-137
-167
-181
-111
-108
-66
-82
-18
-21
-37
19
41
107
44
31
25
28
0
-4
-18
-49
-106
-140
-122
-173
-236
-265
-268
-265
-250
-309
-286
-363
-397
-354
-314
-265
-303
-312
-261
-254
-202
-159
-101
-20
-39
61
96
138
155
171
310
321
383
356
379
399
378
424
433
434
360
322
323
290
220
185
129
136
71
98
15
-1
-43
-94
4
-83
-16
-102
-128
-62
-144
-43
-77
-65
-44
-17
71
79
120
134
184
239
317
367
411
387
387
394
455
484
440
399
371
314
265
206
165
80
-16
-80
-124
-208
-307
-398
-452
-425
-543
-565
-609
-686
-660
-720
-651
-645
-715
-656
-649
-581
-549
-514
-441
-364
-321
-206
-145
-80
-20
-4
164
223
241
296
309
359
353
360
414
357
355
294
277
267
173
109
67
53
-56
-114
-170
-185
-265
-366
-341
-401
-371
-429
-414
-402
-428
-409
-400
-266
-236
-223
-160
-111
-7
4
112
229
244
346
369
464
509
508
563
593
641
608
593
607
524
485
420
402
342
245
159
108
35
-72
-115
-161
-226
-270
-323
-348
-345
-435
-401
-395
-393
-349
-386
-305
-316
-282
-179
-141
-47
-22
37
115
167
232
300
340
388
451
489
545
511
508
532
518
503
477
426
333
252
193
144
64
-14
-120
-168
-233
-308
-352
-390
-422
-437
-446
-442
-428
-458
-455
-432
-387
-358
-288
-275
-224
-205
-134
-105
14
50
79
175
157
293
268
339
344
369
384
353
371
339
266
266
189
144
94
-11
-73
-127
-192
-286
-298
-397
-416
-461
-512
-481
-559
-534
-545
-519
-457
-493
-399
-393
-362
-282
-275
-154
-86
-59
74
81
203
220
308
393
454
525
519
612
585
645
599
627
591
540
496
408
367
265
197
133
83
-12
-108
-165
-226
-276
-339
-376
-420
-452
-510
-534
-502
-568
-547
-535
-537
-473
-493
-408
-340
-344
-229
-208
-106
-46
20
121
172
207
258
320
385
420
395
460
408
404
416
421
387
320
285
253
240
146
141
59
0
-45
-111
-91
-175
-225
-264
-267
-281
-293
-295
-238
-243
-253
-182
-160
-73
-70
4
64
126
167
244
346
388
428
451
551
595
607
639
663
642
659
597
638
549
488
445
383
371
254
190
98
75
-49
-74
-148
-209
-304
-366
-373
-423
-483
-505
-534
-528
-563
-598
-544
-542
-523
-504
-431
-404
-386
-393
-260
-215
-169
-125
-62
1
-21
50
128
171
165
172
203
231
181
195
216
198
128
75
94
24
-43
-78
-103
-99
-207
-187
-224
-252
-290
-300
-245
-268
-296
-301
-268
-258
-262
-252
-210
-172
-181
-133
-25
-44
41
27
123
186
185
264
285
318
338
292
340
330
304
316
288
289
205
174
156
155
113
101
66
28
21
-76
-47
-80
-101
-114
-175
-142
-227
-242
-232
-199
-196
-205
-198
-170
-160
-139
-76
-25
11
-7
60
101
127
112
166
186
216
189
229
229
195
174
158
198
143
121
123
106
87
59
46
52
-1
-28
13
-20
-51
-79
-141
-110
-161
-117
-117
-144
-157
-184
-152
-107
-101
-108
-42
-61
5
44
21
95
34
113
179
158
198
114
104
97
82
123
68
29
15
-33
-23
-49
-69
-79
-64
-80
-87
-94
-167
-162
-175
-135
-129
-179
-161
-179
-192
-137
-134
-59
-94
-29
26
59
97
90
177
166
245
248
278
296
263
272
291
276
265
247
236
218
197
179
149
103
62
52
14
32
-61
-79
-126
-175
-142
-195
-176
-239
-259
-281
-275
-249
-249
-220
-235
-174
-199
-161
-138
-152
-62
-52
16
64
45
61
39
91
103
134
135
90
111
59
59
35
11
-11
-30
-49
-74
-127
-141
-166
-148
-158
-182
-195
-246
-233
-218
-173
-193
-179
-180
-155
-94
-83
-22
-8
12
87
137
229
238
267
319
350
375
424
429
426
430
425
462
416
383
358
317
296
276
239
219
131
76
47
24
-17
-74
-114
-144
-205
-222
-219
-234
-248
-305
-262
-296
-293
-278
-244
-190
-151
-146
-113
-67
-70
5
57
121
114
104
154
171
198
220
214
210
160
132
138
86
61
-8
-32
-76
-176
-212
-283
-292
-365
-377
-410
-465
-518
-547
-537
-540
-565
-563
-528
-535
-499
-504
-438
-380
-327
-272
-185
-141
-105
3
67
218
200
291
372
360
497
472
592
583
574
579
600
622
578
593
539
516
430
416
422
350
325
244
196
160
58
85
13
6
-60
-108
-121
-174
-181
-200
-151
-155
-178
-144
-145
-139
-98
-82
-35
-34
-28
-8
3
41
27
56
86
103
95
74
88
78
104
88
78
12
-32
-61
-79
-83
-132
-200
-255
-266
-270
-300
-337
-363
-406
-410
-397
-402
-405
-425
-407
-372
-320
-309
-309
-277
-222
-207
-124
-76
-54
-47
-20
70
110
152
178
237
225
270
259
330
360
338
373
379
382
355
357
406
408
363
362
347
306
298
282
292
264
168
164
152
159
144
91
109
67
42
66
78
70
7
9
18
17
-29
-17
-55
-53
-68
-111
-49
-161
-164
-195
-167
-156
-220
-227
-275
-300
-330
-319
-325
-342
-387
-358
-381
-375
-412
-413
-349
-352
-295
-316
-288
-287
-273
-185
-143
-127
-129
-128
-84
-38
-9
40
52
54
88
117
169
197
176
208
228
219
256
233
251
236
193
272
199
217
209
180
235
174
188
178
153
159
168
165
170
161
122
165
144
141
168
154
195
155
163
194
121
185
185
200
209
151
140
96
109
100
105
49
-3
-58
-92
-70
-114
-135
-170
-198
-218
-232
-233
-236
-298
-274
-295
-306
-300
-343
-293
-327
-258
-283
-254
-240
-240
-192
-176
-106
-155
-107
-123
-62
-62
-29
0
-16
46
28
97
107
122
143
157
180
165
157
160
169
160
161
163
124
103
72
100
122
84
84
39
61
60
40
100
68
69
31
59
64
14
39
-7
21
-23
-31
-54
-44
-53
-52
-14
-2
-11
-45
6
-12
13
-2
16
3
-52
-13
-30
2
-32
-32
-17
-9
5
-19
27
10
14
0
26
2
-25
-28
-1
-4
-37
-30
-61
-49
-67
-32
-54
-67
-87
-121
-86
-99
-91
-96
-84
-87
-101
-73
-64
-62
-47
-40
-23
-30
-28
-23
-13
1
2
40
15
47
44
62
104
82
130
116
150
156
141
183
175
187
204
174
171
154
129
138
104
99
54
16
16
-10
3
-24
-37
-70
-66
-108
-106
-77
-135
-111
-188
-163
-191
-218
-143
-212
-146
-165
-165
-91
-106
-52
-15
15
66
55
77
128
111
148
177
197
203
170
204
210
194
182
185
154
137
121
82
109
36
27
-12
-30
-53
-132
-94
-146
-158
-189
-206
-215
-261
-262
-256
-248
-260
-265
-248
-232
-212
-167
-122
-103
-52
-31
15
95
97
177
212
239
258
248
307
283
300
319
303
286
242
219
218
167
147
122
81
43
-21
-30
-101
-122
-203
-223
-269
-327
-337
-410
-390
-431
-460
-414
-454
-423
-411
-366
-302
-310
-208
-195
-120
-82
-27
52
69
134
167
236
270
304
349
375
414
417
438
451
447
443
445
461
429
398
361
317
279
247
209
157
96
28
-32
-83
-134
-178
-224
-263
-317
-324
-354
-335
-341
-326
-307
-306
-279
-262
-172
-170
-104
-103
-32
-20
36
113
130
173
161
220
231
278
275
309
298
306
286
285
290
222
222
164
136
66
8
-57
-104
-180
-242
-287
-350
-387
-460
-477
-513
-507
-515
-483
-488
-473
-485
-477
-393
-389
-337
-294
-234
-227
-149
-97
3
61
122
207
246
337
344
443
487
543
542
576
603
579
594
554
558
507
441
426
358
302
223
141
82
5
-60
-112
-154
-242
-308
-358
-408
-437
-478
-492
-482
-530
-524
-534
-484
-449
-396
-315
-254
-196
-131
-37
33
74
143
223
277
357
378
431
449
457
490
512
530
472
471
463
414
390
332
281
194
144
59
17
-67
-154
-201
-230
-277
-333
-335
-413
-402
-459
-465
-456
-485
-493
-506
-451
-441
-388
-312
-241
-172
-113
17
86
183
249
310
419
461
500
556
552
549
569
525
554
501
438
397
350
304
253
208
160
62
10
-83
-162
-233
-334
-404
-491
-580
-650
-699
-753
-726
-748
-716
-692
-674
-581
-520
-433
-344
-283
-173
-79
0
93
177
272
313
370
467
451
528
533
580
594
533
583
516
525
455
401
345
255
209
80
62
-27
-115
-172
-259
-251
-360
-357
-431
-467
-498
-544
-565
-623
-607
-691
-600
-585
-476
-379
-320
-161
-87
63
156
296
366
427
464
491
481
487
519
458
478
435
431
380
405
389
353
370
323
173
166
-35
-7
-252
-327
-595
-1249
-1183
-1838
-1722
-1860
-1718
-1341
-1076
-290
9
641
914
1344
1337
1507
1377
1329
1077
961
583
580
408
-713
93
-1124
-573
-666
-1070
-443
-1174
-525
-494
-695
-19
-172
344
528
851
1149
1054
1336
968
1198
736
739
736
463
484
554
35
-8
-716
-1546
-1451
-2516
-2129
-2007
-1880
-767
-364
781
1361
1940
2474
2415
2069
1315
847
-109
-248
-660
-689
-571
-848
152
213
546
934
1003
894
757
925
482
467
235
83
-8
68
132
-215
142
-81
-336
-105
-295
-728
-730
-518
-1390
-730
-523
-641
-306
-324
193
123
-160
116
-76
-301
-108
-100
-310
75
-35
320
414
250
889
78
347
328
-98
189
123
109
303
160
297
329
248
-29
-273
-274
-494
-864
-565
-664
-938
-291
-882
-178
-139
-408
20
-45
-261
-275
212
-64
47
541
-18
148
260
267
246
304
371
45
716
142
437
341
358
430
491
573
509
694
245
-119
-320
11
-551
-25
-885
22
-698
170
388
-915
282
-762
-459
-915
-1046
-386
-951
-300
413
-524
-670
163
-449
-291
-168
-246
-288
-237
238
-402
83
178
-48
269
26
212
420
184
-64
81
585
179
203
435
258
-75
229
558
27
185
211
-275
-220
-354
-921
-63
-299
-643
225
-291
461
166
-338
478
-186
-519
-599
-1212
-593
127
-496
383
505
199
1003
557
934
588
-430
1365
288
777
583
-53
938
417
452
178
440
28
-578
762
806
-1101
568
-265
-1142
-64
-765
-1023
-1153
11
415
-982
66
-217
-1337
-64
-1804
-1015
-413
-1316
18
-539
808
-631
1524
-160
-1004
846
-1455
1350
-841
771
702
8
1400
-199
1114
767
109
496
-237
-104
673
-861
774
-452
-214
188
16
538
-723
14
-1263
385
-1389
-462
-532
-612
281
-977
-398
60
606
-661
879
-1003
-17
1214
-1037
2367
89
527
1369
-737
1436
165
560
1397
1200
1046
902
-142
1133
674
-354
1691
-263
1148
-390
21
1193
-534
607
-1284
1094
-1818
264
-602
-2118
350
-1419
-122
-199
-1713
-914
-630
-598
-1165
461
-1161
-200
50
-135
-702
-818
865
-583
-734
1462
233
-300
2605
-987
-468
1370
-431
348
295
1701
-24
434
2489
-683
-548
1172
-722
114
171
-97
860
-1143
73
198
-2047
536
-69
-1940
777
-943
-754
872
-1623
-367
-635
-325
1294
-1267
323
447
-1305
592
669
-163
-719
1978
-321
715
1683
-1663
2969
-82
383
990
-483
1521
-336
664
443
989
-564
1764
-1480
1036
-603
-2343
1682
-1530
30
-1301
-405
-523
-626
-270
-1488
-771
-214
-1408
-356
-469
283
-1792
1266
43
-1587
1357
-1009
522
-805
-90
1618
-610
629
1973
-1143
1289
62
123
1678
-13
1695
-386
1119
314
-804
2116
-817
262
-703
929
-136
-1399
1801
-1771
-373
-406
-555
-506
-459
311
-2171
526
-595
-1110
581
-1178
669
-2221
685
1254
-3306
3129
-2513
1129
1038
-1284
1988
-488
1137
285
598
294
1674
-2169
2440
717
-439
2028
187
-492
-101
506
1158
-671
-745
2638
-1074
57
-1232
1013
-535
-1888
291
-669
-24
-1482
1530
-2654
626
-824
-1145
241
89
-286
-1441
480
-1112
1255
-810
-36
1233
-790
797
-794
946
285
-1095
3110
-2509
2834
-126
-231
1491
573
-913
670
676
-983
1539
-1073
1347
-1240
1525
-1326
-74
-350
-307
-44
-1030
1240
-2167
1117
-1299
-350
444
-1394
798
-109
-1545
868
-864
-153
850
-590
305
128
451
-519
106
134
1006
-1055
945
-42
704
-249
-94
1751
-1436
1361
-819
184
-200
-343
362
343
-13
-540
1559
-1549
-985
377
-207
-627
-646
1674
-2313
1042
-772
0
-364
-250
186
-517
473
347
161
662
-869
679
313
80
41
709
1057
-1107
1095
478
-134
-586
1625
-510
54
1825
-774
988
257
-627
857
329
-961
794
15
-628
1655
-1666
598
35
-1471
691
-702
-131
-293
1285
-1599
843
-553
197
-1091
-206
674
-1138
780
-245
-1174
1385
-1136
174
829
-992
838
314
171
-1115
3069
-3648
3513
-1461
-533
2367
-1894
1357
-1064
1435
-995
106
926
-1709
783
466
-1317
1559
-138
-1172
938
-35
-1162
665
-1310
-284
1052
-1223
-12
205
25
-782
960
-780
-1123
1489
-674
-343
1303
-808
-15
1202
-393
70
41
1255
-1184
667
488
-220
-557
2019
-1299
1554
1109
-2742
2717
-2008
1008
-678
-484
1842
-1958
359
189
225
-625
-926
1249
-1754
154
571
-415
-400
-156
-53
-607
-466
-158
328
-1593
1389
-1759
1998
-1488
351
853
-1603
1377
-895
577
892
-883
569
216
-1179
2084
-2304
2446
-1160
-605
2541
-2927
2682
-1963
1335
819
-2103
761
1026
-3197
2659
-709
-649
997
-505
1541
-3590
2484
812
-4018
4364
-1562
-673
1604
-42
-508
-693
1911
-1354
62
998
43
-610
1371
-353
-312
1916
-1311
747
209
1261
-1036
731
1347
-1301
1315
-1151
1776
-1765
152
1115
-1363
755
-125
-171
-608
-77
1516
-3105
1731
-1516
-82
-172
-827
1459
-3698
5085
-4845
2677
568
-3133
2287
-1563
1002
-1719
994
474
-1435
706
249
-1782
2308
-2453
849
1642
-2765
2274
-410
11
518
-918
1861
-2724
1794
-465
-1486
1567
-2201
1634
-1847
1078
-1371
596
-692
-971
579
-764
-883
205
1187
-1935
1583
-236
223
-961
1033
-1638
1738
489
-2525
4136
-3102
1233
1279
-1604
1412
251
-882
1953
-1327
2177
-1188
1277
677
-199
882
-758
397
325
86
-724
1240
-221
-921
1387
-1309
-329
1415
-2900
1816
-824
-1311
1314
-1264
443
474
-1592
2372
-2313
-231
2240
-4786
4978
-2637
-587
3371
-3668
2216
-427
-148
-147
702
-391
-64
639
540
-800
1142
-402
523
-626
218
450
-1363
2199
-1812
1350
-1213
79
371
-1397
839
179
-1559
322
-28
-1516
1151
-1157
475
-686
793
-1576
836
-512
-156
783
-1050
1807
-1421
1123
-445
350
1082
-1226
2038
-507
-310
2120
-1562
1040
902
-278
101
1528
-320
337
682
571
410
-1130
3134
-3111
1793
-307
-628
925
-453
187
-804
1354
-2216
1311
-894
-704
734
-296
-854
566
181
-1227
772
-431
-1296
567
435
-2178
2322
-1449
-73
317
392
-605
-628
731
-1624
1704
-1395
2225
-2860
3012
-1278
-481
892
-1560
1629
-1865
1533
-1115
-137
282
-405
-830
1207
-1393
1114
-1275
608
19
-755
520
-709
118
-1023
1046
-1652
1337
-1123
312
46
239
-583
1023
-748
668
576
-1190
3161
-2592
2753
-1028
870
108
-245
1726
-927
1676
-209
568
-83
1363
-1224
1747
-1063
840
38
-379
617
-1052
1318
-2051
2057
-2410
1282
-667
-656
1036
-1452
28
-174
-501
-641
1364
-2599
1971
-1977
51
727
-838
132
-393
810
-1693
1947
-442
-179
839
169
-385
1073
-29
-545
1160
-690
1078
-212
-567
1274
-1255
1124
-670
401
-434
902
-206
-628
92
-680
385
-1711
870
-1218
576
-648
-975
318
0
-2237
2416
-1740
-186
1870
-2684
2663
-982
943
149
-1186
2207
-1264
1101
397
-968
2297
-1114
722
2019
-431
286
999
-739
2353
-1723
1776
-24
-286
253
-263
1522
-1496
317
-851
-48
-1130
1201
-1740
640
-533
-27
-1530
441
-636
-2363
2686
-3690
1776
-1015
-359
-591
-254
401
-1244
520
645
-1811
971
344
-743
1674
-1589
1189
515
-402
610
-233
-111
295
-80
1344
-446
154
546
-218
-383
228
15
-635
1079
-2063
1251
-1369
678
-1063
925
-1652
1089
-557
-1295
2157
-2901
3427
-3646
3460
-1266
-607
2131
-2075
1595
-522
1285
-1188
2883
-2413
3199
-616
-806
4365
-3972
4143
-1057
895
430
908
-277
1112
384
-1219
2647
-2080
608
856
-1228
262
-677
324
-1013
208
-511
-656
-67
-785
-150
-1204
727
-2333
1627
-2010
-925
1687
-2755
1546
-495
-790
627
-574
-567
1344
-1988
2032
-833
371
977
-1537
2568
-2071
1566
-322
779
-59
-12
1047
-1126
1116
-519
819
-1260
903
-471
-242
-868
893
94
-1775
2086
-2341
915
-635
172
-435
-537
1567
-2585
1977
-2089
625
-68
-396
494
-582
1334
-1782
2730
-2055
843
1640
-1847
3332
-2397
1896
-46
423
525
-118
1047
-1375
2098
-140
-1064
1726
-720
304
-224
-37
-170
-1302
1840
-2925
1932
-871
-2007
1973
-2394
87
-553
-234
-1194
-18
341
-2142
502
249
-2735
2353
-2138
1251
-867
150
132
-807
1669
-2720
3810
-2183
1014
565
-291
292
1589
-1587
1061
2253
-3535
3454
-643
-673
1274
13
-319
328
307
1
-113
183
-479
933
-755
391
-591
624
-771
-719
1540
-2166
1539
-690
131
154
13
369
-395
1137
-1088
1388
38
-73
1278
-140
363
322
1604
-1375
1964
-88
-157
1546
-904
1878
-910
1309
-816
1607
-629
-773
2028
-2251
1303
-90
-350
92
107
-699
117
-813
-474
247
-1254
80
-236
-284
-580
-566
1389
-3636
2424
-1584
-1513
2779
-4474
3650
-2429
280
874
-2333
2480
-2470
903
-340
41
181
-263
501
224
-727
267
236
-998
1055
-831
541
-576
656
-466
-227
1011
-1347
417
237
-964
1349
-1418
712
93
-136
435
-1730
2547
-2284
300
1540
-2466
1581
245
-1126
1371
-760
849
207
224
381
-635
2315
-2379
1995
310
-667
613
724
-1000
1254
-1227
522
830
-1430
1942
-1611
1424
-826
787
-951
1749
-2773
3767
-4692
3811
-1699
-1415
4071
-6174
5931
-5031
1622
1171
-4154
4105
-2787
317
543
-1105
606
-1492
1552
-1591
1803
-2111
1940
-248
-912
691
824
-1582
225
1505
-2606
2973
-2325
1179
153
-879
1022
-584
257
-194
259
722
-739
963
-405
-565
1525
-1486
1301
-631
-338
803
-652
384
-954
1293
-1029
293
239
340
-1108
1095
-158
-403
1188
-1428
2497
-1911
775
1573
-2245
2367
-1409
1283
83
-349
588
440
-1246
2030
-1737
1354
899
-2273
3079
-2278
1210
732
-1947
3052
-2721
880
1236
-3176
2915
-1681
-550
841
-819
-286
-710
328
-842
-537
834
-1258
644
-565
-303
494
-1223
344
424
-973
747
-735
520
-551
-446
758
-1281
1171
-1139
365
-162
435
-1394
2255
-1653
436
764
-1499
1687
-1335
819
-482
-178
1125
-2246
2153
-887
-1836
2956
-2063
-596
2975
-3242
983
548
-1388
1403
-1711
1782
-1019
-323
1450
-1832
1526
-189
-1868
3320
-2814
1049
758
-1472
1737
-1614
1937
-1643
934
224
-592
579
-116
-86
257
70
-298
939
-877
504
-518
1134
-2041
2138
-687
-735
1458
-1914
1464
-970
65
816
-1284
672
196
16
63
34
1599
-2021
1514
-288
-827
1901
-2283
2595
-1935
1113
-43
-629
1311
-596
248
475
-704
774
-330
215
8
-17
-357
721
-885
-21
1122
-2361
1954
-1592
400
1172
-2412
2702
-1137
-1186
1706
-1063
-181
1307
-1581
2121
-1082
542
166
-553
1503
-1446
386
1060
-1059
1762
-2020
3250
-2642
880
2082
-3325
4187
-3091
1142
1098
-3701
4686
-4358
2058
775
-4077
5288
-5965
3414
-752
-2373
2485
-2645
2260
-3126
1634
-127
-1629
604
417
-1739
895
-219
-1540
2028
-1713
991
190
-804
2712
-4528
5661
-5244
2919
612
-2196
3826
-2840
1931
-515
-420
1276
-1217
1210
-571
-177
1202
-1106
598
877
-2909
3093
-2072
-1262
2992
-3405
2183
-1528
21
592
-1857
1566
-2082
1535
-925
-268
1706
-2141
2797
-2301
1663
-392
-36
721
-189
1111
-1574
2774
-716
-479
2305
220
-2032
3332
-1356
385
1780
-1530
2131
-1547
622
527
-1653
2091
-1233
-1119
3051
-3811
2440
-1456
60
1001
-1920
1210
-983
-298
-948
436
-1190
1530
-2602
2411
-1769
-963
2741
-3410
2097
-173
-30
107
804
-366
439
126
769
-859
1838
-1949
1627
-933
796
701
-1334
2580
-2653
1317
-374
-751
1107
-654
10
439
-713
-598
425
-985
1061
-1231
-116
140
-2496
2731
-3798
3419
-905
-1956
2441
-2401
554
1404
-1066
1705
-1013
944
-1083
1167
754
-1417
3848
-2999
1198
1665
-3206
3899
-1825
862
2136
-3148
2998
-2217
934
274
-420
318
87
-1534
882
-660
-790
1180
-1491
195
-1360
-707
952
-3665
2772
-1147
-2142
2391
-3712
1456
-1067
-1196
2866
-4213
2732
-1185
-2002
3245
-3339
3472
-1348
-1412
3778
-5391
4681
-1578
-1052
3980
-3298
1741
-15
-1280
1739
-685
1608
-506
-587
1257
-2037
2305
-1831
2303
-1168
-515
414
-1805
2257
-2469
2602
-1341
-661
1775
-2438
1385
-103
589
-663
283
12
-1148
2384
-2260
3529
-2520
1375
655
-2204
4636
-4375
4397
-1215
164
1114
-924
2169
-1875
3623
-2304
2077
-858
752
942
-1228
3261
-2440
882
860
-1698
1506
-878
1049
-944
-136
951
-3043
3713
-3408
2000
-852
-1695
2175
-3951
3043
-1890
-252
-248
412
-1978
629
93
-1706
2409
-3120
2286
-318
-2964
4358
-3498
2039
-475
-1115
2675
-4018
3591
-1414
-352
1981
-2390
1907
-408
-2018
3156
-1774
-542
1207
-138
-1154
975
-753
436
-214
-1482
2843
-4054
2596
-514
-1224
1524
-1341
370
-606
796
-1601
1806
-616
18
314
-304
282
273
626
-563
1163
-1026
1089
-59
520
430
763
-1324
2533
-1222
99
1444
-2202
3613
-2638
708
963
-1736
1222
-22
-1688
2479
-1484
-1275
2449
-3537
3860
-3738
1327
1095
-4211
3723
-2770
-271
1811
-2501
986
-356
-1077
269
816
-2208
1596
665
-3536
3715
-1605
-1006
3251
-2950
951
2148
-4425
4894
-3198
1282
2155
-3440
3368
-2333
1108
227
-1175
2201
-1716
475
523
-1005
462
160
-299
-502
144
-158
-115
63
-30
36
-874
473
-227
-306
295
-33
-218
192
636
-1499
1882
-1110
532
554
325
-683
2434
-2367
2131
1184
-1599
2685
-545
-562
1562
423
-1745
3469
-2048
519
2104
-2935
3009
-1680
587
643
-1474
987
333
-1735
1215
170
-1870
1571
-1596
-109
934
-3656
3321
-2230
-356
838
-1965
2245
-2870
659
1045
-3118
2798
-2333
796
781
-2216
2213
-1441
-17
-300
689
-886
48
981
-1372
1144
-358
-670
1368
-1186
-428
1700
-1967
1144
-497
-836
2008
-2654
1588
51
-1718
2076
-1100
-720
2201
-2254
809
945
-1462
785
641
-1585
2059
-779
-1100
3099
-2411
1341
677
-1119
2265
-1707
876
1676
-2667
3052
-1199
-1043
3457
-3566
2094
699
-2051
2947
-2289
1333
117
-1429
1902
-1590
254
131
245
-1243
1082
-971
-263
-23
-355
347
-452
-346
305
163
-837
685
-1066
1574
-2029
2081
-2379
2584
-1706
106
1436
-2443
3334
-3259
2085
374
-2479
2748
-653
-1644
3713
-4238
3427
-1188
-739
1040
6
-696
-698
2886
-4439
3861
-2307
736
-339
744
-668
31
1554
-1813
1574
-451
335
-792
1407
-1158
1287
-1107
1889
-1295
1551
-570
432
392
-139
675
-621
1845
-2365
3233
-2505
1551
-536
-586
597
-354
-120
-837
1796
-2461
1819
-1763
512
-3
-1689
1148
-1035
-574
734
-1299
723
-1553
1487
-1665
163
784
-2376
2518
-2500
1584
-692
-73
1060
-1634
653
904
-1812
1727
46
-1383
2358
-1620
361
1450
-2999
3106
-1098
-1303
2342
-1724
451
373
-805
335
424
-1624
1075
-20
-2056
1843
-344
-2288
3818
-3480
813
1470
-2679
2018
-495
-809
1119
-341
-650
1093
117
-487
627
644
-605
1039
-550
1410
-598
339
474
-52
774
-728
791
697
-1085
913
226
-1088
1017
-761
552
-768
-449
2213
-3401
1993
-1208
-183
-108
-899
960
-1723
1558
-2106
1021
-1133
269
-806
455
-1146
523
-45
-681
1802
-2301
1975
-1146
446
-6
452
-144
51
1194
-394
-657
2174
-1808
794
1398
-2098
2207
-438
-206
743
55
-264
531
205
-447
-385
2004
-2409
1022
1831
-2946
2128
-11
-1506
1228
347
-1996
2427
-1034
-1415
2859
-1701
-1017
3141
-2943
1448
621
-1429
1344
-12
-213
309
674
-1553
2578
-2077
1345
-469
-430
448
-166
-904
866
193
-1511
1263
-828
518
-2444
2965
-2416
-730
2575
-2669
681
-531
23
-1396
1163
-1117
-1202
1610
-1283
-586
326
725
-1966
1757
-1195
245
362
-102
-442
681
386
-1311
2097
-1749
1587
-425
338
198
-361
1507
-2326
2132
1134
-3480
4415
-1467
-1592
3429
-2463
1092
-6
347
-1117
1812
-979
-269
1311
-1010
-541
2175
-2309
337
1598
-2053
1258
22
960
-2507
3897
-3238
341
3016
-3885
2385
465
-1470
934
1096
-1772
613
1329
-1803
-86
2310
-1609
-848
3011
-2848
589
1867
-2612
958
1093
-1648
-352
2161
-2223
10
1950
-3457
1994
-146
-2117
1840
-1285
267
-1119
2168
-3196
1990
281
-2610
2941
-2507
993
721
-2100
1234
573
-1807
947
584
-951
-349
1525
-1024
-134
1202
-632
-755
1680
-1194
954
-755
780
208
-912
2058
-2279
1777
314
-1894
2446
-1708
1288
36
-1252
2774
-2625
2029
-1216
57
1703
-2207
1644
90
-627
257
543
-1116
652
13
297
-966
1615
-727
-1033
1865
-1636
579
386
-1305
1026
-961
846
-672
-682
1991
-2718
1847
-481
-1714
2386
-1859
565
-504
-257
728
-1588
1232
-777
-576
1320
-1582
712
265
-1159
1159
-872
30
82
60
396
-1565
2224
-1042
-1759
3475
-2677
207
1715
-1462
1248
-1086
1009
-38
-1011
1304
-440
-188
809
-200
730
-197
-66
205
639
-526
-318
1412
-1375
1520
-451
-572
1841
-1777
463
1707
-2638
2007
-860
689
33
-861
2215
-2799
1985
162
-2127
2307
-1104
-22
1260
-1593
1204
-461
116
-384
75
278
-579
690
494
-1428
1648
-414
-481
1016
-1216
1367
-1764
1929
-779
-1123
2950
-3581
1956
540
-2984
2857
-2407
642
768
-2232
2355
-2116
451
635
-2629
2529
-2017
-284
1477
-2390
1334
-505
-1215
1607
-1387
-515
631
-835
504
-892
930
40
-464
1380
-1203
635
373
-668
1187
-711
494
492
-173
274
525
-94
57
624
-1157
1714
-1194
513
438
-329
1225
-1927
2055
-953
-1592
2907
-2111
-605
2257
-2139
277
838
-1873
1562
-1610
512
246
-1826
2336
-1750
-387
2030
-1859
385
1437
-1919
1427
-378
-87
931
-707
743
707
-1365
1940
-260
-1204
2878
-2272
861
716
-1042
1325
-964
890
-291
-617
933
-594
-1128
1466
-614
-1469
1786
-1517
-759
974
-1063
-401
409
-705
16
-665
213
-124
-777
751
-353
-539
827
219
-713
847
-31
-58
360
-84
710
-113
524
512
-278
977
-107
236
497
36
474
-597
1077
-403
-43
778
-938
899
-688
-91
-35
-743
467
-751
-219
847
-1418
850
-466
-841
589
-959
196
-33
-929
527
147
-493
201
413
-341
86
131
-225
796
-849
1061
-164
-45
1089
-871
443
815
-1126
1020
-173
-286
945
-682
264
42
252
-814
637
-1075
225
-58
-851
107
-94
-472
-559
447
-1040
317
-480
-161
-243
161
-368
169
-500
656
-100
-511
878
-311
-61
476
230
-154
869
-410
860
190
94
237
685
-462
667
213
-608
1154
-967
617
-333
-42
190
-489
48
-18
-574
-104
278
-1097
462
-593
-288
209
-408
-197
617
-688
55
196
-195
-200
175
523
-621
557
418
-165
-84
1189
-640
439
888
-646
858
281
57
346
150
251
156
216
-455
253
222
-119
-566
500
49
-1148
710
-375
-832
349
-259
-858
576
-624
-519
1084
-1663
955
523
-1724
1548
-127
-809
944
-424
563
80
11
568
107
195
429
170
398
530
-532
705
355
-368
686
278
-382
673
27
-888
614
-283
-631
503
-592
-739
357
-413
-665
337
-1059
162
-816
-766
908
-1643
76
562
-901
-301
839
-1076
508
216
-1005
1266
-438
-217
1212
-543
462
1168
-1015
899
591
-1368
1649
-203
-830
1983
-1312
385
1083
-1357
446
306
-1008
493
-210
-637
459
-917
220
388
-1344
418
-75
-1192
376
-353
-1013
662
-610
-456
1214
-1288
583
554
-984
770
14
-348
1035
-346
291
974
-243
592
298
-194
756
94
-248
784
-150
-328
1256
-535
-103
823
-891
326
-4
-780
780
-462
-218
394
-661
302
145
-725
150
-112
-314
-301
5
-354
37
76
-93
597
-449
-132
410
-437
119
268
-328
651
183
-226
987
-223
109
844
-482
233
429
-510
227
601
-91
621
-119
-407
341
-496
70
-164
-631
471
-102
-465
378
-4
-606
215
-125
-493
14
-176
-177
214
40
-162
552
-163
-505
525
-128
21
195
-362
313
230
-48
246
599
-582
-120
426
-111
-540
475
-34
-489
385
-75
131
-339
-58
73
-611
-112
-182
-160
-21
-200
-2
-300
-197
-255
-54
-163
-252
-211
53
-306
85
188
-89
205
404
-40
-174
496
86
-42
190
560
-278
626
392
-215
487
-98
-2
17
84
-150
-176
40
-135
-113
395
-333
-357
-11
-240
-197
-420
-165
52
205
-367
57
270
-484
-45
-118
-361
-275
205
144
75
-102
391
-18
39
361
-220
478
199
-120
308
506
83
140
414
237
-56
3
-195
157
-165
-198
340
-35
162
-292
-74
-206
-364
-59
-436
-259
-100
-15
-93
-171
118
-33
-299
135
-224
-326
284
-56
61
463
407
-27
154
341
160
-18
171
561
269
443
441
101
649
234
-201
559
110
-8
405
-114
200
-34
107
116
-338
167
-43
-409
6
7
-532
-40
-228
-313
105
-499
-167
11
-498
35
-298
-444
38
-270
-481
290
-116
-311
409
-68
-37
250
-208
-135
181
-44
104
-120
454
246
-498
410
169
-588
-196
-34
-307
-234
307
-249
-301
151
-417
-225
-390
-470
-126
-700
1
-97
-502
305
-70
-401
136
-202
-522
-99
188
-181
-313
789
313
-294
447
600
3
19
394
120
158
556
303
182
632
549
178
158
360
-188
-64
136
-2
66
668
267
-10
570
-34
-130
-84
-279
-342
-151
366
127
-100
396
184
-478
-52
-96
-707
-266
288
-272
193
285
51
37
-199
-10
-408
-418
-50
-170
-161
156
131
163
-47
-151
67
-220
-545
-185
125
-142
125
80
7
228
-5
-355
-115
-427
-416
116
-225
27
-24
341
271
-201
57
93
-216
-399
448
143
43
576
358
-69
87
14
-22
126
169
152
35
313
523
-104
173
453
-146
144
455
150
13
518
196
-64
168
32
-243
101
401
-144
-84
335
240
-413
-119
-105
-438
-141
-29
-44
-25
340
193
-520
-255
189
-722
-421
319
-418
-286
371
20
-274
-360
-250
-243
-737
-217
-165
-280
107
81
-245
-123
79
-311
-421
-267
-501
-308
153
-143
-112
208
257
-82
-372
-23
-100
-445
110
324
-145
342
593
251
171
114
-31
-99
-78
143
154
62
630
370
285
386
-57
-192
69
93
123
47
271
637
216
400
477
-129
-277
124
-189
6
169
99
334
126
223
106
-198
12
-81
-384
29
357
223
74
180
63
-77
-35
-103
-199
-387
63
22
-91
221
-78
-197
78
-98
-327
-190
-340
-189
-138
-119
128
-114
-147
-194
-239
-131
-101
-6
-141
-3
9
-57
-7
138
159
-255
-15
85
-192
23
273
-137
43
153
97
405
176
96
-27
137
52
-91
171
397
155
-56
266
-15
-263
-141
-228
-72
-24
21
277
-9
-106
33
-199
-309
-132
-281
-107
79
47
-35
-142
-25
-440
-145
-135
-303
152
156
58
42
146
-23
-164
-131
-125
-93
-61
119
169
133
123
125
-96
-143
-157
-203
-50
-70
-94
-33
-19
-55
-140
-165
-153
-263
-136
-66
70
144
49
133
-6
3
64
32
15
187
-31
-255
-230
-72
51
194
362
240
160
181
222
143
465
339
191
192
251
162
-6
74
-112
-377
-362
-182
-202
67
164
63
82
14
-125
-239
-164
-101
-234
-19
-56
-142
-14
-142
76
-52
-79
51
-15
58
164
359
332
180
306
328
85
127
169
223
91
21
103
135
57
136
247
141
147
21
34
-138
-51
0
-27
120
-6
20
-7
73
-79
-8
27
-129
64
55
133
188
190
340
53
-6
54
-169
-17
19
78
169
232
239
157
152
87
-102
-170
-135
-170
-33
27
65
85
28
-8
-278
-391
-254
-368
-234
-154
-39
120
-86
-94
-214
-427
-349
-439
-274
-99
-16
88
35
189
-63
-152
-30
-130
-154
-68
107
79
45
147
49
-63
-65
-179
-135
-129
-89
-58
35
125
-15
43
-102
-213
-268
-323
-189
-276
-212
-46
-106
-109
-122
-147
-215
-324
-158
-188
-127
127
94
213
192
161
136
78
92
110
190
379
347
422
458
399
404
325
330
304
318
311
321
414
509
204
136
153
148
-21
-95
-94
-91
-186
-274
-70
-122
-167
-256
-343
-377
-341
-436
-152
-122
-154
-29
-199
-85
-138
-232
-119
-191
-85
31
-6
140
141
155
93
63
158
45
141
128
118
141
48
68
-15
-123
-60
-106
-129
-132
-199
-127
-225
-264
-167
-266
-130
-285
-167
-109
-262
-122
-224
-128
-136
-143
-13
-12
113
120
154
174
116
211
235
246
344
395
317
375
317
326
276
243
291
206
279
278
254
221
118
32
-36
-65
-131
-136
-127
-153
-188
-176
-165
-236
-218
-283
-295
-328
-332
-313
-311
-278
-252
-272
-186
-238
-218
-130
-186
-85
-77
-64
-68
-14
-53
33
19
23
43
4
37
-68
22
-79
-31
-91
-93
-116
-132
-102
-172
-55
-190
-151
-165
-201
-193
-236
-175
-248
-206
-190
-188
-129
-95
-134
-26
-49
35
161
158
266
335
306
380
361
407
483
476
589
616
645
661
611
600
523
433
447
349
396
376
369
364
277
233
75
23
-37
-115
-137
-101
-189
-175
-217
-271
-293
-397
-366
-432
-396
