32
27
21
20
17
20
16
7
4
9
15
10
13
13
9
-1
-1
-1
-5
-11
-17
-21
-25
-23
-24
-23
-23
-14
-9
-7
2
10
19
27
34
37
38
36
35
33
29
28
27
15
3
-2
-10
-27
-37
-35
-29
-30
-37
-32
-25
-23
-24
-16
-15
-19
-21
-22
-19
-20
-22
-24
-33
-41
-46
-51
-57
-59
-51
-46
-44
-34
-25
-16
-4
0
6
10
15
24
22
18
12
3
-16
-24
-28
-34
-47
-56
-58
-66
-68
-68
-62
-61
-58
-59
-61
-64
-58
-52
-51
-48
-45
-45
-52
-48
-37
-34
-41
-46
-45
-40
-27
-11
8
17
20
25
28
40
52
58
61
64
73
78
79
77
78
68
58
59
66
70
70
65
49
41
41
44
44
44
47
40
33
34
41
38
27
28
28
32
38
46
54
46
49
52
57
62
63
66
61
57
56
54
41
34
26
14
7
6
15
12
9
0
-7
-6
-1
4
11
11
5
0
-12
-16
-16
-27
-45
-55
-61
-63
-62
-64
-65
-75
-84
-84
-82
-78
-68
-61
-60
-58
-50
-43
-44
-41
-35
-34
-31
-23
-6
-2
-5
-5
0
-2
-1
16
21
19
13
15
8
1
0
2
-3
-10
-11
-19
-26
-34
-38
-47
-48
-44
-43
-47
-42
-35
-32
-35
-35
-28
-25
-19
-8
-3
-10
-16
-15
-10
-13
-11
-7
-8
2
14
27
26
30
36
32
33
43
54
52
50
53
51
36
23
15
4
-7
-13
-16
-18
-23
-21
-18
-22
-23
-17
-11
-3
10
19
27
30
42
57
60
66
64
64
75
87
95
89
82
76
67
73
83
90
93
87
87
83
75
66
63
54
39
30
21
12
5
-1
-6
-15
-29
-33
-38
-42
-45
-43
-48
-61
-58
-48
-46
-49
-55
-53
-50
-46
-35
-27
-29
-32
-24
-20
-17
-16
-19
-24
-21
-20
-23
-28
-31
-31
-40
-49
-57
-67
-74
-73
-59
-50
-44
-39
-38
-39
-31
-26
-27
-29
-32
-22
-19
-21
-19
-21
-24
-26
-23
-25
-31
-27
-20
-13
-11
-2
7
0
7
19
23
19
23
34
37
35
31
23
9
2
4
11
10
13
9
1
-10
-15
-24
-33
-30
-23
-20
-20
-22
-23
-29
-32
-28
-36
-46
-52
-45
-42
-38
-32
-32
-33
-29
-13
-2
8
15
30
33
30
34
33
26
18
21
24
24
28
28
24
20
26
36
47
60
70
75
74
75
80
83
75
72
59
42
34
33
32
24
16
1
-12
-10
2
15
13
12
21
27
34
49
56
52
37
36
41
41
42
35
21
0
-6
-3
-2
-7
-9
-15
-28
-30
-19
-15
-15
-17
-13
-15
-21
-21
-17
-26
-38
-45
-52
-54
-47
-34
-39
-47
-46
-42
-33
-15
3
13
10
5
8
8
11
12
9
5
-2
0
-5
-19
-24
-31
-37
-31
-17
-4
-1
8
9
11
13
16
23
21
20
17
9
-6
-12
-7
-6
-16
-15
-15
-16
-10
-5
2
-2
-8
-4
8
18
24
21
17
9
9
8
7
12
10
2
-12
-19
-19
-29
-38
-39
-40
-41
-43
-38
-38
-45
-48
-50
-49
-43
-32
-28
-38
-46
-45
-45
-34
-22
-8
-8
-13
-11
-4
2
3
4
2
4
15
26
28
28
26
23
23
26
42
51
56
63
76
80
85
92
94
92
93
92
92
91
89
81
65
56
54
53
45
39
34
25
13
14
24
33
32
23
9
-5
-8
-7
-10
-12
-13
-16
-21
-24
-22
-28
-38
-36
-24
-20
-18
-12
-12
-23
-29
-22
-15
-14
-15
-12
-24
-34
-40
-42
-40
-39
-33
-28
-31
-31
-29
-28
-22
-20
-22
-27
-28
-21
-26
-38
-44
-49
-62
-73
-77
-76
-87
-100
-100
-101
-97
-91
-79
-63
-43
-25
-14
0
13
28
33
32
40
48
49
54
60
61
47
35
36
40
46
50
50
48
42
42
45
44
44
42
28
14
4
-6
-29
-48
-59
-74
-87
-89
-90
-99
-101
-100
-100
-98
-94
-82
-77
-80
-81
-73
-65
-60
-55
-53
-53
-57
-49
-42
-37
-31
-25
-24
-22
-5
13
25
33
49
59
67
84
98
108
108
111
115
115
113
111
110
101
100
107
109
111
112
107
98
98
101
106
114
123
128
129
129
127
120
106
96
92
80
68
70
67
49
27
11
-2
-12
-19
-16
-17
-22
-29
-37
-39
-44
-55
-60
-64
-63
-55
-56
-63
-69
-76
-82
-83
-76
-75
-77
-77
-72
-67
-67
-62
-59
-61
-66
-61
-56
-58
-53
-49
-52
-48
-42
-35
-26
-21
-15
-10
-4
10
25
31
30
29
30
29
38
48
52
52
50
61
67
67
65
63
59
52
48
48
44
33
28
21
17
23
20
11
2
2
-3
0
0
-2
1
0
-4
-9
-14
-26
-22
-26
-33
-45
-56
-59
-72
-74
-84
-94
-99
-87
-78
-87
-78
-65
-50
-37
-24
-25
-25
-20
4
28
33
44
46
52
51
60
67
68
60
50
49
47
58
58
53
48
70
91
101
111
101
93
78
74
80
67
51
49
50
27
12
12
0
-8
-9
-25
-26
-17
9
32
25
25
40
63
87
92
82
64
43
45
49
47
28
11
0
-14
-2
-3
-9
-15
-25
-29
-27
-5
7
13
-9
-22
-29
-42
-47
-65
-71
-70
-60
-67
-83
-101
-103
-102
-107
-99
-80
-65
-60
-58
-77
-93
-90
-59
-24
-24
-48
-69
-77
-73
-65
-62
-73
-92
-83
-75
-80
-81
-88
-81
-79
-67
-36
-39
-52
-37
-30
-21
-8
1
7
-21
-20
-2
-12
-18
-18
-16
-16
-10
-13
-11
-17
-28
-7
10
3
5
3
-2
3
1
-20
-48
-58
-56
-65
-74
-90
-105
-125
-129
-111
-126
-161
-170
-180
-182
-163
-153
-148
-147
-129
-88
-58
-60
-53
-47
-37
22
56
81
97
97
119
157
179
181
183
148
154
172
162
153
141
138
149
158
155
158
149
148
175
203
221
227
211
186
185
155
118
117
122
142
153
131
132
136
140
169
190
183
169
176
195
239
244
205
175
192
163
169
139
61
30
-19
2
4
1
-38
-73
-93
-63
-19
-22
-27
-74
-91
-66
-11
24
-13
-70
-30
14
78
57
-20
17
24
88
118
-67
-138
-195
-67
-16
-86
-132
-153
-102
68
40
-300
-303
-582
-391
-392
-716
-794
-1450
-2255
-2127
-1872
-1780
-1353
-2260
-2239
-1294
-1099
-206
-438
-1155
-953
-46
436
1011
634
-389
64
544
876
1451
878
513
1613
1731
2154
2375
1459
1507
2123
2100
2409
2202
1270
1886
1677
1401
1267
685
825
1083
886
86
-227
-704
-861
-816
-1780
-2306
-2401
-2679
-2286
-2366
-2684
-2200
-1889
-1524
-1537
-1963
-2014
-1919
-2426
-2632
-2553
-2192
-1382
-1129
-744
174
1364
2005
2357
2236
1500
1556
1210
781
996
1004
1956
3101
3801
4495
5060
5431
5398
5021
4458
4087
3647
3043
2193
1706
1110
1354
1448
950
1583
562
511
222
-874
-971
-1978
-2579
-3145
-3380
-3836
-3812
-3773
-3906
-3708
-3676
-3466
-3202
-2757
-3364
-2982
-3650
-4051
-3051
-4425
-3136
-3753
-4330
-2405
-3198
-2009
-1200
-1410
-336
-355
-576
74
-110
-66
-272
-469
-127
-82
655
733
1591
1616
2350
3214
3088
4569
4194
4199
4535
4402
4380
4767
4719
4422
5063
4508
5202
5564
5570
5598
4621
3914
3300
2939
1828
1042
-393
-1134
-1272
-2158
-1930
-2149
-2235
-2403
-2834
-2981
-2824
-3066
-4052
-4647
-5523
-5425
-5486
-5705
-5608
-5344
-4899
-4396
-3530
-2793
-1592
-1361
-1109
-735
-606
416
178
-493
-266
-812
-406
-86
-184
508
512
400
684
972
1212
980
294
-345
-392
-716
-708
-718
-1059
-669
-485
-4
802
1297
1697
2129
2141
2383
3039
2660
3068
2973
2929
4026
3995
4658
5657
5993
6738
6603
5228
5940
5422
4418
4110
1557
1482
852
-236
-289
-832
-889
-1229
-1479
-2097
-1643
-2125
-2971
-3645
-5039
-5212
-5590
-6502
-6877
-7081
-7408
-6448
-6490
-5606
-4428
-4142
-3115
-2734
-1885
-1448
-1141
-756
-880
-1037
-1121
-1003
-584
-335
-526
-164
333
706
999
1485
1488
1678
1444
1120
1832
1426
1611
1413
1332
1880
2175
2744
3330
3762
4112
4892
5577
6101
6662
6434
6682
6413
6237
5114
4336
4359
2891
2910
999
789
1115
24
239
-539
-208
-412
-1007
-1545
-1860
-2245
-3290
-4328
-5285
-5710
-6124
-6800
-7511
-7120
-7230
-6619
-6450
-6004
-4774
-4499
-3722
-3675
-2616
-2115
-2165
-2299
-1611
-1697
-987
-1383
-1427
241
-312
882
242
903
1509
1019
1404
1026
1390
972
1066
850
1523
1805
1952
2627
3142
3935
4500
5177
5003
6158
6126
6577
6468
6165
6920
6660
5768
4309
5050
4194
4056
2652
1183
2230
841
499
-149
-411
-470
-1504
-2274
-2532
-2490
-3303
-4194
-5581
-5716
-5976
-6104
-7173
-7442
-7355
-7316
-6991
-7320
-5951
-5537
-5008
-5301
-4182
-2494
-2339
-1973
-2421
-1505
-577
-784
-694
-210
-388
-31
-347
266
1065
770
733
535
1448
1772
2569
2053
2489
3190
3318
4454
4318
4963
5359
5255
5830
6253
6844
7383
7079
7334
7613
8211
6559
6442
6386
4715
5352
1933
2226
1917
221
-79
-1665
-1162
-1778
-2038
-2858
-2699
-3031
-3791
-4370
-5307
-5581
-5551
-6992
-7907
-7941
-8637
-7690
-8745
-8427
-7548
-6860
-5934
-6072
-3749
-3171
-1723
-2136
-1308
366
42
737
-320
427
772
131
91
367
614
768
376
1002
1413
2262
2545
2507
3688
3536
4907
4455
4799
5511
5215
6027
5407
6081
6673
6613
6857
6575
7899
7239
5682
6778
5206
5988
4078
1643
2743
791
647
-1221
-1754
-1774
-2545
-2879
-3910
-2970
-4080
-4203
-4949
-6104
-5102
-5873
-7342
-7590
-8715
-7850
-8137
-9307
-8435
-8278
-6932
-7308
-6101
-4624
-3324
-2530
-2894
-733
-97
393
516
-113
977
393
65
238
-202
463
-361
-220
385
707
1951
1622
2704
3017
4363
5257
5103
5886
6112
6945
6439
6550
7382
7018
7412
6789
6725
7784
5372
6529
5412
4903
5167
2004
3138
1706
1019
-70
-1216
-1295
-2432
-2090
-3947
-3284
-4310
-4830
-4888
-6346
-5903
-6022
-7539
-7435
-8303
-8101
-7422
-8969
-7957
-8113
-6718
-6544
-6127
-4400
-3597
-2073
-2294
-214
428
1516
1757
1495
2932
2546
2874
2608
2278
2930
2681
2213
3130
2555
4005
4087
4265
5700
5935
7733
7673
8548
9142
10490
9848
9712
11100
9909
11287
9465
9956
9848
8430
8871
7528
7823
6729
5708
5113
5041
4148
3194
2644
1659
1325
586
-95
-1152
-1909
-2780
-3424
-5206
-5409
-6003
-7356
-7671
-9276
-8270
-9169
-9381
-9608
-9465
-8366
-8771
-8362
-7855
-6562
-6569
-5864
-5443
-4483
-4171
-3907
-3526
-3285
-2770
-2956
-2574
-3086
-2117
-2429
-2154
-2274
-2333
-1405
-1645
-754
-1157
84
497
683
1323
1639
2792
2571
2561
3203
3740
3422
4043
3427
4341
2906
1968
3050
1087
2137
-882
-1147
-1486
-1977
-2800
-3918
-3626
-5011
-3736
-5701
-4965
-5389
-6550
-5757
-8154
-8045
-7822
-9258
-10112
-10977
-11600
-10415
-12222
-12142
-11439
-11145
-9646
-10333
-8657
-7269
-5518
-5738
-3811
-3185
-1714
-621
-1411
987
-89
1391
1307
547
1951
1901
2069
2326
2312
3288
4492
4087
5559
5967
7323
7977
8455
9161
10665
10675
10333
11723
11102
12975
11920
11996
12720
12682
11172
11537
11105
10019
10886
6923
7796
6990
5880
5210
3360
2832
2874
2317
172
1576
-1115
175
-1087
-3376
-1867
-3480
-3781
-4860
-6079
-5343
-5177
-7415
-6027
-6537
-5607
-4441
-6114
-3503
-2799
-1746
-1167
-501
270
2220
1443
2072
3161
1994
3788
1742
2186
2260
1638
1367
511
487
998
991
604
1472
1603
2980
3005
3767
4371
5555
5514
5609
6006
6397
6577
5414
5863
4986
5603
2065
3207
1742
446
799
-3508
-1909
-3417
-4088
-5032
-5821
-6190
-5461
-6454
-7626
-5734
-8313
-6065
-8283
-9292
-7751
-9051
-8984
-9720
-10518
-8798
-9004
-10268
-7661
-8563
-6041
-6160
-6065
-3120
-2604
-1237
-1148
-26
903
2820
1162
2872
2638
2671
3817
1566
3223
2248
2728
2027
1785
2139
3029
2822
3010
4011
4592
6066
5738
7204
7355
8807
8661
8578
9652
9507
10029
9111
9370
9458
10109
6580
8514
6991
6147
7023
2256
4517
2932
1905
1443
-113
-132
720
-1189
-2009
-216
-2980
-182
-3062
-3707
-2030
-3905
-3051
-4701
-5538
-3794
-4666
-5955
-4060
-5250
-2879
-3337
-3613
-684
-677
894
802
1593
2759
3962
2319
3255
3039
2284
2750
-178
326
-941
-1648
-3067
-4292
-4695
-4575
-4920
-6076
-5048
-4961
-4168
-3731
-3652
-2611
-1271
-1877
-950
-661
-430
574
-829
-342
-60
-195
-2896
-1513
-3433
-3375
-3664
-7437
-5394
-7411
-7360
-8295
-9496
-9181
-8276
-9652
-10051
-8464
-10198
-7384
-9763
-9699
-7866
-8905
-7522
-8629
-8972
-6471
-6963
-7286
-5241
-5854
-2896
-2865
-2469
505
1291
2993
4165
4788
6750
8833
7388
9471
9209
9828
10713
8653
9612
9147
9086
8302
7868
7555
8726
8435
7944
9142
9528
10869
11106
11336
12361
13430
13026
13708
13300
13419
14113
12401
12459
12123
11813
9047
9872
7673
7374
6768
2825
4467
1829
1599
302
-1475
-1582
-1350
-3297
-4239
-3402
-5938
-3638
-7271
-7630
-6895
-9119
-8125
-10741
-11807
-10398
-11841
-12891
-12108
-13504
-11013
-11803
-12140
-9525
-9485
-7494
-6760
-6417
-4469
-2872
-3663
-1454
-2319
-1290
-524
-2464
-960
-2242
-1736
-2312
-2912
-2884
-1939
-1814
-1803
-699
-112
2032
2196
3380
4810
6419
6895
7939
8311
9576
10385
9895
10184
10958
10298
8435
10870
6696
9492
6618
4933
6765
3419
4729
3359
2090
2524
3263
135
2637
663
-99
2412
-3381
-153
-2426
-3288
-2482
-6508
-5785
-4929
-7679
-7059
-7367
-8452
-5136
-8274
-6140
-4934
-4921
-2636
-2849
-2693
-8
-209
-309
1425
-1310
1921
-177
-743
-305
-2164
-1212
-2675
-3251
-3792
-2548
-4052
-2592
-3344
-2161
-583
-1339
534
792
2165
2502
3196
3075
4514
3892
4123
4105
3528
4463
1274
3070
513
1184
-68
-1930
-1583
-2708
-2756
-4014
-3811
-5134
-3152
-5604
-4840
-4437
-6083
-3650
-7413
-5888
-6529
-7077
-6891
-8762
-8867
-7976
-8892
-9257
-8307
-9158
-6184
-7580
-6075
-4113
-3342
-1105
-673
296
2566
3816
3728
5274
4344
6345
5533
5191
5274
4433
5170
3485
3906
2898
4279
3706
4143
4416
5528
6689
7139
8304
8404
11005
10015
11706
11327
11895
12827
11126
11964
10916
11555
8248
9191
7115
6536
6249
2601
3938
1503
1762
80
-368
-1487
-677
-2417
-3480
-2108
-5259
-2805
-6612
-6699
-6592
-8420
-8238
-10527
-11631
-10927
-11648
-13642
-12052
-13824
-11323
-12145
-12371
-9485
-9369
-7422
-6889
-6193
-4232
-2197
-3019
-918
-1915
-145
370
-1148
23
-1142
-77
-1473
-1450
-2074
-645
-1103
-904
-424
248
2477
2043
3686
3864
6222
6469
7045
7582
8140
9240
8280
8695
7897
9247
6170
6738
5434
3985
5249
1072
1878
296
-36
-743
-1539
-3058
-1441
-3144
-4085
-2319
-5732
-2590
-5797
-6307
-5552
-7624
-6718
-8582
-10148
-9160
-9658
-11346
-9649
-11589
-9188
-9179
-9840
-6598
-6702
-4402
-3427
-3007
-844
1152
1008
2509
2365
3512
4306
3208
3732
3100
3580
2584
2449
1677
2499
2556
1980
2627
3083
4527
4928
5378
6286
7890
8432
9157
9565
9922
11671
10317
10900
10628
10913
10566
7619
9146
6827
7313
5577
3443
3822
2847
2035
1654
336
450
1470
-1456
384
-773
-1123
-35
-3896
-2041
-3349
-4027
-4187
-6916
-6709
-6160
-8227
-7999
-8185
-8459
-6244
-8496
-6058
-4793
-4211
-2105
-2475
-799
1401
1690
2508
2787
2760
4939
3108
3640
3195
2692
3027
1246
1439
1281
1557
1031
1218
1086
3219
3070
3691
4584
5190
7460
6857
7945
8272
9074
9515
8782
9046
9048
9350
6885
6603
6162
5257
5016
2207
1835
1520
692
-117
-760
-1738
-789
-1807
-2984
-1596
-3292
-2169
-3876
-5291
-4181
-5493
-5785
-7192
-8816
-8188
-8726
-10458
-9776
-10676
-9711
-9512
-10178
-7783
-7012
-5988
-4843
-4362
-2332
-436
-419
826
623
1770
2488
1546
1831
1390
1295
401
24
-480
374
-386
-429
-71
593
2252
2076
3088
3773
5497
5762
6973
6915
7898
8595
7785
8589
7874
8880
8171
6297
5738
6580
4451
5030
2171
1601
2290
-316
431
-1082
-1616
-1092
-2664
-3503
-2040
-3891
-3248
-4713
-6445
-4433
-6838
-6332
-7901
-9196
-8409
-9381
-10192
-9832
-10058
-9847
-9192
-9990
-7034
-6891
-5680
-4833
-4055
-1811
-946
250
512
1197
1818
2335
1855
2308
1558
1513
488
-47
462
-419
-136
-930
-364
482
1165
1557
2482
3127
4477
5453
5776
7155
7338
8046
8161
8042
8963
8448
8599
7318
5903
7487
5061
5354
3587
2116
2747
1071
429
652
-1182
-922
-969
-3272
-876
-3106
-3100
-3101
-5956
-3856
-5756
-6245
-6648
-8658
-8653
-8580
-10255
-9561
-10194
-10833
-8997
-10603
-7787
-7444
-6709
-5026
-4532
-2519
-1045
125
764
1791
1602
3365
2792
3036
2699
2089
1710
1269
1106
479
679
-446
705
307
1444
1981
2269
3033
3975
4876
5714
6689
6076
8030
6977
8144
8174
7536
8708
7391
6210
6548
6332
4722
5629
1867
3192
2215
795
1953
-826
-439
-267
-1719
-1713
-1390
-3395
-2000
-4646
-4866
-3888
-6366
-5363
-7749
-8486
-7880
-8758
-9546
-9226
-10459
-9214
-8999
-9441
-6836
-7318
-5580
-4492
-3976
-1642
-252
-68
1552
1330
2510
3930
2430
3413
2498
2063
2263
1214
900
1181
-230
625
510
597
2270
1727
2718
3733
4369
5911
6548
6225
8224
7610
8510
8786
8134
9025
8494
6619
6881
6770
4639
6060
2003
2776
2270
520
1486
-527
-1061
-231
-1276
-2059
-417
-3324
-1145
-3364
-4503
-2808
-5614
-4620
-6770
-8028
-7809
-8106
-9847
-8963
-10700
-9831
-8904
-10171
-7155
-7754
-5783
-4674
-3658
-2069
187
395
1806
2411
2652
4583
3302
3627
3111
2697
2129
2130
418
1100
221
-392
609
-406
1460
1401
1638
2537
3789
4063
5760
5136
5929
7243
6121
8136
6379
7664
7143
7696
5980
5660
7065
4317
6142
2839
3416
3225
2147
1619
1493
-685
940
75
-2596
742
-3436
-1178
-2950
-5093
-2704
-5515
-5583
-5744
-8364
-7533
-7128
-10293
-7760
-10453
-9085
-7760
-10197
-6701
-7232
-6385
-4248
-4544
-2770
-362
-1468
1324
673
1444
3481
1759
2772
2404
1705
2030
1313
255
1105
-540
-19
34
-563
1020
667
1269
1888
3126
3599
5150
4963
5949
7030
6988
8165
7761
8500
8160
9383
6355
7662
7683
5230
7233
2998
4011
3776
1665
2314
1233
-1105
1821
-1093
-1550
624
-3670
-110
-3459
-4220
-2149
-5492
-4780
-5608
-8612
-6677
-7958
-10116
-7958
-11541
-8866
-9086
-10530
-7209
-8055
-6618
-4602
-4756
-2555
-313
-1026
1820
1097
2221
3958
2635
3113
3083
2000
2218
1766
-31
1286
-634
-303
-13
-1025
655
787
450
2011
2536
3194
5061
3945
5915
6350
6052
7977
6517
7681
7951
7527
7709
5606
7259
6180
4982
5172
2962
3619
2971
1350
2239
161
251
1232
-2195
-269
-1388
-2896
-1432
-5434
-3498
-4562
-6713
-5354
-8359
-8356
-7547
-10046
-9212
-9736
-10890
-8104
-10846
-8586
-7428
-8228
-5145
-5830
-3945
-2250
-1935
-479
366
189
2086
1737
1526
2138
1205
1378
702
420
-77
49
-839
-183
-419
-181
1111
939
1536
2839
3414
4393
5538
5082
7333
6684
7905
8190
7854
9132
8356
8911
6559
8268
6810
6391
5686
3603
3967
2947
1962
1467
616
-948
1120
-2425
-1143
-1445
-3423
-1503
-5225
-3941
-4295
-6069
-5872
-7182
-8992
-7127
-9506
-9661
-9026
-11450
-8092
-10234
-9081
-7162
-7761
-5418
-4663
-4269
-1234
-1093
-154
1703
557
3198
2927
2290
3183
1934
2086
2069
449
911
356
-648
500
-776
300
888
813
1663
2365
3121
4688
4650
5398
6687
6622
7993
7758
8003
8854
8442
9182
7994
6930
8958
6089
6799
5395
3683
4948
2529
2386
2221
-202
1159
168
-2128
94
-2694
-1968
-2551
-5343
-2731
-5591
-5531
-5772
-8168
-7360
-7677
-9541
-8398
-10080
-9467
-8155
-10406
-7172
-7869
-6540
-4952
-4912
-2847
-1571
-1061
552
858
1295
2963
1955
2698
2135
1893
1720
898
315
156
-347
-788
-529
-1084
-107
207
543
1184
2256
3032
4299
4655
5556
6750
6910
8007
8307
8262
9467
9043
9581
8532
7754
9602
6542
7652
5743
4692
5215
3133
2858
2489
221
1455
82
-2064
275
-3179
-1759
-3445
-5210
-3383
-6321
-5898
-6771
-8677
-8186
-8477
-10540
-8994
-11240
-9745
-9442
-10942
-7688
-8886
-6782
-5964
-5184
-3482
-2081
-1429
182
161
1327
2662
1503
2895
1622
1999
1510
930
506
-25
-436
-423
-703
-952
197
45
961
1121
2568
3174
4316
4713
5614
6591
6801
8246
7719
8371
8900
9034
9056
9283
7000
9516
7058
6777
7488
3683
5815
3464
2420
3120
420
496
916
-2763
-436
-2271
-3906
-1982
-6508
-4203
-5733
-7346
-6179
-8934
-9191
-8232
-10759
-9713
-10114
-11608
-8804
-11268
-8927
-8236
-8281
-6040
-5776
-4727
-2442
-2212
-1066
492
-361
2301
1148
2009
2051
1157
1651
1068
379
356
-120
-686
-49
-1240
291
-11
636
1288
1718
3088
3816
4684
5380
6437
6701
8282
7851
9018
8811
9646
9434
9833
9302
7917
10111
6578
8453
6213
5126
5612
3505
3052
3025
207
1024
342
-2914
184
-4200
-2669
-3848
-6571
-4365
-7102
-7234
-7138
-9531
-9268
-8608
-11557
-8855
-11638
-10581
-9242
-11465
-8159
-8963
-7653
-6174
-5734
-4449
-2015
-2701
-59
-170
466
2557
1241
2548
1875
1947
1770
1547
370
967
-138
15
53
-577
497
555
1080
1521
2713
2975
4895
4241
5757
6739
6610
8423
7524
8800
8955
9183
9588
9736
9756
8781
9306
8563
8026
8089
6080
5559
5166
3505
3778
1691
253
1284
-2005
-1336
-2247
-4478
-3082
-6293
-6104
-5993
-8227
-7100
-8789
-10396
-8524
-10603
-10223
-9830
-12179
-9132
-10943
-10143
-8278
-9460
-7010
-6637
-6295
-3638
-3368
-2356
-429
-1546
1415
1491
991
2615
1101
1927
2061
780
1252
539
-154
1029
-547
211
1048
362
1580
1801
2397
4124
3843
4615
5968
5507
7570
7291
7419
8671
8384
9101
9763
8718
10989
8549
8651
10130
6753
9512
5912
5284
5764
2992
3624
2216
-992
1115
-1822
-2964
-1490
-5889
-2936
-6367
-7085
-5653
-8631
-7475
-8509
-10718
-9145
-10187
-11093
-9463
-12835
-9747
-10955
-11009
-8699
-9935
-7769
-7279
-6518
-4588
-3427
-2647
-624
-1087
1033
1949
2295
2896
2368
2969
2905
2930
2135
2062
1438
1535
1291
991
1364
1830
1471
2312
2723
3582
4629
4155
5488
5579
6845
7182
7111
7759
7952
8908
8249
9327
8822
10212
8138
8446
9275
7299
8774
5609
5447
4827
3879
2927
1991
-922
585
-1557
-3227
-1959
-5585
-3559
-6481
-6969
-6297
-7968
-7715
-8377
-10318
-9399
-9217
-10949
-9325
-12249
-9890
-10220
-10914
-8849
-9770
-8174
-7276
-6787
-5270
-3378
-3234
-817
-1380
782
2734
2124
3480
3117
3531
4430
3743
3184
3349
2131
3115
2008
1467
2370
1867
1861
2249
2377
3599
3894
3337
4886
4404
5960
6112
5652
6377
6716
7230
7427
6808
7935
7919
8212
7081
6823
8652
5743
7533
4482
4152
4980
2386
2343
754
-1507
403
-2683
-4329
-2420
-6842
-3995
-7316
-8276
-5966
-9301
-7887
-8933
-11010
-8474
-9542
-11167
-8730
-12465
-8647
-9942
-11054
-7852
-9864
-7307
-6821
-7016
-4347
-3124
-3208
-72
-1307
2098
2997
2638
4400
3880
5220
5158
4876
4322
4670
3731
4070
3031
2775
2942
2829
1971
2553
2747
2755
3742
2137
4037
3831
4031
4940
3976
4561
5818
4714
5958
5765
5298
8040
5159
8087
6082
6181
8213
4524
6791
4660
3526
4253
1681
954
1659
-2819
29
-3422
-4494
-2244
-6865
-3949
-6666
-7171
-5358
-7887
-7305
-6678
-9505
-6861
-8662
-9414
-7277
-10822
-7635
-9362
-9614
-7222
-8594
-6885
-6108
-6056
-3269
-2837
-1826
702
269
3081
3766
4263
5755
5431
6261
6234
5703
5796
5074
4261
4028
2894
2490
2054
1678
993
987
850
1222
1334
1067
1785
1889
2278
2750
2673
2710
3819
3072
3965
3790
3926
4929
4276
4776
5945
4281
5105
5910
3427
6514
2950
3642
3863
1218
2838
750
-1219
716
-2449
-2843
-1857
-5944
-2760
-6326
-6616
-4960
-8271
-6351
-7374
-9152
-7072
-8442
-8910
-7007
-10363
-6962
-8267
-8763
-6016
-7896
-5709
-5045
-4934
-2711
-1795
-1525
1592
446
3069
4369
4107
5972
5231
6088
6252
5640
5185
5286
3500
4096
2573
1690
1869
745
497
61
-284
267
258
-684
741
-166
850
995
487
1449
1336
1778
2476
1997
3408
3901
3518
5520
4889
6746
5002
6782
6609
6028
6883
4830
5213
4323
3441
3069
1568
-169
1413
-2423
-1204
-2276
-3984
-2383
-5947
-4048
-4836
-5944
-4931
-5998
-7273
-5053
-7635
-6126
-6851
-8483
-5411
-8596
-6431
-6346
-6921
-5024
-5074
-4534
-2079
-2602
-184
862
357
3994
3142
4623
5460
4570
6199
5413
4631
5150
3267
3217
2760
478
1102
-252
-863
-1050
-2301
-1697
-1598
-2520
-1525
-1896
-1385
-531
-960
-198
255
417
1450
1316
1789
3406
2678
4135
4495
5347
6450
6787
5848
8018
7288
7406
8409
5204
7295
5436
4762
4812
2306
1940
2181
-1271
-16
-1536
-3315
-1529
-5963
-3640
-4907
-5949
-4888
-6992
-7205
-5754
-7959
-6910
-7435
-9210
-6121
-9309
-7313
-7256
-7859
-5970
-6474
-5759
-3474
-3723
-2199
-797
-1339
2340
1372
3001
3590
3052
4669
4090
3492
3684
2429
2026
1611
-446
289
-1328
-1540
-2142
-2660
-2182
-2044
-2306
-1866
-1490
-806
113
-239
488
925
1592
1815
2213
2327
3519
3534
4064
4913
5407
6931
6907
8229
7415
9176
9616
8870
9846
8139
8668
8095
6609
6324
4964
2817
3760
193
409
-318
-2861
-1790
-5021
-4338
-4321
-6209
-5517
-6355
-7548
-5625
-7778
-7292
-7106
-9147
-6628
-9121
-8427
-7490
-8977
-7536
-7725
-7599
-5420
-6238
-4870
-3394
-3775
-629
-854
255
1679
1795
3258
3534
3204
4264
3436
3198
3236
2016
1972
1251
422
-124
-509
-932
-516
-1589
-1251
-752
-862
16
-22
278
1235
1454
1913
2752
2256
4003
3690
3955
5408
5000
6518
6497
6992
8272
8715
8473
8972
9211
8878
9620
7802
7807
6903
6022
5356
3962
2299
2339
432
-834
-930
-3273
-2581
-4733
-5609
-5257
-7048
-6733
-7515
-9076
-8426
-9323
-10107
-9385
-11698
-10351
-10983
-11989
-10327
-11718
-10358
-9744
-10089
-7956
-7354
-6481
-3984
-4257
-1612
11
534
2826
2879
4298
5723
5280
6211
6262
5661
6536
5190
4684
4988
3574
3612
2768
1854
2607
1491
1157
1705
491
1800
1278
793
1745
1108
1662
1902
1028
2250
2059
1792
2939
2520
3519
4327
3941
5777
5896
6914
7528
6586
8633
7461
8238
7245
6293
6166
5279
3996
3442
1271
1155
56
-2195
-1442
-4056
-3263
-5168
-6007
-5630
-6996
-6869
-7635
-8737
-8601
-8787
-9895
-9118
-11341
-9663
-10604
-10874
-9763
-10537
-8856
-8814
-8008
-6467
-5389
-4200
-2115
-2076
780
1793
3194
4771
4917
6959
7217
7712
8059
7953
8004
7758
6807
6711
5597
5221
4042
2840
2614
1644
1231
-22
-362
-513
-783
-1216
-1306
-1709
-1043
-1600
-1204
-1111
-1139
-194
-800
-26
572
985
1735
2042
2682
4138
4244
5691
5924
6769
6847
7478
7809
7236
7651
6314
6104
5244
4441
3616
2233
573
627
-1679
-1918
-2819
-4659
-4166
-6488
-5817
-6534
-7537
-7215
-8026
-8810
-7800
-9251
-8491
-8933
-10012
-8163
-9906
-8409
-8333
-8691
-7114
-6915
-5967
-4145
-4294
-1968
-886
-249
2644
2560
4697
5566
5930
7611
7694
7683
8628
7234
7764
7301
5699
6211
4203
3680
3020
1370
1314
469
-1177
-512
-2203
-1836
-1941
-3186
-2272
-3055
-2883
-2296
-2993
-2383
-1775
-2601
-830
-1430
-522
491
189
1710
2499
2777
4636
4758
5467
7341
5648
8571
7421
7571
8483
6392
7147
6604
4879
5435
3187
2129
2997
-854
769
-1640
-2676
-2248
-4960
-4107
-4928
-6456
-5646
-7080
-7756
-6257
-8914
-7083
-8564
-8814
-7357
-9056
-7656
-7556
-7921
-6298
-6271
-5639
-3636
-4282
-1760
-1412
-458
1752
1933
3386
4452
4668
6315
6451
6592
7530
6469
7401
6622
6040
5663
4976
3863
3401
1995
1491
519
-944
-1091
-2342
-2591
-3202
-3713
-4243
-3730
-4334
-3689
-4013
-3695
-2695
-3206
-1914
-1648
-1147
-282
146
902
2220
2181
3804
4087
4715
6396
6150
7467
7794
7472
8560
8243
7794
8589
6358
7019
5928
4680
4837
2642
1998
1521
-759
-558
-1935
-3488
-3075
-5790
-5039
-5965
-7141
-6662
-8103
-8209
-7819
-9038
-8210
-8677
-9353
-7899
-9192
-7839
-7663
-7803
-6404
-6469
-5420
-4038
-3998
-2351
-1481
-935
1172
1238
2803
3592
3928
5364
5694
6121
7005
6652
7121
7231
6755
7052
6303
5743
5353
4306
3766
3152
1696
1234
43
-737
-1248
-2495
-2933
-3446
-4301
-4149
-4684
-4929
-4362
-4954
-4174
-3797
-3585
-2485
-2481
-1532
-320
-248
1322
1716
2330
3872
3777
5218
5635
5995
7037
6282
7293
7502
6836
7416
6152
6316
6108
4801
5069
3504
2869
2697
802
874
-443
-1531
-1775
-3752
-3600
-4585
-5903
-5849
-7364
-7570
-7768
-8877
-8315
-9327
-9196
-8483
-9080
-7857
-7782
-7178
-5926
-5576
-4095
-3115
-2443
-716
-258
1063
2382
2878
4202
4477
5371
6124
6283
6831
6908
6887
7221
6878
6676
6346
5710
5384
4341
3761
2869
1781
711
-369
-1519
-2510
-3690
-4679
-5588
-6425
-6929
-7531
-7804
-7826
-7739
-7534
-6922
-6293
-5459
-4631
-3486
-2364
-1163
27
1170
2387
3466
4555
5518
6220
7116
7655
8241
8794
8977
9351
9015
9467
9300
8958
8812
8007
7712
7110
6246
5694
4515
3510
2927
1128
723
-754
-1877
-2743
-4283
-4631
-5731
-6698
-7071
-7984
-8453
-8402
-9264
-8706
-9361
-9049
-8570
-8798
-7790
-7551
-7032
-6073
-5654
-4626
-3687
-3337
-1857
-1615
-598
415
750
1822
2107
2702
3501
3588
4165
4421
4430
5010
4901
5106
5189
4928
4947
4438
4158
3811
2823
2330
1132
413
-459
-1705
-2381
-3561
-4197
-4709
-5474
-5385
-5771
-5667
-5279
-5161
-4077
-3787
-2830
-1938
-1319
86
682
1583
2693
2909
4226
4497
5195
6052
5971
6986
7100
7451
8212
7980
8339
8409
8139
8725
7823
7785
7238
6221
6059
4795
3876
2831
1248
412
-1171
-2593
-3390
-5292
-6036
-7346
-8207
-8584
-9588
-9759
-10140
-10422
-9989
-10099
-9907
-9523
-9435
-8540
-8407
-7711
-7091
-6674
-5807
-5156
-4330
-3397
-2729
-1737
-924
30
1240
2017
3023
3802
4791
5698
6388
7064
7575
8030
8437
8541
8742
8628
8513
8126
7659
7046
6555
5581
4715
3575
2533
1630
111
-572
-2034
-2883
-3799
-4770
-5328
-5944
-6598
-6536
-7137
-6788
-6693
-6770
-5889
-5971
-4956
-4433
-3909
-2885
-2418
-1659
-580
-383
860
1262
1980
3080
3304
4484
5070
5604
6742
7019
7923
8719
8474
9536
8906
9441
9258
8302
8232
6911
6054
5203
3332
2420
832
-1054
-1643
-3996
-4350
-5821
-7026
-7285
-8402
-8315
-8504
-8964
-8379
-8477
-8237
-7320
-7761
-6550
-6693
-6168
-5458
-5569
-4709
-4505
-4238
-3333
-3121
-2232
-1414
-1066
314
819
1990
3078
3664
4830
5437
6111
6912
7013
7520
7541
7390
7375
6842
6422
5799
4924
4264
3361
2517
1576
689
-239
-939
-1833
-2764
-3180
-4243
-4639
-5218
-5949
-6053
-6727
-6986
-6936
-7735
-6963
-7410
-7299
-6643
-6893
-5675
-5383
-4777
-3357
-3088
-1576
-350
155
2134
2505
4004
5139
5492
7234
7471
8202
9264
9194
10352
10412
10508
11314
10713
11210
11016
10276
10370
9452
8679
8037
6322
5716
3972
2475
1270
-717
-1959
-3521
-5064
-6143
-7465
-8474
-8951
-10163
-10091
-10701
-10774
-10621
-10769
-10383
-10093
-9814
-9189
-8804
-8409
-7461
-7335
-6355
-5768
-5092
-4055
-3464
-2502
-1397
-648
684
1581
2449
3831
4479
5546
6367
6813
7681
7817
8071
8434
7981
8151
7661
7159
6861
6081
5554
4929
3954
3659
2719
2145
1667
780
469
-418
-775
-1482
-2068
-2689
-3290
-4049
-4414
-5189
-5511
-6249
-6560
-6874
-7208
-7149
-7407
-7164
-7038
-6532
-6035
-5450
-4643
-3777
-2937
-1888
-961
167
1065
1992
2944
3677
4655
5322
5887
6542
6953
7526
7846
8019
8533
8515
8807
8881
8830
8964
8617
8584
7882
7418
6969
5794
4960
3680
2369
1339
-487
-1632
-3090
-4768
-5373
-7177
-7805
-8682
-9608
-9609
-10474
-10245
-10058
-10349
-9473
-9328
-8822
-7735
-7722
-6343
-6036
-5343
-4014
-3976
-2684
-2072
-1499
-164
98
1239
2110
2510
3946
4213
5049
6013
6119
7059
7053
7388
7875
7286
7535
7063
6580
6344
5311
4791
3978
2944
2438
1240
518
-103
-1213
-1556
-2414
-2765
-3108
-3786
-3791
-4211
-4363
-4415
-4733
-4680
-4837
-4982
-4881
-5017
-5020
-4937
-5004
-4685
-4640
-4240
-3902
-3431
-2975
-2297
-1658
-890
-99
517
1422
2062
2934
3578
4115
4756
5228
5555
5960
6072
6298
6262
6121
6228
5908
5866
5638
5360
5340
5048
5047
4852
4647
4558
4354
3895
3841
3005
2591
2157
926
635
-827
-1538
-2415
-3735
-4330
-5302
-6406
-6438
-7694
-7698
-7909
-8589
-7829
-8580
-7852
-7483
-7666
-6650
-6531
-6110
-5057
-5290
-4037
-3828
-3538
-2257
-2513
-1389
-870
-621
670
769
1760
2714
2825
4325
4601
5371
6450
6528
7575
7756
7987
8747
8199
8541
8281
7691
7661
6572
6107
5332
4138
3592
2415
1432
806
-587
-1040
-2085
-2743
-3208
-4107
-4371
-4832
-5266
-5332
-5669
-5716
-5694
-5908
-5658
-5763
-5634
-5527
-5399
-5276
-5046
-4905
-4596
-4340
-4067
-3660
-3295
-2947
-2382
-2103
-1473
-1016
-677
-23
194
813
1139
1336
1840
1884
2140
2370
2230
2632
2454
2582
2744
2596
2997
2929
3090
3454
3445
4008
4201
4460
5028
5076
5664
5930
6089
6593
6367
6592
6388
6010
6129
5189
4914
4103
3238
2796
1638
947
139
-1059
-1296
-2490
-2979
-3427
-4414
-4349
-5258
-5337
-5462
-6161
-5937
-6368
-6587
-6261
-6870
-6425
-6706
-6783
-6168
-6570
-5947
-5692
-5512
-4518
-4356
-3402
-2533
-2097
-727
-277
722
1804
2257
3327
3704
4295
5078
4961
5544
5483
5423
5571
5027
5022
4573
4036
3863
3187
2876
2551
1899
1826
1241
1084
897
469
482
141
-49
-118
-432
-510
-778
-1046
-1135
-1536
-1765
-2048
-2342
-2528
-2822
-2989
-3121
-3243
-3340
-3314
-3236
-3182
-3032
-2938
-2635
-2432
-2183
-1880
-1720
-1424
-1109
-968
-649
-617
-420
-292
-297
-65
-132
-100
-39
-75
61
88
202
428
415
794
1044
1328
1681
1885
2360
2632
2924
3328
3420
3729
3940
3966
4229
4145
4257
4262
4027
4045
3749
3533
3413
2900
2773
2338
2046
1838
1337
1141
813
435
282
-206
-341
-659
-1120
-1272
-1710
-1931
-2270
-2721
-2886
-3304
-3627
-3814
-4217
-4262
-4569
-4636
-4617
-4682
-4495
-4411
-4154
-3809
-3569
-3157
-2791
-2367
-1836
-1491
-921
-481
-109
393
674
1129
1378
1521
1838
1849
1986
1984
1959
2011
1816
1719
1695
1559
1543
1398
1311
1378
1259
1307
1235
1280
1343
1263
1279
1297
1275
1207
1109
1035
926
705
557
341
147
-26
-214
-333
-514
-569
-615
-630
-565
-547
-483
-387
-279
-223
-67
-67
92
-20
-27
108
-123
-147
-405
-556
-647
-941
-1107
-1248
-1618
-1509
-1878
-1811
-1869
-2034
-1862
-2009
-1777
-1658
-1674
-1387
-1360
-1203
-926
-941
-631
-697
-581
-352
-457
-203
-267
-199
17
-21
302
415
603
1042
1137
1618
1998
2293
2792
2870
3386
3629
3797
4053
3932
3959
3953
3773
3738
3295
3102
2862
2474
2314
1913
1680
1378
1069
934
677
512
321
-12
-140
-405
-544
-866
-1339
-1560
-1983
-2249
-2639
-3074
-3347
-3738
-3962
-4147
-4440
-4398
-4516
-4532
-4346
-4189
-3740
-3532
-3216
-2679
-2229
-1644
-1228
-799
-277
135
590
929
1213
1551
1743
1902
2026
2110
2196
2088
2092
1990
1985
1929
1769
1684
1598
1608
1596
1403
1329
1254
1142
1039
753
609
387
84
-202
-518
-683
-920
-1229
-1432
-1536
-1518
-1599
-1633
-1498
-1308
-1091
-849
-607
-247
49
417
683
968
1263
1442
1617
1701
1788
1805
1707
1570
1426
1231
1082
724
433
49
-198
-480
-911
-1182
-1540
-1770
-2083
-2356
-2474
-2733
-2915
-3021
-3200
-3101
-3246
-3187
-3237
-3167
-2865
-2776
-2491
-2221
-1974
-1526
-1210
-760
-296
14
631
1002
1556
2117
2540
3115
3439
3977
4468
4763
5150
5388
5628
5864
5906
6021
5935
5763
5667
5233
5080
4562
4052
3556
2854
2393
1664
983
445
-271
-810
-1322
-1891
-2118
-2777
-2991
-3293
-3559
-3588
-3932
-3945
-4067
-4253
-4178
-4392
-4447
-4486
-4705
-4547
-4728
-4661
-4556
-4607
-4303
-4216
-3947
-3547
-3338
-2793
-2431
-1893
-1231
-858
-242
287
800
1389
1632
2178
2487
2720
3002
3080
3284
3315
3285
3336
3280
3225
3182
2998
2978
2819
2768
2651
2534
2505
2348
2270
2166
1964
1811
1561
1440
1195
912
710
389
97
-194
-451
-698
-1028
-1321
-1492
-1723
-1826
-2028
-2139
-2149
-2210
-2166
-2178
-2042
-1964
-1925
-1810
-1674
-1514
-1452
-1356
-1247
-1134
-1055
-941
-898
-794
-742
-620
-542
-466
-327
-246
-81
20
191
305
473
584
701
840
990
1065
1087
1113
1187
1208
1086
1050
900
856
684
510
428
236
137
-27
-96
-172
-214
-381
-354
-446
-416
-371
-498
-353
-476
-374
-362
-379
-332
-323
-384
-246
-421
-254
-330
-378
-301
-436
-255
-288
-315
-164
-190
23
121
132
418
473
710
856
935
1230
1255
1379
1538
1486
1693
1596
1621
1640
1579
1651
1599
1451
1614
1418
1428
1419
1115
1310
925
858
702
286
265
-72
-468
-466
-1094
-1014
-1422
-1766
-1659
-2148
-2017
-2193
-2382
-2085
-2346
-2132
-2035
-2172
-1699
-1881
-1624
-1476
-1577
-1116
-1263
-1024
-781
-878
-383
-455
-153
183
183
672
721
949
1369
1277
1689
1697
1762
2073
1780
2007
1813
1647
1682
1252
1207
963
619
578
111
-9
-199
-529
-497
-817
-832
-870
-1052
-951
-1091
-1043
-964
-1054
-936
-960
-931
-875
-945
-895
-887
-921
-870
-905
-832
-800
-728
-674
-561
-474
-332
-188
-84
99
213
383
536
630
793
899
977
1131
1129
1259
1277
1301
1336
1282
1322
1277
1167
1184
1063
1052
955
830
835
644
568
459
263
202
-4
-142
-253
-501
-565
-766
-894
-1009
-1178
-1247
-1382
-1473
-1523
-1623
-1620
-1666
-1654
-1628
-1626
-1510
-1492
-1364
-1237
-1126
-916
-820
-600
-412
-271
-17
122
308
497
616
844
944
1084
1259
1301
1488
1555
1661
1767
1798
1902
1954
1965
2043
2023
2024
2013
1939
1934
1839
1769
1686
1560
1466
1338
1168
1018
790
590
361
100
-151
-401
-650
-879
-1098
-1306
-1469
-1664
-1810
-1948
-2067
-2123
-2207
-2243
-2248
-2240
-2172
-2127
-2062
-1951
-1862
-1735
-1621
-1493
-1344
-1181
-1062
-876
-750
-587
-454
-378
-250
-184
-120
-98
-70
-95
-79
-131
-119
-190
-165
-180
-181
-202
-128
-57
28
174
334
553
759
1007
1258
1473
1767
2035
2244
2477
2685
2876
2987
3102
3229
3305
3312
3390
3333
3355
3281
3245
3018
2918
2625
2363
2005
1469
1193
478
2
-604
-1248
-1770
-2413
-3008
-3400
-4095
-4258
-4722
-5004
-5019
-5324
-5076
-5162
-4990
-4606
-4548
-3991
-3754
-3430
-2844
-2673
-2095
-1796
-1495
-878
-804
-273
16
198
741
770
1229
1454
1636
2073
2133
2455
2734
2790
3108
3101
3238
3341
3190
3318
3119
3016
2918
2656
2553
2250
2046
1825
1527
1336
1068
854
677
472
348
190
92
36
-91
-116
-203
-186
-243
-287
-303
-396
-426
-564
-640
-811
-961
-1096
-1271
-1442
-1593
-1720
-1809
-1948
-2005
-2023
-2068
-1999
-2031
-1905
-1832
-1725
-1556
-1480
-1273
-1139
-996
-863
-775
-636
-536
-492
-385
-327
-222
-154
-128
3
60
227
327
470
656
822
1055
1266
1513
1800
2011
2253
2401
2568
2737
2768
2838
2769
2766
2670
2502
2347
2128
1904
1651
1355
1107
822
571
286
-11
-225
-495
-699
-957
-1145
-1301
-1489
-1637
-1805
-1939
-2031
-2179
-2255
-2351
-2426
-2437
-2511
-2495
-2451
-2356
-2243
-2167
-1985
-1807
-1609
-1410
-1223
-990
-782
-576
-376
-235
-40
92
201
300
332
434
454
472
514
527
623
657
713
834
914
1070
1169
1285
1461
1574
1739
1852
1935
2068
2115
2150
2158
2086
2065
1966
1810
1687
1486
1301
1092
852
661
440
221
39
-200
-389
-547
-729
-898
-1077
-1218
-1334
-1489
-1617
-1688
-1793
-1815
-1871
-1869
-1852
-1827
-1721
-1666
-1534
-1369
-1206
-1022
-845
-634
-406
-239
-29
133
269
421
498
564
589
609
626
588
572
567
521
462
393
343
281
210
125
108
44
30
9
-25
7
5
42
66
96
151
209
245
320
402
490
565
618
709
757
831
828
869
893
894
919
857
852
829
782
765
684
617
586
461
393
296
216
151
8
-81
-187
-280
-386
-487
-599
-692
-764
-838
-914
-966
-1005
-1048
-1110
-1162
-1190
-1251
-1311
-1365
-1431
-1478
-1526
-1597
-1637
-1695
-1693
-1693
-1678
-1612
-1523
-1389
-1238
-1031
-803
-559
-305
-19
263
528
824
1083
1338
1553
1757
1937
2096
2212
2329
2387
2423
2459
2432
2437
2365
2306
2230
2103
2013
1849
1697
1507
1302
1080
856
606
352
96
-188
-434
-727
-947
-1196
-1428
-1618
-1776
-1890
-1997
-2053
-2102
-2088
-2078
-1989
-1917
-1793
-1652
-1519
-1359
-1211
-1012
-833
-663
-522
-324
-221
-77
7
82
170
188
240
241
249
261
294
259
291
288
322
349
325
401
409
450
516
536
576
645
650
697
680
708
767
718
764
765
799
832
837
866
892
901
914
911
868
874
812
761
679
593
516
372
255
113
6
-126
-248
-369
-484
-577
-648
-725
-775
-802
-849
-843
-876
-857
-854
-878
-859
-894
-897
-912
-948
-988
-1008
-1029
-1030
-1038
-1042
-1009
-1020
-961
-908
-856
-775
-697
-607
-511
-400
-269
-136
-29
136
259
391
524
630
751
836
953
1042
1107
1176
1245
1260
1277
1293
1294
1270
1225
1190
1136
1062
974
891
777
683
560
418
280
112
-16
-198
-360
-487
-646
-775
-895
-1011
-1074
-1139
-1193
-1180
-1194
-1133
-1081
-1022
-886
-765
-594
-412
-252
-54
144
306
498
616
746
867
894
965
968
952
950
897
854
814
737
696
618
540
525
456
417
363
311
288
224
175
138
67
6
-59
-150
-223
-315
-400
-475
-544
-595
-613
-676
-679
-672
-664
-615
-601
-554
-497
-484
-420
-373
-400
-310
-446
-377
-447
-556
-512
-717
-697
-764
-867
-787
-943
-852
-813
-904
-684
-757
-605
-523
-528
-253
-275
-54
64
138
383
445
629
744
809
1021
1043
1213
1321
1374
1562
1551
1733
1779
1872
1940
1948
2021
2019
2038
2002
1918
1807
1642
1510
1239
1016
719
363
108
-326
-612
-959
-1383
-1576
-2005
-2196
-2429
-2703
-2749
-2978
-2988
-3000
-3062
-2926
-2946
-2776
-2635
-2522
-2282
-2163
-1907
-1726
-1490
-1221
-1023
-682
-467
-121
201
480
887
1131
1508
1812
2082
2386
2583
2787
2951
3001
3097
3064
3046
2940
2796
2617
2374
2124
1817
1533
1198
889
597
245
24
-252
-471
-633
-862
-937
-1092
-1163
-1188
-1292
-1271
-1312
-1303
-1278
-1332
-1254
-1302
-1265
-1244
-1246
-1168
-1166
-1089
-1028
-954
-820
-743
-629
-503
-378
-205
-122
20
125
229
376
405
538
555
595
615
577
627
583
585
539
526
514
521
527
526
561
577
628
646
654
689
692
674
691
631
607
507
405
341
175
123
-25
-149
-245
-371
-422
-518
-569
-585
-621
-598
-577
-546
-478
-443
-340
-298
-220
-157
-130
-94
-113
-90
-109
-143
-169
-225
-254
-292
-332
-356
-407
-414
-426
-435
-433
-420
-406
-404
-378
-380
-353
-349
-369
-345
-372
-330
-323
-329
-264
-253
-197
-136
-113
-26
44
137
237
316
441
542
626
718
817
901
946
981
999
989
977
932
895
811
765
707
623
543
474
417
337
280
225
190
149
114
100
73
74
83
43
39
29
5
-11
-86
-99
-130
-197
-224
-300
-309
-348
-409
-438
-461
-478
-488
-517
-543
-552
-581
-602
-654
-667
-711
-749
-817
-876
-890
-945
-987
-1017
-1027
-991
-977
-928
-845
-753
-627
-484
-362
-162
-8
178
355
474
730
811
930
1051
1153
1234
1318
1334
1372
1359
1349
1338
1288
1258
1184
1146
1069
998
940
880
774
676
611
523
448
366
278
216
133
75
3
-72
-106
-166
-254
-300
-387
-458
-513
-641
-635
-723
-752
-803
-846
-882
-906
-957
-977
-1007
-1082
-1069
-1157
-1160
-1203
-1206
-1244
-1233
-1261
-1222
-1198
-1189
-1105
-1055
-952
-863
-753
-591
-455
-308
-109
50
224
411
558
721
867
971
1104
1154
1221
1279
1244
1265
1236
1198
1158
1071
1039
979
904
868
813
756
713
649
627
557
512
493
404
375
299
251
188
102
72
5
-56
-71
-122
-128
-142
-177
-160
-188
-175
-175
-167
-149
-136
-127
-127
-133
-146
-162
-209
-261
-321
-373
-464
-515
-574
-603
-617
-641
-601
-588
-554
-492
-461
-400
-322
-281
-176
-148
-79
19
7
59
76
84
104
64
62
37
6
-1
-59
-81
-100
-129
-135
-180
-197
-156
-189
-179
-136
-110
-27
-14
68
154
208
314
384
431
513
587
612
676
685
729
748
725
740
731
725
710
675
635
621
549
517
448
370
336
222
125
8
-104
-244
-386
-548
-678
-839
-966
-1089
-1218
-1276
-1348
-1363
-1353
-1328
-1279
-1194
-1121
-1011
-898
-757
-617
-503
-351
-213
-73
35
153
255
347
415
489
533
548
575
553
539
514
484
439
366
308
259
187
139
73
43
-5
-53
-49
-78
-73
-63
-64
-44
-27
-10
15
10
67
102
132
199
226
302
392
451
562
662
734
836
876
939
987
998
1009
962
926
856
760
644
535
389
254
82
-83
-235
-404
-539
-695
-796
-931
-1025
-1101
-1156
-1203
-1263
-1239
-1240
-1266
-1148
-1057
-1025
-835
-726
-637
-433
-317
-212
-29
63
144
287
323
381
458
484
499
499
509
491
437
462
406
364
374
295
276
223
168
127
50
-8
-61
-155
-195
-230
-283
-278
-279
-269
-212
-130
-52
86
229
367
525
679
797
930
1038
1131
1172
1201
1207
1152
1125
1030
932
798
643
461
264
61
-127
-332
-535
-705
-887
-1004
-1150
-1256
-1341
-1397
-1463
-1497
-1520
-1490
-1459
-1428
-1332
-1287
-1164
-1098
-990
-862
-759
-619
-500
-367
-206
-53
107
274
414
585
722
839
949
1042
1126
1167
1191
1204
1180
1146
1090
998
920
810
671
544
417
308
189
63
-13
-98
-176
-217
-251
-236
-234
-219
-163
-124
-63
29
95
176
266
340
402
453
498
538
548
554
528
485
424
338
260
153
83
-29
-115
-209
-295
-369
-454
-554
-666
-751
-879
-971
-1087
-1168
-1239
-1322
-1352
-1391
-1374
-1361
-1314
-1222
-1133
-986
-861
-678
-472
-261
-28
207
436
645
841
1004
1160
1285
1385
1423
1483
1481
1450
1440
1340
1266
1158
1036
906
765
656
546
410
300
219
123
62
-42
-99
-144
-222
-291
-337
-363
-371
-401
-416
-406
-410
-394
-371
-355
-297
-250
-217
-150
-126
-58
-21
-9
42
50
66
58
28
6
-31
-93
-149
-229
-304
-358
-446
-514
-560
-602
-614
-623
-606
-564
-534
-490
-439
-387
-325
-243
-188
-116
-40
25
101
135
198
255
262
302
324
341
369
364
375
389
369
373
322
278
249
168
89
4
-97
-192
-261
-359
-425
-452
-476
-503
-479
-419
-356
-257
-173
-62
76
186
275
374
480
535
580
606
615
628
604
565
545
513
478
444
388
356
332
283
246
221
171
149
85
27
-29
-95
-145
-240
-284
-345
-385
-433
-467
-484
-500
-500
-504
-468
-428
-367
-306
-233
-161
-95
-28
17
59
117
133
137
124
96
76
23
-15
-39
-90
-144
-172
-228
-257
-292
-317
-319
-327
-276
-249
-183
-116
-43
34
120
190
278
353
427
500
526
600
619
651
668
669
671
651
599
555
517
459
409
337
275
187
110
15
-66
-152
-237
-332
-406
-473
-542
-572
-614
-627
-650
-629
-625
-586
-555
-497
-424
-391
-299
-254
-190
-115
-55
2
47
74
103
100
93
97
77
67
32
4
-38
-71
-99
-122
-138
-136
-127
-124
-123
-100
-80
-50
-15
15
82
107
160
210
240
293
310
325
344
338
349
347
321
318
296
268
241
219
199
159
134
97
55
19
-27
-53
-102
-150
-175
-227
-260
-301
-322
-334
-354
-367
-346
-333
-302
-257
-210
-145
-105
-22
24
99
179
244
331
378
436
486
511
534
551
540
547
507
480
448
375
323
246
162
76
4
-83
-157
-232
-287
-352
-432
-468
-513
-534
-557
-573
-574
-595
-605
-604
-607
-596
-550
-542
-505
-466
-428
-355
-331
-268
-212
-170
-107
-55
10
100
150
206
276
307
383
411
445
501
528
571
575
582
602
603
573
563
526
509
473
406
371
302
266
215
159
124
82
39
-18
-91
-155
-201
-300
-374
-454
-526
-584
-662
-705
-737
-767
-754
-753
-728
-645
-577
-486
-380
-277
-140
-28
71
189
279
380
436
478
526
518
519
502
472
470
441
412
395
345
344
315
292
303
286
288
273
242
222
180
124
95
30
-29
-88
-161
-237
-299
-363
-390
-416
-426
-393
-380
-338
-287
-238
-186
-142
-102
-51
-35
-5
23
18
32
20
18
24
-3
9
12
23
68
95
160
219
282
352
406
465
530
571
597
603
581
567
494
429
368
272
184
78
-24
-113
-217
-300
-370
-460
-494
-551
-610
-640
-697
-722
-782
-850
-872
-917
-970
-997
-1038
-1042
-1046
-1052
-1003
-968
-868
-750
-654
-484
-301
-118
84
269
501
715
883
1076
1233
1381
1503
1574
1630
1658
1660
1632
1569
1492
1413
1285
1153
995
857
718
568
430
296
183
39
-96
-223
-336
-443
-549
-635
-739
-814
-906
-986
-1072
-1143
-1189
-1252
-1290
-1321
-1327
-1348
-1340
-1319
-1280
-1232
-1172
-1091
-1008
-920
-827
-721
-619
-492
-371
-251
-150
-15
118
243
373
505
642
748
856
972
1073
1175
1267
1333
1404
1440
1479
1495
1484
1474
1433
1359
1261
1146
1021
859
676
497
309
111
-75
-267
-413
-571
-719
-807
-916
-957
-998
-1016
-993
-970
-900
-841
-779
-679
-584
-509
-393
-309
-192
-78
3
156
250
351
455
546
636
709
763
812
832
826
814
742
692
603
493
372
219
77
-77
-248
-404
-559
-702
-836
-974
-1066
-1156
-1215
-1259
-1282
-1276
-1267
-1235
-1192
-1134
-1052
-953
-865
-748
-638
-509
-389
-267
-127
5
145
264
399
518
625
728
822
905
986
1062
1125
1169
1203
1228
1231
1224
1216
1204
1186
1147
1110
1070
999
945
870
802
721
617
520
405
291
174
41
-93
-214
-346
-470
-598
-711
-805
-907
-999
-1074
-1136
-1198
-1245
-1272
-1292
-1296
-1293
-1285
-1270
-1244
-1197
-1149
-1090
-998
-897
-797
-673
-552
-396
-240
-98
80
243
404
565
704
842
954
1047
1114
1159
1175
1177
1143
1083
1015
923
834
723
624
523
420
326
239
175
113
78
43
30
12
14
22
18
27
28
28
31
42
47
61
42
70
72
66
79
56
68
43
40
28
11
-10
-18
-59
-77
-111
-153
-174
-242
-258
-324
-379
-440
-497
-553
-602
-665
-695
-732
-781
-783
-815
-795
-786
-748
-691
-633
-557
-467
-392
-303
-191
-110
9
103
201
305
387
476
569
634
709
783
834
907
952
996
1036
1052
1071
1070
1040
1015
962
907
817
721
616
483
354
218
90
-51
-161
-295
-411
-539
-648
-747
-853
-931
-1005
-1060
-1119
-1169
-1213
-1223
-1244
-1245
-1223
-1195
-1144
-1088
-1007
-909
-792
-657
-522
-389
-231
-78
82
223
379
517
639
754
838
932
992
1040
1060
1073
1053
1024
963
895
826
741
663
557
499
420
353
284
217
184
142
121
123
111
113
123
100
124
123
132
158
137
151
146
129
123
89
81
71
30
24
3
-16
-32
-73
-103
-152
-219
-272
-363
-443
-507
-587
-656
-740
-802
-865
-934
-984
-1011
-1022
-1020
-1006
-975
-929
-867
-788
-708
-596
-499
-374
-272
-169
-52
45
143
228
320
424
515
589
672
714
786
832
874
937
975
1019
1043
1052
1066
1082
1070
1054
1007
966
900
804
733
634
540
432
320
222
112
21
-50
-135
-195
-254
-327
-381
-446
-488
-524
-584
-627
-660
-718
-747
-791
-830
-863
-897
-904
-921
-919
-897
-873
-847
-804
-770
-710
-661
-594
-528
-476
-418
-390
-338
-300
-261
-212
-177
-128
-82
-33
23
79
137
206
259
337
411
485
574
633
710
762
796
839
847
849
849
830
817
783
744
722
676
649
635
