41
36
35
22
11
1
-6
-6
-10
-14
-15
-17
-21
-28
-24
-27
-34
-27
-32
-18
-9
-2
9
1
9
14
8
-1
-11
-8
-9
-19
-20
-28
-34
-39
-50
-44
-48
-49
-37
-36
-26
-32
-38
-40
-56
-57
-65
-56
-53
-57
-42
-42
-34
-33
-48
-45
-48
-46
-45
-55
-48
-59
-59
-56
-68
-53
-59
-48
-33
-38
-20
-14
-18
-24
-37
-41
-54
-65
-66
-70
-61
-62
-64
-56
-73
-77
-77
-90
-72
-91
-83
-89
-106
-92
-106
-73
-87
-71
-46
-50
4
-6
7
11
-17
-11
-46
-43
-55
-69
-65
-70
-62
-67
-63
-59
-51
-55
-51
-48
-39
-22
-41
-24
-38
-54
-57
-74
-41
-36
-22
-4
-2
6
-2
5
-10
-12
-12
-33
-26
-35
-26
-37
-31
-18
-26
-9
-8
-4
28
30
47
50
39
42
24
21
29
19
-4
0
-5
21
29
23
8
-17
-18
-31
-20
0
-8
-13
-6
0
11
16
5
12
8
17
18
21
19
28
20
10
16
1
26
45
67
79
87
71
75
62
66
70
37
55
34
38
58
44
76
61
46
79
48
61
63
40
53
41
35
22
41
32
28
31
12
23
33
44
39
34
21
34
23
24
49
48
45
77
73
60
102
68
82
93
41
78
63
45
70
19
33
37
14
65
45
38
25
-24
8
-25
2
13
-47
-14
-25
-24
31
-23
-9
-1
-8
50
8
65
34
25
70
15
80
62
58
99
66
98
95
81
70
68
37
39
37
-16
6
-34
-30
-2
-35
-18
-30
-13
-25
-29
-22
-56
-1
-21
4
5
-21
12
-36
-13
31
38
81
66
60
55
61
67
68
47
27
64
40
69
16
25
13
-1
12
-64
-3
-63
-55
-53
-97
-85
-114
-60
-60
-18
-15
-13
-10
-28
50
39
67
72
-20
33
10
56
53
26
49
11
82
56
110
87
63
48
16
13
22
-4
-33
-9
-72
-69
-80
-115
-95
-24
-54
-71
-58
-76
28
-27
26
-22
-49
21
-38
33
20
35
54
19
47
21
33
53
-2
59
-38
7
7
-27
54
-14
-26
7
-53
-12
6
-17
41
-27
-44
-6
-87
-46
-101
-112
-61
-90
-42
-45
14
-21
-6
-26
-23
-1
-4
16
24
20
37
-11
34
10
-1
10
6
54
14
49
-8
-36
-27
-107
-52
-127
-111
-123
-152
-97
-133
-74
-114
-72
-87
-65
-42
-53
-9
-45
4
5
2
39
25
75
44
40
36
-11
73
6
0
16
-46
-51
-52
-70
-84
-54
-94
-82
-31
-18
-4
-7
-34
-68
-39
-75
-48
-27
-67
-48
-58
-40
-21
0
-26
26
19
16
32
4
59
-4
53
60
-36
68
-18
28
35
-25
40
-77
2
-76
-64
-45
-162
-96
-169
-119
-44
-93
-53
-31
-91
-68
-9
-72
19
-49
-64
-51
-89
-21
-69
-20
-59
-55
15
1
55
19
18
18
-20
4
-62
-51
11
-29
-22
-34
-95
29
-24
-77
23
-88
10
0
-89
15
-88
8
-98
-16
-22
-48
122
-8
87
111
36
106
90
77
89
28
49
-20
27
14
-42
19
-5
-29
24
5
-46
46
15
-59
6
-33
-73
24
-56
-3
34
-47
30
6
-36
11
-49
-29
-47
-59
10
-71
99
26
-26
139
-32
188
92
26
157
-62
94
-2
-58
49
-85
-12
-17
-26
5
37
82
-14
1
-38
-64
31
-84
23
-5
-34
79
-10
107
68
96
125
108
56
99
42
84
71
-81
115
-70
14
62
-8
16
60
57
-2
67
0
19
122
56
59
116
-4
142
70
72
47
54
79
58
95
88
92
79
86
12
170
-24
71
22
-35
32
4
84
64
79
136
120
94
111
8
97
27
35
99
19
57
69
82
61
101
63
105
22
146
-21
-409
-497
-701
-423
-452
-438
-172
-156
125
302
384
551
484
556
445
331
290
112
166
84
2
8
-82
125
202
94
274
175
227
274
69
187
54
92
-31
-16
-18
48
72
77
145
22
115
61
42
17
-23
-58
59
-72
91
134
1
198
14
17
72
-15
137
17
3
40
-129
182
-30
-91
248
-222
139
23
-128
233
-130
183
2
-72
246
-126
189
69
-54
187
-36
-68
-25
-105
-32
27
-176
-18
-149
-171
0
-174
-97
-109
-177
-73
-275
-88
-104
-106
-36
-100
-120
-103
34
-166
-19
-67
25
56
-103
31
12
27
75
-34
125
-5
82
111
-76
46
-12
13
-38
-39
-53
1
45
-66
-1
-23
-138
21
-134
-190
-127
-283
-182
-152
-155
-170
-148
-136
-204
-238
-136
-214
-147
-95
-262
-34
-49
-22
3
36
-48
-38
0
-223
15
-87
-97
-58
-196
-95
-21
-139
-30
-59
-98
-51
-72
-107
-93
-118
-122
-110
-169
-144
-171
-11
-39
-24
51
-53
60
-10
17
8
-29
-8
13
28
-47
65
85
31
150
67
20
81
53
180
43
108
98
37
155
69
5
85
43
95
141
91
148
120
158
16
91
106
70
130
104
148
11
160
134
-16
102
102
31
146
1
105
27
69
12
-56
32
-144
-6
-229
10
-208
-17
37
-102
-23
-261
50
-67
-157
20
-72
-206
149
-187
-6
-38
-163
164
-368
157
-84
-134
163
-313
-113
-65
-315
-44
-225
-135
-88
-293
-16
-136
-44
-113
7
-223
-54
-56
-211
-60
-183
-68
-254
-175
-265
-269
-225
-287
-183
-297
-346
-161
-407
-257
-308
-481
-83
-453
-176
-303
-329
-190
-359
-295
-343
-238
-349
-294
-446
-375
-296
-382
-385
-397
-265
-391
-248
-287
-362
-209
-360
-214
-270
-433
-176
-441
-285
-177
-529
-15
-324
-197
-20
-258
18
-145
-114
-142
-186
-102
-27
-77
-122
-82
-106
-157
62
33
-52
149
6
66
120
141
122
153
79
134
193
253
269
249
411
355
328
648
375
427
708
289
626
340
381
603
487
766
529
836
712
658
887
626
911
640
646
784
564
890
539
699
794
496
809
512
851
768
690
763
602
773
523
627
715
497
509
715
350
620
482
329
521
264
342
347
49
238
61
-4
285
-312
277
-189
-184
23
-426
3
-319
-382
-212
-422
-487
-207
-753
-380
-483
-654
-324
-649
-268
-736
-491
-367
-910
-453
-578
-613
-564
-565
-683
-673
-582
-694
-784
-757
-640
-732
-798
-744
-801
-782
-742
-753
-757
-859
-784
-663
-645
-896
-659
-804
-870
-711
-954
-711
-739
-716
-583
-481
-582
-390
-548
-346
-361
-404
198
-632
15
-253
-488
256
-393
-59
-141
-166
-104
-172
-39
190
-83
15
120
-237
41
-67
11
109
-106
-49
220
-44
197
-14
-193
198
-4
133
435
219
632
686
604
803
869
814
808
944
1189
956
1155
1157
954
1497
1060
1241
1098
833
1077
843
771
628
600
407
239
113
-145
-458
-93
-553
-606
-286
-1107
-525
-821
-1037
-958
-1188
-1047
-1445
-1124
-1332
-1274
-923
-1219
-1182
-1354
-1184
-846
-972
-1269
-809
-898
-860
-538
-805
-809
-892
-691
-1137
-985
-952
-1260
-526
-1066
-1092
-1012
-1055
-825
-699
-469
-787
-431
-347
-479
7
39
-105
306
375
676
975
923
1245
1440
1404
2149
1758
2132
2316
1904
2436
2467
2561
2706
2585
2837
2840
2669
3048
2891
2917
2973
2779
2815
2870
2457
2737
2603
2255
2764
2297
2346
2183
1942
2236
1511
1730
1438
1495
1965
1159
1314
1339
1170
1226
850
521
751
581
408
628
184
307
167
26
-49
-721
-352
-641
-698
-537
-1152
-853
-1034
-1124
-1004
-1460
-1382
-1239
-1369
-1248
-1200
-1413
-1403
-1757
-1568
-1639
-1659
-1564
-1870
-1610
-1890
-1662
-1580
-1989
-1645
-1880
-2067
-1668
-1929
-2193
-1865
-2268
-2230
-1926
-2284
-1833
-2162
-2056
-2077
-1985
-1906
-2422
-1733
-2487
-1923
-2029
-2080
-1525
-1763
-1629
-1564
-1787
-1737
-1566
-1481
-1229
-1546
-1043
-1345
-915
-554
-1494
-591
-652
-851
-651
-652
-756
-367
-277
-178
46
-745
-281
-98
-494
-259
110
-328
269
431
32
65
652
75
336
508
387
1085
696
1061
999
1106
1037
898
1289
1084
1416
1959
1105
1557
1685
1271
1780
1753
1798
1782
1908
1548
1758
1479
1392
1488
1326
1672
927
1093
898
791
891
581
1106
389
414
398
50
117
-183
-36
-317
-79
-365
-499
-472
-385
-419
-537
-548
-794
-575
-939
-518
-629
-450
-1029
-1147
-618
-1322
-931
-756
-568
-846
-1032
-699
-964
-689
-778
-1104
-952
-1216
-1004
-1053
-636
-661
-648
-716
-771
-858
-872
-331
-743
-181
-635
-426
259
-162
243
33
201
524
434
347
328
1007
619
1423
1185
902
1792
1078
1492
1565
1351
2210
1530
1804
1965
1629
2316
1664
1698
1603
1988
1716
1313
1825
905
1535
1309
1100
1282
1022
1078
1207
1364
1200
895
954
965
959
753
428
820
623
523
288
470
57
75
262
-243
321
556
191
5
-25
302
-88
109
-216
-285
17
-267
-26
12
-356
263
-350
-233
-120
-722
-46
-552
19
-348
-516
3
-303
-390
-8
-37
-146
-77
-289
-372
-626
-312
-206
-948
-336
-424
-930
-758
-935
-831
-1037
-510
-557
-748
-611
-985
-527
-797
-1185
-354
-1085
-952
-339
-1077
-575
-604
-1136
-906
-1160
-1190
-591
-478
-731
-886
-905
-642
-915
-318
-869
-1063
-478
-1240
-399
-1010
-763
-701
-999
-373
-935
-536
-1184
-1351
-889
-1142
-548
-1280
-1223
-671
-1352
-742
-1274
-1130
-468
-1185
-580
-629
-1077
-388
-1058
-956
-607
-1265
-768
-938
-770
-392
-374
-198
-967
-333
-708
-47
-401
-436
-345
-455
2
-471
600
-596
423
-218
-147
-19
-250
611
-357
17
44
-81
-26
328
-331
-288
-309
588
100
110
-129
130
364
-349
450
-445
110
507
25
253
325
635
-177
436
-331
-2
120
-626
637
-403
14
163
-191
68
-85
172
-156
-17
272
-97
239
-102
-275
455
-549
248
211
61
446
-260
404
517
-574
-55
-161
-183
593
-931
-209
145
412
22
361
765
3
681
-92
387
-14
138
107
-708
288
220
-351
670
193
203
565
-351
854
-425
449
656
-205
711
-345
401
393
462
790
577
365
841
726
691
523
504
679
229
1345
489
418
946
421
1188
788
513
1401
304
1150
736
415
763
579
1250
717
1266
953
786
1004
342
918
721
793
1655
680
595
849
488
1552
437
703
672
-38
1279
628
1191
1046
131
658
520
-83
584
170
-47
684
58
626
-399
178
208
40
910
-514
345
350
394
9
416
409
283
324
-238
-356
310
-24
101
554
-350
292
-349
-266
-220
-239
-91
-507
-267
-55
-385
-102
-359
-613
459
-489
-41
397
-243
87
100
-517
-239
305
-309
414
-105
425
-267
62
-181
-704
-829
-1288
-1162
-863
-1234
-2081
-1489
-1852
-1766
-1297
-2428
-2192
-1196
-2462
-1781
-1581
-1721
-1227
-1064
-963
-1273
-112
-1267
-563
-506
-479
-890
-870
-418
-1087
-4
-929
-27
-365
-703
-45
-925
-741
-849
-1216
-1110
-1919
-1318
-1162
-2332
-916
-1646
-1093
-412
-1486
-485
66
-223
172
137
194
801
601
1325
978
1658
1867
1967
2269
1894
3435
2634
2443
3860
2680
3272
3228
2812
3266
3462
2891
2643
3697
3010
3121
3458
3270
3552
3471
3261
3249
2730
2104
3002
2252
2728
2549
2252
2604
1952
2334
1995
1511
1752
1245
886
1029
169
105
209
-553
123
-344
-199
-282
-1865
16
-893
-557
-245
-1276
-654
-1488
-1204
-1211
-1636
-1234
-1396
-1538
-1177
-1971
-1409
-1032
-2609
-915
-1408
-2388
-1091
-2314
-1554
-1414
-1601
-1191
-2388
-1524
-1567
-1433
-828
-1733
-1370
-1175
-1453
-1164
-872
-1233
-716
-991
-1094
-938
-753
-936
-413
-168
-544
157
-670
92
-364
-807
-158
-983
-711
-674
-1462
-328
-1375
-1884
-1249
-2243
-1183
-1829
-1763
-1410
-2407
-1207
-2613
-2277
-1856
-2728
-2358
-2591
-1674
-1630
-2082
-1391
-1812
-1058
-1533
-1185
-1013
-1161
97
-1009
45
-694
-333
-42
-154
645
2
182
354
594
382
1188
287
1001
688
270
688
20
1126
526
861
777
302
1143
1632
754
1624
830
1640
2088
1509
2512
2134
1924
2502
2492
1173
2195
1377
1826
2129
1348
2453
1232
1785
1197
794
456
659
-288
-820
-408
-942
-720
-993
-1651
-1968
-1790
-3182
-2740
-4576
-2938
-2615
-3613
-3270
-4131
-3605
-3887
-3712
-3325
-3576
-4389
-3679
-3593
-3116
-2554
-3156
-2166
-2494
-2281
-1807
-2448
-1461
-1712
-1317
-491
-1101
-193
-579
58
245
68
-118
-554
970
208
714
1873
958
789
1428
439
322
-567
2873
2788
1175
3396
2006
2202
3306
3045
2376
2492
2684
3419
2786
2443
2934
3148
3445
2605
2938
2916
3392
3520
2853
3245
3646
3231
2290
3185
2365
2097
3699
2438
3035
2136
2592
2784
2262
1390
1606
2049
2457
331
778
2786
694
2067
1075
1655
842
1071
1560
570
1115
632
631
1055
-67
196
578
-693
875
-175
-211
498
-207
-337
-1015
-552
-379
-1239
-377
-325
-476
-238
-1181
-801
-906
-1197
-459
-1857
-1034
-1708
-1457
-1174
-1650
-2359
-1789
-137
-1773
-235
-2148
-1458
-312
-1043
-901
-789
-947
-1370
-1285
-1172
-1215
-1162
-711
-1442
-393
-1133
-1315
-1249
-1119
-895
-1842
-1044
-1815
-896
-887
-2533
-959
-1350
-1880
-180
-2631
-1604
-2000
-2797
-1032
-2397
-771
-1568
-2009
-120
-3250
-2389
-188
-2397
35
-1051
-1620
-535
-1620
345
-1241
-1112
-900
57
-381
-1189
-200
-1914
422
702
-926
452
368
-246
800
-124
743
509
512
2188
88
374
1869
1014
2839
2102
2625
3441
3631
4750
3800
3931
4761
4250
5729
4941
3838
6638
4497
5615
4467
3005
4868
3818
4401
4111
3620
3884
3161
2369
3051
2675
1594
2549
213
1327
555
-267
1004
-384
410
-704
-650
-630
-1337
-898
-2461
-1566
-667
-2529
-878
-2475
-1736
-1666
-2558
-1539
-2334
-2712
-2891
-2626
-3683
-2681
-3774
-3687
-5575
-4643
-4788
-6385
-3807
-5585
-4888
-5373
-7202
-6643
-6029
-6534
-5900
-5471
-7095
-5794
-6105
-7162
-6327
-7256
-4915
-5178
-5624
-4346
-5716
-4567
-4211
-3749
-2752
-2744
-3010
-3143
-2252
-2525
-2183
-1944
-1526
-2127
-1597
-1021
-1802
112
-1938
-1033
-61
-1590
-39
-1631
-113
-936
-1099
376
-885
-313
-805
-203
751
-1389
465
1701
-309
1416
742
512
2748
2561
1623
2735
2326
3185
3390
4392
3415
2626
4941
3227
4647
3990
4757
6148
5497
6121
5219
5676
4922
5281
6491
5150
5538
7000
5031
6738
6318
4818
6910
4943
6057
5273
5329
7186
4546
6303
5505
4200
5911
3952
5369
4252
3870
4312
3169
3588
3703
2972
2928
3139
1599
3315
1401
2045
1863
844
2850
-454
2158
93
-486
1711
-1591
857
-1504
-2717
591
-1649
-1114
-815
-2213
-1478
-1281
-2570
-1600
-2122
-2651
-1842
-2998
-1889
-2804
-2314
-2576
-2944
-3067
-3102
-2452
-3779
-1503
-3782
-2415
-2164
-3582
-2008
-2848
-2161
-2785
-2415
-2591
-3103
-2031
-2569
-2188
-1327
-2103
-781
-2286
-1616
-1036
-1928
88
-994
-383
-1182
-1116
-1188
-152
-1411
-436
-982
-305
-715
-628
183
-377
806
-1641
1298
37
-699
63
-521
893
-529
214
481
-348
1373
114
-190
1420
-384
335
1044
-587
1827
290
365
881
-1115
908
-325
73
-55
343
-215
-216
162
-624
459
-419
-789
578
-1092
-830
-824
-976
606
-820
837
-149
-22
616
-515
1343
-14
-288
1625
-287
313
1107
-716
287
1409
-116
2963
919
1351
1825
665
2208
1478
1895
1586
1933
777
1917
1535
2058
673
1416
441
587
1536
326
1938
329
1804
163
630
189
-396
595
-551
-565
-801
-715
-1571
-715
-1681
-1949
-2840
-2692
-1658
-2137
-2481
-2527
-2517
-3828
-1746
-2726
-3653
-1484
-2702
-2373
-2270
-2458
-1829
-2769
-1808
-1470
-1379
-497
-843
-2190
-84
-1075
-781
224
-1241
903
-51
538
500
-530
284
1013
1195
857
827
233
234
739
1235
267
1570
1335
893
1759
996
1241
1540
1185
1148
537
834
1475
853
388
-912
465
-484
608
-221
130
423
-325
959
-1292
-644
-980
-1212
-899
-890
-1645
-728
-1273
-843
-468
-1823
1059
-1417
-982
-686
-2493
491
-1405
-739
-586
-2795
1157
-689
-1117
183
-1184
-903
349
-93
365
-176
-156
312
-790
514
-1223
-445
579
-200
234
-848
-818
135
954
132
760
646
8
1395
-445
-331
124
-280
540
98
-260
752
-232
815
183
120
364
103
1110
438
-488
-642
633
-224
-878
-775
429
-1001
436
-417
-329
655
117
1066
-426
120
109
-130
-209
-171
-199
-781
317
-987
235
-537
-960
-785
-1302
-4415
-1962
-429
-253
1748
-1066
254
499
-184
919
-935
223
202
-1757
1103
-2435
461
-406
-1719
481
-544
-652
100
495
-273
1778
-621
-181
-219
-1789
-75
-1318
-731
473
-1240
788
-650
-898
1214
-2416
-1069
-3
-1299
915
-1337
-185
571
-256
676
128
52
1497
306
-307
-381
-449
-214
-808
200
-92
121
-349
282
153
226
432
-7
1804
1213
-81
-839
945
-192
628
467
-989
1620
1135
462
1131
273
1199
907
99
890
290
781
1107
737
900
519
797
776
384
877
394
594
502
1481
374
-894
915
71
1233
1668
-208
667
1405
1331
423
1591
928
745
818
188
594
1952
775
-796
1384
41
128
1093
1275
1503
1646
-322
1082
89
860
-323
77
36
474
391
-747
542
754
-445
262
-66
-273
795
132
-234
524
394
686
-51
194
97
-62
322
-269
404
-540
696
-617
-1072
614
-456
-791
-203
-1400
777
-1397
370
200
-1102
399
22
-231
-484
-954
-785
-202
856
161
-1317
300
45
-247
152
-1193
642
176
-1020
88
-1075
-277
252
-258
-508
-823
-461
432
-452
-932
553
-1604
-113
79
-324
-95
-662
798
-239
79
16
449
581
145
1198
-316
1140
-659
-482
154
-946
1174
-36
320
373
-45
409
304
775
79
1157
1155
1100
724
1107
925
1001
1292
186
1763
1059
870
1292
449
1815
869
1783
2564
964
2547
1050
710
1097
744
1307
-1895
1347
1219
849
2112
2721
1618
1546
1234
1076
2040
2219
1645
1677
1511
661
1433
869
1855
1461
1362
318
1305
-250
1245
401
-473
719
-602
444
-633
-138
79
-794
137
-865
-317
-348
-1603
-743
-1026
-1420
-251
-2320
-566
-1524
-2259
117
-2579
-1305
-1436
-2927
-1768
-1872
-3418
-683
-1918
-964
-1361
-2820
-1562
-3741
-1974
-2792
-2334
-1845
-2749
-2088
-2500
-3395
-1403
-2784
-2994
-1150
-3834
-2048
-2301
-2941
-2033
-3498
-3364
-3172
-2434
-2561
-3334
-2907
-2570
-3909
-4841
-3402
-3289
-2648
-1763
-2099
-1693
-2211
-1096
-2598
-1539
-5041
-3000
-1344
-2200
-587
-2337
759
-1491
-1038
-669
-2028
-111
-368
-494
304
-563
1065
75
145
1322
-603
452
247
-341
476
-848
225
441
-389
1368
667
-624
2733
285
1606
636
-166
3593
-458
2077
1673
-10
1830
1311
483
1697
1244
2572
1307
1366
3575
1889
2118
2556
2741
2133
2997
2128
2406
2155
2180
2617
1100
2449
3466
1635
2505
4618
3201
3942
2654
2592
3104
2599
2776
1252
2974
3530
2595
2118
2415
2344
2766
2862
2419
2880
2307
2436
2534
1950
1998
2079
1185
1939
1449
766
2256
2252
1225
2527
2146
1242
2734
1125
1400
899
1406
2036
1022
1549
1305
-250
1892
1879
1088
1539
347
423
387
720
-20
826
205
848
354
-486
-934
-1067
462
-1411
-411
-320
-1284
-322
-1356
587
-524
164
-234
-1830
-380
-215
-1130
-437
-959
-1064
-750
-2071
-49
-1211
-2082
-965
-2417
-2089
-719
-2796
-185
-1481
-1390
-540
-3310
-1706
-2690
-2679
-2598
-1824
-2203
-2271
-1358
-2367
-1565
-1975
-2523
-1940
-2231
-2163
-2110
-1728
-2948
-2213
-1451
-1824
-2395
-2724
-2134
-1980
-1783
-1362
-1186
-1291
-1442
-2217
-1525
-2510
-2213
-1998
-1766
-1509
-1330
-1552
-1119
143
-965
-515
-259
-346
17
-37
-575
-620
-534
60
-56
-690
-229
-487
748
1286
988
2127
1666
1357
874
1059
412
988
1010
1745
597
458
893
726
1484
1675
1461
1435
2063
1927
2136
2269
2393
2163
1828
799
2203
1087
2351
2877
1623
2625
1540
1924
1522
1517
2189
1828
2429
2669
2226
2944
2726
2027
2330
2148
1919
2179
1359
1426
1452
756
1502
1317
773
2398
2386
1208
2193
1588
1737
1289
1496
659
1352
435
479
521
590
1694
-339
1182
1116
1167
908
973
1000
631
292
-527
1464
1048
1277
1599
590
1208
653
742
781
981
734
145
90
-262
274
843
-562
229
552
-410
1023
193
631
547
-202
853
4
-371
-43
-261
-754
-169
-467
-80
591
-448
-281
-1325
-1180
-872
-1433
-807
-120
-1175
-752
-1446
-1347
-860
-1282
-1072
-1857
-1182
-2002
-2366
-1977
-2022
-2864
-2694
-2963
-2947
-2299
-3464
-3290
-3386
-2999
-2868
-3364
-3125
-2664
-3392
-3023
-3595
-3988
-3770
-4532
-4001
-4065
-4271
-4342
-4076
-4964
-4396
-3924
-4588
-4379
-3989
-4063
-3822
-3936
-4882
-4956
-4633
-4451
-5250
-5478
-5041
-4868
-5329
-6150
-5600
-5639
-5851
-5854
-6706
-7381
-7617
-8910
-9795
-10367
-11417
-11530
-13429
-13188
-12843
-14552
-13278
-13489
-13639
-12904
-12991
-13257
-13292
-13353
-13570
-14567
-14764
-13776
-12977
-11583
-10480
-7416
-3671
-2261
-59
2266
2950
4292
4708
3650
3317
1010
-1235
-2878
-3426
-977
2255
4629
6923
8806
7583
7076
6495
6116
7380
8297
10955
12171
14174
15143
13889
14105
14725
17260
19722
21138
24111
26409
28294
29726
30674
31354
31994
31894
31542
32561
31789
31483
31869
31615
31584
31409
30991
30301
29856
29243
27318
26346
25207
23541
23077
22019
21552
20845
20107
19606
18845
18248
17817
16620
15529
14670
13972
13532
13087
12386
12703
12850
12474
12299
11728
12109
12264
10905
9901
7774
6250
4456
3387
2122
722
301
-1465
-2935
-4750
-6473
-7935
-9808
-10739
-11516
-12730
-13892
-15027
-16638
-17574
-18671
-20142
-20406
-21003
-21528
-21499
-22501
-22185
-22643
-22856
-22735
-22762
-21613
-21651
-20892
-20016
-19995
-19408
-19330
-18942
-19149
-19207
-19100
-19499
-19174
-19046
-19004
-18775
-18881
-18278
-17436
-17487
-16388
-16245
-15868
-15077
-15452
-15465
-15308
-15126
-14617
-14456
-14165
-13275
-13220
-12138
-11448
-10748
-9854
-9047
-7805
-7412
-6891
-5963
-6157
-5422
-5026
-4980
-4219
-3857
-3572
-2731
-2151
-1677
-600
-32
790
1672
1717
2365
2786
3107
3773
3517
3923
4291
4355
4465
4468
4838
4824
4727
4452
4441
4213
4301
3904
3530
3755
3358
3318
3154
3165
3116
2773
2238
2020
1693
1453
1186
900
760
456
151
214
353
263
628
579
843
903
831
749
582
607
538
460
236
464
462
340
802
306
421
640
13
-92
-569
-723
-1065
-1769
-1942
-2490
-3084
-3291
-3719
-4038
-4501
-4856
-5101
-5328
-5307
-5325
-5381
-5278
-5100
-5032
-5021
-4934
-4794
-4407
-3802
-3401
-2624
-1846
-1201
-138
661
1392
2210
3029
3420
4184
4874
5152
5794
6175
6575
6966
7004
7391
7484
7326
7734
7340
7084
7096
6456
6470
6159
5884
5980
5580
5560
5515
5027
4966
4870
4770
4727
4644
4752
5031
5108
5492
5715
5915
6277
6297
6759
7020
7419
7783
7914
8108
8242
8263
8193
8295
8100
7939
7320
6560
6088
5576
5132
4791
4191
3747
3372
2661
2236
1647
1152
741
198
64
-256
-704
-953
-1195
-1339
-1409
-1613
-1619
-1533
-1534
-1436
-1365
-1320
-996
-826
-799
-455
-92
176
376
653
1105
1495
1728
2007
2127
2243
2477
2497
2519
2625
2655
2533
2458
2469
2339
2186
2046
1988
1951
1857
1721
1519
1456
1496
1216
1068
908
634
368
-98
-200
-421
-622
-698
-1033
-818
-1196
-1502
-1406
-1574
-1394
-1654
-1795
-1922
-2146
-2302
-2537
-2751
-2864
-2951
-3089
-3274
-3416
-3429
-3513
-3576
-3570
-3696
-3765
-3698
-3612
-3550
-3589
-3574
-3573
-3472
-3306
-3402
-3424
-3264
-3299
-3110
-3000
-2685
-2425
-2175
-1871
-1577
-1248
-1084
-823
-542
-345
-100
43
261
410
576
708
863
1237
1327
1512
1663
1754
1788
1719
1687
1612
1531
1470
1337
1261
1244
1104
1007
946
776
567
307
138
74
-35
-68
-67
-80
53
158
218
151
-278
-786
-1431
-1869
-1956
-2001
-2048
-2237
-2513
-2426
-1900
-1039
-155
169
-497
-2206
-4374
-5978
-6678
-6516
-6001
-5630
-5389
-5288
-4999
-4574
-4146
-4056
-4441
-4900
-5378
-5700
-6107
-6659
-6991
-7018
-6837
-6545
-6288
-5884
-5385
-4899
-4170
-3183
-2069
-1143
-579
-307
-428
-725
-1010
-1247
-1206
-1048
-744
-340
100
690
1060
1361
1626
1650
1700
1635
1527
1478
1428
1465
1587
1711
1968
2197
2301
2430
2451
2405
2286
2161
2117
2003
2002
2081
2321
2726
3131
3592
3927
4148
4206
4232
4275
4375
4480
4570
4603
4544
4489
4423
4375
4263
4101
3943
3805
3701
3531
3356
3254
3207
3245
3235
3176
2946
2536
1957
1318
873
692
807
1050
1195
1229
1076
912
943
1097
1328
1294
966
448
-42
-351
-659
-816
-974
-1029
-674
258
1530
2044
1301
-54
-1110
-1470
-1356
-979
-374
252
534
167
-664
-1364
-1611
-1596
-1487
-1451
-1318
-1145
-964
-776
-750
-841
-1175
-1578
-1971
-2303
-2488
-2562
-2508
-2418
-2286
-2174
-2014
-1857
-1723
-1565
-1432
-1256
-1065
-817
-521
-174
141
303
436
353
156
-154
-468
-705
-874
-849
-785
-588
-421
-220
31
222
374
368
311
204
66
-116
-273
-355
-367
-179
225
827
1359
1624
1505
936
100
-655
-983
-808
-385
-80
107
267
476
801
1079
1316
1332
955
227
-639
-1213
-1189
-650
-4
648
1116
1546
1968
2307
2632
2784
2790
2619
2338
1993
1779
1550
1443
1283
1021
811
531
423
89
-213
-594
-802
-1083
-1451
-1830
-2039
-2016
-2005
-1989
-1858
-1631
-1472
-1390
-1253
-995
-768
-713
-623
-401
-181
-91
-105
23
148
224
247
346
559
679
781
879
1007
1046
991
929
875
771
508
213
-47
-232
-420
-554
-668
-706
-673
-692
-655
-620
-530
-406
-302
-161
-15
152
265
393
535
670
751
777
826
868
840
761
709
692
667
621
551
536
550
552
544
574
592
561
526
482
444
382
286
267
235
226
172
145
90
75
42
51
52
92
166
85
137
18
86
-25
-210
-455
-671
-808
-1074
-1344
-1605
-1732
-1778
-1901
-1868
-1802
-1630
-1454
-1235
-936
-628
-394
-202
12
202
358
326
381
339
369
315
208
183
112
130
123
142
213
259
325
352
370
396
329
272
97
-29
-240
-465
-692
-899
-1084
-1235
-1355
-1359
-1305
-1233
-1098
-907
-624
-353
-111
152
397
642
800
922
1030
1086
1105
1095
1075
1051
1015
970
968
947
952
928
945
957
1006
1060
1092
1138
1163
1204
1245
1242
1268
1262
1277
1264
1224
1212
1176
1186
1163
1226
1168
1112
923
864
777
554
224
-190
-394
-665
-1022
-1476
-1797
-1917
-2098
-2241
-2352
-2241
-2079
-1990
-1768
-1467
-1153
-935
-781
-463
-173
-36
17
64
260
301
302
272
313
401
379
455
495
645
685
763
824
877
899
727
664
449
337
-9
-345
-661
-908
-1162
-1526
-1718
-1807
-1801
-1809
-1805
-1548
-1275
-1041
-782
-497
-100
136
303
495
688
827
785
820
829
871
824
750
788
805
858
864
946
1033
1135
1206
1268
1358
1414
1444
1402
1395
1385
1355
1242
1135
1091
1055
991
875
895
931
979
806
626
631
574
450
-46
-387
-580
-734
-1177
-1718
-1963
-2056
-2186
-2490
-2599
-2384
-2270
-2236
-2077
-1699
-1298
-1217
-1072
-687
-300
-206
-287
-128
85
155
17
-57
59
87
37
-3
129
231
295
305
436
614
593
538
360
369
220
-80
-481
-820
-976
-1347
-1757
-2049
-2147
-2151
-2344
-2306
-2084
-1748
-1499
-1316
-808
-356
-15
194
450
852
959
950
904
956
954
767
614
509
525
446
377
394
510
630
671
783
918
1161
1227
1258
1328
1434
1532
1331
1272
1160
1273
1100
991
998
1155
1250
763
686
643
870
408
-434
-836
-857
-1106
-2068
-2929
-3046
-3091
-3430
-4201
-4040
-3553
-3499
-3420
-3123
-2008
-1510
-1479
-983
-31
821
575
659
1134
1754
1711
1204
1425
1671
1785
1432
1472
1848
2061
2099
2048
2556
2890
2924
2686
2415
2531
2231
1545
493
-168
-521
-1376
-2402
-3344
-3501
-3630
-4149
-4208
-3870
-2998
-2644
-2149
-1055
85
934
1247
2112
3034
3487
3408
3284
3633
3573
3171
2547
2350
2290
1985
1674
1481
1737
1896
2054
2137
2535
3069
3305
3447
3521
3975
4130
3779
3437
3250
3387
3015
2526
2505
2698
3139
2236
1777
1807
2000
1925
98
-632
-1008
-923
-2419
-4248
-4752
-4793
-5052
-6635
-7002
-6022
-5789
-5992
-6014
-4333
-2988
-3082
-2857
-1316
644
639
196
1015
2305
2735
1659
1623
2280
2582
1830
1443
2148
2464
2434
1918
2546
3259
3256
2815
2423
2807
2613
1600
161
-742
-1038
-2361
-4219
-5598
-5910
-6262
-7560
-8246
-7727
-6629
-6414
-6331
-4672
-2711
-1534
-1112
70
1960
2741
2473
2420
3192
3387
2486
1642
1411
1446
807
-5
-86
206
266
174
462
1175
1888
2180
2383
3104
3834
4157
3872
3805
3968
4022
3200
2723
2687
3029
2631
2358
2432
1942
1857
907
1481
710
-729
-2057
-2175
-2347
-4228
-6163
-6501
-6180
-6740
-8492
-8165
-7098
-6900
-7139
-6545
-4407
-3647
-3807
-2922
-793
657
52
360
1633
2899
2588
1887
2425
2856
2769
2051
2434
2754
2770
2642
2796
3557
3626
3475
3089
3033
3125
2610
1660
101
-676
-1277
-2642
-4413
-5944
-6325
-6862
-7779
-8341
-7998
-7202
-6956
-6125
-4458
-2916
-1869
-1016
763
2410
2892
2796
3188
3900
3716
3036
2332
2122
1766
1051
664
470
378
216
528
987
1538
2007
2346
3028
3672
4419
4677
4659
4723
4986
5102
4371
3785
3837
3794
3679
2976
3483
3068
2215
1542
1632
2359
64
-1724
-2383
-1606
-2862
-6015
-7177
-6628
-6519
-8581
-9872
-8336
-7600
-7989
-8170
-6297
-3886
-4177
-3975
-1877
816
1370
485
1746
3525
4536
3389
3055
4122
4364
3869
3255
3701
4125
3964
3583
3989
4720
4647
4148
3621
3852
3983
3129
1400
204
-251
-1410
-3340
-5365
-6312
-6993
-8358
-9429
-9300
-8866
-8759
-8485
-6800
-4714
-3521
-2745
-1046
1539
2881
3168
3520
4457
5034
4504
3810
3384
3094
2248
1467
1063
808
513
238
419
953
1544
1822
2227
2980
3864
4583
4579
4672
5149
5639
5209
4604
4123
4532
4062
3650
3154
3885
3875
2157
1958
1799
3019
926
-1522
-2196
-1531
-2158
-5529
-7393
-6928
-6651
-8163
-10663
-9419
-8075
-8535
-9045
-8055
-4981
-4489
-5091
-3441
-373
1478
157
747
3134
4885
4308
2739
4094
5137
4697
3385
3522
4569
4369
3565
3335
4690
5017
4182
3467
3800
4504
3655
2129
854
968
177
-2104
-3892
-4995
-5213
-7019
-8848
-9016
-8489
-8467
-9451
-8350
-6029
-4564
-4056
-3204
-98
2052
2428
2806
4059
5671
5115
4268
4016
4063
3387
1590
1126
953
558
-332
-802
-93
485
795
865
1761
3098
3832
4244
4307
5190
5838
5816
5123
4943
4918
4603
3745
3273
3558
3764
3530
2019
2292
2257
2787
1604
-415
-1105
-1133
-1542
-4040
-6293
-6659
-6751
-7637
-10283
-10208
-8987
-9137
-9587
-9154
-6471
-5019
-5544
-4224
-1164
1434
752
865
3411
5413
5389
3539
4599
5962
5359
3815
3556
4795
4448
3357
2952
4195
4791
3705
3191
3632
4370
3759
2390
1418
1193
500
-1402
-3409
-4542
-5450
-6777
-8788
-9456
-9224
-9254
-9895
-9504
-7272
-5578
-4880
-3866
-1280
1672
2359
2655
4023
5845
5929
4822
4483
4707
4160
2383
1279
1245
698
-430
-1000
-571
15
-48
-82
938
2198
2958
3159
3697
4497
5162
5128
4773
4728
4917
4358
3819
3536
3739
4096
3574
4198
3851
3923
3359
3467
4068
1989
360
-833
-465
-2023
-5688
-7139
-7279
-7303
-10306
-11963
-10392
-9808
-10199
-10900
-8482
-5549
-5869
-5256
-2764
826
1237
542
2639
4961
5926
4072
4304
5871
5806
4532
3675
4658
4861
4084
3491
4336
5201
4682
4302
4138
4895
4653
3711
2448
1755
1570
-392
-2318
-4382
-5014
-6194
-8728
-9981
-10002
-9649
-10541
-11049
-8961
-6926
-5803
-5491
-3017
441
1493
2026
2994
5336
5874
4717
4388
4571
4434
2407
1285
1045
558
-541
-1611
-1179
-776
-782
-993
-147
1028
1779
2329
2569
3705
4400
4693
4464
4492
4856
4818
3939
3663
3772
4432
3729
3720
4592
4134
4103
2763
4328
3990
1748
-427
-699
-126
-3082
-6615
-7524
-7232
-7924
-11727
-11914
-10339
-10253
-11042
-11109
-7678
-6037
-6439
-5198
-2009
1162
465
912
3318
5470
5649
4055
5107
6110
5867
4574
4431
5029
4920
4250
3942
4751
5056
4757
4229
4268
4775
4424
3513
1851
1529
1013
-960
-3045
-4999
-5239
-7098
-9332
-10409
-10227
-9932
-11259
-10777
-8525
-6688
-5720
-4949
-1534
1253
2283
2893
4438
6668
6340
5732
5399
5546
4840
2796
1975
1305
440
-967
-1663
-1507
-1574
-1612
-1723
-803
134
784
1391
1881
2930
3746
4144
3968
4235
4735
4647
4022
3718
4132
4564
4066
4116
5400
5183
4647
3862
5192
5546
2882
445
165
827
-1990
-6138
-7416
-7232
-8078
-11977
-13106
-11348
-11324
-12267
-12529
-9194
-6841
-7308
-6278
-2982
890
712
571
3020
5566
6327
4514
4999
6377
6298
4917
4184
4965
5033
4300
3709
4502
5387
5022
4473
4490
5375
5361
4264
2634
2298
2129
132
-2299
-4408
-4859
-6386
-9077
-10594
-10676
-10291
-11514
-11648
-9690
-7664
-6446
-5917
-2802
415
1876
2561
3855
6373
6669
5858
5216
5264
4870
2761
1343
486
-165
-1452
-2539
-2454
-2213
-2009
-2109
-1289
87
1243
1858
2391
3359
4662
5167
4880
4719
5265
5249
4707
3589
3940
4158
4028
3512
4351
5518
4352
4132
4019
6240
4911
1908
552
1460
925
-3168
-6593
-6660
-6723
-9000
-12994
-12372
-11105
-11980
-12970
-12138
-8275
-7485
-7821
-5840
-1661
1103
51
1329
4066
6647
6232
4778
6175
7101
6655
5000
5086
5609
5280
4444
3997
5304
5561
4864
4322
4702
5564
5037
3503
2240
2339
1924
-819
-3021
-4455
-5058
-6796
-9778
-10184
-10183
-10224
-11673
-10749
-8393
-7062
-6074
-4971
-1145
1567
1952
3075
5012
7042
6594
5571
5376
5426
4432
2168
1171
538
-726
-1897
-2737
-2463
-2354
-2592
-2445
-1324
86
818
1392
1975
3292
4491
4611
4329
4533
5374
5015
4656
3757
4572
4651
4232
4262
5360
6796
5139
5056
5285
7197
6123
2486
1292
1812
1083
-2908
-6876
-7252
-7886
-9631
-13798
-13808
-12611
-13599
-14055
-13568
-10053
-8642
-8913
-6720
-2855
680
-62
1071
3877
6490
6989
5229
6483
7502
7363
5722
5450
6150
5729
4996
4370
5646
6287
5505
5086
5479
6696
6065
4824
3545
3464
3290
729
-1222
-3407
-4336
-6299
-8680
-9892
-11075
-11437
-12506
-11877
-10267
-9713
-8270
-6852
-3385
-937
281
1883
3615
6022
6039
5918
5567
5029
4558
2819
1798
315
-923
-2114
-2719
-2761
-3251
-3151
-2989
-1800
-456
504
1318
2108
3729
4584
5439
5183
5287
5887
5525
5135
4313
3890
4036
3255
3586
3416
4730
4766
3496
4633
4386
6448
3867
1946
1166
1538
371
-3912
-6421
-7000
-7791
-9949
-13658
-12679
-12472
-13324
-13597
-12403
-8975
-8732
-8266
-5464
-1180
1026
71
2279
5332
7472
6612
5586
7247
7694
6577
4745
5243
5200
4214
3085
3223
4689
4272
3684
3689
5106
5906
5048
4450
3839
4430
3506
1353
-143
-1662
-2685
-5080
-7256
-8184
-9161
-10129
-11662
-10789
-9425
-9086
-8401
-7093
-3471
-1431
-636
779
3197
5256
5083
4894
5114
5299
4051
2265
1524
839
-729
-2394
-2787
-2555
-2587
-3146
-2819
-1253
72
878
1605
2948
4382
5361
5547
5780
6156
6312
5607
5095
4357
4283
3222
2642
2347
3013
3224
3252
4212
3957
5108
4452
5667
5072
3370
1718
1076
494
-2830
-6491
-7827
-8696
-10051
-14336
-14708
-13731
-13929
-14364
-14231
-10440
-8728
-8161
-5976
-2241
1342
785
2531
5330
7473
7344
5781
7425
7755
6763
4900
4922
5391
4254
3520
3509
4836
5062
4725
5335
6255
7116
6843
6577
5922
5504
4851
2712
968
-1137
-2501
-4689
-7655
-9100
-10254
-10823
-12758
-12916
-11343
-10434
-9432
-8731
-5446
-2575
-1400
136
2169
4862
4921
4726
5097
5248
4518
2196
1284
728
-626
-2230
-3215
-2970
-3035
-3165
-2899
-1747
-394
359
1483
2685
4021
4695
5300
5332
5696
5820
4988
4461
3809
3545
3173
1795
1967
2223
3219
3046
3591
5819
5529
6527
5573
7738
7737
4891
2823
2224
2191
-1876
-6553
-7829
-8543
-9987
-15062
-15603
-13890
-14191
-14957
-14824
-10585
-8215
-8078
-6114
-1939
2314
1786
2709
5550
8244
8266
6080
6854
7641
7222
4738
4115
4572
4289
3551
2828
4157
5021
5164
5146
5790
7469
7352
6842
5660
5518
5480
2908
547
-1569
-2461
-4442
-7795
-9383
-10528
-10748
-12454
-12933
-11201
-10404
-9213
-8314
-5169
-2228
-880
627
2687
5503
5959
5739
5853
6075
5607
3785
2200
1189
65
-1489
-2656
-3185
-3397
-3516
-3398
-2691
-1511
-433
444
1422
2835
3968
4563
4743
4669
5280
4883
4116
3102
2780
2292
1460
692
746
1460
1654
1987
3252
5650
5430
5593
5854
7738
8217
4744
2650
2126
1972
-2030
-6937
-8513
-9392
-10863
-15357
-16447
-14403
-14929
-15329
-14957
-10857
-7956
-7965
-5798
-1813
2894
2661
2932
5905
8147
8800
6321
6633
7474
6765
4704
3522
4292
3780
3054
2576
3660
5075
5001
5093
5775
7477
7779
7134
6009
5492
5695
3493
946
-1462
-2725
-4320
-7383
-9135
-10468
-10527
-11976
-12394
-10665
-9664
-8384
-7678
-4829
-1560
-182
1126
2469
5215
5774
5392
5088
4639
4416
2433
971
-314
-1618
-2856
-4010
-4137
-4439
-4169
-3910
-2975
-1523
-291
976
1858
3229
4422
5441
5378
5122
5547
5250
4889
3533
2961
2820
1935
1558
1091
2020
2395
2507
4064
5299
7976
7344
7459
8493
9197
9771
5710
3722
2152
1361
-2303
-7698
-9918
-11538
-12892
-16395
-18392
-16512
-16634
-16360
-15490
-11872
-8233
-7910
-5559
-1603
3270
3643
3416
6262
8601
9380
6819
6614
7467
6685
4418
3101
3977
3258
2327
1806
3321
4887
4428
4734
5714
7800
7968
7307
6817
6294
6416
4084
1733
-384
-2365
-4113
-7321
-8862
-10286
-11072
-12313
-13022
-10886
-9995
-8955
-7935
-5016
-1262
118
1364
3160
6139
6971
6310
6261
6264
5702
3468
1618
746
-781
-3017
-4535
-4541
-4633
-5240
-5565
-4495
-2468
-1491
-773
264
2134
3555
4094
4316
4236
4803
4221
3295
2659
1801
1332
50
-525
-362
57
20
387
1978
4257
5519
7283
8025
9357
10359
10045
10879
8078
5852
3202
2050
-1051
-6190
-9733
-11585
-12609
-15594
-18412
-16953
-16307
-15753
-14883
-11795
-7627
-6729
-4649
-880
3669
4614
3843
6292
8285
8674
6255
5451
6167
5114
3019
1810
2560
2092
1310
1564
3303
4869
5057
5836
7205
8983
9305
8850
8387
7429
6972
4947
2160
-387
-2689
-4472
-7660
-9745
-10896
-11436
-12176
-13067
-10932
-9093
-8006
-6950
-4294
-124
1427
2165
3541
6248
7295
5962
5297
5192
4493
2154
-61
-966
-2212
-4248
-5793
-5617
-5240
-5575
-5710
-4448
-2457
-1154
-377
600
2333
3617
4082
4248
4248
4423
4013
3109
2272
1936
1479
443
107
377
1277
1543
1654
3513
5541
7250
7659
9819
11048
11131
10638
9838
10736
7092
3304
437
-370
-3860
-9851
-13138
-13900
-14512
-18047
-20650
-17882
-16534
-16100
-15588
-11856
-7139
-6411
-4576
-1233
3682
4368
3519
5860
7693
8413
5805
5258
6133
5588
4034
2620
3798
3741
3560
3697
4867
6709
7116
7777
8386
9835
10212
9518
8509
7198
6824
4725
1583
-1042
-3107
-4632
-8081
-10234
-11370
-11553
-12224
-13514
-11412
-9873
-8226
-7484
-5089
-1351
259
1381
2422
4913
5991
4977
4597
4234
4010
2080
36
-849
-1972
-3196
-4775
-5009
-4777
-4833
-4502
-3984
-2313
-1164
-68
891
2097
3438
3927
4362
4120
4628
4280
3588
2819
2090
2327
1217
730
718
1490
2112
1879
3045
4877
6393
7135
7510
10217
10438
9731
8893
8583
9185
4663
1382
-895
-1462
-5450
-10995
-13003
-13418
-14235
-17857
-19326
-16129
-15056
-14886
-14188
-10172
-5985
-5416
-3864
-484
3979
4267
3608
5618
7524
8005
5564
5036
5927
5865
4150
2948
3899
4260
4398
4049
5108
6908
7543
7862
7938
9358
9679
8818
7317
5877
5727
3383
208
-2547
-4229
-5634
-8994
-10974
-11899
-11658
-12185
-13091
-11065
-9145
-7434
-6253
-3979
-406
1382
2630
3689
5835
6760
5907
5325
4782
4212
2406
234
-1206
-2197
-3547
-4941
-5686
-5620
-5185
-4861
-4321
-3148
-1428
-93
752
1835
3173
4229
4319
3890
4225
4289
3458
2190
1417
1559
859
-58
-378
674
1386
1544
2283
4176
6227
7000
7720
9263
11392
10639
9540
8663
8781
7516
2817
-520
-2206
-3717
-8104
-12866
-14227
-14505
-15526
-18597
-18562
-15386
-14310
-13658
-12175
-7681
-4121
-3577
-1652
1854
5542
4987
4442
6340
7697
7391
4643
4483
5226
4799
3083
2413
3609
4094
4208
4506
6012
7806
8385
8734
9240
10481
10371
9238
7510
6145
5348
2596
-775
-3645
-5316
-7187
-10263
-12010
-12791
-12440
-12990
-12987
-10615
-8818
-7086
-5786
-2771
431
1709
2639
3788
5984
6078
4933
4249
3682
3052
895
-843
-1939
-2992
-4049
-5024
-4904
-4760
-4365
-3670
-2596
-941
255
1487
2374
3644
4617
5014
4875
4198
4365
3723
2717
1241
547
122
-685
-1294
-1456
-579
19
248
2038
3528
5564
6303
7641
9454
10672
11388
9579
9709
8469
7929
5066
943
-1629
-3336
-5695
-9822
-13279
-13855
-14473
-15368
-17616
-15939
-13605
-13123
-12011
-9722
-5345
-4035
-3643
-1154
2360
4195
2146
2976
4932
5744
4011
2317
3768
3996
3363
2076
3469
4856
4685
5140
6411
8504
9191
9149
9751
10424
11005
9610
8265
6634
5256
3872
601
-2048
-4459
-5724
-7920
-10313
-11015
-11376
-11087
-11861
-10672
-8269
-6957
-6017
-4565
-1085
948
1276
1838
3463
5235
4278
3132
2927
2959
1728
-232
-1081
-1502
-2431
-3733
-4027
-3306
-3209
-3461
-2993
-1613
-266
206
506
1257
2541
2937
2721
2257
2147
2329
1598
768
35
66
-233
-917
-607
136
993
1059
1976
3974
5981
6508
7236
8800
10686
10731
10642
10455
9565
8575
5991
5409
2323
-1299
-4705
-5729
-7758
-11483
-14584
-14864
-14429
-15337
-17072
-14929
-12758
-11913
-10912
-8120
-4292
-3430
-2713
-274
3399
4123
2642
3792
5616
6145
4513
3759
4772
4920
4237
3648
5115
5431
5430
5939
7245
8576
8653
8707
8913
9533
9349
8061
6575
4739
3655
1981
-940
-3635
-5689
-6727
-8934
-10670
-11395
-11318
-11028
-11475
-9712
-7598
-5954
-5053
-3112
169
1957
2611
3035
4599
5775
4951
3864
3163
2734
1291
-404
-1483
-2508
-3433
-4527
-4621
-4160
-4114
-3908
-3191
-1629
-390
519
1132
2082
3244
3696
3825
3341
3234
2842
2183
1357
340
27
-854
-1235
-1531
-869
-365
-216
701
2317
4188
5414
5906
7798
9230
10156
9826
10146
10494
8523
7163
4886
4786
1503
-2719
-5377
-5831
-7526
-11545
-14244
-13684
-12831
-13716
-15648
-13149
-10677
-9866
-9419
-7195
-3424
-2797
-2671
-1163
1967
2786
860
1401
2830
3908
2399
1477
2566
3413
3804
3047
4521
5668
6580
7310
8025
9490
10194
10474
9996
9887
10167
8904
7242
4717
3719
2573
-268
-3157
-5181
-5448
-7310
-9261
-10070
-9660
-8938
-9824
-8894
-6961
-5172
-4591
-3815
-1109
576
1306
1058
2023
3367
2947
1923
1066
1129
410
-795
-1870
-2419
-2517
-3150
-3391
-3151
-2589
-2057
-1730
-989
-12
1100
1394
1447
2031
2571
2708
1788
1283
1348
1076
194
-832
-592
-495
-875
-1030
-388
1061
1468
2006
3303
5451
6478
7107
7942
9706
10395
10078
9558
9932
9893
7215
5510
3679
3383
175
-3779
-6215
-6405
-8182
-11794
-14343
-13660
-13053
-14068
-15960
-13934
-11366
-10867
-10718
-8781
-5040
-4059
-3974
-2382
879
2335
972
1751
3807
5268
4284
3645
5130
6243
6550
5684
6980
7963
8504
8654
8945
9845
10000
9796
9110
8599
8358
7029
5321
3132
1967
812
-1661
-4163
-5921
-6124
-7669
-9425
-10062
-9612
-8845
-9511
-8689
-6952
-5240
-4562
-3644
-1204
403
1082
1228
2436
3607
3249
2397
1942
2126
1346
-40
-958
-1464
-1814
-2603
-3180
-3071
-2893
-2644
-2567
-1915
-1195
-516
-106
144
880
1438
1609
1152
1226
1518
1451
992
247
745
918
773
520
1092
2080
2261
2811
3576
5003
5701
5853
6696
7927
8264
8177
7671
8010
7474
7138
5281
3590
2484
706
-103
-3584
-5929
-7512
-7794
-10074
-12644
-13620
-12949
-12770
-14080
-14240
-11621
-10450
-10065
-9144
-5920
-3601
-3429
-2279
332
3332
2831
2691
4757
6635
6750
5456
6619
7724
8031
7157
7238
8741
8398
8200
8002
8701
8714
7941
7415
6609
6431
5276
3778
2139
427
-320
-2061
-4135
-6150
-6852
-7392
-9096
-9881
-10002
-9202
-9353
-9307
-7706
-6089
-5034
-4693
-2498
-309
677
927
1788
3653
4026
3541
3085
3594
3507
2323
1545
1129
830
-127
-798
-905
-873
-1110
-1514
-1119
-644
-312
-243
-230
200
635
801
451
112
302
330
-7
-618
-763
-469
-536
-783
-547
381
732
910
1791
3172
4121
4374
4905
6297
7410
7002
7077
7164
7437
6421
5804
4751
3145
1721
-112
-466
-3139
-5779
-7258
-7024
-8623
-10846
-12047
-10896
-10400
-11268
-11641
-9114
-7847
-7517
-6754
-3969
-1856
-1985
-1214
1003
3516
2975
2470
3921
5621
5605
4452
5125
5898
6176
5714
5643
6710
6439
6400
6394
6813
6780
6284
5758
5016
4635
4013
2663
968
-508
-1024
-2172
-4059
-5854
-6290
-6334
-7519
-8155
-7966
-7007
-6851
-6488
-5033
-3399
-2326
-1962
-161
1713
2603
2672
3191
4281
4572
4108
3391
3181
2812
1844
1092
351
-458
-1119
-1705
-1860
-2227
-2492
-2603
-2520
-2208
-2055
-1826
-1885
-1795
-1502
-1121
-1258
-1731
-1674
-1412
-1278
-1643
-1733
-1332
-1007
-796
-503
457
1004
1463
2076
3391
4497
4786
5119
6180
7057
7627
7130
7446
7712
7370
6741
6108
6136
4116
3022
1568
1635
42
-3010
-4684
-4420
-4947
-7414
-9614
-9358
-8522
-9106
-10854
-10018
-8348
-8160
-8294
-7132
-4627
-4238
-4167
-3152
-463
866
-156
495
2134
3803
3424
3039
3901
4609
5480
4772
5374
5524
5901
6104
5884
6144
6063
6010
5294
4546
4916
4272
3006
1226
962
943
-529
-2569
-3709
-3022
-3920
-5298
-6048
-5394
-4942
-5684
-5316
-4257
-3045
-3024
-2612
-844
380
899
758
1878
2816
3189
2850
2422
2750
2533
2168
1359
592
258
-240
-720
-1604
-1950
-2090
-2497
-2880
-2977
-2579
-2752
-3135
-3059
-2291
-1939
-2526
-2514
-1810
-1103
-1331
-1496
-745
-7
112
168
1098
2073
2297
2480
3404
4733
5257
5228
5791
6943
7463
7542
7410
7712
7918
7377
6752
6178
6028
4065
2829
1340
840
-625
-3724
-5751
-5936
-6563
-9003
-11439
-11581
-10609
-11118
-12767
-12282
-10117
-9404
-9402
-8248
-5283
-4155
-3658
-2629
312
2108
1601
2124
3827
5570
5248
4812
5529
6088
6786
6081
6371
6511
6698
7002
6710
6773
6668
6777
6179
5204
5224
4848
3552
1581
777
719
-756
-3049
-4664
-4200
-4902
-6473
-7540
-6840
-6218
-6673
-6482
-5302
-3682
-3406
-2809
-1100
428
1181
1075
2068
3053
3383
3008
2342
2450
2181
1720
714
-259
-588
-1007
-1405
-2337
-2582
-2411
-2487
-2746
-2788
-2003
-1874
-2024
-2115
-1179
-684
-1174
-1524
-994
-276
-650
-1156
-902
-131
-66
-436
233
1026
1569
1591
2318
3559
4325
4617
5024
6078
6904
6926
7208
7103
7532
7206
6627
5802
5397
4905
2836
1881
282
274
-1688
-4382
-5657
-5172
-6288
-8504
-10287
-9269
-8516
-9642
-10921
-9410
-7771
-7591
-8055
-6154
-4017
-3820
-3551
-2381
256
495
70
886
2601
3367
2835
3142
3922
4439
5008
4814
5519
5455
6238
6594
6595
6506
6757
7067
6270
5420
5517
5229
3585
1766
1407
1119
-628
-3000
-3704
-3400
-4520
-6104
-6661
-5532
-5739
-6048
-5705
-4341
-3278
-3316
-2313
-890
233
523
770
1774
2281
2432
2145
1828
1831
1602
1320
407
-176
-348
-400
-915
-1702
-1528
-1242
-1349
-1899
-1561
-903
-948
-1459
-1412
-478
-637
-1262
-1660
-925
-747
-1541
-1743
-1366
-704
-1064
-1157
-146
503
1003
1124
2242
3385
4044
4512
5143
6181
6649
6943
7238
7089
7334
6861
6481
5542
5052
4390
2455
1466
-83
-69
-2181
-4707
-5872
-5264
-6554
-8749
-10347
-9300
-8491
-9991
-10963
-9467
-7970
-7779
-8321
-6162
-4246
-4001
-3473
-2211
564
656
723
1701
3585
4304
3950
4577
5230
5845
6239
6109
6630
6337
6997
7089
6833
6456
6488
6619
5593
4628
4518
4254
2466
919
462
242
-1346
-3599
-3864
-3817
-4672
-6118
-6477
-5350
-5768
-5889
-5480
-4258
-3428
-3491
-2400
-1032
-200
74
559
1562
2046
2222
2084
2218
2091
2034
1837
1172
723
438
340
-292
-982
-1134
-1056
-1585
-2213
-2130
-1918
-2159
-2916
-2765
-2143
-2399
-2763
-2874
-2055
-1795
-2187
-1847
-1122
-555
-468
-218
894
1537
1798
2189
3143
3821
4243
4577
5102
5763
5881
6202
6510
6517
6460
6565
6243
5878
5083
5284
4077
2756
1728
1060
679
-2037
-4068
-4046
-4485
-6487
-8660
-9331
-7997
-9098
-10399
-10361
-8856
-8071
-8607
-7707
-5478
-4801
-4179
-3412
-1292
-83
-314
607
1622
2783
2520
2808
3511
3593
3994
4378
4647
4760
4722
5853
6054
5868
5879
6460
6786
5955
5338
5806
5036
3631
2610
2055
1599
-706
-1908
-2271
-3029
-4071
-5447
-5087
-5019
-5615
-5197
-4757
-3830
-3629
-2961
-1542
-876
-448
51
980
1541
1434
1449
1613
1402
1061
806
450
-143
-714
-726
-930
-1458
-1870
-1677
-1354
-1823
-1678
-1524
-1095
-1223
-1516
-771
-812
-1056
-1276
-1016
-613
-1123
-1388
-947
-579
-491
-640
-134
789
1005
1399
2109
2881
3548
3883
4596
5245
5561
5851
5995
6396
6214
6048
5988
5263
4932
4100
4198
2530
1292
515
-62
-674
-3375
-4768
-4563
-5177
-6998
-8739
-9003
-7912
-9159
-9938
-9755
-8520
-7901
-8286
-7220
-5147
-4808
-3816
-3052
-995
282
139
1463
2258
3594
3684
3993
4708
4833
5345
5821
5777
5866
5876
6743
6654
6320
6297
6655
6520
5716
5073
5320
4373
2857
2105
1282
780
-1450
-2470
-2890
-3900
-4663
-5861
-5679
-5727
-6282
-5600
-5310
-4622
-4316
-3508
-2128
-1713
-1197
-404
431
919
929
1146
1631
1283
1099
1128
910
608
-13
129
35
-471
-686
-756
-504
-1009
-1018
-1003
-985
-1194
-1545
-1129
-1449
-1733
-1825
-1630
-1487
-1915
-1798
-1245
-921
-880
-589
74
934
1083
1565
2415
3009
3452
3737
4435
4906
5027
5260
5350
5809
5616
5453
5611
4973
4999
4223
4531
3252
2112
1698
923
547
-1772
-3361
-3431
-4040
-5902
-7429
-8442
-7604
-8746
-9576
-9618
-8977
-8207
-8342
-7625
-5633
-5334
-4115
-3165
-1628
-49
-167
1334
1852
2932
3253
3508
4061
4030
4182
4986
4805
4758
4722
5448
5873
5428
5478
5989
6042
5766
5113
5324
4969
3463
3066
2034
1646
-289
-1480
-1944
-3163
-3960
-5135
-5342
-5462
-6156
-5672
-5350
-4978
-4482
-3927
-2440
-1943
-1498
-485
307
871
1207
1228
1929
1575
1419
1590
1132
998
231
348
305
-402
-492
-600
-449
-704
-832
-574
-523
-696
-788
-410
-487
-787
-1036
-664
-676
-1148
-1210
-1059
-737
-1003
-930
-582
-24
73
232
1064
1476
1937
2171
2877
3532
3725
4064
4353
4787
5053
4860
5087
4804
4684
4289
4430
3411
2279
2074
1174
1030
-1284
-2604
-2811
-3244
-4993
-6488
-7444
-6733
-7597
-8642
-8616
-8393
-7411
-7607
-7103
-5518
-5174
-4103
-3026
-1980
-405
-563
876
1579
2323
2897
3007
3582
3781
3913
4599
4585
4383
4730
5127
5720
5321
5312
5918
5874
5773
5323
5198
5044
3670
3284
2434
1620
177
-1228
-1721
-2881
-3840
-4840
-5313
-5640
-6010
-5757
-5404
-5244
-4802
-3895
-2634
-2040
-1627
-689
405
999
1254
1382
1960
1895
1734
1838
1361
1340
637
647
628
22
-63
-334
-264
-326
-616
-478
-737
-1005
-975
-1063
-1316
-1858
-2197
-2030
-2168
-2749
-2850
-2760
-2415
-2379
-2282
-1623
-1083
-557
40
858
1668
2281
2855
3443
4352
4576
5061
5201
5366
5747
5713
5641
5459
5132
5081
4763
4315
4101
2689
2643
1719
1369
346
-1620
-2275
-2384
-3706
-4971
-6702
-6834
-6508
-7983
-8263
-8734
-7853
-7498
-7588
-6541
-5688
-5088
-3851
-3041
-1631
-934
-497
712
1176
2030
2262
2542
2770
2783
3445
3880
3353
3457
3789
4709
4758
4203
4799
5113
5434
5022
4729
4953
4165
3558
3065
2289
1446
-4
-576
-1336
-2385
-3058
-3764
-4002
-4378
-4499
-3882
-3800
-3678
-2991
-2125
-1064
-1071
-483
475
844
1289
1123
1449
1545
941
1066
847
455
5
-611
-307
-605
-1052
-1136
-1318
-1165
-1117
-1192
-1079
-1366
-1372
-966
-1097
-1351
-1768
-1598
-1257
-1687
-1848
-1767
-1473
-1244
-1322
-786
-266
92
384
1030
1802
2234
2554
2949
3498
3796
4174
4144
4334
4208
4337
4486
4270
3911
3788
3742
3596
2904
2888
2696
1542
1309
357
745
-542
-2537
-2941
-2879
-3720
-5238
-7104
-6461
-6283
-7389
-7671
-8238
-6866
-6512
-6421
-5233
-4811
-3841
-2458
-1813
-501
-282
618
1759
1652
2307
2646
2975
2900
2391
3190
3881
3142
2929
3220
4421
4547
3890
4414
4884
5332
4983
4837
4883
4239
3712
3260
2546
1405
190
-413
-1209
-2428
-3129
-3560
-4016
-4574
-4584
-3827
-3686
-3876
-3225
-2071
-1064
-1203
-880
154
605
817
465
730
614
143
117
-143
-652
-1089
-1302
-974
-1248
-1660
-1201
-997
-826
-829
-505
115
-253
-439
-2
25
-155
-1057
-1055
-808
-1369
-1753
-1957
-1703
-1630
-1662
-1294
-528
-305
302
983
1756
2486
2748
3462
3805
4014
4261
4481
4237
3994
3706
3880
3612
2907
2664
2870
2567
2229
1716
2250
2238
904
1021
565
1133
-294
-2089
-2080
-2124
-3201
-4664
-6343
-5892
-5973
-7135
-7322
-8000
-6833
-6359
-6116
-5197
-4724
-3504
-1915
-1535
-438
153
1228
2107
1677
2343
2780
3087
2549
2118
2714
3286
2746
2406
2649
3591
3955
3734
4024
4236
4970
4902
4908
4412
3923
3886
3254
2311
1025
187
-186
-1436
-2666
-3130
-3484
-3686
-4556
-4459
-3676
-3423
-3317
-2988
-2135
-1033
-930
-600
-198
89
725
366
330
-17
-118
171
-286
-817
-827
-705
-360
-691
-766
-109
92
238
168
443
850
512
180
247
-78
-204
-955
-1276
-1392
-1764
-1806
-2068
-1925
-1708
-1314
-861
-384
118
868
1508
1966
2379
2836
3161
3217
3180
2988
3065
2748
2366
2185
1849
1879
1726
1581
1880
1820
1993
2199
2121
2889
2171
1837
1694
1172
1273
-648
-2001
-2307
-3226
-4134
-5872
-7175
-6590
-7307
-7338
-7600
-7479
-5981
-5444
-4210
-3152
-2508
-814
383
1046
1837
1907
2937
2894
2391
2380
2265
2249
1413
942
1436
1672
1598
1611
2122
3219
3720
4347
4616
5084
5579
5681
5694
4731
4001
3480
2570
1218
-446
-1525
-2165
-3523
-4451
-4966
-5058
-4952
-5209
-4532
-3645
-2949
-2180
-1539
-524
283
613
1115
1019
1026
1035
740
351
-481
-785
-803
-1125
-1456
-1660
-1237
-717
-657
-179
369
919
1258
1370
1754
1726
1354
971
468
27
-778
-1605
-2129
-2782
-3120
-3286
-3276
-3163
-2831
-2053
-1085
-351
344
1400
2422
3125
3436
3798
4136
4012
3593
3303
2811
2279
1565
1118
1019
567
425
639
945
1472
1757
2179
2784
2932
3651
3244
2748
2267
1539
1324
-724
-2605
-3376
-4275
-5357
-7256
-8354
-7629
-7846
-7720
-7601
-6690
-4792
-3939
-2507
-1178
-247
1293
2218
2670
2961
2626
3301
2746
1795
1283
1054
1088
175
-295
375
1067
1294
1606
2459
3726
4393
4998
5344
5641
5590
5425
4994
3745
2518
1481
481
-965
-2749
-3553
-3968
-4870
-5330
-5422
-4646
-4137
-3953
-2890
-1762
-786
-118
296
1116
1457
1466
1579
1034
617
307
-35
-352
-1187
-1455
-1032
-982
-894
-777
-67
839
1014
1425
2034
2354
2380
2007
1842
1588
719
-118
-942
-1656
-2342
-3114
-3486
-3845
-3946
-3588
-3096
-2572
-2063
-1099
13
903
1372
2016
2804
3095
3021
2854
2793
2481
1779
1287
993
526
236
-34
279
504
634
1313
1992
2547
3175
3552
4051
3999
3778
3959
2756
1855
431
-240
-1145
-3541
-4980
-5462
-5892
-6615
-7828
-7410
-6251
-5826
-4942
-4241
-2591
-1307
-370
861
1519
1766
2380
2474
2230
1405
975
1077
187
-689
-991
-332
-125
-434
1
1360
2502
2989
3591
4663
5235
5526
5477
5251
4639
3488
2813
1649
112
-1282
-2231
-2868
-4026
-4847
-4431
-4180
-4086
-3932
-2976
-1542
-1027
-650
115
871
1295
1171
1093
1035
527
275
-18
-429
-873
-973
-692
-529
-513
-76
812
1325
1555
1974
2650
3022
2689
2343
2289
1857
1117
113
-706
-1359
-2318
-3009
-3591
-4153
-4383
-4493
-4225
-4039
-3826
-3063
-2337
-1667
-1140
-383
622
1156
1366
1787
2415
2710
2533
2313
2455
2529
2226
1937
1772
1724
1722
1674
1919
2050
2101
2549
2904
3194
3413
3481
3587
3205
2730
2812
1863
625
-808
-1624
-1788
-3710
-5416
-6041
-6125
-6102
-7136
-7218
-6037
-5364
-4399
-3808
-2563
-1110
-430
661
1311
1543
2145
2303
2173
1581
1080
1540
1281
457
8
527
1357
1258
1034
1788
2718
3184
3153
3302
3507
3425
3000
2404
1700
772
183
-530
-1570
-2463
-2762
-2536
-2863
-3437
-3010
-2162
-1444
-1444
-1249
-248
462
595
607
772
1156
1058
853
753
677
783
763
629
589
794
1224
1445
1150
1104
1471
1816
1433
815
505
535
164
-622
-1304
-1670
-1974
-2517
-3003
-3156
-3303
-3426
-3466
-3435
-3078
-2833
-2506
-2216
-1919
-1322
-690
-142
159
436
1255
1939
2297
2348
2638
3232
3428
3241
3012
3064
3026
2561
2107
1786
1583
1306
923
821
665
729
841
894
1049
1137
1263
1286
870
838
753
-34
-883
-1962
-1872
-2314
-3743
-4563
-4793
-4072
-4067
-4653
-4026
-3034
-1884
-1201
-848
368
1090
1658
1958
1753
1963
1919
1515
919
2
3
151
-314
-905
-1112
-227
468
320
344
800
1652
1893
1556
1437
1468
1418
886
238
-159
-299
-411
-831
-1266
-1169
-674
-242
-340
-380
77
783
1034
799
737
1045
1202
983
667
685
921
817
532
459
720
980
865
499
384
476
516
145
-433
-777
-875
-1046
-1377
-1819
-1839
-1711
-1745
-1818
-1804
-1385
-1085
-1189
-1306
-1203
-807
-714
-1079
-1327
-1282
-971
-866
-1070
-1049
-688
-181
196
327
716
1291
1829
2009
2008
2243
2554
2633
2227
1762
1606
1572
1287
592
110
-4
-9
-146
-485
-376
-31
190
373
449
1001
1556
1703
1558
1318
1558
1938
1318
346
-509
-607
-413
-1573
-2604
-3110
-2751
-2378
-2931
-3055
-2476
-1666
-984
-1112
-695
54
565
654
37
-84
235
128
-464
-1391
-1609
-1126
-1129
-1386
-1723
-1183
-241
132
262
428
1203
1940
1927
1666
1654
2085
2278
1683
1080
1059
1479
1511
856
511
775
1238
1136
596
433
716
840
424
-160
-215
3
-43
-532
-899
-622
-214
-174
-538
-674
-348
-13
-176
-667
-935
-792
-756
-1168
-1593
-1593
-1186
-1102
-1267
-1133
-500
140
308
286
521
940
1194
947
500
181
83
-67
-610
-1149
-1339
-1201
-1207
-1391
-1348
-843
-368
-180
-167
134
673
940
898
654
661
832
871
660
345
266
374
469
331
229
387
575
606
543
719
1183
1332
1325
1346
1716
2243
2413
2264
1971
1911
2202
2090
1055
100
-515
-409
-1212
-2565
-3320
-3433
-3232
-3623
-3993
-3670
-3021
-2256
-1949
-1899
-1274
-512
91
-281
-767
-433
24
-194
-889
-1156
-576
-162
-92
-23
402
1274
1896
2182
2182
2453
3044
3077
2426
1780
1739
1844
1305
425
22
144
334
112
-206
-236
30
276
-23
-412
-475
-336
-521
-1192
-1511
-1279
-992
-1062
-1289
-1004
-326
247
470
529
772
1195
1340
1036
705
504
468
80
-462
-666
-629
-452
-558
-617
-419
2
299
311
125
116
150
-50
-482
-974
-1213
-1368
-1634
-1809
-1873
-1645
-1318
-1095
-802
-493
-29
293
372
373
433
511
385
166
32
55
148
233
396
609
913
1254
1558
1792
1887
1940
1917
1753
1524
1271
1049
869
563
424
433
586
782
860
960
978
962
1161
1109
487
-270
-829
-831
-1471
-2392
-2981
-3140
-3105
-3278
-3110
-2791
-2596
-2107
-1469
-1066
-995
-736
-77
-9
-421
-436
42
207
10
-7
427
715
1029
1519
1667
1636
1776
2249
2070
1368
1123
1162
877
98
-224
-106
-166
-213
-121
86
172
491
925
849
500
404
519
115
-581
-993
-1104
-1297
-1563
-1539
-1373
-959
-346
242
642
997
1711
2230
2270
1994
1854
1712
1245
660
-22
-457
-858
-1101
-1424
-1684
-1558
-1298
-1107
-1137
-1051
-736
-551
-532
-730
-871
-890
-876
-971
-1234
-1261
-1082
-824
-801
-724
-510
-164
153
212
221
246
530
743
650
554
693
1090
1238
1271
1422
1679
1976
2006
1896
1658
1564
1502
1086
433
-123
-271
-454
-781
-1023
-1000
-733
-437
-73
266
626
1072
1268
1203
1018
1091
769
11
-863
-1351
-1573
-2247
-2742
-3114
-2988
-2716
-2358
-1958
-1606
-917
-93
353
487
671
1149
1249
928
509
378
379
218
89
-252
-193
83
522
552
410
668
1039
1176
866
629
606
585
406
64
-163
-175
-27
75
-45
-46
60
332
325
173
-42
-172
-152
-353
-551
-744
-664
-423
-234
33
309
744
1246
1573
1761
1752
1766
1628
1261
739
193
-343
-909
-1389
-1762
-1965
-2070
-1968
-1758
-1545
-1188
-787
-393
-191
-103
4
-22
-81
-261
-499
-736
-877
-840
-823
-738
-565
-209
199
514
874
1176
1494
1652
1654
1570
1428
1305
1033
720
398
175
-10
-146
-237
-321
-315
-306
-286
-285
-282
-270
-349
-442
-510
-522
-544
-507
-321
-217
-45
221
642
1010
1209
1460
1528
1526
1520
1521
1166
473
-84
-208
-468
-1102
-1535
-1729
-1676
-1545
-1289
-1154
-1151
-899
-308
-35
-204
-427
-331
-285
-455
-686
-882
-1023
-976
-596
-430
-305
-47
498
959
1187
1377
1525
1510
1374
1237
993
602
232
20
-182
-383
-429
-315
-221
-101
61
250
351
406
398
236
7
-238
-418
-614
-825
-964
-1016
-851
-567
-273
26
337
735
1112
1377
1477
1405
1321
1194
946
599
192
-129
-384
-615
-758
-826
-910
-881
-762
-588
-508
-529
-417
-356
-316
-378
-472
-404
-447
-499
-447
-409
-312
-196
-79
-31
28
154
277
263
153
91
81
72
6
-75
-123
-121
-4
116
164
237
327
475
563
541
446
392
358
190
-8
-205
-296
-339
-358
-316
-210
-24
280
591
941
1240
1498
1666
1682
1712
1641
1369
847
321
-173
-511
-1008
-1468
-1923
-2139
-2041
-1893
-1674
-1605
-1365
-901
-480
-194
-106
-100
-37
-75
-38
-227
-423
-542
-523
-352
-232
-51
178
503
827
1138
1321
1423
1423
1382
1224
971
670
367
117
-157
-406
-528
-552
-530
-512
-516
-431
-364
-268
-292
-374
-462
-508
-479
-484
-460
-402
-253
28
356
658
902
1135
1417
1560
1625
1525
1376
1167
865
547
200
-96
-372
-621
-794
-878
-919
-908
-905
-870
-825
-795
-790
-812
-838
-854
-924
-962
-963
-907
-817
-761
-628
-468
-240
-9
183
363
517
729
892
985
1016
1047
1089
1052
983
869
756
642
470
301
134
-19
-160
-288
-397
-470
-533
-544
-556
-537
-493
-485
-422
-359
-284
-192
-146
-26
134
299
468
593
827
1026
1196
1285
1286
1286
1247
1104
835
470
135
-126
-453
-786
-1133
-1281
-1342
-1379
-1349
-1325
-1191
-1004
-869
-747
-684
-595
-543
-546
-537
-580
-529
-498
-428
-326
-200
-54
165
382
536
686
820
952
1032
1094
1072
1055
1043
1011
982
918
827
764
683
566
419
299
130
-57
-203
-360
-463
-559
-610
-600
-582
-525
-445
-341
-253
-220
-179
-184
-204
-223
-272
-332
-394
-392
-302
-241
-167
-45
110
267
365
421
442
420
319
174
-3
-186
-346
-503
-637
-695
-671
-583
-477
-370
-211
-27
143
241
269
291
297
262
198
96
31
-5
-22
-1
10
68
131
185
245
282
311
310
276
243
248
239
235
236
269
347
402
469
516
529
520
481
428
297
137
11
-127
-265
-403
-476
-491
-509
-506
-474
-411
-351
-342
-333
-339
-383
-438
-517
-596
-657
-714
-735
-726
-704
-633
-537
-404
-288
-185
-45
85
211
305
404
507
606
701
806
905
978
1031
1071
1082
1048
974
839
686
495
310
112
-96
-264
-386
-469
-515
-531
-494
-420
-368
-307
-254
-218
-213
-259
-307
-364
-461
-534
-600
-615
-602
-568
-477
-355
-183
4
181
366
517
651
767
805
811
767
692
576
423
276
130
-38
-219
-348
-425
-495
-577
-622
-609
-565
-547
-492
-448
-388
-328
-301
-220
-179
-167
-124
-101
-27
64
94
208
263
411
545
604
713
723
768
802
743
666
559
434
384
246
135
49
6
4
-38
-60
-68
-54
-80
-139
-237
-318
-422
-527
-651
-752
-840
-861
-839
-800
-716
-627
-479
-333
-186
-65
26
91
158
188
218
208
217
248
273
338
393
477
550
597
651
686
682
656
556
473
369
248
142
25
-66
-137
-209
-232
-237
-259
-268
-328
-340
-348
-396
-442
-521
-534
-530
-527
-498
-447
-339
-231
-119
2
129
259
345
411
445
471
505
493
465
423
402
407
373
337
322
300
271
206
154
101
9
-76
-200
-299
-391
-484
-550
-666
-731
-744
-745
-735
-766
-729
-618
-525
-410
-333
-195
1
162
325
453
583
734
825
888
903
908
889
809
720
608
529
407
281
155
62
1
-97
-145
-212
-276
-303
-370
-362
-396
-451
-445
-537
-501
-509
-513
-484
-592
-537
-461
-446
-356
-415
-309
-112
-68
127
144
336
593
627
811
781
886
1020
890
862
669
536
510
214
78
-153
-325
-370
-597
-614
-699
-753
-735
-806
-722
-686
-658
-567
-583
-436
-342
-230
-82
-34
150
251
381
482
498
601
586
568
557
451
461
381
309
299
223
294
280
310
346
320
409
381
326
286
157
117
-34
-207
-325
-464
-524
-649
-696
-710
-738
-679
-638
-547
-469
-441
-335
-246
-155
-103
-59
36
72
135
192
212
287
288
302
306
247
256
226
202
129
35
60
70
80
75
27
99
158
177
174
142
138
107
50
-31
-116
-152
-199
-269
-308
-319
-227
-159
-131
-110
7
149
210
225
228
282
311
257
184
138
128
89
8
-52
-88
-50
-44
-91
-119
-114
-81
-65
-108
-140
-158
-163
-158
-195
-212
-228
-210
-166
-172
-160
-134
-94
-38
-44
-34
-24
17
44
48
64
102
165
218
269
325
399
466
495
495
472
439
398
284
130
-26
-148
-263
-391
-520
-586
-591
-565
-524
-461
-348
-224
-117
-22
57
125
168
160
144
103
60
16
-27
-52
-68
-71
-43
-22
27
86
131
168
167
191
209
206
168
125
92
82
44
22
9
-1
5
-6
4
23
39
50
31
25
33
45
46
9
-2
-9
0
-13
-38
-47
-51
-48
-68
-90
-99
-98
-107
-143
-179
-204
-218
-247
-282
-308
-320
-312
-294
-226
-156
-77
3
123
284
390
439
462
511
533
452
315
178
71
-36
-171
-282
-325
-317
-256
-191
-92
55
170
240
246
279
275
152
-48
-217
-321
-434
-587
-631
-532
-386
-277
-121
214
605
838
855
871
1031
1230
1072
615
200
167
221
-91
-637
-900
-650
-417
-577
-892
-806
-392
-186
-453
-765
-640
-272
-277
-689
-957
-644
-192
-179
-485
-494
44
518
504
229
310
744
1016
808
492
547
861
956
690
450
558
788
764
465
254
293
338
158
-193
-406
-428
-413
-568
-787
-867
-744
-600
-597
-672
-637
-456
-295
-266
-318
-298
-175
-51
-27
-60
-34
115
235
251
194
236
380
438
348
226
241
338
340
211
112
129
225
217
125
65
80
118
45
-62
-110
-101
-117
-222
-285
-246
-182
-155
-184
-146
-52
23
50
58
104
139
119
86
91
108
89
11
-26
-6
13
-25
-93
-105
-78
-72
-109
-149
-122
-73
-61
-76
-72
-10
23
23
-1
-4
10
-31
-85
-114
-115
-123
-173
-198
-156
-91
-48
-57
-41
22
76
92
60
39
56
56
35
21
49
115
164
202
265
367
470
521
519
522
541
530
454
331
229
165
86
-29
-152
-223
-240
-273
-345
-422
-453
-441
-460
-521
-584
-606
-573
-559
-568
-558
-497
-385
-309
-252
-174
-65
56
106
136
175
240
304
308
295
301
343
386
383
365
369
383
391
351
298
266
249
213
136
66
48
44
17
-29
-62
-54
-55
-60
-82
-99
-104
-97
-93
-92
-77
-31
18
44
71
127
194
213
183
146
138
96
9
-116
-215
-279
-351
-442
-527
-554
-517
-488
-499
-489
-414
-283
-220
-218
-184
-70
50
83
70
125
252
354
353
332
381
476
513
456
382
369
404
382
289
208
206
238
213
122
78
96
94
-5
-149
-224
-255
-332
-470
-600
-622
-590
-567
-533
-467
-315
-144
14
152
296
446
536
542
538
546
525
409
261
183
147
75
-54
-127
-119
-95
-149
-244
-281
-236
-222
-319
-463
-496
-416
-376
-452
-542
-463
-273
-161
-182
-192
-45
166
237
171
139
271
429
439
342
323
473
626
618
520
515
637
706
587
404
316
324
243
5
-239
-352
-362
-440
-628
-779
-776
-669
-632
-683
-680
-555
-371
-277
-250
-172
-18
131
182
175
224
318
380
339
254
247
287
296
225
139
139
184
203
168
122
140
172
164
100
30
10
-17
-91
-193
-270
-294
-304
-328
-353
-342
-273
-180
-105
-41
42
152
245
288
313
337
354
334
273
209
146
84
12
-58
-121
-176
-214
-232
-243
-252
-253
-248
-236
-220
-198
-172
-164
-150
-115
-79
-50
-27
20
78
115
143
179
229
275
290
302
303
307
317
311
289
246
207
182
142
85
21
-39
-98
-174
-237
-280
-318
-362
-402
-409
-391
-372
-347
-309
-265
-215
-161
-91
-31
22
79
144
212
266
320
375
414
440
450
449
421
370
313
229
130
23
-67
-150
-239
-319
-360
-369
-372
-384
-373
-332
-286
-254
-245
-233
-201
-164
-134
-121
-115
-64
14
95
148
201
281
370
435
468
477
480
474
445
396
317
235
172
121
50
-41
-121
-162
-186
-234
-310
-378
-402
-406
-430
-471
-494
-478
-428
-380
-343
-290
-202
-99
-9
52
123
212
284
324
332
358
389
394
386
360
339
322
294
268
220
161
107
55
4
-58
-125
-175
-222
-249
-259
-273
-277
-268
-231
-186
-164
-139
-102
-59
-20
-4
19
42
66
98
124
148
170
190
211
229
230
220
195
163
120
65
4
-61
-121
-171
-224
-271
-298
-296
-279
-279
-283
-255
-196
-142
-118
-98
-66
-16
41
80
98
110
145
189
210
207
196
194
189
173
155
123
90
79
80
71
52
48
65
73
66
53
32
17
-8
-41
-79
-124
-144
-157
-167
-165
-150
-113
-72
-36
2
39
73
88
86
74
60
39
5
-28
-49
-61
-79
-94
-99
-89
-78
-87
-104
-117
-121
-121
-132
-148
-154
-133
-94
-50
-8
50
117
179
227
265
298
305
283
246
207
167
121
66
16
-19
-32
-35
-35
-38
-37
-24
-20
-27
-43
-54
-71
-101
-127
-138
-137
-129
-130
-118
-86
-46
-5
15
39
66
97
117
118
116
119
126
126
109
84
69
52
17
-33
-82
-123
-170
-220
-259
-282
-286
-280
-259
-227
-179
-114
-48
4
43
85
126
149
151
148
148
149
149
157
172
190
207
228
254
273
271
253
224
192
145
82
10
-58
-110
-155
-202
-243
-261
-255
-246
-255
-260
-244
-215
-198
-203
-199
-169
-127
-89
-61
-14
48
109
164
203
235
261
269
254
217
177
138
85
24
-27
-59
-80
-100
-110
-102
-88
-72
-62
-53
-42
-37
-39
-48
-58
-62
-60
-55
-47
-37
-15
15
49
76
96
118
142
157
161
158
153
153
146
133
111
95
83
66
36
-3
-38
-65
-102
-143
-181
-204
-215
-221
-218
-202
-172
-136
-101
-66
-32
-2
22
28
26
17
8
-5
-20
-33
-36
-33
-23
-5
19
46
66
90
108
119
120
118
114
103
82
64
54
54
46
35
30
29
39
40
33
25
22
21
18
12
12
15
18
19
20
26
25
14
-5
-29
-51
-80
-119
-152
-176
-192
-204
-204
-186
-160
-126
-88
-46
0
32
59
80
96
102
90
71
62
60
54
32
20
30
47
58
52
55
71
86
80
61
47
46
40
14
-18
-35
-34
-34
-49
-69
-69
-51
-37
-38
-38
-27
-7
7
15
21
33
47
57
61
59
63
71
69
56
43
34
25
8
-16
-43
-64
-81
-100
-120
-136
-142
-139
-135
-126
-104
-80
-50
-23
0
26
51
67
70
69
70
64
49
37
29
27
24
20
27
44
59
70
75
84
91
89
75
54
38
19
-9
-40
-62
-69
-72
-85
-89
-80
-57
-35
-24
-10
12
33
46
48
54
59
59
46
29
20
12
-4
-27
-42
-50
-54
-65
-76
-80
-74
-71
-72
-72
-67
-53
-45
-46
-43
-30
-12
0
5
18
37
62
79
93
108
122
136
141
133
127
119
108
90
61
39
24
11
-6
-29
-41
-47
-53
-61
-75
-87
-94
-103
-114
-126
-131
-126
-122
-116
-100
-72
-36
-5
26
56
88
117
134
139
137
131
118
101
79
57
36
17
2
-7
-16
-24
-32
-36
-46
-60
-77
-92
-105
-122
-140
-154
-154
-143
-128
-111
-87
-50
-8
29
65
96
126
148
159
164
167
167
160
146
137
131
122
110
95
87
71
48
25
1
-23
-52
-88
-116
-137
-149
-162
-173
-177
-169
-153
-142
-135
-119
-93
-75
-65
-54
-30
-2
14
24
42
71
97
113
119
129
141
148
137
119
104
96
77
50
21
11
3
-14
-37
-51
-51
-52
-65
-81
-83
-79
-74
-81
-82
-69
-47
-31
-26
-17
9
35
47
45
45
60
72
68
55
53
60
67
60
51
50
58
56
40
21
12
6
-8
-33
-54
-62
-60
-62
-71
-72
-59
-41
-35
-35
-32
-19
-15
-23
-34
-39
-37
-37
-42
-44
-36
-20
-5
4
13
29
46
54
53
51
56
54
43
34
29
29
25
18
15
17
21
20
16
18
18
17
13
10
11
12
8
1
-1
2
1
-10
-24
-30
-30
-39
-56
-68
-70
-68
-70
-73
-67
-55
-41
-29
-19
-6
10
22
27
29
37
44
45
40
39
43
46
44
40
39
39
37
31
23
15
7
0
-8
-15
-21
-23
-25
-24
-24
-21
-18
-18
-19
-20
-22
-26
-32
-34
-36
-35
-29
-20
-9
5
22
44
63
74
85
93
97
94
82
68
52
35
16
-4
-21
-34
-44
-51
-60
-62
-61
-62
-63
-66
-66
-64
-63
-63
-63
-60
-50
-41
-31
-22
-8
8
22
34
45
54
64
74
77
78
81
87
90
88
84
82
81
75
65
51
37
23
6
-15
-36
-52
-65
-81
-96
-103
-102
-98
-99
-95
-83
-69
-56
-47
-37
-20
-4
7
14
23
34
39
43
43
45
47
45
41
36
35
34
28
22
17
15
11
2
-5
-12
-19
-28
-36
-43
-46
-50
-50
-45
-37
-28
-19
-6
9
23
35
43
49
55
61
62
59
55
57
56
53
49
49
47
45
38
31
24
12
-2
-16
-30
-44
-58
-72
-80
-87
-90
-91
-90
-86
-81
-73
-65
-58
-49
-38
-28
-18
-6
8
23
37
51
66
75
83
89
93
91
83
74
64
53
41
27
17
9
3
-1
-3
-4
-3
-2
-1
-3
-8
-10
-14
-19
-25
-29
-32
-34
-36
-35
-31
-27
-21
-16
-9
-3
2
7
13
14
14
15
17
18
16
13
12
8
3
-5
-11
-20
-28
-34
-42
-48
-52
-52
-49
-47
-41
-30
-19
-8
2
14
26
35
40
44
46
46
45
45
40
36
35
33
30
28
28
29
28
29
29
28
27
24
19
13
8
1
-7
-17
-26
-33
-41
-49
-53
-58
-59
-57
-55
-51
-45
-35
-27
-20
-13
-6
1
3
2
1
-1
-4
-8
-16
-21
-24
-26
-26
-28
-29
-24
-15
-6
-2
4
15
25
31
37
41
47
50
51
53
52
50
49
46
42
38
35
32
24
18
15
11
5
1
-3
-8
-12
-19
-24
-31
-38
-45
-53
-60
-65
-70
-72
-71
-71
-67
-60
-50
-40
-28
-17
-4
11
23
32
40
48
56
60
59
58
59
58
52
43
35
28
22
9
-4
-13
-18
-24
-33
-38
-39
-36
-32
-29
-25
-19
-9
-4
-2
2
9
13
16
16
21
29
34
38
44
53
63
67
70
71
73
70
62
48
37
25
8
-11
-29
-43
-55
-67
-79
-87
-90
-90
-91
-91
-88
-79
-70
-63
-56
-44
-29
-16
-5
6
21
35
47
58
64
72
81
89
88
86
86
85
81
72
64
55
45
33
20
7
-5
-17
-29
-43
-52
-58
-63
-71
-76
-78
-74
-72
-70
-68
-60
-49
-40
-32
-23
-9
2
12
20
29
38
47
49
48
49
48
44
36
26
20
14
6
-4
-11
-15
-18
-22
-27
-30
-31
-34
-37
-40
-41
-41
-42
-43
-42
-38
-33
-26
-21
-11
0
10
20
28
37
45
50
53
54
54
53
49
43
38
32
27
20
11
3
-3
-11
-19
-27
-34
-38
-42
-46
-49
-46
-43
-41
-38
-33
-27
-21
-16
-13
-8
-4
0
2
4
8
14
16
17
20
24
30
33
34
34
37
38
35
28
25
24
20
12
8
5
4
1
-2
-2
0
2
2
1
0
4
6
5
1
1
5
7
6
5
5
4
4
1
