83
24
22
-29
-30
-56
-43
-75
-34
0
-43
-25
-73
-56
-59
-53
-15
-16
27
18
45
55
46
35
-9
37
14
83
42
48
55
42
70
6
51
-19
16
23
14
41
-26
17
-34
-17
-29
-76
-57
-91
-87
-99
-101
-124
-121
-145
-125
-117
-133
-95
-141
-110
-114
-120
-83
-102
-66
-102
-44
-93
-82
-88
-136
-107
-133
-91
-134
-150
-129
-162
-120
-158
-159
-148
-166
-114
-133
-126
-123
-128
-103
-97
-89
-86
-70
-78
-77
-92
-132
-118
-134
-104
-86
-81
-51
-44
-28
-7
-27
-19
-20
37
43
65
75
86
83
86
62
16
57
-16
33
-18
33
-4
-29
14
-63
23
-23
3
49
19
91
31
99
61
59
81
33
79
37
76
76
36
84
30
40
48
34
77
89
112
109
93
125
145
139
186
148
151
207
151
187
146
125
118
138
144
108
109
116
132
125
167
123
173
190
178
236
179
231
173
198
219
157
167
141
97
76
17
-31
-45
-94
-86
-127
-111
-141
-133
-145
-167
-158
-197
-108
-190
-139
-114
-139
-74
-121
-82
-129
-133
-117
-117
-102
-97
-90
-75
-58
-79
-17
-72
-14
-34
-15
11
-44
16
-51
-6
-68
-39
-88
-117
-107
-161
-177
-199
-202
-211
-228
-209
-217
-172
-177
-180
-137
-174
-91
-150
-69
-77
-127
-40
-168
-42
-186
-172
-162
-216
-127
-211
-142
-185
-134
-208
-100
-182
-89
-106
-65
-32
-31
32
-22
121
-34
145
-17
144
46
55
141
-11
197
19
151
74
175
85
157
125
113
173
66
170
101
184
133
136
125
136
176
107
191
172
155
214
124
199
129
211
144
158
219
153
217
169
184
141
209
108
185
117
121
131
93
120
32
32
35
-6
37
13
-20
93
-77
133
-56
49
2
-55
90
-75
97
-92
42
-38
24
-40
-19
-22
-64
-10
-60
-30
-7
-36
-6
17
-41
58
-49
72
-19
31
6
-4
35
-19
77
-22
63
6
-17
35
-26
30
-16
-19
33
-80
48
-61
-59
-23
-121
-19
-84
-56
-88
-125
-117
-161
-173
-189
-261
-206
-373
-210
-391
-216
-387
-314
-338
-294
-196
-296
-131
-259
-88
-182
-102
-176
-54
-166
-39
-189
-60
-200
-126
-263
-387
-225
-384
-207
-324
-183
-184
-119
-49
74
69
228
66
321
187
231
365
156
255
199
241
208
287
52
325
117
222
239
189
284
99
301
250
166
188
154
-141
64
7
-3
-64
6
-122
-105
-67
-162
-150
-197
-40
-186
10
66
-56
-13
204
-30
253
-26
284
233
106
395
135
189
394
127
290
451
50
466
113
333
108
194
127
2
274
68
247
-179
165
-25
48
17
-102
174
-143
104
15
10
-20
-107
3
38
-76
-25
83
-60
-11
125
-216
139
-114
-40
117
-35
75
-66
148
-96
10
109
-137
75
5
-135
134
-267
-123
9
-262
-66
-161
-47
-126
41
-165
13
-114
-117
147
-193
133
-105
4
71
-124
42
-120
-200
-34
-143
-44
41
-130
-82
-8
-218
-6
96
-233
89
-36
138
121
40
129
-20
55
105
-37
98
11
-125
157
-183
36
-68
-190
19
-218
-88
109
-302
-5
-1
-290
290
-231
242
-14
-116
234
-270
218
-138
57
69
-35
170
101
115
-94
187
-59
110
163
-64
130
8
-14
97
-136
-92
-10
-153
76
-61
-86
121
-127
34
75
-68
114
42
-90
91
-74
89
11
-101
216
75
-41
272
64
238
345
-129
295
157
3
269
-20
-51
159
-101
59
-52
-196
-104
-146
-190
82
-255
-189
90
-354
245
-147
-101
67
-331
139
-29
-41
60
-117
134
-36
27
56
-139
226
-263
249
46
-15
170
42
167
-37
203
-42
4
117
-72
157
29
-161
95
-211
-27
-92
-99
-85
-197
-125
-71
-167
-114
-75
-186
39
-253
-112
-36
-141
-145
-67
-110
-356
-49
-172
-138
-208
-222
-156
-200
-173
-320
-94
-176
-380
133
14
-249
68
-316
115
-53
-69
59
-258
-40
-91
65
-51
-19
-55
-134
16
-40
219
-97
24
-83
-189
162
-204
12
11
-363
192
-56
-255
131
-460
44
-49
-286
307
-241
-42
121
-172
262
107
14
133
75
68
224
133
120
56
-27
85
-36
93
82
163
-86
148
-57
11
266
-139
257
51
177
32
122
203
22
290
-135
436
11
123
300
-286
621
-29
-86
398
-435
322
-6
16
214
-133
314
-45
230
21
-116
628
31
-75
262
-66
408
-54
396
39
-14
343
-253
332
152
17
255
196
-70
342
41
62
147
-119
166
-129
-70
169
-150
-74
24
-103
137
-131
-264
45
-92
-120
23
-248
4
-251
-70
-72
-96
250
-347
-29
-10
21
-173
192
-339
-111
382
-470
184
-324
22
-203
-332
157
-589
290
-355
-61
45
-251
323
-329
-28
345
-331
146
97
-339
223
-175
-39
-90
12
180
-248
58
202
-206
156
-384
310
-89
-298
188
-448
199
-51
-185
-62
-456
208
-45
-244
367
-376
218
-505
-204
363
-251
162
-464
51
-54
-163
369
-14
92
-137
71
527
-150
-148
57
189
434
-257
364
-133
-108
522
-270
285
191
-258
197
103
88
253
-35
-245
-64
197
-273
213
-8
300
157
-148
560
-139
-286
-186
191
536
120
-240
44
429
213
-423
122
-133
175
66
196
472
-138
617
-184
95
431
19
-322
160
394
-22
-53
192
117
83
0
-210
423
-1
-234
-148
388
149
-420
-197
340
-25
-184
-221
-230
484
-150
68
174
-192
631
-109
151
219
-267
-44
-242
313
96
-14
-200
-171
124
-170
-123
-89
70
-60
-23
324
233
-377
-417
-162
156
-83
-329
64
-236
17
-215
-158
429
-21
-53
-84
172
260
-137
344
-142
-120
-195
-231
-41
-15
-386
-113
288
-171
79
-206
-378
179
-33
-564
-324
-2360
-1863
-259
-217
1122
640
303
683
387
637
84
-521
-562
-579
492
492
99
108
-82
-17
450
199
-337
-483
104
662
467
1092
140
7
-368
-478
105
-307
-11
-298
321
296
182
-110
-181
-102
-45
-168
-665
153
-709
415
-571
-2001
-285
-830
503
266
414
1086
621
572
289
461
118
-269
-173
318
172
472
446
-165
749
-623
-769
-558
-484
192
153
613
510
815
470
410
296
137
-279
-212
374
-250
-238
-571
-271
-102
-459
-107
-233
-224
39
-140
58
126
21
-403
-127
109
23
0
-368
-105
13
-89
260
484
121
318
9
-922
-879
-1097
-673
-413
-394
245
229
732
723
325
765
-79
348
-328
-890
-624
-1028
-411
-805
-619
26
228
443
614
842
777
386
421
258
196
114
166
-29
379
312
39
-63
-406
-7
40
54
253
210
473
-223
-535
320
-252
-527
-121
46
226
91
133
312
274
-35
-231
38
-196
60
197
535
355
441
518
222
368
-58
99
-226
-25
29
-102
-146
-166
-287
-197
-253
-117
24
-317
-280
-334
-22
-218
-348
-182
-259
-218
74
-146
184
44
-331
-327
-330
-156
-684
-511
-261
-97
-100
-77
137
273
149
243
433
321
109
-57
68
64
-300
-317
-330
-207
31
-248
-9
231
416
495
360
204
-11
-272
-425
-1
127
129
79
123
411
558
357
474
503
630
570
325
602
250
316
287
230
521
222
91
323
305
366
341
140
327
225
283
486
293
539
336
275
288
-61
73
-1
-80
4
-177
-232
-270
-543
-398
-556
-583
-484
-633
-571
-531
-348
-348
-620
-596
-628
-605
-653
-764
-506
-568
-623
-526
-500
-423
-458
-583
-426
-346
-330
-411
-417
-294
-493
-422
-410
-400
-390
-502
-447
-312
-284
-280
-336
-278
30
125
368
448
576
678
679
705
724
585
362
205
143
191
225
119
95
157
187
269
376
568
478
506
592
666
774
830
835
901
1054
1167
1199
1314
1511
1614
1630
1706
1943
1756
1678
1584
1666
1817
1809
1851
1938
2217
2342
2588
2641
2735
2587
2503
2304
2070
1496
588
-671
-1983
-3106
-4087
-5194
-6452
-6972
-6762
-6432
-6013
-5153
-3977
-2892
-1966
-866
9
430
27
-381
-848
-1344
-2120
-2957
-3627
-3949
-3664
-3347
-2887
-2319
-1564
-972
-405
231
895
1054
892
946
1131
1099
930
831
677
394
328
328
116
-104
-318
-351
-421
-295
-17
159
283
564
1101
1517
1782
1879
1895
1706
1567
1403
1080
765
560
508
558
759
1259
1544
1860
2191
2757
3154
3277
3445
3624
3847
3628
3525
3271
3039
2945
3004
3157
3199
3621
3490
3728
3478
3453
3536
3882
4554
4827
5317
3784
1140
-2040
-3635
-5207
-8538
-11635
-12999
-11992
-11413
-9896
-7053
-4013
-2038
-151
2829
5063
5644
4180
2333
537
-996
-2552
-4834
-6674
-7448
-6706
-5920
-4798
-3066
-1880
-1678
-1632
-76
945
798
177
331
493
799
1649
2488
2277
1417
1154
787
106
-860
-1799
-3221
-4347
-4143
-3052
-2112
-1147
81
1314
2513
3762
4474
3971
2890
2003
1169
240
-246
-231
-380
-575
94
1336
2206
2297
2503
2669
2520
2414
2508
2366
2169
2016
2276
2483
3090
3754
3948
3699
3589
4175
4042
3393
2995
3064
2931
2899
3535
4342
4679
5218
5821
6541
7186
7166
4098
-1262
-5810
-7689
-9711
-13986
-17087
-17013
-14566
-12217
-8402
-3269
854
2592
4243
6506
7902
6574
3065
-938
-3777
-5038
-6064
-7601
-8549
-7579
-5607
-3638
-1587
754
1259
184
-480
302
418
-562
-1463
-1827
-1830
-1170
428
1633
1592
1023
777
328
-186
-651
-1357
-2900
-3887
-3652
-2558
-1594
-621
-63
110
459
1331
1724
1094
300
-37
-60
-36
870
2049
2440
2188
2385
2951
3027
2555
1930
1098
466
393
768
1151
1502
1941
2190
2482
3240
4019
3937
3181
2887
3195
3151
2920
2926
3123
2992
3105
3686
4210
4561
4765
4689
4773
5060
4957
4744
4568
5193
6171
5786
3211
-1343
-5495
-8369
-10418
-12838
-15469
-16013
-13893
-10099
-6271
-1779
2153
4213
4775
5802
6835
5485
1805
-2338
-4823
-6139
-6925
-7401
-7360
-6581
-5143
-3051
-1162
82
186
-1021
-2049
-1487
-292
-43
-168
346
1192
1641
2190
2895
2657
760
-1455
-2239
-2390
-2689
-3032
-3007
-3010
-2673
-1551
-431
241
282
-160
-817
-891
-302
152
-48
-202
263
1070
1626
2228
2739
2395
1357
770
918
878
583
428
540
847
1593
2511
3005
2910
2646
2442
2458
2513
2668
2608
2169
2227
2770
3178
3493
3484
3621
3333
3303
3572
3580
3547
3057
2605
2403
2509
2677
3129
3164
3470
3949
5388
6518
8291
5687
-1661
-8318
-10803
-10633
-14106
-16362
-15963
-11435
-7121
-3258
2246
6730
6532
3440
3279
4473
3328
-480
-4191
-5480
-5196
-4180
-4180
-3558
-3019
-3151
-3438
-3034
-1818
-1921
-3451
-4890
-2937
352
1897
2406
3703
4203
2711
1575
1625
1103
-1333
-3883
-4678
-3722
-2742
-1937
-999
-774
-1661
-1864
-977
-143
-33
-135
-423
-288
901
2077
2299
1901
1272
415
-127
151
1041
1335
830
490
1363
2438
2671
2452
2107
1199
253
68
606
886
859
1040
1691
2695
3463
4106
4002
3353
2585
2179
2364
2408
2740
3055
3676
4238
4957
5739
5949
5402
4814
4142
4101
4009
4880
5518
7733
7514
482
-8845
-14410
-13619
-15080
-17466
-17072
-11655
-5259
-1187
3576
9039
10060
5079
700
1419
2169
-419
-4492
-5513
-4371
-3510
-3702
-3733
-3073
-4282
-5815
-6358
-4751
-3756
-3777
-3939
-2128
1510
4470
6037
6360
5979
3585
1273
177
243
-769
-2509
-3846
-3664
-2891
-2384
-1954
-1689
-2735
-4569
-4375
-2019
289
1359
2086
2701
2738
2377
2218
1812
579
-1461
-2683
-1939
-100
1621
2444
2466
1617
1068
873
602
-158
-941
-1437
-1258
45
1935
3488
3899
3691
3225
3038
2902
2775
2678
2507
2337
2328
3269
4226
4483
3860
2844
2184
1896
2308
2729
3475
4109
5121
5911
6849
8256
8842
9108
8294
9778
6258
-4749
-16714
-20970
-17940
-17293
-16943
-13193
-5515
192
1924
4270
7496
6071
-375
-4472
-1353
2763
3436
1174
1189
1955
428
-3840
-7104
-7452
-8565
-10319
-10541
-6971
-3495
-1889
-866
1726
4194
4510
3978
4280
4724
3763
2747
2986
4001
3517
1538
-1083
-3312
-5848
-8009
-9084
-8664
-7764
-6231
-3352
632
3901
5262
5173
3874
1989
122
-540
-280
240
256
352
1134
1910
1665
411
-1392
-3256
-4387
-4168
-2350
171
2436
3634
3935
3699
3188
2288
1168
-52
-875
-752
424
2193
3776
4723
4657
3861
2750
1898
1632
1527
1353
1380
2118
3241
4373
4894
5263
5721
5424
5059
4963
5324
5557
5744
6785
8081
10336
6469
-5395
-16692
-19263
-15383
-14242
-12960
-8169
-1166
2045
2162
3575
5675
2755
-3077
-5377
-1300
3405
5616
5701
5441
4052
72
-4698
-8396
-9254
-9659
-9183
-7604
-4497
-1578
-28
821
1219
1306
597
538
1299
2941
4669
6704
7468
6668
4362
1722
-1720
-5911
-8706
-9122
-7771
-6791
-5672
-3375
-934
111
-82
176
599
-216
-1058
-30
2417
4293
4343
3754
2807
1292
-1073
-2764
-3061
-3315
-4059
-3930
-1898
467
1684
1926
2009
1710
709
-147
285
1605
2515
2607
2854
3454
3487
2789
2166
2100
1718
1171
1038
1873
2983
3235
2816
2342
2278
2197
2287
3184
4527
5484
6486
7167
8533
9063
9113
8499
8922
9704
1886
-12356
-22365
-19559
-13847
-12695
-10780
-4120
782
-1491
-4611
-1873
1556
-1802
-5268
-1390
7547
10550
8608
6908
6372
1455
-7267
-12065
-10243
-6349
-5775
-5048
-2075
39
-2691
-6830
-7195
-4773
-3535
-2757
953
6506
9635
9843
9591
9122
5957
882
-2988
-3952
-4038
-4438
-3516
-2055
-2205
-4826
-6457
-7098
-7554
-7821
-5592
-1686
1731
3370
4636
6248
6498
4451
1270
26
-138
-19
-71
501
510
-1055
-3280
-4639
-4717
-4245
-3255
-1621
673
2524
3516
3794
3965
3396
2283
1334
1358
1931
2516
2907
2791
2472
1923
1405
1213
1616
2139
2440
2417
2407
2597
3160
3319
3317
3205
3350
4357
5875
7379
8225
8752
9399
9467
9651
6672
-4637
-17267
-21612
-15869
-11875
-10695
-5998
611
385
-6522
-9468
-5251
-1736
-3632
-2872
3813
11289
11480
7709
4601
1756
-3649
-9293
-9998
-6053
-1495
531
965
-606
-5027
-10768
-12992
-10260
-5926
-2738
1071
6072
9215
8434
6167
4771
3306
805
-623
356
2340
2420
1273
161
-1676
-5755
-9429
-9325
-6878
-5243
-4504
-2189
94
598
-521
-95
1425
2434
2145
2403
3708
4612
3837
2288
647
-1550
-3641
-4392
-3407
-2124
-1064
-415
113
317
6
-345
47
944
1550
1989
2769
3554
3611
3245
2719
2002
1280
1153
1916
3098
3764
3584
3108
2680
2057
1352
1575
2337
3010
3279
3631
4700
5278
5632
5545
6017
6316
6578
7093
8229
8940
1871
-11040
-19154
-14739
-8395
-8262
-7732
-2158
1382
-4445
-10855
-10631
-5668
-3931
-1939
3141
8187
8185
4932
3061
1200
-2900
-7897
-8209
-3402
2087
3619
2277
-417
-4390
-9088
-11765
-9911
-5384
-781
2879
5639
5564
2263
-649
-32
2278
3034
3030
4345
5983
5566
3417
1314
-1434
-5251
-8083
-6561
-2982
-1162
-1671
-1959
-2211
-4432
-6930
-6592
-2934
742
2944
3899
4277
3173
1109
-287
-321
-479
-1141
-1193
-332
-18
-1256
-3253
-4916
-5744
-5724
-4204
-1227
1908
3401
3343
2833
2158
1352
1200
2384
4214
5564
6060
5824
5039
3956
2915
2447
2647
3053
3453
4148
5040
5262
4754
3973
3627
4048
4806
5862
6415
6958
6121
6067
5765
6368
5844
6249
5167
-4203
-15291
-18581
-10850
-8043
-10096
-9646
-4622
-5340
-11550
-13768
-11291
-8460
-7770
-2227
3953
5324
600
-3207
-3605
-3004
-4098
-5724
-4945
-1896
1448
1830
54
-3763
-8213
-10665
-8383
-2347
2206
2926
2041
1760
396
-2112
-2979
-894
1980
3649
5365
5973
3692
-697
-2994
-1929
-381
-275
-304
595
2048
2173
1315
-7
-1397
-2434
-2215
224
3175
4272
2820
1341
664
742
633
1174
1714
1714
1690
1811
1666
806
123
243
1269
2301
2986
3242
3483
3714
3777
3855
3898
3889
3991
4270
4558
4485
3884
3007
2435
2576
3232
3837
4190
4368
4168
3820
3900
4396
4801
4874
5243
5887
6434
6788
6501
6803
6921
7329
7304
7510
7567
7317
7609
7483
8789
3594
-6023
-12324
-7256
-1209
-2740
-4590
-3164
-2084
-6766
-8462
-7078
-5152
-5582
-1989
3936
5973
2755
-2067
-3881
-2421
1306
2717
2094
1559
2436
2485
1778
657
-2217
-5291
-5385
-1149
3301
4069
1400
-1565
-3244
-4029
-3164
-983
803
496
267
1080
870
-1336
-3408
-2890
-1093
333
479
-41
-1504
-3511
-4736
-4053
-2909
-3165
-4302
-4146
-3146
-3073
-4316
-4913
-4545
-3672
-2624
-968
-7
-730
-2225
-2938
-2320
-1319
-631
-437
-175
-394
-1104
-1813
-2068
-1995
-1920
-1524
-856
-385
-626
-1165
-1496
-1365
-1061
-726
-195
152
75
-351
-676
-865
-1351
-1537
-989
72
708
846
638
600
422
381
919
1863
2487
2506
2268
2116
2252
2387
2856
2803
3028
2893
3013
3221
4783
1134
-7018
-11339
-6657
-1623
-3339
-4422
-3728
-4343
-8199
-8222
-6331
-5405
-5642
-2709
1008
1694
-100
-3157
-4528
-2657
1461
2642
1290
181
-46
-561
52
1494
688
-1477
-1957
264
2622
2967
1471
-297
-1093
-1238
-202
1367
2019
667
-464
-28
268
-412
-1111
-702
-108
341
297
178
-466
-909
-737
338
915
505
-1086
-2022
-1895
-1395
-967
-692
-338
-750
-923
-486
57
-236
-475
-184
608
1428
1834
2169
2025
1460
1018
982
1301
1402
988
691
670
957
1279
1542
1803
1882
1818
2043
2378
2417
2242
2099
2312
2572
2632
2518
2333
2124
1887
1646
1397
1213
1105
1438
1846
2110
2452
3014
3414
3603
3803
4409
4452
3808
3638
3658
4121
4083
4645
4750
5129
4915
1649
-3507
-5822
-3018
-1094
-1896
-3170
-3309
-4942
-6671
-5993
-4285
-3893
-3754
-2094
-596
-679
-2005
-3359
-3698
-1934
642
1222
-164
-1725
-2605
-2676
-1355
233
230
-887
-1050
230
1389
1602
944
312
41
242
893
1223
479
-1080
-1818
-1569
-1243
-1744
-2391
-2697
-2598
-2482
-2209
-1706
-1212
-978
-639
-93
16
-790
-1721
-1682
-974
-331
-348
-487
-1108
-1733
-2007
-1574
-1267
-1495
-1710
-1525
-993
-783
-684
-784
-739
-615
-279
220
669
861
870
1070
1403
1730
1657
1579
1476
1276
996
941
1191
1185
884
627
674
538
198
5
36
225
354
726
1119
1250
1044
922
1040
1301
1220
976
835
800
874
989
1271
1516
1713
2004
2608
2825
2627
2339
2567
2881
3238
3261
3373
2726
1087
-600
-1457
-1077
-1020
-987
-2031
-2922
-3884
-4324
-4610
-4193
-3364
-2621
-1966
-1536
-1257
-1544
-1871
-1648
-671
-96
-343
-1273
-2241
-2745
-2380
-1584
-1113
-1283
-1809
-2103
-1669
-636
393
991
1102
846
565
466
556
603
415
168
-124
-381
-753
-1022
-1247
-1388
-1511
-1707
-1932
-1614
-800
89
486
536
387
104
105
441
803
672
252
-161
-287
-163
159
234
-20
-234
-319
-380
-325
-87
293
737
1010
1003
1007
1316
1692
1800
1751
1446
1106
999
1192
1533
1704
1384
648
55
-239
-321
-338
-232
-62
81
211
337
534
673
665
592
533
694
1127
1823
2194
2088
1931
2133
2386
2498
2406
2091
1894
1667
1728
1809
2022
1950
2075
2108
2084
2173
2290
2378
2303
2559
2620
2558
1368
547
831
1204
283
-893
-1159
-2071
-3068
-3372
-2823
-2980
-3435
-3256
-2900
-2676
-2836
-2786
-2975
-2708
-2035
-1448
-1242
-1223
-1164
-1404
-1104
-609
-263
-464
-566
-568
-518
-250
66
362
371
273
30
-33
-97
-195
-233
32
191
119
98
207
301
229
98
-168
-528
-790
-823
-724
-600
-638
-940
-1241
-1362
-1426
-1433
-1378
-1157
-947
-609
-434
-472
-699
-873
-819
-540
-140
146
315
152
-116
-258
-267
-469
-759
-807
-702
-557
-357
-57
230
363
370
479
816
1135
1277
1412
1684
1836
1676
1416
1279
1278
1266
1344
1327
1086
658
191
-53
-38
51
75
154
465
750
705
567
619
865
1086
1459
1951
2268
2245
1804
1630
1784
1720
1222
835
804
614
200
-237
-407
-478
-410
-159
-9
-665
-1357
-1311
-691
-260
-310
-448
-669
-844
-1042
-1072
-1218
-1608
-1930
-1847
-1597
-1432
-1474
-1563
-1473
-1135
-925
-1005
-1206
-1255
-1105
-651
38
494
297
-296
-607
-673
-700
-719
-542
-529
-761
-1052
-1080
-1046
-1288
-1675
-1771
-1496
-1318
-1243
-1099
-833
-735
-784
-901
-1013
-1234
-1567
-1778
-1601
-1171
-978
-995
-931
-692
-441
-348
-323
-340
-245
-14
328
789
1178
1468
1618
1667
1578
1409
1072
827
858
1020
1174
1268
1424
1593
1780
1798
1653
1409
1138
870
795
873
852
785
744
797
982
1217
1391
1466
1512
1608
1679
1642
1327
878
498
290
302
512
672
692
636
502
351
426
791
1052
1174
1363
1602
1654
1500
1245
1185
1313
1461
1615
1666
1588
1327
1119
881
694
479
188
41
86
366
583
823
861
865
841
641
421
-6
-362
-397
-155
-117
-322
-484
-847
-1244
-1418
-1415
-1664
-2013
-2188
-2172
-2056
-1957
-1845
-1758
-1583
-1374
-1154
-957
-786
-676
-561
-480
-467
-710
-1165
-1532
-1556
-1264
-965
-828
-823
-905
-1016
-1102
-945
-720
-730
-943
-1053
-932
-706
-349
-12
109
-31
-220
-380
-442
-507
-618
-810
-1006
-1058
-1026
-860
-757
-700
-566
-445
-454
-564
-524
-290
-36
96
-3
-113
-146
-146
-241
-264
-174
-111
-120
-37
259
497
492
323
285
403
526
676
891
1084
1184
1260
1342
1282
1035
724
530
421
368
396
476
611
621
688
917
1180
1327
1346
1333
1245
998
728
713
815
910
752
580
531
456
232
121
154
126
-68
-217
-158
-143
-203
-141
205
360
180
39
354
680
791
813
951
1107
1080
901
871
798
346
-180
-311
-42
168
242
242
282
224
59
-157
-117
88
231
374
670
856
703
220
-223
-491
-693
-885
-948
-962
-1179
-1286
-1213
-1010
-1018
-1078
-1070
-943
-865
-746
-573
-437
-477
-624
-705
-699
-687
-632
-561
-566
-566
-449
-340
-365
-228
-140
-124
-63
154
297
407
579
631
489
149
-123
-116
-51
-8
60
163
176
115
106
187
383
430
452
555
702
755
834
977
1032
787
408
86
15
29
92
86
99
84
-47
225
329
667
620
319
249
62
258
412
724
745
495
522
573
719
762
744
589
464
370
409
721
874
913
884
928
974
780
500
198
35
12
53
237
506
673
556
436
404
208
-115
-321
-334
-412
-551
-650
-695
-711
-679
-472
-188
13
103
154
256
332
304
37
-121
-210
-419
-741
-996
-1123
-1291
-1370
-1202
-859
-592
-505
-467
-411
-425
-415
-213
148
381
317
59
-65
-62
-195
-537
-869
-1175
-1412
-1369
-1120
-857
-825
-944
-897
-644
-471
-374
-278
-273
-312
-341
-368
-444
-695
-918
-1015
-943
-935
-1021
-1079
-1315
-892
-910
-1433
-816
-741
-946
-430
-331
-421
-382
-385
-418
-211
-86
-257
-241
-486
-606
-263
-302
-175
329
385
453
1026
1069
693
884
800
405
327
355
323
370
490
666
944
845
825
880
811
661
352
154
199
372
380
288
145
48
31
54
296
713
1007
992
1138
1411
1391
1224
1076
908
674
518
369
149
-94
-107
27
1
-156
-443
-660
-675
-524
-292
56
358
511
557
573
386
74
-115
-208
-269
-284
-183
-95
-168
-294
-285
-209
-165
-104
70
249
191
57
104
207
196
176
247
239
86
-245
-617
-962
-1188
-1345
-1511
-1476
-1264
-1000
-811
-541
-187
38
115
181
300
376
434
341
127
-167
-484
-728
-887
-959
-934
-763
-535
-303
-165
-140
-242
-392
-437
-318
-88
137
372
562
489
173
-81
-228
-303
-373
-418
-463
-557
-642
-671
-620
-486
-318
-226
-261
-334
-381
-393
-317
-154
29
172
409
716
1022
1116
956
732
540
440
370
286
187
99
67
136
242
321
355
390
505
766
1094
1248
1230
1207
1267
1250
1067
830
653
529
378
228
71
-38
-117
-204
-207
-81
58
168
385
669
898
1063
1157
1121
970
811
622
358
24
-257
-386
-355
-282
-261
-342
-454
-425
-310
-229
-122
93
303
377
413
514
530
415
314
325
345
208
75
101
231
313
265
166
-25
-264
-399
-267
0
186
237
303
463
629
680
530
158
-357
-807
-1022
-950
-752
-571
-545
-514
-360
-187
-115
-197
-350
-528
-585
-464
-237
-36
66
2
-202
-417
-637
-916
-1200
-1287
-1176
-981
-745
-541
-451
-474
-551
-627
-680
-632
-530
-442
-259
93
434
556
577
700
794
667
453
356
402
467
544
563
503
344
188
73
-37
-72
0
161
282
382
466
517
471
383
262
46
-205
-304
-155
27
66
-54
-207
-368
-556
-694
-595
-305
-13
162
334
527
558
424
273
254
272
313
388
523
595
562
431
265
180
213
363
579
765
816
749
660
572
419
279
144
22
-25
-23
-16
-64
-73
-50
-161
-402
-567
-535
-457
-343
-146
72
255
471
710
787
697
603
611
619
518
352
170
-35
-275
-448
-504
-509
-504
-513
-482
-461
-538
-753
-990
-1021
-867
-683
-545
-338
-18
257
408
499
574
502
291
114
82
110
111
179
266
220
-39
-297
-329
-190
-25
194
510
774
875
852
830
682
338
-39
-211
-57
212
359
320
149
-70
-315
-560
-766
-941
-1054
-1114
-1041
-826
-627
-571
-599
-559
-529
-646
-842
-932
-844
-643
-420
-123
154
278
283
333
436
457
376
288
244
188
177
209
238
214
203
247
269
316
429
525
559
502
385
263
193
208
212
184
100
-9
-111
-196
-302
-527
-756
-866
-873
-833
-734
-528
-287
-164
-139
-96
5
115
219
285
277
138
-135
-473
-733
-806
-767
-718
-671
-574
-404
-208
14
211
323
293
251
289
385
434
420
454
509
597
695
773
730
561
343
122
-78
-258
-322
-228
-46
216
486
656
737
840
957
989
871
670
421
167
6
-6
32
-77
-278
-422
-498
-612
-775
-851
-773
-638
-525
-412
-233
-40
76
72
65
103
102
-3
-90
-94
-120
-247
-497
-781
-1077
-1321
-1502
-1597
-1502
-1232
-912
-617
-278
39
185
238
304
404
397
362
423
573
664
599
518
426
262
8
-230
-326
-303
-320
-360
-311
-181
-90
-41
28
33
-43
-164
-246
-307
-358
-406
-456
-504
-504
-463
-510
-610
-638
-592
-555
-503
-423
-332
-325
-376
-415
-385
-250
-23
279
612
882
1057
1109
1060
994
869
682
504
455
521
533
452
335
245
74
-180
-344
-324
-209
-151
-48
151
333
424
448
446
366
223
118
81
119
191
193
85
-106
-240
-315
-341
-253
-45
133
220
306
419
473
453
496
555
512
343
180
62
-68
-168
-213
-267
-412
-576
-632
-598
-508
-415
-328
-235
-61
165
345
472
546
550
466
380
324
268
171
91
151
345
590
719
716
640
503
284
147
241
455
578
613
622
555
400
249
231
259
252
196
159
173
228
291
295
247
130
-11
-148
-253
-338
-473
-642
-779
-775
-613
-341
-69
157
297
324
304
295
360
408
336
165
-29
-223
-434
-661
-927
-1199
-1396
-1459
-1436
-1313
-1070
-774
-529
-369
-237
-57
134
254
274
263
316
342
302
224
167
13
-277
-591
-737
-732
-699
-618
-497
-383
-348
-283
-97
134
290
358
389
453
563
656
714
757
787
694
518
371
293
184
16
-160
-254
-272
-265
-251
-246
-243
-255
-177
65
422
690
767
786
794
717
537
413
402
400
343
264
165
-42
-287
-452
-537
-626
-634
-450
-86
329
667
919
1085
1209
1289
1283
1126
866
589
395
255
101
-117
-371
-608
-785
-831
-778
-660
-513
-264
45
322
499
594
649
624
453
212
25
-125
-282
-461
-586
-667
-780
-934
-994
-872
-696
-663
-728
-668
-431
-182
-45
38
132
207
245
345
480
539
439
232
17
-172
-380
-580
-690
-797
-1020
-1312
-1470
-1487
-1472
-1398
-1149
-701
-232
86
281
412
476
465
478
655
854
852
665
453
248
-38
-341
-494
-481
-427
-403
-370
-277
-128
63
302
506
608
642
645
679
745
680
426
137
-21
-131
-335
-540
-606
-563
-574
-593
-472
-257
-124
-118
-59
125
342
493
639
751
690
462
271
246
250
126
-74
-196
-268
-359
-473
-511
-474
-397
-265
-108
43
121
100
35
-25
-71
-88
-61
11
73
82
-10
-128
-200
-190
-81
102
256
295
261
261
296
295
232
178
199
235
240
294
449
623
643
528
431
348
208
46
25
102
130
80
63
94
121
89
44
63
103
151
219
341
437
378
144
-95
-191
-177
-180
-192
-160
-159
-257
-408
-416
-240
-9
138
248
376
447
364
180
43
-23
-106
-195
-251
-329
-479
-633
-640
-496
-293
-129
40
191
242
179
108
97
27
-143
-329
-383
-345
-299
-219
-102
-40
-116
-230
-236
-140
-53
-43
-24
47
163
276
302
230
82
-74
-166
-174
-155
-226
-383
-517
-560
-559
-552
-460
-251
-64
-20
-57
-116
-157
-177
-126
-1
126
221
264
299
336
373
378
290
132
-62
-170
-167
-174
-209
-278
-348
-393
-337
-134
100
262
357
451
472
416
407
555
696
642
476
329
232
134
19
-68
-167
-367
-626
-817
-841
-796
-795
-782
-653
-437
-201
30
200
241
157
52
14
44
64
55
35
-11
-70
-91
-77
-43
41
186
319
383
428
491
511
457
451
525
511
360
247
307
332
136
-171
-348
-378
-323
-191
-23
116
193
218
221
238
305
383
412
408
409
387
296
213
158
71
-54
-113
-40
82
116
59
-22
-85
-148
-172
-157
-152
-171
-162
-133
-145
-195
-228
-201
-139
-76
2
81
105
61
-6
-45
-86
-162
-239
-282
-309
-383
-447
-391
-230
-84
-42
-10
42
28
-39
-47
63
176
200
205
212
125
-56
-236
-372
-525
-663
-651
-497
-319
-209
-163
-107
-64
-24
33
150
334
496
547
487
394
253
62
-115
-195
-194
-186
-205
-206
-197
-228
-302
-349
-307
-245
-218
-164
-66
-46
-166
-247
-147
23
78
35
36
97
105
41
-34
-84
-137
-235
-280
-189
-42
-11
-43
9
117
168
151
195
338
436
416
360
392
469
509
535
532
441
219
8
-126
-226
-320
-348
-247
-56
180
379
505
510
411
269
142
67
52
106
182
191
93
-96
-320
-549
-737
-761
-580
-261
55
235
275
230
139
1
-125
-167
-95
83
321
479
496
385
223
60
-81
-137
-151
-167
-184
-74
139
278
253
144
83
61
37
58
154
268
311
277
209
129
34
-56
-28
113
220
219
171
125
14
-163
-298
-339
-321
-262
-172
-70
-17
-9
-14
-37
-34
30
168
326
470
569
583
518
410
336
286
244
201
153
100
53
54
93
84
13
-45
-52
-51
-29
32
60
-35
-205
-302
-318
-336
-401
-433
-456
-504
-546
-485
-325
-195
-144
-138
-101
-39
-13
-68
-162
-233
-259
-252
-175
-35
92
120
91
130
215
252
223
210
253
295
262
145
0
-106
-152
-124
-48
-21
-114
-294
-471
-590
-613
-539
-406
-296
-188
-34
159
328
438
481
465
450
529
694
818
832
742
579
363
141
-11
-82
-61
9
71
112
132
158
156
151
144
67
-85
-238
-262
-216
-170
-130
-124
-180
-289
-359
-343
-275
-208
-150
-93
-40
-17
-44
-165
-287
-318
-253
-192
-137
-39
41
-21
-169
-201
-109
-67
-124
-147
-114
-153
-246
-233
-100
39
160
334
518
624
631
577
490
378
227
24
-219
-410
-462
-423
-388
-383
-435
-505
-499
-381
-228
-133
-48
97
260
339
337
295
248
206
204
214
158
9
-170
-322
-439
-529
-564
-507
-406
-341
-328
-305
-267
-252
-264
-245
-147
-20
78
131
135
101
55
23
18
32
44
82
140
212
208
137
92
126
214
273
270
185
-29
-275
-382
-296
-173
-129
-53
110
287
327
250
148
59
-27
-69
4
112
136
99
126
145
17
-229
-385
-361
-275
-185
-75
72
183
205
177
162
112
-42
-225
-285
-205
-120
-137
-145
-53
74
136
138
124
59
-86
-199
-151
-13
53
68
140
203
108
-98
-243
-264
-220
-112
109
