58
63
69
78
88
89
96
101
105
109
112
117
118
119
116
112
109
104
98
93
89
81
73
71
67
59
55
51
46
38
27
22
19
17
14
12
10
2
-2
-8
-12
-15
-16
-16
-19
-23
-28
-33
-38
-40
-37
-39
-43
-46
-45
-48
-52
-59
-64
-68
-68
-62
-65
-71
-70
-66
-63
-60
-55
-49
-43
-37
-37
-33
-32
-29
-24
-19
-17
-11
-1
7
13
18
24
28
29
31
32
35
37
38
36
30
23
14
8
3
-2
-9
-20
-28
-34
-42
-50
-55
-62
-66
-73
-80
-91
-99
-101
-105
-111
-120
-125
-123
-123
-124
-120
-118
-118
-116
-114
-110
-105
-98
-87
-81
-75
-73
-68
-64
-61
-56
-50
-44
-41
-38
-34
-30
-27
-25
-20
-16
-13
-12
-10
-6
-5
-4
-3
-3
0
7
13
13
17
22
29
28
28
28
33
40
40
42
48
51
46
44
40
40
40
42
42
37
35
31
25
20
17
17
18
15
13
12
10
5
-2
-6
-12
-20
-26
-31
-35
-35
-34
-29
-30
-27
-22
-14
-6
1
7
10
12
11
14
17
22
27
26
28
32
32
33
35
35
39
41
44
45
47
49
51
51
54
57
62
63
62
63
63
62
57
52
49
50
47
46
44
42
42
40
37
33
31
26
22
16
15
15
12
8
1
-6
-11
-16
-20
-22
-26
-26
-30
-29
-27
-28
-24
-25
-26
-24
-23
-19
-20
-20
-16
-13
-10
-5
-1
5
9
16
21
26
28
29
29
27
28
31
36
33
28
24
23
21
23
26
28
30
31
29
29
31
31
29
23
24
22
20
14
8
6
3
2
0
3
5
3
1
1
-1
-2
-2
-2
-1
-2
-2
-4
-5
-6
-6
-11
-14
-16
-13
-11
-8
-6
-6
-8
-6
-4
0
6
9
13
16
18
15
15
15
17
19
19
23
22
21
14
10
9
10
10
11
12
11
10
9
9
12
11
7
0
-5
-11
-18
-20
-27
-33
-43
-54
-53
-52
-47
-46
-47
-49
-50
-51
-55
-56
-56
-52
-51
-48
-49
-48
-50
-52
-52
-48
-43
-36
-32
-35
-35
-32
-26
-18
-12
-7
-6
-5
-4
-4
-2
-2
-6
-5
-8
-12
-10
-5
0
4
1
0
0
-1
-3
-5
-7
-9
-9
-13
-16
-17
-18
-17
-11
-3
4
4
4
1
0
-1
0
7
9
6
0
-4
-1
4
8
11
10
9
7
8
13
17
23
25
22
22
22
26
27
24
21
14
4
-1
-7
-10
-13
-17
-17
-16
-18
-22
-30
-35
-38
-42
-44
-51
-61
-71
-80
-87
-93
-94
-94
-98
-105
-110
-108
-103
-99
-97
-99
-100
-96
-90
-85
-80
-78
-77
-81
-86
-89
-89
-87
-83
-81
-80
-70
-60
-51
-40
-29
-21
-11
2
12
24
32
40
50
58
68
80
88
98
106
117
122
126
131
134
140
145
149
153
155
157
154
148
145
146
143
137
126
116
113
107
98
85
73
62
48
37
31
27
27
20
14
6
-1
-6
-6
-9
-13
-24
-37
-47
-53
-56
-63
-67
-74
-79
-84
-87
-92
-95
-97
-100
-101
-102
-98
-90
-75
-62
-55
-46
-40
-33
-25
-22
-17
-12
-9
-6
-6
-4
-5
-6
-4
-6
-6
-10
-16
-21
-18
-15
-6
3
8
18
30
44
55
60
63
65
62
58
54
56
59
61
65
63
69
75
84
97
108
118
127
133
144
157
165
167
173
184
198
210
221
226
233
241
248
259
264
268
270
274
277
276
273
266
256
242
226
205
184
162
141
117
90
64
37
5
-28
-61
-93
-134
-175
-212
-252
-287
-328
-357
-384
-414
-441
-462
-475
-495
-515
-534
-544
-552
-561
-566
-569
-568
-562
-551
-534
-519
-497
-468
-437
-408
-375
-333
-292
-258
-222
-187
-151
-118
-88
-56
-32
-10
14
37
55
63
77
99
120
139
160
185
206
226
254
284
307
327
357
385
407
428
453
477
493
505
522
536
547
560
584
607
621
633
643
661
680
704
726
737
743
746
748
732
694
645
566
474
368
257
131
-6
-117
-209
-287
-366
-431
-468
-491
-508
-524
-540
-568
-605
-623
-630
-649
-686
-722
-733
-745
-758
-766
-770
-768
-752
-711
-668
-631
-599
-547
-481
-421
-366
-318
-286
-263
-230
-186
-159
-160
-158
-154
-143
-152
-155
-159
-180
-203
-210
-197
-198
-207
-193
-159
-126
-111
-90
-56
-31
-5
21
44
47
38
53
63
72
66
70
91
107
132
152
183
218
256
302
349
388
421
459
505
538
558
570
584
607
614
622
626
637
651
665
684
689
693
712
747
790
812
845
895
945
987
1011
1025
997
932
842
716
535
302
98
-66
-233
-409
-571
-656
-714
-738
-733
-727
-740
-795
-798
-772
-780
-852
-936
-972
-1001
-1043
-1073
-1099
-1129
-1157
-1130
-1064
-1031
-1015
-959
-845
-718
-612
-493
-372
-261
-153
-21
107
174
210
265
322
330
297
279
263
226
186
161
162
123
117
152
200
220
192
226
254
268
265
245
235
180
135
120
84
24
-43
-53
-43
-61
-79
-79
-44
-20
22
91
150
181
212
288
350
372
366
378
407
408
400
407
401
395
395
421
456
457
479
516
568
609
624
660
677
692
709
732
741
731
737
753
753
736
719
716
713
694
691
672
643
588
538
493
409
293
168
56
-52
-177
-299
-419
-531
-625
-697
-740
-796
-848
-891
-914
-936
-979
-1024
-1067
-1091
-1103
-1105
-1117
-1131
-1135
-1116
-1075
-1048
-1027
-1000
-970
-926
-884
-824
-764
-724
-682
-630
-567
-504
-457
-392
-329
-292
-267
-253
-226
-214
-222
-223
-221
-227
-240
-247
-227
-216
-209
-187
-148
-108
-69
-31
22
60
88
127
165
198
212
245
299
345
395
450
525
595
649
720
790
859
909
961
1026
1100
1153
1212
1286
1354
1424
1455
1513
1567
1590
1635
1667
1734
1737
1707
1690
1646
1571
1442
1279
998
648
288
116
-57
-364
-620
-858
-874
-978
-1063
-971
-1092
-1175
-1353
-1267
-1125
-1316
-1491
-1584
-1528
-1534
-1643
-1589
-1568
-1664
-1663
-1535
-1340
-1342
-1392
-1198
-1005
-864
-761
-577
-371
-339
-187
51
212
203
219
421
537
500
467
526
564
452
433
487
459
324
218
320
311
208
116
118
176
97
94
84
-21
-97
-193
-110
-185
-358
-421
-490
-428
-512
-521
-465
-532
-516
-479
-319
-220
-295
-250
-137
-14
9
-28
43
69
41
54
96
153
94
68
156
209
237
240
318
392
421
494
556
595
600
657
767
751
718
718
802
836
787
829
868
903
905
956
1083
1129
1208
1341
1505
1648
1703
1790
1867
1878
1805
1598
1298
1008
723
477
98
-305
-599
-800
-893
-958
-986
-1012
-1109
-1101
-1004
-913
-965
-1117
-1198
-1214
-1226
-1284
-1374
-1506
-1627
-1668
-1602
-1553
-1570
-1568
-1480
-1305
-1111
-905
-706
-541
-329
-78
202
347
406
474
571
629
570
464
345
241
121
66
-24
-183
-322
-427
-327
-308
-343
-361
-420
-308
-285
-242
-199
-311
-335
-363
-332
-296
-461
-527
-572
-561
-500
-543
-471
-424
-374
-180
-39
151
246
320
530
637
741
770
788
847
823
861
886
873
872
863
971
1009
1012
1033
1095
1218
1261
1345
1433
1488
1575
1642
1786
1861
1854
1912
1953
2062
2074
2045
2039
1933
1862
1698
1543
1192
753
342
42
-182
-609
-915
-1198
-1334
-1382
-1524
-1371
-1498
-1632
-1773
-1770
-1580
-1761
-1987
-2147
-2159
-2179
-2272
-2313
-2279
-2385
-2412
-2269
-2078
-1910
-1930
-1724
-1418
-1188
-882
-696
-393
-270
-114
194
331
411
389
525
669
594
565
555
564
503
409
447
347
179
52
82
99
-37
-184
-298
-315
-365
-373
-384
-564
-684
-762
-708
-711
-855
-894
-892
-853
-783
-718
-597
-551
-522
-354
-205
-45
3
62
267
402
542
574
660
810
892
993
1053
1118
1176
1211
1320
1431
1455
1478
1490
1592
1647
1654
1706
1709
1741
1745
1818
1909
1864
1878
1925
2015
2020
1995
2071
2133
2146
2158
2209
2185
2035
1819
1749
1446
993
458
24
-216
-814
-1189
-1511
-1779
-1924
-2237
-2026
-1997
-2150
-2262
-2314
-2011
-2069
-2251
-2338
-2361
-2384
-2463
-2475
-2375
-2461
-2557
-2405
-2224
-2008
-1978
-1810
-1486
-1286
-923
-632
-280
-89
47
447
671
822
767
855
1006
933
840
787
713
622
340
235
219
-50
-114
-377
-333
-357
-586
-543
-721
-661
-658
-797
-735
-940
-918
-943
-1015
-1011
-1115
-1069
-1008
-994
-915
-858
-759
-677
-620
-402
-179
-30
123
286
615
844
943
1091
1199
1407
1401
1450
1529
1565
1596
1546
1614
1674
1625
1697
1731
1820
1866
1840
1975
1955
2002
2068
2107
2159
2085
2140
2241
2186
2200
2189
2300
2310
2228
2297
2308
2265
2084
1954
1740
1334
868
453
186
-356
-895
-1286
-1627
-1791
-2173
-2165
-2149
-2319
-2397
-2470
-2196
-2181
-2347
-2436
-2414
-2384
-2456
-2485
-2446
-2442
-2542
-2433
-2245
-2084
-1967
-1891
-1530
-1305
-971
-636
-336
-47
110
489
792
959
1001
1074
1226
1224
1096
1054
930
828
539
339
250
-10
-207
-466
-594
-629
-846
-863
-1015
-1003
-991
-1052
-1016
-1138
-1091
-1105
-1120
-1156
-1207
-1202
-1182
-1179
-1147
-1067
-977
-877
-799
-617
-358
-143
52
223
556
829
999
1062
1139
1283
1271
1229
1253
1277
1285
1205
1205
1329
1289
1355
1362
1477
1577
1536
1642
1655
1706
1750
1792
1879
1856
1878
1957
2017
1983
1990
2091
2147
2145
2130
2284
2353
2329
2188
2200
1972
1568
1149
673
523
-202
-754
-1217
-1720
-1875
-2485
-2529
-2533
-2769
-2763
-2902
-2626
-2523
-2712
-2722
-2678
-2664
-2635
-2739
-2712
-2719
-2882
-2740
-2615
-2494
-2324
-2256
-1832
-1601
-1239
-783
-408
-5
183
656
1051
1293
1375
1444
1654
1663
1462
1389
1199
1126
761
491
412
126
-97
-385
-520
-469
-716
-783
-886
-872
-789
-905
-860
-908
-907
-969
-1015
-1069
-1076
-1204
-1222
-1239
-1227
-1150
-1123
-947
-786
-490
-184
76
380
585
1010
1262
1463
1533
1606
1706
1661
1603
1530
1606
1323
1417
1362
1540
1602
1519
1665
1685
1947
1858
1904
1925
1964
2026
1928
2016
1924
1949
1912
1915
1962
1911
1952
1964
1909
2016
2080
2229
2345
2343
2398
2457
2185
1831
1470
1036
844
-73
-704
-1174
-1797
-2042
-2866
-3024
-3025
-3425
-3433
-3650
-3327
-3197
-3460
-3404
-3273
-3147
-3169
-3262
-3242
-3180
-3295
-3247
-3086
-3088
-2848
-2753
-2354
-2033
-1677
-1086
-641
-185
168
802
1262
1606
1700
1949
2209
2192
1964
1926
1759
1639
1303
898
897
541
264
16
-326
-254
-468
-706
-651
-885
-687
-843
-982
-906
-935
-963
-1031
-1211
-1123
-1153
-1357
-1286
-1377
-1250
-1141
-1096
-781
-572
-271
80
335
698
1067
1340
1569
1639
1647
1838
1755
1734
1635
1638
1695
1598
1509
1621
1672
1593
1600
1564
1679
1666
1541
1575
1579
1566
1607
1505
1562
1593
1534
1646
1597
1588
1718
1657
1822
1860
1924
2159
2129
2310
2459
2609
2607
2679
2390
2167
1936
1406
1330
431
-131
-619
-1370
-1648
-2434
-2851
-2863
-3432
-3559
-3746
-3767
-3532
-3858
-3830
-3584
-3597
-3487
-3515
-3569
-3361
-3527
-3526
-3330
-3460
-3121
-3028
-2811
-2367
-2184
-1511
-1088
-662
-126
425
965
1293
1518
1859
2091
2129
1970
2016
1848
1697
1410
1047
932
545
275
-36
-364
-530
-681
-957
-981
-1238
-1110
-1268
-1346
-1396
-1309
-1300
-1432
-1468
-1485
-1321
-1568
-1516
-1459
-1320
-1141
-1091
-772
-517
-260
59
355
751
985
1332
1474
1680
1746
1827
1958
1904
1908
1915
2002
1975
1889
1927
1927
1816
1736
1711
1708
1674
1495
1489
1456
1462
1519
1505
1566
1522
1679
1702
1823
1855
1912
2003
2018
2107
2291
2381
2417
2426
2648
2806
2965
2887
3005
2760
2365
2247
1748
1682
653
-63
-513
-1217
-1749
-2535
-3125
-3158
-3835
-4080
-4170
-4274
-4048
-4411
-4261
-4012
-3934
-3795
-3770
-3727
-3549
-3570
-3510
-3372
-3466
-3199
-2941
-2775
-2362
-2116
-1414
-890
-455
135
809
1365
1812
2068
2485
2736
2734
2644
2582
2481
2270
1933
1558
1206
886
519
220
-228
-586
-638
-1047
-1093
-1451
-1474
-1437
-1770
-1693
-1700
-1670
-1614
-1858
-1719
-1557
-1657
-1556
-1594
-1409
-1151
-1173
-894
-737
-516
-134
65
427
679
1001
1300
1401
1539
1789
1945
1927
1881
1949
2123
2014
1765
1733
1729
1775
1522
1479
1461
1442
1366
1269
1326
1336
1332
1347
1439
1568
1630
1690
1757
1798
1992
2042
2033
2118
2074
2348
2329
2355
2538
2661
2871
2962
3066
3262
3287
2678
2725
2240
2284
1433
395
-70
-653
-1352
-2108
-3164
-3262
-3651
-4295
-4341
-4696
-4269
-4495
-4655
-4357
-4056
-3882
-3807
-3884
-3624
-3447
-3464
-3446
-3406
-3387
-2932
-2910
-2571
-2259
-1834
-1101
-715
-237
472
1078
1591
1919
2198
2754
2844
2768
2616
2582
2416
2106
1617
1233
924
542
66
-310
-801
-887
-1228
-1515
-1646
-1840
-1749
-1909
-2071
-1870
-1788
-1791
-1914
-1931
-1612
-1579
-1721
-1676
-1479
-1309
-1200
-1127
-765
-497
-211
127
477
815
1108
1362
1616
1916
1988
2204
2239
2156
2231
2147
2309
2033
1758
1761
1674
1565
1406
1283
1363
1212
1100
1168
1122
1225
1257
1293
1473
1593
1552
1717
1655
1947
2117
2093
2230
2245
2572
2640
2671
2754
3099
3226
3405
3423
3639
3649
2872
2808
2353
2369
1250
37
-533
-999
-1861
-2888
-3872
-3930
-4292
-5063
-5205
-5329
-4983
-5274
-5304
-4964
-4527
-4406
-4339
-4243
-4011
-3704
-3603
-3590
-3539
-3471
-2862
-2645
-2477
-2129
-1582
-717
-298
118
982
1677
2159
2469
2933
3617
3690
3533
3422
3467
3232
2798
2173
1678
1199
677
277
-381
-967
-1173
-1452
-1624
-2022
-2309
-1996
-2401
-2422
-2390
-2332
-2095
-2555
-2495
-2079
-2150
-2043
-2199
-1902
-1455
-1483
-1298
-1047
-682
-279
131
445
925
1150
1485
1941
1960
2236
2495
2459
2461
2239
2431
2381
1886
1743
1770
1755
1635
1314
1320
1377
1320
1236
1190
1315
1347
1570
1610
1882
1953
2062
2181
2190
2417
2586
2585
2771
2768
3121
3351
3293
3459
3743
4078
4351
4309
4667
4564
3721
3590
3007
3092
1538
71
-632
-1192
-2274
-3665
-4942
-4970
-5391
-6257
-6365
-6477
-5939
-6192
-6114
-5476
-4851
-4625
-4502
-4262
-3821
-3505
-3383
-3437
-3397
-3413
-2780
-2587
-2497
-2169
-1584
-559
-54
433
1463
2385
3022
3427
4054
4801
4903
4554
4313
4325
3832
3122
2171
1434
793
57
-656
-1331
-2109
-2350
-2494
-2803
-2890
-3251
-3063
-3006
-3270
-2878
-2896
-2837
-2930
-2932
-2358
-2350
-2553
-2427
-1965
-1598
-1365
-1237
-696
-196
123
707
1249
1707
2140
2562
2848
3235
3160
3226
3410
3005
3086
2790
2644
2586
2025
2034
1803
1488
1301
1201
1114
989
1002
902
1135
1075
1232
1493
1582
1891
1968
2237
2529
2541
2768
3003
3048
3469
3665
3944
4133
4291
4626
4991
4943
5096
4266
3824
3338
2838
2107
60
-1108
-1940
-2712
-4144
-5823
-6534
-6499
-7129
-7851
-7956
-7471
-7103
-7377
-7015
-6019
-5374
-5242
-5166
-4481
-4000
-3599
-3717
-3581
-3349
-3045
-2331
-2263
-1943
-1327
-395
731
1133
1983
3247
4092
4645
4901
5786
6123
5778
5059
4966
4677
3679
2483
1429
686
-244
-1171
-1949
-2751
-3402
-3791
-3825
-4044
-4343
-4381
-4148
-4058
-4149
-3864
-3642
-3539
-3916
-3466
-2972
-2919
-3155
-2996
-2090
-1677
-1449
-1123
-277
509
898
1442
2115
2810
3236
3737
4248
4513
4392
4166
4166
3975
3860
3648
3176
2709
2293
2148
1892
1243
944
1000
1198
1196
1222
1240
1689
1822
2122
2645
2899
3436
3461
3812
4126
4176
4525
4668
4834
4989
5435
5731
5989
6041
6382
6374
4968
4830
3989
3887
1574
-749
-1843
-2409
-4066
-6450
-8045
-8114
-8150
-9501
-9933
-9509
-8740
-8685
-8568
-7599
-6298
-5912
-5550
-4993
-4062
-3624
-3180
-3405
-3024
-2818
-2093
-1405
-1598
-930
102
1464
2359
2675
4112
5490
6242
6566
7126
7901
7705
6851
5979
5702
4573
3013
1274
-4
-1196
-2475
-3714
-4707
-5680
-6015
-6090
-6306
-6361
-6395
-5702
-5366
-5454
-4989
-4444
-4150
-4242
-4378
-3424
-3052
-3316
-3293
-2615
-1586
-1393
-1132
-261
838
1644
2114
2992
3578
4334
4663
4933
5454
5439
5437
5046
4464
4177
3544
3134
2529
1737
1695
1409
1079
591
541
994
1120
1161
1616
2194
2695
2954
3399
3900
4344
4713
4945
5338
5798
5948
6298
6363
6949
7279
7630
7847
7842
7031
5682
5383
4269
3321
-138
-2354
-3575
-4513
-6820
-9684
-11102
-10773
-10964
-12378
-12438
-11602
-10251
-10072
-9481
-7759
-6218
-5699
-5509
-4356
-3213
-2533
-2604
-2782
-2091
-1599
-616
-332
-335
774
2201
3804
4538
5016
6866
8127
8711
8678
9208
9540
8612
6873
5790
4966
3044
440
-1789
-3122
-4651
-6213
-7818
-8642
-9203
-9278
-8923
-8878
-8495
-7889
-6703
-5853
-5666
-4955
-4000
-3492
-3615
-3462
-2498
-2068
-2589
-2430
-1242
-314
-326
-119
1097
2551
3156
3439
4353
5210
5623
5580
5620
5782
5392
4837
4349
3778
3085
2196
1613
851
224
119
85
-12
-175
449
1428
1795
2385
3000
4293
5155
5499
6070
6741
7294
7846
7985
8507
8777
9009
9347
9615
9816
9887
9136
6691
5904
4608
4297
-97
-4110
-5934
-6282
-8604
-12743
-15137
-14547
-13733
-15373
-15952
-14531
-12284
-11605
-11151
-8810
-6087
-5154
-5016
-3606
-1718
-942
-727
-1252
-354
91
1234
2066
1731
2688
4352
6536
7795
7711
9433
11098
11951
11227
10898
11130
9883
7150
4654
3317
1087
-2530
-5790
-7577
-8940
-10459
-12039
-12963
-12772
-12317
-11162
-10180
-9616
-7732
-6183
-4197
-3649
-2803
-1361
-628
-584
-707
370
822
94
-249
763
1997
1621
1349
2317
3987
4457
4333
4706
5517
5916
5354
5205
4718
4054
3179
2256
1682
379
-415
-707
-1209
-1466
-1499
-633
-233
195
1270
3151
4152
4774
5890
7624
9119
9237
9718
10823
11535
11737
11055
11645
11819
11691
11223
10616
8409
5398
4160
2541
360
-5730
-9048
-10455
-11712
-15142
-19054
-19737
-18644
-17950
-18844
-17730
-15149
-12951
-11401
-9881
-6530
-4323
-3369
-2564
-923
607
1481
1163
869
1785
2928
4181
4158
4217
6172
8048
9782
10089
10548
12228
12492
12128
10461
9730
7952
4872
1435
-1345
-3655
-7035
-10506
-12786
-14079
-14477
-15177
-15584
-15016
-13055
-10667
-8618
-7291
-5157
-2343
-243
1013
1247
2504
3323
3034
2523
2345
2898
1962
957
1338
2344
2588
1745
2224
3549
4531
4283
4063
4460
4737
4405
3462
2716
1717
802
-100
-991
-1645
-2499
-2290
-1941
-1469
-789
682
2363
3714
5131
7113
9189
10113
10810
11955
13042
13737
13043
13254
13132
13394
12629
12002
12105
11648
10233
5222
3488
1685
746
-5080
-11819
-14163
-14549
-16157
-21548
-24559
-23170
-19943
-19544
-20096
-16938
-12784
-9319
-8066
-5090
-1067
794
1112
1656
3835
4529
4131
2375
2322
3487
4253
4845
3783
4694
7009
9146
10286
8941
9885
10783
10796
8109
5251
3828
944
-3246
-7753
-9883
-11872
-15262
-17838
-18215
-16246
-15303
-14807
-13139
-9252
-5081
-2599
-557
1339
4465
6029
6391
5701
5061
5224
3745
2261
698
424
-42
-1411
-1412
-547
942
705
905
2230
3947
4400
3227
3028
3102
3046
1492
-259
-1208
-2009
-2190
-3027
-3178
-2973
-1708
22
1295
2917
4951
7513
9050
10118
11543
13088
13438
12511
12180
12424
12330
10575
9480
9340
9609
9202
8492
8949
9770
8943
4197
1851
486
174
-5972
-13909
-17007
-17183
-18082
-23603
-26885
-24983
-20103
-17480
-17206
-13336
-7427
-2244
-17
2427
6552
8551
7787
6763
7137
6804
5057
1340
-21
267
1067
1269
-55
1338
4120
7014
8541
7399
8217
8696
8666
5450
1266
-1066
-4288
-8419
-13210
-15369
-16039
-17772
-18793
-17462
-13108
-9734
-7608
-5019
403
5298
7125
7426
8027
10182
9206
6544
3591
1979
1036
-1890
-3787
-4848
-4012
-3639
-3811
-2289
-189
2070
2343
2876
3879
4877
4204
2263
844
-42
-417
-2379
-3924
-4517
-3722
-2442
-2277
-934
929
3870
6031
7265
8821
10484
11893
11448
10820
10742
10766
9212
7260
6624
6884
6833
5896
6574
7427
9334
9432
10715
11404
12719
10528
4609
1535
-909
-2391
-11600
-19558
-22434
-21447
-22075
-27044
-27220
-22781
-15142
-11420
-9485
-4053
2042
6395
6797
8063
9584
8601
4774
2090
1043
-465
-2950
-6181
-5535
-3224
-358
1396
1926
5716
8904
12180
12005
9783
8792
6662
4493
-1474
-6608
-9790
-13064
-16068
-18876
-17873
-15892
-14552
-12439
-7903
-1864
1798
2961
4964
8720
10056
8072
4623
3642
2953
-49
-3146
-5357
-4666
-4457
-4422
-3145
-1385
1557
2634
4028
5271
5986
5791
3910
2447
842
-408
-2536
-4954
-6114
-5477
-4237
-4123
-3417
-1254
2312
4294
5236
6287
8019
9415
8588
7938
7167
6951
5635
4144
4154
4066
4483
4062
5522
7355
8985
10411
11138
13589
13956
15173
13788
13496
12258
11494
8876
182
-3982
-7671
-6352
-14543
-22175
-23925
-20864
-17484
-22292
-21441
-17672
-9669
-6330
-6545
-2583
357
3310
1399
2056
2821
1516
-1208
-2736
-1226
-1089
-785
-2112
-199
2967
6101
8130
6639
8450
9128
10590
8599
3964
2013
-831
-1809
-6966
-10150
-10915
-11866
-12289
-13262
-10387
-8040
-6850
-5645
-2879
877
2081
801
328
2001
2528
771
-2086
-2198
-1160
-1578
-1743
-2421
-585
737
1734
2371
2247
3695
3110
2460
1378
799
432
-1766
-2845
-3241
-2213
-2064
-2878
-2279
235
2564
2788
2649
4026
6103
6077
5189
4406
4689
4806
3853
3473
3201
3697
4065
4455
5295
6136
7406
8022
8779
9708
10731
11595
11131
11325
11396
12180
11020
10644
9485
11246
7903
619
-3313
-4709
-3123
-13936
-20210
-22608
-18146
-17860
-23190
-21665
-18497
-9766
-7494
-6056
-2845
496
3937
2844
3452
2779
1653
-1200
-2211
-2486
-2118
-2213
-3454
-1269
1549
6144
6722
5890
8057
8893
10710
6704
3310
471
-1918
-3319
-8502
-10486
-11792
-11427
-11161
-10725
-7839
-5470
-3383
-1922
830
3186
4048
1890
1068
1925
1204
-519
-4274
-3249
-2803
-2422
-2582
-3345
-298
352
1983
1306
1319
2379
1015
360
-1435
-1539
-2141
-3261
-3764
-3179
-1506
-519
-507
463
3390
4860
5025
4032
4852
5913
4937
3783
2176
2804
3100
2515
2555
2767
4400
4816
5689
6522
7248
8057
8464
8549
8969
9313
9859
8989
9325
10127
10834
10528
10356
11248
11983
11249
3186
-1109
-3836
-2237
-11205
-20614
-23035
-20851
-18395
-23354
-21960
-18609
-11034
-5399
-3788
-266
1859
5377
4393
4028
2789
780
-2233
-4012
-3748
-3435
-2338
-2951
-794
2766
7385
8822
7227
8276
8319
8173
4671
131
-3334
-6611
-7540
-10366
-11869
-12089
-10686
-8611
-6463
-3898
-1655
233
1280
2423
3099
3753
864
-1207
-1121
-535
-1447
-4091
-3122
-1844
-1
312
-328
331
986
1883
137
-1220
-1865
-2481
-3430
-3911
-3881
-3389
-2421
-1757
-527
1122
3072
2602
2187
3371
4192
3505
1304
1197
1671
2273
2067
1440
2531
4329
5893
5809
6017
6799
7178
7077
6387
5828
5750
6085
6068
6118
7400
9825
10206
11161
11936
14409
14349
14042
12988
12675
9654
531
-5061
-8707
-8311
-18454
-24968
-26662
-21826
-19549
-21600
-17854
-14318
-5642
-1580
984
1824
2493
4334
2711
1857
-674
-1898
-3705
-3168
-1947
149
1754
2299
4920
7467
10257
8409
6251
5184
2957
1119
-2739
-5022
-8513
-9729
-8731
-8230
-7754
-7824
-5506
-3278
-1438
-1490
-1528
-1403
-996
-1118
-1246
-433
-926
-801
161
2290
2821
2090
2005
1779
1536
504
-1287
-3945
-5190
-4718
-4144
-5118
-4941
-2691
-258
1575
2149
3639
4592
4743
3754
2918
2509
714
-955
-1539
-438
-150
-271
501
2356
4343
5240
5414
4880
5310
5401
4687
2909
1761
2078
2392
3029
3119
4704
6739
8748
10492
11451
13675
13923
14396
13541
13717
13448
11866
11669
9811
10891
3762
-2447
-7469
-6789
-9664
-20517
-24087
-25014
-19104
-21272
-21223
-18674
-13590
-5319
-2467
1185
1526
4456
4972
5421
4106
2329
249
-1654
-739
-582
1415
-147
1053
3250
6021
6851
3931
3956
2346
1106
-1266
-3350
-5236
-8238
-8456
-7448
-6113
-6296
-6108
-4422
-1379
-349
-646
-839
-551
610
44
830
191
379
1266
1441
1564
575
369
-1647
-3780
-4456
-5103
-7313
-9232
-8983
-6350
-4634
-3806
-2013
888
5025
5817
5842
5987
5993
4720
2238
1253
-331
-1825
-2508
-1902
-602
658
1474
2396
3783
5406
5544
3827
3061
2704
2509
1109
-224
-149
694
2268
2816
4046
6081
7596
9096
9825
11287
11901
11687
12181
11777
12825
12339
12607
12115
11822
12271
3583
-3365
-9459
-8117
-14729
-25186
-29175
-27651
-21415
-22663
-19469
-15897
-7736
18
4409
7043
6645
7499
5959
5191
1782
-65
-3822
-4816
-3887
-1370
938
-600
1389
3401
6333
4174
965
-542
-2882
-5054
-7197
-7358
-7991
-8625
-7129
-3047
3
936
943
2265
4381
3503
1929
-635
-1293
-1273
-1219
-361
-799
810
2318
3661
2932
1299
-831
-4324
-7407
-9724
-10695
-13485
-14085
-12352
-6856
-3099
-637
3044
7009
11174
10777
9936
7418
4889
1958
-531
-2134
-3936
-4239
-3107
-257
2161
4311
4935
5781
6082
6217
4719
1845
67
-520
334
262
650
2043
4574
6133
7698
8685
8905
7948
7358
7759
7805
7477
8115
9058
11437
12376
14694
15134
16199
15176
13666
9192
-2863
-10388
-15757
-15747
-26457
-31271
-30708
-23419
-17852
-14459
-6943
-3135
5664
9847
13246
10277
7352
4498
1534
-87
-2555
-3347
-5655
-3184
-703
3931
3360
1977
1533
1540
396
-5000
-7199
-9606
-10577
-10793
-7514
-3815
-2174
-129
3928
8285
9170
7521
4716
3801
2112
388
-1798
-3319
-2721
-1136
2079
3172
4056
4475
4219
2375
-285
-4065
-10080
-14800
-16269
-14966
-14510
-13065
-10351
-3730
3429
7584
8890
9456
11040
9377
6646
3031
-1079
-4803
-5653
-4520
-3810
-2833
-1106
1461
3848
5845
5128
3343
1694
1150
591
-207
-380
-5
2188
5041
7177
8298
8343
7851
7021
6462
5120
2403
932
1755
3984
6163
8171
10594
13648
16258
17038
15323
13912
11752
9515
5444
3554
-4976
-14168
-19209
-16922
-16647
-23593
-24468
-21563
-12387
-9392
-5653
-4618
-1217
4757
7843
9042
5263
4392
2096
2402
1016
1196
-1409
-3571
-3692
-1623
-187
-3975
-5876
-7121
-5388
-6785
-6753
-6478
-6163
-5253
-2004
2959
4970
4479
3918
6383
7509
6608
2713
166
-888
-1267
-1247
-2560
-2886
-3080
-1365
-250
21
-735
-2479
-4236
-5651
-5168
-6962
-10361
-12293
-9453
-5552
-4105
-3228
-1579
2844
5640
7027
5798
5112
4099
2567
1980
999
-892
-3368
-3156
-1941
-766
-1158
-1665
-2133
-976
437
463
-152
-433
1302
2895
4872
5859
6591
6964
7733
8284
7749
6024
3623
2846
2885
3383
2749
3306
4658
6685
9027
10668
12200
11944
12113
11218
10258
9372
8155
7056
4361
4553
-1327
-9746
-16108
-15768
-16121
-23307
-25131
-22561
-15167
-12170
-7140
-3828
697
5393
8686
9474
6265
4701
793
-603
-2544
-1395
-2716
-3971
-3720
-1485
315
-1785
-3393
-5409
-5587
-7367
-6374
-5716
-4640
-3788
141
5371
7800
8126
6895
7299
5689
3712
137
-2475
-4886
-6000
-5578
-4190
-2846
-2682
-1775
-1026
229
-643
-2182
-4984
-5758
-5056
-3895
-5059
-6398
-4193
-1234
915
952
2158
2477
2859
3108
3846
3078
1897
1116
1422
2743
1834
380
-1894
-1946
-2360
-2506
-3246
-4055
-3673
-2117
430
1961
3361
4180
5443
6293
7598
7248
6248
4772
4820
5334
5177
4809
4289
4840
5493
6676
7025
6953
6580
6838
8181
9378
9844
10534
10983
11800
11467
11372
11022
10319
7718
5683
-2531
-12020
-18182
-18734
-19959
-26079
-25696
-20950
-13041
-8587
-3895
-859
2544
4878
6298
6147
3973
1998
-1213
-520
-82
2480
1169
-304
-1622
-1909
-2410
-5865
-8622
-11532
-11583
-10141
-6129
-3528
-916
1438
5874
8289
8879
7282
4214
1285
-2080
-1998
-2940
-3519
-5284
-4493
-1683
32
-746
-3223
-4137
-4555
-5124
-6538
-6439
-5864
-4231
-2766
481
3063
3344
507
-1737
-766
-532
-1486
-3957
-3563
-1035
2298
3763
3394
3322
3304
1744
324
-894
-2812
-5289
-6266
-3913
-1767
8
-172
430
1724
2827
2859
1493
867
749
2131
4052
5813
7160
8009
8438
8744
7993
7134
4360
1974
707
1522
3187
3886
4787
6398
8885
11001
11466
10984
10930
10868
10308
9330
9698
9415
9913
8554
9403
3395
-8098
-17374
-19541
-18225
-23547
-26594
-23099
-14657
-6750
-1620
2457
5820
6351
7252
6159
6929
4128
-593
-2293
-896
4522
3433
1035
-2688
-3734
-4749
-7507
-9897
-12372
-12591
-10365
-5991
-477
4097
5644
6034
5635
8278
7224
3508
-1970
-3523
-1259
-104
628
-290
-70
-1034
-1898
-2831
-4242
-6817
-9343
-9600
-6333
-2908
-788
-552
31
2079
2831
2845
-1283
-4504
-5917
-4814
-2395
-474
1098
1267
2484
4386
4727
2424
-961
-4136
-4723
-4112
-2728
-3357
-3539
-2920
-1412
520
480
-469
-2042
-1452
305
2914
4828
5770
6325
7449
8758
8955
6898
4053
1699
991
1622
2204
2577
2421
3651
4848
6284
6169
5164
4457
4593
6705
8253
9925
10337
10752
11200
11605
11071
8687
5946
2621
1324
-6326
-15022
-20166
-18497
-16025
-18613
-16579
-11655
-5887
-3463
-1998
2251
3291
2182
1582
4065
6794
3954
1108
617
2316
1981
-1726
-4060
-6405
-8244
-9723
-9580
-7757
-7031
-6292
-5020
-1671
2044
3307
2514
2184
3436
4836
4192
3447
2581
1997
849
361
277
-1539
-4322
-6713
-6292
-5326
-4812
-4893
-4166
-2570
-1186
-221
426
291
-112
-438
-51
-404
-455
-612
-176
948
1575
2119
1092
474
-485
-1549
-1841
-2435
-2581
-2822
-2496
-1755
-1498
-1158
-1369
-1406
-832
-56
1111
1466
2316
3246
4085
4831
4971
4920
4170
3934
3980
4317
4146
3981
3908
4037
3547
3044
2685
2288
2016
2038
3097
3501
4519
5768
7361
8554
9109
9682
10301
10009
9355
8342
8544
8566
7501
5406
4249
91
-9736
-16929
-18687
-15057
-16824
-16972
-12464
-6115
-2301
-1586
2163
3699
1461
-57
3036
6655
5632
2188
2234
2346
1777
-1844
-4990
-8179
-11818
-12962
-12282
-9655
-8065
-7011
-5770
-2945
772
2131
1019
934
2275
3798
4637
5599
5879
4060
2009
1345
1166
-1121
-4678
-6357
-6134
-5062
-3943
-2949
-2004
-2081
-1946
-1432
-427
-337
-1360
-1151
532
2454
2564
615
-1192
-1823
-2037
-2376
-2721
-2760
-2846
-2427
-898
439
560
-709
-1720
-1373
-510
-605
-1233
-1523
-754
566
1822
2757
2791
2478
2236
3309
4560
4779
3976
3468
3812
4192
4352
3468
2328
1171
364
596
890
937
232
268
1363
3136
4147
4345
4706
5925
7971
9446
11199
11843
11525
11238
11346
11202
10455
9066
7775
5106
3866
-1352
-9844
-16819
-17501
-13738
-14310
-13712
-10713
-5318
-4260
-3827
-691
1070
-752
-1476
2788
6241
5179
1956
494
-1080
-3339
-6183
-7931
-10009
-11720
-11957
-9894
-7224
-5833
-5927
-6139
-3830
-823
1188
1894
3538
5393
6520
7407
7820
6310
3134
642
199
-66
-1297
-3041
-4105
-4549
-4822
-4641
-4755
-5105
-5738
-5356
-3759
-1949
-787
-553
-147
890
2000
2510
2160
721
-1466
-2464
-2406
-1857
-2136
-2342
-2354
-1921
-1267
-840
-839
-1348
-1299
-512
1041
1576
1498
885
580
560
777
902
652
760
907
1676
2393
2606
1975
1461
1344
1589
1949
2007
2174
2345
2364
2693
3084
2985
2623
2746
3533
4992
6107
6732
7252
8187
9913
11505
12046
12248
12043
11454
10951
10367
9940
8425
6619
4915
3542
-23
-8815
-15803
-16799
-13099
-12207
-12787
-9989
-6488
-5459
-5841
-3083
-1034
-2192
-2651
1598
5903
5085
1449
-1259
-2357
-3531
-5130
-6299
-6536
-6777
-7208
-6218
-3461
-2468
-4092
-5232
-2591
930
2559
3408
5037
6137
5452
5300
5103
3293
109
-1618
-1475
-909
-1509
-2965
-4382
-4825
-4639
-4351
-3958
-3620
-3104
-2753
-1288
287
614
-550
-1010
268
1673
2196
2129
1971
604
-577
-781
-723
-1318
-2423
-2111
-1377
-895
-1002
-1619
-2032
-2304
-1552
-240
565
678
306
234
66
-235
-941
-1794
-1689
-977
-149
565
1004
1018
582
811
1627
2296
2661
3066
3859
4553
4593
4300
3709
3279
3602
4786
5581
6100
6918
7481
7348
6883
7236
7537
7513
7648
8197
8691
8396
7444
6675
6102
4489
2970
2357
2588
-160
-8576
-14401
-14923
-11441
-11963
-13116
-9677
-7178
-6748
-7451
-4238
-2191
-3504
-2521
1614
5401
5005
2232
239
-1511
-2338
-2454
-3282
-3037
-3572
-3491
-3847
-3051
-2943
-5010
-5728
-4182
-1506
-923
-130
1067
1387
815
1089
1760
1073
-203
-187
570
909
139
-1463
-3088
-4005
-3736
-3309
-2533
-1625
-1049
-862
-403
226
-203
-1195
-1091
-285
439
770
1210
1096
-76
-1654
-2752
-2846
-2392
-2026
-1964
-1358
-721
-687
-1870
-2865
-2950
-2428
-1750
-914
-292
-376
-837
-1338
-1670
-2037
-1756
-1035
217
1301
2033
2340
2188
2301
2403
3098
4238
5476
6345
6611
6512
5878
4526
3212
2543
2284
2281
2488
2873
2954
2801
2743
2964
2952
3258
4474
5655
6076
6022
6096
6578
5832
4816
4313
4907
5991
5988
6112
5097
3333
-2575
-8982
-11979
-10611
-7943
-8774
-7901
-6181
-4520
-6000
-7210
-5391
-3396
-1620
-159
3197
4184
2525
-584
-2321
-2903
-3474
-3165
-2322
-1037
-1425
-2464
-3886
-4528
-4583
-4665
-3949
-2692
-746
460
554
40
-427
-406
-501
-60
947
1957
2316
2010
1353
178
-1494
-2570
-2467
-1646
-1021
-690
-337
-482
-926
-1671
-2035
-2049
-1522
-344
636
1301
806
28
-1159
-2048
-2929
-3362
-2623
-1891
-1139
-1483
-1259
-1220
-1476
-1541
-926
791
2150
3335
3833
3995
3488
2822
2287
2059
2150
2213
2331
2013
1385
335
-522
-1089
-1215
-809
-103
651
1130
1470
1624
1382
1153
1140
1340
1706
1864
1975
1924
1902
1782
1393
1698
2564
3725
4551
5235
6202
6705
6754
6759
7061
7300
7179
6776
6546
6045
5558
5217
5139
4399
2429
-606
-4459
-7332
-8022
-6178
-5143
-5763
-5883
-4954
-4674
-6059
-6513
-5603
-4054
-2807
-1780
-1303
-2040
-3090
-3743
-3730
-3412
-2928
-1822
-757
205
34
-809
-1337
-1323
-1280
-812
-250
8
-80
-147
-244
-1281
-2320
-2824
-2976
-3247
-3128
-2421
-2120
-2310
-2584
-2280
-2179
-2249
-2137
-1649
-864
-315
-27
-165
-388
-635
-511
-71
345
701
1102
1743
2074
2058
1761
1289
757
607
1087
1354
803
193
205
393
147
-510
-757
-607
-167
70
60
-67
-269
-346
-314
-266
-441
-758
-642
-93
181
205
226
402
465
340
469
661
572
798
895
896
903
648
605
795
614
618
657
459
417
106
61
112
-33
-22
174
407
772
1251
1969
2602
2799
3108
3366
3561
3843
3981
3977
4183
4094
4071
3944
3997
4010
3617
3113
2541
1841
862
614
657
1181
1179
1483
1545
1289
752
254
-54
-761
-1240
-1828
-1983
-2489
-3003
-3791
-4739
-5191
-5446
-5289
-5471
-5709
-5848
-5656
-5051
-4691
-4441
-4315
-3939
-3694
-3305
-2841
-2510
-2283
-2056
-1466
-1057
-824
-628
-139
367
665
649
571
654
685
520
218
-54
-181
-293
-208
-147
-177
-273
-400
-411
-503
-479
-721
-825
-908
-700
-675
-694
-493
-371
-151
27
326
318
378
633
865
910
888
916
865
900
957
881
627
419
334
181
30
-133
-247
-276
-120
-20
111
308
484
705
940
1358
1577
1835
2157
2433
2468
2368
2271
2109
1978
1920
1916
1880
1913
1984
2080
2180
2260
2332
2358
2621
2807
2905
2860
2882
3061
3206
3452
3501
3534
3489
3799
4334
4649
4427
3626
2958
2735
2725
2579
1857
1174
187
-629
-1281
-1719
-2270
-3284
-3597
-3515
-3146
-3287
-3451
-3709
-3934
-3950
-3901
-3611
-3616
-3536
-3657
-3431
-3282
-3488
-3573
-3535
-3345
-3607
-3534
-3238
-3001
-2867
-2585
-2134
-2100
-2028
-1864
-1424
-1045
-902
-968
-866
-429
-335
-624
-856
-702
-682
-657
-385
-192
-213
-296
22
312
339
182
-18
-76
-274
-382
-279
-85
-10
14
232
252
-10
-306
-248
-288
-381
-447
-405
-215
-35
119
110
215
365
479
617
783
816
600
573
677
722
626
526
502
363
277
108
-15
-130
-181
-184
-138
-100
-36
45
226
409
484
568
812
1178
1469
1688
2009
2334
2435
2562
2732
2941
3030
3049
3041
2978
2891
2791
2549
2397
2416
2666
2946
3128
3324
3543
3796
3696
3588
3284
3216
3247
3649
3870
3459
3017
2216
1599
703
280
-358
-1287
-2038
-2339
-2395
-2950
-3523
-4200
-4520
-4657
-4540
-4445
-4507
-4423
-4482
-4408
-4277
-4121
-4149
-4194
-4057
-4026
-3921
-3719
-3413
-3394
-3337
-3046
-2797
-2652
-2617
-2372
-2136
-1898
-1794
-1720
-1440
-1105
-834
-661
-345
-48
212
365
531
606
572
716
888
1069
1021
950
1112
1328
1467
1270
1130
955
773
660
610
402
-25
-133
-9
169
-4
-108
-222
-316
-446
-687
-679
-698
-762
-978
-936
-681
-639
-680
-665
-411
-281
-141
110
306
484
526
648
705
703
642
568
534
569
659
740
844
780
781
891
1192
1463
1640
1858
2157
2465
2631
2670
2699
2896
3269
3681
4136
4537
4817
4902
4924
5021
4988
4709
4334
4108
4064
3996
3834
3330
2710
1886
1409
1271
1528
1526
933
621
327
289
-162
-251
-541
-1024
-1222
-951
-889
-1596
-2322
-2992
-3551
-4343
-4790
-5214
-5665
-5888
-5953
-5808
-5634
-5426
-5226
-4864
-4137
-3581
-3214
-2852
-2368
-2112
-1917
-1623
-1433
-1395
-1274
-867
-642
-624
-676
-585
-394
-227
-171
-205
-173
-118
-117
-77
116
197
116
226
527
655
446
202
48
-130
-292
-379
-615
-746
-810
-811
-932
-1032
-1078
-1190
-1132
-945
-725
-830
-717
-550
-421
-515
-548
-536
-602
-521
-495
-431
-540
-541
-381
-18
335
569
841
1189
1554
1692
1846
1956
1988
1920
1869
1900
1821
1689
1615
1614
1531
1379
1299
1352
1509
1621
1735
1848
2013
2222
2330
2256
2186
2198
2174
2156
2111
2069
2002
2053
2187
2273
2461
2670
2919
3226
3598
3933
4052
4069
3654
3115
2347
1905
1636
1514
1199
499
125
-307
-507
-1054
-1363
-1784
-2139
-2090
-1962
-2024
-2460
-2666
-2951
-3194
-3328
-3417
-3682
-3941
-3987
-4195
-4472
-4520
-4485
-4451
-4310
-3853
-3408
-3006
-2440
-1916
-1463
-1083
-794
-619
-479
-222
-185
-271
-428
-521
-670
-779
-864
-975
-871
-680
-460
-564
-683
-639
-549
-514
-586
-622
-626
-547
-571
-783
-959
-961
-852
-852
-682
-322
-3
241
499
856
925
869
944
1063
1134
1083
1163
1207
1137
979
935
947
784
454
262
348
336
177
101
129
56
-107
-61
97
127
88
124
201
163
109
117
139
126
218
516
981
1268
1367
1541
1847
2179
2349
2508
2600
2658
2650
2601
2530
2386
2242
2121
2215
2337
2297
2211
2202
2270
2134
2053
2137
2306
2537
2643
2804
2730
2571
2010
1407
972
438
123
2
365
49
-261
-296
-218
-389
-556
-146
-159
-299
-350
-217
-635
-1298
-1873
-2531
-3008
-3351
-3511
-3790
-3865
-3931
-4061
-3915
-3655
-3631
-3778
-3488
-3136
-3240
-3511
-3538
-3519
-3699
-3775
-3715
-3556
-3378
-3129
-2778
-2313
-1790
-1366
-907
-346
111
431
799
1200
1399
1540
1775
1976
1904
1776
1734
1620
1382
1080
933
712
496
282
224
211
138
15
-94
-51
-66
-92
-132
-1
80
85
146
207
151
-81
-216
-154
-36
21
5
107
370
647
778
853
957
1077
1205
1388
1493
1398
1275
1346
1412
1222
919
718
666
490
294
168
195
327
400
507
575
608
462
411
458
450
239
36
38
10
24
177
645
1212
1728
2215
2686
3120
3378
3495
3603
3658
3697
3589
3461
3358
3197
3055
2816
2625
2211
1807
1519
1255
950
650
738
579
215
-241
-538
-898
-1445
-1658
-2026
-2341
-2558
-2601
-2973
-3493
-3699
-3956
-4278
-4481
-4398
-4313
-4078
-3647
-3350
-3052
-2626
-2222
-2064
-1780
-1378
-1339
-1433
-1311
-1111
-1222
-1427
-1511
-1552
-1530
-1475
-1482
-1447
-1223
-1003
-900
-695
-499
-559
-673
-596
-469
-560
-626
-508
-370
-201
-6
281
513
731
966
1157
1357
1431
1472
1501
1522
1435
1205
1072
951
745
419
244
276
405
494
580
758
845
871
803
746
607
315
44
-102
-171
-312
-463
-598
-741
-893
-901
-832
-743
-555
-338
-51
165
388
599
829
1132
1306
1408
1499
1619
1564
1329
1055
787
530
329
274
281
406
592
819
1067
1344
1641
1843
2046
2217
2385
2508
2498
2421
2283
2111
1812
1541
1469
1483
1485
1498
1656
1731
1686
1552
1439
1416
1408
1503
1443
1496
1333
972
608
401
124
-644
-1085
-1211
-1271
-1681
-1898
-1983
-2367
-2742
-2886
-2790
-2980
-3156
-3261
-3388
-3623
-3954
-4179
-4283
-4155
-4081
-3902
-3440
-2890
-2590
-2376
-1894
-1432
-1215
-995
-599
-224
-75
1
46
116
90
-13
-37
45
105
-60
-125
-65
-79
-244
-290
-153
-90
-53
27
203
210
127
67
98
212
177
177
242
372
379
307
370
414
421
442
746
1063
1232
1238
1273
1304
1185
1025
846
689
384
63
-119
-195
-287
-485
-555
-509
-440
-357
-220
-24
33
68
185
423
538
525
559
740
988
1068
1105
1253
1542
1732
1747
1747
1771
1741
1682
1726
1818
1856
1858
1892
1857
1769
1779
1907
1989
1943
1879
1884
1828
1624
1366
1194
1096
928
731
658
708
694
632
619
680
582
299
174
236
289
221
350
533
425
131
34
93
-70
-300
-451
-590
-871
-1140
-1454
-1851
-2171
-2365
-2522
-2665
-2735
-2873
-3120
-3218
-3211
-3340
-3527
-3620
-3645
-3706
-3567
-3336
-3141
-2889
-2434
-1974
-1654
-1317
-948
-560
-235
-12
85
176
289
272
230
289
341
337
406
554
579
516
562
619
570
492
412
301
129
-33
-204
-359
-531
-726
-875
-948
-998
-1075
-1048
-929
-857
-758
-614
-459
-318
-49
296
561
778
999
1171
1268
1381
1433
1391
1330
1428
1530
1594
1689
1822
1919
1966
2041
2081
2027
1873
1675
1481
1346
1150
858
596
419
237
-39
-292
-422
-547
-663
-725
-646
-473
-257
53
399
774
1060
1249
1406
1542
1690
1823
1918
1944
2014
2059
2017
1957
1956
1979
1841
1843
1936
2012
1891
1816
1744
1521
1220
737
321
-139
-447
-859
-1098
-1069
-1100
-1291
-1340
-975
-788
-874
-792
-505
-424
-621
-680
-768
-1088
-1527
-1738
-1851
-2029
-2149
-2227
-2237
-2299
-2355
-2417
-2442
-2327
-2294
-2271
-2252
-2139
-2130
-2025
-1836
-1772
-1902
-1927
-1719
-1670
-1806
-1929
-1860
-1717
-1655
-1569
-1394
-1102
-917
-867
-717
-487
-468
-541
-447
-221
-167
-146
29
166
240
329
593
894
1227
1511
1747
2064
2307
2337
2146
1985
1687
1207
807
543
194
-304
-563
-579
-543
-569
-513
-297
-66
151
302
528
724
797
826
897
1005
926
886
982
1050
979
844
836
772
660
524
483
538
613
618
591
674
745
732
612
540
428
291
307
431
492
433
474
636
740
774
846
1054
1285
1488
1692
1862
1858
1671
1508
1403
1317
1219
1163
1233
1388
1604
1732
1782
1852
1800
1642
1493
1469
1308
1021
797
435
-99
-574
-703
-945
-1419
-1688
-1748
-1909
-2244
-2386
-2486
-2716
-2781
-2669
-2449
-2278
-2042
-1901
-1843
-1603
-1492
-1562
-1672
-1611
-1724
-1970
-1957
-1858
-1820
-1710
-1328
-986
-743
-396
-85
167
370
576
672
633
550
293
88
-52
-313
-693
-937
-1009
-1176
-1281
-1146
-853
-603
-314
1
244
369
416
493
553
483
312
241
238
104
-121
-225
-336
-516
-582
-502
-449
-521
-516
-409
-295
-210
-150
-92
-25
48
130
234
261
242
276
397
501
520
604
783
1013
1164
1230
1313
1442
1531
1476
1351
1164
873
569
335
143
-104
-276
-336
-310
-198
-62
84
213
445
729
970
1078
1088
1089
1098
1043
907
770
638
564
511
488
458
486
585
628
780
1095
1522
1809
2027
2252
2394
2387
2022
1642
1398
1411
1212
855
641
414
168
-97
-28
-137
-388
-456
-315
-219
-340
-357
-498
-733
-990
-1158
-1283
-1515
-1753
-2036
-2130
-2198
-2421
-2506
-2294
-1979
-1996
-1883
-1484
-1101
-954
-796
-479
-329
-285
-283
-259
-348
-594
-948
-1244
-1331
-1445
-1677
-1781
-1670
-1623
-1771
-1807
-1705
-1655
-1606
-1476
-1310
-1201
-1029
-823
-706
-625
-504
-334
-192
-45
109
310
565
724
832
986
1241
1349
1342
1377
1462
1442
1215
969
815
785
723
604
529
557
597
553
512
527
528
474
399
381
358
218
21
-163
-299
-485
-720
-933
-1071
-1129
-1165
-1199
-1164
-1080
-916
-709
-399
-43
367
832
1274
1632
1842
1974
2062
2166
2223
2238
2184
2107
2025
1922
1780
1536
1302
1184
1217
1284
1253
1212
1257
1423
1595
1728
1814
1843
1826
1762
1685
1411
1089
945
1092
1221
1203
1263
1170
957
727
723
517
86
-133
-197
-251
-479
-557
-750
-1000
-1195
-1354
-1511
-1712
-1810
-2109
-2388
-2605
-2792
-3057
-3233
-3186
-3234
-3289
-3277
-3110
-2957
-2759
-2523
-2364
-2210
-1932
-1541
-1198
-946
-726
-497
-242
-76
-56
-27
61
57
-68
-91
-4
-6
-39
84
309
414
479
570
664
647
518
347
199
63
-201
-476
-594
-634
-756
-876
-821
-700
-609
-527
-444
-407
-417
-360
-274
-172
-105
-60
31
186
373
492
658
836
943
986
1095
1254
1301
1327
1362
1404
1410
1351
1241
1083
951
794
607
443
292
111
-38
-54
-10
48
152
386
664
936
1177
1341
1455
1539
1675
1710
1658
1548
1461
1375
1258
1054
797
631
584
557
553
637
723
764
866
1074
1227
1268
1305
1380
1430
1441
1288
1078
981
1081
950
583
384
255
-63
-448
-499
-550
-808
-949
-858
-829
-935
-987
-1100
-1274
-1365
-1396
-1594
-1742
-1736
-1805
-1865
-1709
-1560
-1609
-1581
-1373
-1347
-1455
-1383
-1384
-1578
-1719
-1725
-1868
-2154
-2189
-2115
-2053
-2032
-1995
-1910
-1757
-1511
-1416
-1328
-1120
-919
-788
-592
-322
-254
-250
-175
-125
-176
-210
-189
-249
-201
-13
174
277
427
594
717
836
939
1010
1036
1079
1077
1024
927
803
627
515
428
349
307
331
372
360
429
584
773
889
1009
1122
1206
1254
1226
1107
869
671
460
264
64
-79
-184
-295
-333
-342
-364
-457
-503
-460
-414
-402
-416
-371
-302
-208
-112
4
161
326
492
618
749
864
957
1062
1194
1334
1435
1461
1454
1461
1493
1541
1571
1642
1765
1916
2064
2140
2157
2142
2078
1951
1864
1797
1594
1295
1133
1127
886
567
305
25
-364
-682
-767
-990
-1196
-1267
-1292
-1459
-1552
-1610
-1857
-2063
-2021
-1872
-1894
-1832
-1765
-1799
-1740
-1546
-1467
-1517
-1409
-1211
-1150
-1067
-941
-999
-1103
-1094
-1020
-1037
-1003
-946
-1015
-1014
-912
-801
-752
-655
-508
-360
-134
30
99
226
439
571
568
614
613
520
495
525
495
412
416
377
277
275
252
151
56
45
-16
-80
-86
-172
-344
-446
-503
-554
-560
-473
-423
-424
-382
-351
-350
-326
-261
-217
-181
-65
83
135
178
157
169
230
275
284
259
331
405
442
451
415
362
315
328
342
342
387
464
546
660
735
729
646
559
531
498
495
427
347
333
345
307
227
165
161
101
22
-23
-15
85
122
233
425
683
884
1003
1124
1254
1388
1513
1629
1721
1789
1722
1710
1809
1804
1588
1341
1127
744
414
280
111
-224
-469
-452
-573
-741
-928
-1049
-1163
-1228
-1239
-1351
-1227
-1118
-1172
-1127
-1070
-939
-1035
-920
-906
-880
-786
-901
-863
-761
51
-1516
-1551
-533
-510
-463
-1189
-242
-1037
-1326
-665
-1096
-888
-1056
-602
-730
-1070
-942
-1286
-1172
-876
-939
-750
-587
-406
-640
-840
-228
-39
-72
0
120
-16
-364
-248
-139
-380
-359
22
295
278
318
522
792
1153
1450
1485
1455
1561
1565
1398
1230
1103
926
573
236
-96
-358
-614
-805
-768
-727
-727
-809
-835
-812
-803
-723
-728
-771
-848
-853
-853
-934
-901
-789
-590
-373
-224
-49
202
458
715
950
1260
1532
1664
1715
1694
1667
1563
1385
1190
994
893
779
699
698
733
824
904
1004
1137
1278
1443
1574
1660
1781
1877
1911
1964
1906
1785
1731
1775
1701
1464
1348
1193
934
742
777
667
310
75
41
-138
-500
-761
-1001
-1294
-1559
-1673
-1844
-2024
-2090
-2146
-2162
-2140
-2083
-2063
-1909
-1649
-1537
-1462
-1328
-1170
-1122
-1132
-1132
-1240
-1342
-1375
-1416
-1499
-1549
-1533
-1398
-1169
-897
-645
-349
24
299
467
621
769
790
731
682
689
647
571
485
375
318
191
18
-113
-178
-285
-437
-496
-438
-436
-557
-557
-365
-112
-63
-19
75
165
214
247
290
197
125
109
187
176
100
18
0
60
67
163
301
406
410
371
335
178
20
-70
-134
-211
-317
-361
-338
-266
-278
-269
-163
10
162
216
347
480
632
783
923
1083
1172
1272
1351
1380
1387
1373
1340
1296
1275
1279
1302
1258
1124
987
938
881
695
547
514
590
618
620
584
549
622
722
691
604
684
831
877
851
835
684
364
146
79
-73
-343
-519
-542
-553
-601
-717
-853
-937
-936
-969
-1106
-1168
-1249
-1378
-1498
-1514
-1525
-1603
-1530
-1365
-1241
-1196
-1186
-1239
-1362
-1408
-1408
-1461
-1591
-1629
-1563
-1500
-1435
-1333
-1038
-697
-417
-207
-26
225
353
361
313
294
282
199
152
128
100
-5
-105
-116
-94
-105
-112
13
184
229
158
168
306
375
354
344
319
246
154
162
154
44
-47
-49
4
37
17
30
46
43
57
80
155
198
185
243
376
425
339
245
288
346
326
265
239
247
232
184
109
-36
-252
-425
-448
-405
-458
-532
-467
-317
-175
-47
33
118
207
339
442
489
561
663
835
965
1033
1032
1050
1134
1180
1214
1290
1437
1526
1606
1710
1821
1867
1825
1784
1768
1731
1493
1143
911
771
504
109
-167
-385
-587
-750
-891
-990
-1090
-1060
-1032
-1053
-1071
-1089
-1139
-1209
-1242
-1268
-1356
-1403
-1493
-1609
-1615
-1604
-1651
-1640
-1460
-1284
-1218
-1181
-1070
-941
-832
-728
-657
-572
-509
-472
-460
-396
-364
-415
-427
-322
-188
-146
-105
-63
-6
74
151
220
287
399
489
520
502
461
391
267
156
67
22
15
56
161
289
409
526
646
740
882
1013
1077
1047
947
811
614
445
328
211
110
36
-18
-111
-237
-337
-359
-294
-262
-248
-182
-82
-23
-52
-67
-95
-96
-51
32
123
213
268
271
293
309
331
343
379
433
496
597
724
813
846
888
928
984
957
921
924
908
898
846
878
918
987
1027
1063
1145
1209
1262
1217
1182
1140
1080
1018
891
752
589
423
297
130
-47
-219
-362
-512
-605
-590
-608
-707
-739
-633
-632
-744
-840
-894
-1002
-1137
-1206
-1328
-1424
-1526
-1583
-1624
-1608
-1558
-1582
-1535
-1411
-1302
-1269
-1234
-1207
-1184
-1139
-1058
-1090
-1171
-1146
-1107
-1053
-991
-880
-818
-717
-527
-341
-217
-149
-115
-110
-39
27
51
58
118
177
225
286
324
382
445
467
416
343
250
85
-53
-133
-246
-382
-466
-439
-355
-236
-139
-78
49
232
381
428
475
562
658
661
629
665
733
770
718
689
732
771
773
742
741
737
665
583
510
481
433
394
412
441
521
618
733
824
889
918
908
902
856
784
697
620
562
487
412
371
364
421
484
515
590
703
794
830
891
920
887
898
982
1018
1024
1065
1078
1024
882
735
585
477
319
40
-196
-379
-556
-791
-965
-1085
-1186
-1205
-1217
-1270
-1310
-1281
-1317
-1408
-1438
-1398
-1417
-1496
-1544
-1625
-1703
-1726
-1729
-1732
-1729
-1665
-1536
-1401
-1282
-1163
-1028
-847
-664
-504
-343
-231
-188
-243
-328
-435
-573
-747
-891
-992
-1039
-1037
-1045
-1037
-1029
-954
-857
-740
-626
-492
-277
-80
67
101
155
261
394
485
558
676
721
737
703
612
462
364
343
303
278
316
414
512
641
769
905
1094
1242
1322
1325
1320
1277
1128
973
821
677
577
518
535
616
722
860
1024
1164
1255
1306
1375
1374
1283
1191
1148
1125
1052
990
977
1024
1069
1138
1192
1202
1202
1177
1193
1188
1134
1043
917
867
808
675
491
386
391
393
356
271
161
12
-103
-123
-116
-169
-274
-301
-311
-422
-584
-749
-911
-1075
-1202
-1286
-1386
-1504
-1563
-1593
-1593
-1624
-1670
-1677
-1631
-1548
-1539
-1522
-1476
-1447
-1432
-1380
-1308
-1340
-1397
-1346
-1246
-1203
-1153
-1063
-958
-868
-768
-647
-555
-427
-289
-164
-23
88
135
184
254
240
149
92
46
-56
-185
-282
-379
-463
-441
-375
-324
-252
-69
216
455
618
700
705
717
727
689
552
404
327
276
266
249
231
232
274
300
264
223
219
213
173
126
86
73
45
30
50
115
208
326
510
693
818
877
886
849
757
653
528
421
362
353
405
462
541
610
674
756
815
815
794
822
890
946
944
949
957
954
956
963
993
1016
1023
1020
1004
917
802
671
583
530
452
359
216
167
138
78
-46
-168
-259
-411
-559
-669
-748
-882
-1069
-1227
-1294
-1371
-1476
-1517
-1416
-1208
-1004
-765
-598
-503
-459
-448
-550
-763
-964
-1144
-1317
-1465
-1571
-1686
-1713
-1643
-1517
-1411
-1253
-1078
-964
-856
-755
-607
-493
-400
-365
-331
-275
-274
-328
-369
-318
-238
-163
-50
104
244
362
461
559
593
577
524
428
258
49
-115
-234
-340
-460
-505
-473
-383
-262
-139
-5
120
268
403
515
620
709
773
820
848
842
774
699
681
698
717
757
867
976
1034
1045
1044
1026
1004
969
935
958
1015
1044
1031
1000
980
951
903
887
867
843
842
866
918
979
1028
1058
1073
1076
1049
937
762
588
408
208
-47
-297
-515
-648
-688
-688
-648
-528
-323
-111
70
214
292
295
271
275
231
88
-118
-354
-621
-874
-1040
-1171
-1296
-1390
-1398
-1354
-1273
-1195
-1124
-1036
-950
-868
-829
-794
-784
-791
-723
-603
-546
-565
-548
-442
-362
-384
-413
-374
-269
-162
-96
-59
-32
-14
-18
-68
-131
-197
-288
-393
-485
-501
-497
-441
-386
-338
-263
-183
-87
-29
49
133
168
143
117
123
145
173
268
429
573
679
767
857
917
957
977
1019
1094
1186
1229
1200
1143
1089
1022
914
818
670
526
364
191
9
-172
-283
-394
-437
-415
-355
-291
-204
-128
-49
8
-17
-135
-267
-332
-408
-491
-567
-579
-606
-609
-579
-526
-429
-299
-119
44
241
389
481
517
557
580
532
451
336
244
128
-23
-166
-248
-314
-417
-532
-617
-683
-756
-811
-817
-769
-677
-622
-567
-459
-377
-315
-251
-184
-138
-81
15
90
132
186
219
183
121
28
-78
-116
-151
-229
-328
-358
-367
-429
-478
-510
-547
-598
-601
-597
-640
-716
-760
-778
-766
-763
-773
-712
-576
-455
-409
-332
-213
-87
76
250
426
567
683
785
863
935
1005
1049
1095
1176
1283
1356
1410
1449
1453
1428
1392
1312
1143
951
752
501
242
9
-173
-311
-405
-407
-370
-342
-343
-326
-247
-191
-210
-222
-156
-140
-169
-192
-157
-118
-85
-29
56
138
193
242
250
276
279
250
224
174
125
128
151
138
10
-175
-111
-81
-218
-234
-356
-354
-397
-469
-488
-443
-461
-397
-275
-80
171
239
371
541
656
718
697
643
615
527
483
430
302
260
252
191
183
121
23
-118
-263
-387
-521
-672
-840
-1028
-1168
-1224
-1290
-1358
-1352
-1294
-1194
-1098
-989
-881
-763
-608
-449
-317
-209
-127
-119
-87
-8
37
42
80
184
290
386
454
526
573
642
707
706
697
694
739
747
703
609
506
407
267
140
-18
-143
-231
-300
-373
-424
-470
-505
-495
-467
-380
-288
-160
-55
72
213
329
457
570
680
791
914
990
1004
980
961
964
911
818
684
555
469
411
348
282
240
230
194
117
49
-49
-119
-171
-207
-222
-247
-261
-235
-149
-61
18
97
188
266
375
487
534
554
592
650
668
655
643
646
654
637
601
546
484
382
284
176
40
-119
-311
-470
-626
-805
-998
-1158
-1266
-1340
-1339
-1304
-1290
-1249
-1156
-1042
-945
-853
-723
-595
-508
-412
-309
-203
-117
-82
-26
61
124
114
85
73
37
-38
-129
-213
-292
-370
-442
-490
-502
-456
-440
-415
-369
-326
-309
-322
-325
-384
-443
-506
-575
-657
-735
-765
-777
-817
-886
-903
-870
-795
-688
-523
-315
-79
162
398
633
804
948
1059
1109
1074
955
810
650
457
211
-21
-193
-307
-404
-492
-551
-532
-406
-273
-167
-52
139
325
451
544
627
693
728
767
788
833
857
869
898
938
1019
1072
1104
1097
1122
1157
1167
1164
1101
1033
929
820
685
540
423
337
264
154
4
-155
-304
-463
-567
-631
-664
-638
-562
-441
-355
-282
-219
-198
-184
-197
-259
-307
-276
-234
-203
-122
37
158
228
279
295
272
230
158
-3
-184
-354
-543
-731
-897
-1012
-1072
-1067
-1009
-952
-858
-751
-675
-639
-608
-630
-711
-765
-774
-773
-775
-741
-693
-597
-477
-386
-370
-355
-300
-248
-188
-137
-69
-6
56
157
249
305
322
320
333
297
158
-13
-161
-283
-417
-532
-594
-616
-570
-501
-436
-392
-366
-321
-260
-186
-139
-61
48
179
296
391
498
597
691
788
894
984
1020
1016
1015
981
917
797
672
586
529
493
474
496
523
514
508
542
563
537
521
551
606
622
628
683
760
806
792
820
888
914
854
767
724
695
658
609
579
568
628
740
881
988
1052
1130
1206
1204
1050
827
631
439
224
3
-193
-360
-518
-652
-781
-907
-1005
-1093
-1152
-1194
-1258
-1345
-1444
-1503
-1522
-1516
-1511
-1522
-1520
-1474
-1399
-1329
-1264
-1202
-1132
-1022
-885
-749
-643
-538
-410
-269
-109
0
27
42
67
60
-11
-125
-216
-296
-388
-472
-548
-577
-550
-519
-473
-416
-366
-314
-235
-151
-93
-46
9
62
87
166
272
358
379
381
390
417
419
369
356
370
395
395
399
420
405
349
315
306
269
197
101
22
-36
-89
-133
-187
-215
-198
-149
-102
-80
-67
12
111
204
292
326
347
373
451
548
633
733
848
956
1051
1126
1136
1116
1087
1081
1064
1034
1010
1009
1032
1031
1009
955
927
918
860
759
608
431
253
52
-206
-512
-791
-963
-1063
-1117
-1123
-1071
-968
-813
-646
-559
-527
-533
-526
-530
-560
-605
-671
-699
-693
-662
-616
-566
-529
-480
-427
-409
-450
-534
-602
-663
-690
-727
-822
-914
-958
-957
-992
-1067
-1113
-1099
-1039
-952
-871
-757
-611
-463
-339
-223
-78
39
113
166
256
335
380
396
396
410
423
419
400
418
448
451
444
428
408
372
333
279
229
205
176
137
75
17
-55
-108
-150
-202
-251
-268
-245
-206
-111
20
165
320
468
596
662
681
700
694
666
609
605
657
716
763
790
836
866
912
956
946
907
865
867
821
684
505
303
94
-123
-309
-453
-571
-645
-646
-598
-549
-524
-481
-407
-321
-213
-91
62
204
331
429
532
641
716
742
738
758
771
744
648
543
471
408
316
219
148
70
-6
-76
-146
-253
-373
-464
-576
-691
-790
-866
-948
-1000
-1002
-960
-900
-848
-757
-662
-559
-491
-442
-384
-345
-309
-276
-242
-252
-281
-294
-295
-301
-322
-310
-282
-251
-225
-222
-236
-268
-317
-342
-367
-402
-451
-493
-493
-488
-471
-438
-361
-256
-140
-15
141
312
440
560
678
787
819
809
779
741
690
633
598
568
581
594
615
645
683
738
763
766
761
750
693
599
479
377
296
214
122
14
-78
-167
-268
-384
-475
-545
-603
-636
-619
-547
-499
-474
-431
-334
-265
-263
-275
-239
-143
-38
64
161
275
380
457
496
484
438
361
287
204
97
-17
-157
-303
-401
-421
-405
-408
-385
-292
-166
-80
-32
16
76
117
123
134
163
203
246
289
319
318
288
236
186
125
61
-16
-101
-162
-211
-252
-317
-389
-437
-484
-540
-617
-689
-768
-876
-998
-1115
-1204
-1273
-1303
-1280
-1209
-1077
-910
-719
-507
-295
-86
82
229
353
444
497
539
583
603
603
596
629
672
701
685
644
616
574
525
428
321
220
149
118
68
14
-34
-37
9
92
179
215
207
211
236
219
146
72
43
56
60
42
15
9
29
58
81
85
78
69
53
12
-57
-113
-154
-159
-111
-32
44
63
70
80
75
17
-128
-303
-419
-466
-519
-607
-671
-650
-573
-501
-435
-332
-185
-34
99
233
365
450
466
466
487
507
487
429
369
339
304
245
148
44
-30
-72
-114
-164
-211
-266
-314
-361
-383
-412
-470
-530
-587
-599
-599
-602
-628
-624
-546
-432
-317
-207
-61
113
295
456
583
681
750
786
801
811
792
746
660
575
508
435
353
257
201
178
155
92
9
-81
-162
-212
-251
-274
-308
-325
-294
-216
-141
-108
-94
-57
7
40
32
24
67
98
85
59
64
103
101
83
82
119
144
132
125
118
133
159
204
257
305
365
416
437
410
366
307
223
102
-23
-127
-214
-287
-337
-348
-330
-292
-246
-160
-47
50
111
153
217
272
291
286
280
302
331
350
351
349
338
282
192
73
-45
-175
-316
-438
-554
-656
-737
-795
-818
-805
-757
-690
-643
-591
-540
-506
-484
-473
-439
-396
-348
-286
-221
-152
-107
-55
41
158
258
337
438
540
596
602
578
576
598
608
610
607
628
633
581
510
404
301
205
111
40
-29
-73
-116
-126
-85
-22
10
39
103
166
189
133
60
27
17
-29
-114
-169
-161
-126
-128
-149
-181
-210
-244
-306
-354
-386
-415
-445
-439
-382
-318
-313
-349
-348
-302
-263
-316
-393
-421
-406
-385
-404
-410
-380
-308
-236
-180
-120
-61
-19
3
48
88
97
63
35
72
137
193
225
287
403
530
606
640
651
631
578
493
429
348
220
66
-61
-124
-176
-238
-291
-289
-226
-151
-102
-71
-32
21
85
136
172
192
240
310
361
399
413
406
347
268
228
198
159
115
122
187
243
247
222
210
199
163
106
52
-16
-99
-180
-233
-260
-294
-329
-330
-288
-248
-227
-200
-156
-115
-91
-74
-35
12
53
100
138
206
256
270
315
352
397
408
384
355
295
248
187
99
26
-27
-52
-80
-133
-193
-243
-279
-315
-359
-393
-424
-476
-538
-591
-620
-636
-655
-683
-684
-655
-651
-680
-688
-618
-504
-411
-326
-221
-102
-8
32
60
105
124
99
64
45
27
-44
-145
-221
-265
-270
-290
-335
-360
-357
-333
-338
-361
-376
-383
-378
-364
-321
-248
-171
-73
50
197
341
473
620
793
965
1097
1189
1228
1225
1191
1128
1046
922
808
720
649
577
511
460
404
358
338
369
417
447
455
453
469
456
407
322
218
123
36
-35
-130
-259
-383
-459
-465
-419
-366
-304
-180
-2
168
267
323
377
403
404
382
362
357
342
332
333
327
277
186
98
35
-4
-73
-165
-259
-343
-404
-488
-587
-683
-745
-756
-773
-785
-782
-761
-731
-716
-706
-679
-620
-539
-456
-356
-223
-103
-17
48
123
200
215
186
135
81
7
-107
-227
-315
-367
-398
-414
-414
-410
-413
-415
-420
-416
-411
-447
-512
-571
-600
-621
-639
-628
-576
-488
-392
-307
-220
-123
-13
100
204
299
382
476
579
649
691
711
735
739
707
671
612
522
395
265
165
78
13
-36
-54
-21
44
111
146
164
175
152
90
-2
-102
-185
-266
-319
-350
-355
-330
-294
-216
-112
22
178
333
491
632
760
875
949
994
1021
1037
1017
964
905
817
688
541
389
234
51
-133
-303
-438
-534
-609
-660
-705
-741
-763
-772
-765
-752
-728
-686
-622
-550
-472
-405
-362
-325
-278
-213
-149
-74
1
70
127
160
168
157
146
136
124
103
80
60
44
26
-10
-41
-73
-108
-147
-185
-213
-256
-286
-305
-300
-270
-237
-192
-123
-11
108
186
227
264
308
330
313
288
291
318
339
338
323
321
324
309
272
232
179
109
50
13
-24
-94
-183
-247
-294
-332
-373
-422
-453
-487
-528
-590
-665
-720
-759
-761
-735
-686
-626
-565
-479
-380
-266
-159
-63
26
113
207
304
385
462
556
662
771
857
913
948
978
1002
978
937
902
851
762
638
510
382
253
124
2
-86
-138
-178
-224
-260
-273
-261
-231
-214
-189
-140
-77
-16
12
22
24
1
-58
-147
-246
-336
-424
-507
-557
-587
-597
-559
-484
-374
-253
-131
-12
72
130
138
95
47
-14
-80
-145
-184
-167
-139
-104
-52
43
169
279
368
458
552
632
669
680
701
718
711
679
655
654
636
589
524
484
460
421
368
312
281
259
241
217
182
143
82
9
-101
-247
-405
-544
-667
-795
-913
-981
-993
-967
-886
-783
-662
-539
-432
-338
-284
-254
-255
-277
-295
-303
-304
-295
-257
-192
-112
-29
60
141
194
210
201
175
130
64
-7
-74
-148
-208
-254
-293
-322
-320
-293
-256
-215
-154
-53
69
175
236
268
290
291
274
240
197
146
100
51
-21
-108
-204
-284
-348
-381
-401
-426
-427
-390
-340
-301
-269
-226
-172
-140
-140
-153
-162
-171
-198
-215
-195
-151
-101
-61
-2
82
160
215
260
319
382
432
461
480
490
495
482
449
434
434
439
432
427
432
436
448
471
487
480
456
420
380
335
293
246
186
133
92
79
71
62
68
83
95
111
144
182
227
268
317
355
375
378
355
329
281
209
131
72
32
-14
-62
-113
-135
-180
-220
-275
-351
-417
-503
-558
-606
-647
-679
-703
-686
-645
-612
-591
-560
-510
-449
-410
-375
-330
-263
-186
-130
-79
-25
52
112
133
125
106
80
32
-13
-49
-76
-107
-158
-211
-257
-302
-340
-374
-387
-374
-350
-323
-299
-262
-215
-183
-169
-174
-161
-128
-80
-21
49
134
213
288
358
422
468
481
475
460
449
438
416
401
415
441
447
448
474
515
524
485
426
365
277
136
-38
-203
-343
-460
-562
-638
-680
-690
-670
-623
-546
-439
-332
-228
-117
2
108
176
224
276
347
407
418
423
451
518
567
588
609
626
643
639
617
579
523
452
371
291
210
86
-75
-231
-345
-410
-464
-499
-480
-397
-294
-213
-161
-127
-100
-93
-109
-140
-169
-190
-209
-210
-204
-193
-188
-192
-185
-161
-140
-134
-151
-157
-140
-137
-153
-183
-191
-171
-157
-145
-146
-161
-189
-233
-286
-344
-398
-438
-444
-426
-375
-307
-222
-97
48
205
339
444
530
586
595
558
492
416
334
242
168
128
119
119
133
189
274
339
371
393
426
441
409
336
261
200
137
42
-67
-151
-221
-287
-355
-406
-445
-479
-485
-462
-416
-366
-327
-271
-203
-130
-77
-50
-26
6
28
15
-26
-56
-61
-55
-54
-45
-4
61
115
139
146
157
166
163
141
107
64
17
-29
-78
-123
-159
-165
-125
-45
55
152
239
328
396
428
414
366
302
219
128
29
-65
-155
-242
-310
-353
-375
-382
-375
-343
-267
-170
-92
-41
-2
35
36
-5
-77
-163
-248
-340
-435
-514
-561
-572
-540
-457
-331
-188
-49
91
244
398
520
571
569
552
529
487
401
318
266
250
239
213
210
240
280
299
309
328
341
328
288
247
204
163
96
6
-75
-139
-184
-224
-230
-200
-165
-144
-139
-127
-115
-112
-121
-133
-139
-152
-166
-190
-224
-268
-319
-363
-404
-420
-410
-376
-328
-275
-210
-153
-109
-72
-36
6
48
82
98
88
73
64
61
50
24
4
14
45
74
100
132
182
232
259
257
246
235
221
195
156
120
83
51
18
-7
-27
-52
-82
-111
-123
-129
-142
-160
-166
-160
-151
-152
-157
-152
-151
-156
-166
-181
-191
-204
-207
-191
-147
-73
0
77
157
246
318
347
