36
32
24
20
20
23
25
24
23
21
24
29
36
44
58
68
81
95
101
109
115
120
118
116
110
101
89
77
69
63
57
53
44
40
34
29
28
30
35
45
56
67
79
85
85
79
77
75
77
84
88
95
102
107
104
98
92
87
87
83
75
67
57
46
31
18
3
-17
-36
-53
-67
-80
-91
-102
-111
-114
-115
-113
-107
-104
-97
-91
-79
-63
-53
-39
-27
-18
-13
-13
-14
-21
-30
-38
-48
-56
-67
-80
-91
-102
-112
-118
-125
-129
-131
-133
-135
-134
-131
-123
-113
-105
-92
-82
-71
-61
-53
-44
-41
-36
-25
-12
0
14
24
33
36
36
36
32
33
31
28
30
23
18
9
-1
-10
-22
-30
-36
-40
-40
-37
-28
-17
-3
13
25
37
45
48
53
58
64
68
75
81
83
80
71
62
48
35
22
10
3
-3
-6
-7
-10
-12
-12
-9
-2
3
9
14
21
31
42
52
58
64
69
69
71
68
65
65
66
66
67
66
66
63
54
44
29
15
6
-3
-13
-23
-30
-34
-35
-33
-31
-33
-32
-27
-20
-11
1
18
35
48
62
71
74
78
73
67
61
49
38
23
9
-7
-20
-34
-53
-71
-90
-100
-107
-114
-116
-114
-111
-108
-107
-105
-101
-96
-92
-82
-68
-52
-37
-22
-5
9
18
22
28
35
42
45
51
51
50
49
43
44
39
31
23
16
15
12
12
11
11
10
11
12
15
16
17
19
21
31
38
48
56
61
66
68
69
64
59
56
51
42
31
24
19
13
2
-8
-17
-26
-31
-35
-33
-32
-31
-27
-18
-10
-3
3
8
17
20
23
24
25
29
33
36
38
37
38
34
33
32
27
24
20
15
9
3
2
-2
-5
-8
-9
-11
-13
-12
-8
-1
5
12
17
22
24
21
20
18
14
9
2
-3
-10
-20
-29
-35
-45
-55
-67
-79
-91
-101
-103
-105
-104
-107
-107
-102
-100
-98
-94
-88
-80
-69
-57
-41
-23
-10
3
14
22
29
34
39
45
50
52
54
56
54
48
41
32
27
17
7
0
-3
-7
-11
-12
-18
-21
-23
-24
-26
-27
-26
-23
-13
-6
3
13
20
23
22
20
18
11
3
-3
-9
-14
-20
-25
-28
-34
-40
-46
-52
-54
-57
-53
-50
-46
-42
-41
-35
-30
-25
-24
-21
-18
-11
-1
7
18
28
36
43
47
51
51
53
54
58
65
70
74
76
73
70
63
54
46
38
32
34
34
34
39
45
43
38
34
29
25
20
21
24
24
21
23
26
25
23
17
7
0
-5
-11
-16
-23
-28
-29
-31
-33
-37
-38
-37
-33
-24
-14
-4
3
10
19
26
29
27
21
16
17
18
16
15
20
25
30
32
30
25
20
14
10
5
-1
-6
-8
-6
-5
-7
-15
-24
-36
-43
-46
-48
-49
-48
-41
-33
-29
-27
-25
-22
-19
-16
-15
-17
-16
-11
-7
-2
-1
-5
-13
-23
-27
-34
-38
-38
-40
-41
-40
-42
-50
-62
-69
-75
-82
-83
-84
-82
-72
-60
-49
-40
-38
-36
-31
-25
-21
-20
-13
-2
4
13
23
29
31
29
33
33
29
25
23
19
20
19
15
11
6
4
-1
-9
-12
-16
-15
-13
-8
-4
0
11
16
16
22
28
31
33
37
53
63
76
84
83
77
69
60
57
51
35
33
18
12
-2
-17
-14
-20
-25
-27
-16
-10
-12
-12
12
24
18
14
5
3
22
29
39
39
35
38
38
37
36
29
22
36
35
28
27
35
38
35
54
59
49
43
42
34
43
35
25
18
7
21
35
18
32
35
38
53
50
42
37
40
40
23
23
16
-18
-36
-40
-25
-30
-18
-18
-31
-45
-68
-26
-43
-30
-27
-24
-14
-9
-1
12
41
35
39
51
46
13
1
-12
-31
-28
-43
-65
-81
-96
-89
-76
-93
-102
-133
-147
-144
-128
-150
-153
-139
-132
-141
-132
-122
-127
-117
-92
-55
-20
-5
6
68
78
109
152
138
162
178
184
183
164
147
134
84
69
-34
-91
-135
-192
-172
-214
-219
-212
-197
-123
-85
-61
-43
2
27
70
115
87
112
127
128
168
159
157
112
99
150
190
212
200
192
168
142
184
139
88
57
57
91
56
-33
-139
-38
104
-5
-111
-134
-151
-139
-150
-89
-37
-101
-82
-1
107
171
155
169
185
187
219
194
129
18
-38
-3
-25
-116
-183
-278
-298
-217
-261
-299
-318
-352
-239
-130
-165
-104
-127
23
46
76
81
46
-24
-50
-230
-239
-443
-785
-1597
-4412
-1115
-867
-3991
-1927
-1490
17
1456
129
295
-4
156
553
391
379
-2461
-1698
-1938
-1565
688
-56
-17
-759
-474
-448
169
3258
807
896
1320
672
2501
841
1009
1304
1349
780
1165
773
-581
-311
-437
-1993
-3443
-4211
-5024
-3112
-2665
-1036
-2482
-3252
-2740
-2667
-22
-39
-327
1199
1135
2320
2960
2068
3682
2994
3227
4239
3989
3389
2984
2559
3356
3635
1498
1754
957
1316
884
-2084
-628
-235
-173
825
-113
-483
-1412
-1118
-294
-691
5
-335
-342
-427
527
465
774
304
508
1232
1536
3789
3477
2813
2866
4030
1986
2935
2507
1029
1996
615
1932
-61
-1977
-1951
-3532
-2275
-2252
-2452
-617
-1930
-2194
-1872
-2229
-1781
-995
-862
-346
565
-407
-571
-331
-174
51
1025
2101
1860
1155
1355
1541
-639
-1355
-237
603
1985
515
1847
799
277
1441
492
-111
-751
641
-105
437
-189
-751
-981
203
834
-847
815
-502
918
1590
314
198
363
-387
2083
397
-546
2116
-254
-202
-310
2002
1597
1857
3057
889
516
1981
-853
1069
2860
-19
958
1456
1109
1473
1474
1066
1988
1929
1476
942
603
-713
-1094
-375
517
581
1366
561
-589
1810
184
-753
343
-961
-159
1064
951
906
779
-603
-1121
-1191
-2469
-1651
-128
-94
-152
67
-1348
-1338
-2331
-2276
-1804
-2187
-741
-3093
-587
-1625
-2440
-270
-1974
-2045
-837
-2072
-1828
-405
-2124
-1945
-2098
-3397
-2315
-2094
-3651
-4230
-3042
-2518
-2884
-1906
-3372
-3364
-1255
-3399
-2822
-1580
-3357
-2574
-2201
-1079
-2036
-2766
-3348
-3565
-2517
-2065
-909
-1427
-633
-1435
-1349
322
-1245
-1772
-1578
-1120
530
-244
-665
-538
-884
159
-49
179
1934
566
-980
-612
-157
662
-351
207
331
-883
885
-136
-1687
-179
-635
-2322
-303
924
83
-865
513
13
-59
1201
596
-757
1756
415
931
2337
-714
-65
471
2977
2520
901
197
285
698
1317
301
-1506
637
1746
-55
480
651
-562
-1085
-880
244
-436
145
308
2522
2121
-721
-584
-843
336
889
12
1450
1117
904
498
-19
-1692
-2932
-934
-684
998
1866
-233
135
-1803
883
1131
-461
1524
-291
-1216
-718
150
1423
1732
-1557
-1073
936
1072
1028
1277
1311
-1581
571
1973
1864
1037
822
1875
-54
-845
-241
90
-558
145
1591
1052
-250
-506
309
-851
-1734
-2236
-601
-240
-731
1506
991
-1874
-1747
95
-108
128
540
1151
474
142
1459
483
-592
-689
-1310
-1243
751
1426
608
95
118
106
-606
-1878
-1027
-409
-1448
479
851
89
224
-385
-685
-675
-2858
-1084
531
789
2080
1150
1111
1740
441
-69
153
-1442
20
2430
4091
3811
1232
512
-1759
-1592
522
1231
3646
3235
1613
1382
1191
54
-566
-406
942
4126
5112
4594
3538
1507
-704
-286
1122
2011
2163
2193
2877
4333
4268
1102
-342
-623
-932
143
3912
4710
4177
2445
417
277
-522
-314
350
2980
3862
5391
4812
2325
587
-1406
-378
2417
3944
4480
3994
3045
799
-154
-197
1636
1729
1249
2359
2413
2481
1524
-40
62
157
216
2193
3373
2681
436
-292
622
522
1455
1362
436
230
71
266
1474
1114
102
348
2511
2169
290
-834
-2476
-2007
-1431
594
589
-833
-1373
-2075
-1471
-3254
-4602
-3211
-1309
83
208
-589
-3179
-2374
-1980
-1413
-1202
-3187
-3012
-1964
-885
420
-334
-2513
-2620
-2573
-2525
-1841
-894
-1070
-1233
-875
-1005
-3227
-4079
-3711
-3029
-1647
-767
-1166
-1786
-1268
-1417
-3820
-3783
-2230
-2820
-658
60
-1774
-1807
-822
-1499
-1420
-1141
-1397
99
1277
1464
852
-246
-1662
-1074
42
-305
492
817
434
-75
366
-2800
-2370
21
131
1797
119
-1024
937
1856
386
-918
-3135
-1905
774
472
-624
-797
584
2125
1790
690
-2511
-1501
-675
548
2997
981
1912
2674
1521
-404
-2853
-4128
-1945
382
365
1851
1618
571
491
-871
-3778
-5358
-2856
-658
1018
1012
670
23
-817
-1659
-2661
-2797
-2499
-843
691
601
-989
-3204
-2107
-2078
-2856
-2950
-3685
-2726
-3114
-4138
-3891
-2906
-2672
-1926
-1778
-2501
-2866
-3647
-5253
-4316
-2027
-1162
-569
-1103
-835
-49
-2632
-3821
-3733
-3044
-229
34
1339
1352
877
183
-1249
-1236
-1655
-1690
653
4208
4362
2227
-600
-1514
-556
-89
9
1198
3480
3576
4661
5336
1593
633
-1060
-383
1026
2506
5269
5528
3744
1585
1792
1381
2994
1402
2622
3851
5242
5538
902
-1119
2060
6011
5922
2524
2327
4314
5570
2784
-805
1923
2733
4865
4729
2208
3259
2727
3226
2000
-575
-295
1593
5004
5933
2860
2215
711
1688
1157
-2104
-1674
1080
5686
5499
1624
-933
-1511
186
115
-2016
-2382
-2213
578
1755
-57
-2127
-4954
-3319
-1333
-1466
-3637
-4959
-2480
-695
-1119
-3621
-4572
-3653
-2319
-1155
-3180
-4091
-3239
-2236
-1927
-3568
-4576
-3586
-2291
-1757
-3050
-4475
-3525
-1268
-1365
-3642
-4962
-2900
-499
-1364
-3017
-4371
-3124
-3789
-4791
-4244
-3832
410
576
-611
-3415
-5334
-1855
184
83
-2078
-945
2766
3204
-281
-3768
-4896
-753
2418
1213
-173
-1345
776
2444
901
-1173
-2087
176
2245
1955
-31
-801
630
1926
2347
1590
633
481
1242
990
138
522
410
650
1698
1843
1914
1964
2099
1644
817
-95
199
957
1936
3131
3515
3330
2541
1580
1030
537
487
1916
2855
3878
2693
2771
3276
2550
2752
-275
-1202
-557
529
3553
3647
3281
2964
3221
3413
1235
-454
225
2901
5252
4957
4588
3167
2329
684
-1197
-990
-378
1847
1883
1210
-8
-833
-420
-2296
-3671
-4402
-3888
-2236
-2197
-2442
-3339
-3677
-3400
-4297
-5465
-6336
-5175
-3648
-2890
-3073
-2802
-2171
-2141
-3221
-4295
-3218
-1003
509
33
-498
204
1481
1387
1026
902
1753
3048
2881
2351
2215
3048
2996
2085
2656
3220
3789
3287
2308
1782
1559
2085
2598
2217
2809
3782
3821
2327
945
2785
3805
3776
2443
2010
3776
4400
4393
2522
2304
3205
4445
5004
3043
2225
4121
7669
7948
5455
3311
4761
6511
5766
5422
4660
6109
6596
5887
5017
3709
6049
6328
6262
6597
6051
8405
7884
6028
4807
2825
3227
2035
44
-568
-2918
-1628
-2645
-4840
-5881
-8777
-8454
-9611
-10665
-10621
-10922
-10514
-11600
-12710
-13434
-13570
-13893
-14331
-14163
-13627
-13136
-11979
-13815
-12724
-13912
-12606
-10147
-11040
-7437
-7737
-4864
-2767
-3710
-1795
-2245
-1147
172
-849
870
783
909
1900
668
1237
1098
413
1667
1726
2096
2933
2462
3047
2709
1669
2243
2492
3026
3790
4042
4190
3851
3170
4063
4315
5040
6604
6887
8902
9882
9629
9570
8415
8929
10492
10131
11702
11331
12303
13193
11604
11490
11333
12293
12744
12205
11731
11980
11376
11199
9226
7841
7262
5096
2622
-2354
-5011
-6430
-5916
-6491
-8768
-11873
-13608
-14722
-15516
-17071
-18468
-17991
-17782
-16990
-17444
-17485
-17583
-17284
-17490
-17641
-16645
-14376
-11631
-9277
-8958
-8047
-7099
-6926
-5811
-6474
-3939
-1178
1413
3910
3313
3387
2483
2078
2068
1449
1646
2546
3212
3528
1970
-13
-1494
-2546
-2577
-2219
-1664
-181
22
-130
-514
-1504
-1481
-1493
-677
777
2356
3690
5221
5219
4992
4535
4901
6436
8380
10478
11885
12269
12456
12086
11088
11386
11526
13525
14333
14836
14480
14175
12568
11738
10308
11858
13773
12966
14034
11740
12799
12899
9980
7979
2919
1030
-588
-3125
-3156
-4711
-5078
-6629
-10523
-13314
-16119
-16588
-15844
-15511
-16075
-15542
-16672
-16476
-17414
-19497
-18765
-18693
-16657
-14969
-14361
-12585
-10985
-10073
-8912
-9005
-7543
-5052
-3272
-1196
-653
177
1554
2573
3363
3193
2582
3098
3908
4328
4272
3069
2472
2008
1154
711
-386
-1026
-1274
-2098
-2403
-2764
-2944
-2076
-2236
-2674
-2516
-2260
-108
1418
1377
1895
1784
3649
5590
6692
7331
7864
8304
8914
10083
11413
12626
14219
14872
15326
15238
14159
14387
13190
13952
14395
15006
15014
14462
13095
12755
12256
12707
12723
11338
9969
5755
2886
319
-1872
-1995
-3551
-4983
-6139
-8935
-10132
-11975
-13745
-14751
-16224
-16126
-15851
-15444
-15591
-15999
-16915
-17734
-18097
-17599
-16190
-14585
-12707
-10970
-9967
-8903
-8533
-7914
-6299
-4964
-1905
479
2004
3181
2200
1694
1787
1513
3557
4000
4962
5012
3928
3630
2306
1395
857
297
234
499
599
713
99
-1291
-2372
-3425
-3521
-1906
-157
1933
2719
1844
1558
1386
1937
2174
3077
4938
6583
8091
7798
6030
5405
5528
6299
7088
7909
9911
10747
10702
8877
7658
7002
7218
7267
6841
7346
8208
8249
7964
7358
6370
6378
6581
6963
6702
5490
3239
1231
-1233
-700
-339
1024
905
-1369
-3039
-5664
-6046
-6407
-6104
-6026
-6785
-7607
-8611
-9818
-10493
-11344
-11722
-12250
-12149
-11874
-11405
-10718
-10542
-9723
-9779
-8834
-8441
-7775
-6411
-5023
-2832
-1091
-109
431
-394
-1473
-2282
-2741
-1410
-1
1855
2878
2197
1067
-9
-350
83
617
1160
1478
1728
1590
1251
-45
-1073
-1448
-1217
-54
162
568
195
-499
-425
-478
-18
785
636
848
547
1113
2018
2537
2818
2753
2803
3549
4060
4202
4627
4708
5389
5959
6152
6317
6045
6174
6485
7364
8077
8821
9107
9519
10157
11097
11931
12387
11422
8694
5991
3320
4490
5271
7228
6424
3911
1238
-2857
-4156
-5822
-5384
-5598
-6225
-6887
-8098
-8984
-10401
-12238
-13542
-14841
-14591
-14119
-13164
-12467
-12884
-12414
-12744
-11689
-11442
-10967
-9740
-8083
-4967
-2150
-273
612
74
-215
80
987
2216
2991
2857
2678
2911
3334
4478
3823
2818
1135
23
581
1495
2531
2549
1115
101
-914
-907
-1093
-1675
-1383
-792
241
547
670
133
317
12
408
2242
3250
4034
4410
3951
4802
5194
6753
7606
6329
7450
8176
8958
9272
8782
9745
11123
11213
11944
11923
13284
14444
14453
15007
16045
16322
15629
8920
3912
345
3646
8369
8621
6812
-795
-3850
-8271
-7978
-8572
-8217
-8121
-10101
-11554
-13483
-14657
-15996
-18244
-20178
-20577
-19949
-16356
-15520
-14228
-16932
-17509
-17325
-15517
-13100
-11364
-8234
-5350
-2495
-633
48
356
941
1986
4354
6217
8246
8938
9075
6877
5156
3164
3779
4645
4867
4011
2221
1017
163
-955
-2333
-3857
-5047
-4605
-4467
-3700
-4337
-5223
-6388
-7031
-6782
-5013
-3020
-1113
-506
-244
547
2199
4070
5768
7183
8465
10864
12521
14238
14762
14627
15640
16165
17193
17484
17854
19903
20091
20457
19599
19504
19232
20265
20494
18495
11472
2291
-1765
1696
7893
7394
1624
-8174
-11668
-14665
-14617
-14404
-14092
-13545
-16670
-19425
-20856
-20494
-20657
-22497
-24798
-23678
-21497
-16730
-14796
-15020
-17436
-18243
-16309
-12006
-8352
-5918
-3061
-827
1327
2261
3192
4545
5873
6320
8068
10536
12206
12610
9808
6781
5034
3912
5217
5465
5035
3672
815
-1345
-3317
-4993
-5515
-6671
-7108
-6996
-7004
-6779
-7900
-9487
-10296
-9860
-8118
-5059
-2936
-1265
-883
-1027
253
2078
5350
8528
10531
12273
13139
14476
16029
16908
17327
18156
18944
20133
21324
21643
22093
21695
19973
19593
20518
20690
19228
9105
2650
-651
4683
10065
5282
-255
-10609
-12175
-14725
-15204
-14247
-13269
-13649
-17877
-22258
-23497
-21765
-21452
-22327
-24150
-22802
-20713
-17136
-17154
-17463
-19232
-17658
-14093
-10223
-7454
-5154
-2991
-619
-434
-789
2201
4209
9117
9238
9490
10250
9287
9513
8153
7423
8792
9204
9089
7586
4495
2679
1124
645
-23
-893
-1666
-2782
-3892
-5468
-6439
-6901
-7020
-6665
-6431
-5479
-4673
-3803
-2773
-2920
-2137
-615
1398
4702
5975
7929
9159
10321
11235
12367
13572
15559
17033
18015
18441
18625
19173
19677
20223
20444
21585
19592
17693
7701
6472
4283
10602
12903
5706
1732
-7990
-7657
-9806
-9463
-9074
-8985
-12603
-15621
-20154
-20272
-19442
-20405
-20400
-21985
-20992
-19664
-18047
-18588
-18791
-20876
-18522
-15838
-11928
-9279
-7555
-6851
-5499
-5883
-4028
-668
2397
6417
6052
6681
6646
6123
6761
6719
7476
9871
9535
9182
7427
4929
4326
3587
2889
3513
2174
1501
498
-1566
-2257
-3395
-3880
-3436
-3600
-3603
-3231
-3279
-2849
-2619
-2697
-1307
268
1888
3776
4258
5842
6788
8432
9621
11336
12366
13643
14596
15064
16457
16837
18101
18741
20239
19277
16767
9856
7258
7534
12873
15390
10618
5380
-2671
-3740
-5065
-3920
-2616
-3451
-7101
-11691
-15594
-16394
-15633
-16191
-16472
-17889
-18726
-19001
-18094
-18223
-18346
-20071
-18857
-16443
-13673
-12676
-11790
-10607
-9062
-8229
-7394
-4461
-1837
1234
1392
2121
2497
2923
3890
4771
5801
7328
7007
6890
5968
4644
4965
4806
5596
5522
4239
3262
2342
1580
1458
547
303
372
-159
-303
-789
-1079
-714
-794
-453
462
1118
2309
2713
3223
4259
5241
7007
7748
9089
9538
10788
11402
12420
13365
14116
15380
16610
17189
15325
10490
6100
7110
10753
15715
12613
7476
831
-1914
-1894
-696
1140
826
-2228
-7825
-11188
-12775
-11193
-11431
-11783
-13490
-15111
-16893
-16897
-16420
-16272
-17298
-17904
-15771
-13322
-12439
-12838
-13047
-12242
-10508
-9301
-5462
-3297
-1670
-3266
-3368
-1928
531
2889
3317
4043
3206
2940
3353
4204
4773
4635
3845
4410
4056
3778
2654
1818
1707
1840
2060
2311
1547
394
-887
-1298
-211
694
1442
1239
760
527
1210
1978
3575
4190
5058
5887
7056
7801
8905
8517
9514
10207
11320
13682
13378
14802
13935
15176
13799
10035
6667
5971
11165
14745
12545
6896
382
-1269
-352
483
2912
2042
-946
-6761
-10729
-10821
-8921
-8491
-9675
-11468
-13902
-15688
-16340
-15147
-14387
-15683
-16681
-15111
-13063
-12444
-14047
-14162
-11650
-10009
-8638
-6869
-5089
-3079
-4811
-5169
-3199
-385
2680
3185
2894
2105
988
1481
3341
5097
5289
4331
3528
3162
3001
2077
2495
2593
2752
2450
1479
1372
532
-592
-913
-659
520
1115
337
-335
-667
-104
1267
2637
3657
4460
4056
4993
5692
7464
8431
8794
9919
10294
11937
12340
13359
13478
14731
15026
13331
9240
5935
7946
13015
15279
10485
4497
-242
1039
1673
3157
3567
1574
-3168
-8433
-9515
-7571
-5596
-7724
-9987
-12648
-13919
-15051
-14394
-12945
-13198
-15594
-16253
-14084
-11839
-12265
-14178
-13218
-10807
-9080
-7955
-6158
-4209
-4488
-5844
-5065
-2243
792
937
1971
1744
1792
998
1282
3252
4240
4284
3112
3234
2637
2261
1883
2204
2790
2384
1391
752
481
298
-167
-203
64
31
-421
-898
-749
-200
229
498
1657
2227
3209
3615
3813
5373
5810
7488
7903
9128
9707
10399
11042
11631
13090
13467
15643
14878
11565
6547
5715
10310
16508
14352
8047
2559
378
2973
3218
5136
5047
1007
-5552
-8522
-7314
-3649
-4233
-8143
-10718
-13136
-13840
-13938
-12194
-11577
-13751
-17017
-15842
-13119
-11727
-13253
-14346
-11990
-10089
-9561
-7947
-5558
-4527
-5374
-6579
-2993
432
1120
336
513
1915
2345
1667
2227
3956
3617
3136
2985
3418
3582
2175
1963
3166
2755
2006
727
258
435
-33
-132
447
-20
-1502
-2422
-2151
-593
164
-99
-221
0
470
1491
2891
4210
4228
4466
5087
6909
8031
8364
9224
9703
10868
11336
12068
13814
14869
13601
7462
5410
7078
14411
17056
9357
4373
-110
2226
4721
5324
5930
3559
-3449
-7858
-6456
-3063
-660
-5281
-9964
-11916
-12733
-12269
-10627
-9963
-11339
-15840
-17292
-13851
-10996
-11264
-13656
-13777
-11140
-10429
-10032
-6740
-5086
-5040
-7183
-6359
-1608
1323
10
-280
225
1335
2384
1984
3952
3642
2964
2253
3849
3962
3396
2493
2621
3822
2612
2065
1364
1158
518
395
734
1303
-50
-1866
-2426
-1743
-597
-179
-272
-598
-568
-583
937
2338
3272
3101
2910
4623
5695
7178
7540
8020
9032
9508
10223
11817
12957
14224
13291
5829
5981
7597
15048
17641
7931
3674
1009
3984
6456
7317
5364
3366
-3683
-7373
-2998
-563
139
-5504
-10837
-11234
-10624
-10299
-8673
-9678
-12224
-16399
-17089
-12130
-9928
-11531
-14047
-14774
-11835
-11049
-10968
-6991
-5766
-6644
-8014
-7120
-2637
-143
-1141
96
912
948
-267
603
4296
4705
3839
1835
2533
3338
2730
2974
4258
4057
2498
1300
1504
2284
1803
1146
1309
631
-735
-1445
-1278
-622
-1556
-2012
-1872
-1280
-909
-730
-768
434
885
1125
2553
3043
4889
4648
5541
6606
7111
8380
8791
10078
10993
12075
12605
14866
9345
4823
7964
10967
19625
12656
4260
2382
3375
7552
8782
7427
3961
341
-6268
-3588
869
1763
-1701
-9495
-11243
-9917
-8409
-7476
-8420
-11210
-14256
-16833
-13604
-9498
-10487
-12658
-14575
-13848
-10609
-11077
-9422
-6479
-6819
-7324
-7510
-5003
-1878
-1236
-1280
433
1224
928
-319
1816
4968
5248
4256
2117
1826
2583
3956
5216
6035
3632
1171
954
2038
3849
3357
1599
90
-757
-890
-141
141
-785
-2709
-3644
-2484
-1263
-288
-809
-1823
-1486
-713
273
2365
2496
3066
2935
3849
5732
6377
7356
7875
9149
9296
11362
11608
14048
11507
4998
7936
10579
16709
15066
5511
3082
4102
7977
9351
7997
3041
1264
-2524
-2836
1476
1416
-1096
-7531
-10377
-8593
-6944
-7120
-8872
-11735
-13299
-14224
-13616
-10497
-11323
-13599
-13916
-14188
-11370
-10336
-10755
-8596
-8013
-8130
-7275
-6172
-4507
-2743
-2238
-559
384
141
-841
-13
3168
4379
5293
3265
1346
2178
3288
5805
5631
3829
2609
2037
3033
3784
3965
2539
1166
25
488
1301
1176
303
-1935
-2413
-2041
-945
-436
-549
-1566
-1910
-1446
-160
1173
1105
1675
1563
2884
3777
4764
5629
6147
6902
7773
8686
9631
10515
11770
13328
9997
5431
8439
11816
15148
11882
5070
5179
5662
7702
8140
7328
3887
1148
-2073
-1502
2184
856
-2194
-6738
-8058
-7687
-7861
-7852
-8332
-10264
-12875
-14293
-12791
-10327
-11620
-13193
-12823
-12750
-11810
-11678
-10673
-7912
-7973
-8574
-8011
-6695
-5251
-3702
-2821
-1085
-947
-1479
-1699
-326
2702
3125
3679
2292
1161
1316
3490
4575
5130
3065
1173
1679
2513
3888
3773
2268
609
-42
525
1705
1572
155
-1404
-2122
-1597
-768
-329
-292
-1634
-2039
-1561
-396
1022
1418
958
1124
2005
2851
4076
4886
5500
5637
6540
7524
8735
9216
10054
11478
12435
10398
5390
7554
11977
14326
12835
5250
4937
6214
7945
7840
7049
4005
1700
96
-901
1902
828
-2063
-5360
-6796
-6586
-7258
-7773
-7782
-8635
-10970
-12984
-13160
-11085
-10877
-12107
-11704
-12106
-12490
-12152
-11246
-8269
-7449
-8974
-9019
-7506
-5650
-3973
-2956
-2256
-1787
-2253
-1386
813
1474
2664
1899
2166
3127
1733
2822
3484
3990
3497
3458
2443
3142
3014
2641
3526
2313
1844
1280
1729
1545
1182
272
-428
-797
-649
-528
-406
-154
-1121
-1151
-397
-82
795
1342
812
1903
2084
2617
3917
4635
5377
5272
6015
7049
7764
8507
9408
10239
11610
11458
8290
5333
9302
12210
14059
9360
3501
5408
6599
8398
6976
5200
2072
1378
-429
70
1713
-950
-3699
-6569
-6294
-6643
-7625
-8549
-8660
-9543
-11833
-13676
-12818
-10793
-11949
-12642
-12286
-12853
-12592
-12234
-10605
-7744
-8573
-9811
-9143
-7210
-5495
-4077
-3399
-2669
-2585
-2737
-878
1057
2777
959
1465
2613
3120
4349
3514
3838
3379
4216
3709
4123
3830
3434
3986
3139
2897
1986
2102
2222
2333
1343
159
3
-107
106
-62
-137
-964
-1324
-956
-476
331
225
80
490
1024
1667
2589
2864
3485
3367
4472
5555
6153
6800
7399
8237
8540
9357
10050
11711
10857
8143
5822
10396
12302
12274
7605
3740
6644
7110
7454
5081
3863
1492
1210
-55
-361
90
-3000
-4607
-6226
-5859
-7032
-8376
-9174
-9288
-10465
-12159
-13066
-12352
-11261
-12477
-12911
-12173
-12579
-12256
-11682
-10249
-8165
-8919
-9193
-7963
-6143
-5184
-3919
-3463
-2288
-1970
-1588
-118
1555
2586
2402
2759
2094
3745
3920
5615
4317
3542
4107
4249
5057
4103
4270
3029
3622
2852
3168
2508
2299
2106
1100
686
-27
64
-385
-455
-670
-1022
-1874
-1864
-1464
-1246
-1207
-1132
-949
-252
-132
797
1567
1948
2085
2528
3605
4070
5087
5694
6349
6973
7395
8105
8625
9453
10395
9881
8552
5153
9101
10918
11022
7920
3077
5459
5925
6732
4156
3348
806
244
-767
-1742
-722
-3563
-4949
-6859
-6803
-7634
-8834
-9625
-9229
-10091
-11738
-12302
-11641
-10555
-11173
-12083
-11132
-11263
-10965
-10036
-8849
-7047
-7621
-7926
-6914
-4985
-4209
-2791
-2156
-1416
-1135
-863
514
2252
2840
2991
2889
4062
3675
3729
5722
5487
6089
3630
3248
4517
5654
5664
4976
2907
2357
3100
3684
4053
2372
915
270
439
1035
669
-248
-741
-1594
-1760
-1485
-1406
-1198
-1459
-2150
-1901
-1443
-1085
-298
-54
379
460
832
1963
2584
3142
3284
4225
4784
5581
6307
6941
7313
7825
8070
9111
9447
8981
7895
4674
8874
9296
9266
5809
2056
4185
5144
5066
2198
1235
-1061
-756
-1701
-2568
-1888
-4702
-6037
-7216
-6958
-7314
-8590
-9452
-9234
-10025
-11376
-11691
-10786
-9611
-10308
-11561
-10164
-10142
-9696
-8782
-7919
-6245
-6587
-6637
-5285
-3346
-3040
-2208
-1603
-753
-157
38
1558
2989
3322
3108
3516
4394
5050
5032
5990
5456
5092
5461
5887
6133
4431
4317
4404
5226
3960
2805
2758
2455
2453
1441
648
-276
-359
-693
-708
-1258
-2333
-2850
-2950
-2554
-2646
-3120
-3310
-3149
-2665
-2644
-2156
-1459
-1079
-1145
-495
448
1018
1826
2006
2884
3335
3466
4276
5197
5349
5739
5931
6685
6915
7090
7233
8186
7810
7805
5062
3020
7320
6990
8035
2865
575
2331
3415
2766
944
175
-1741
-834
-2859
-2364
-1852
-4046
-5033
-5976
-5608
-6177
-7034
-7005
-6213
-7182
-8654
-8850
-7753
-6441
-7586
-7872
-6499
-7090
-6572
-6106
-4752
-3599
-4469
-4796
-3240
-1970
-2016
-732
-396
109
-74
-64
1527
2836
2760
2549
3054
3430
3393
3486
4553
4715
4123
2713
2855
4647
4512
3283
2257
2260
2094
2447
2106
1674
641
-238
664
953
-157
-1200
-1458
-1377
-1394
-1906
-2283
-2509
-2874
-3090
-3131
-3252
-3193
-3297
-3024
-2922
-2935
-2706
-2279
-1710
-1355
-1385
-1111
-222
261
708
955
1317
1952
2343
3102
3705
3983
4067
5155
5805
6514
6249
7251
7213
7947
5282
3994
8236
7915
9263
4297
3350
4901
5900
5201
4142
3254
1652
2358
533
1361
1028
-1112
-1893
-2814
-2589
-3672
-4743
-4895
-4827
-6091
-7475
-7564
-7004
-6432
-7831
-7932
-7138
-8157
-7642
-7381
-6210
-5585
-6449
-6291
-4897
-4309
-4322
-2972
-2433
-1696
-1737
-1456
54
1170
1336
1587
2389
2776
3017
3753
4720
4897
4260
4192
4861
4361
4289
4552
5031
4465
2150
2011
2665
2801
2050
705
19
-468
-971
-1370
-1284
-2211
-3271
-4073
-4042
-4020
-4677
-5157
-5252
-5397
-5606
-5924
-5269
-4462
-4755
-4838
-4153
-3512
-2803
-1895
-1055
9
129
538
1806
2844
3495
4172
4919
5578
5885
6572
7437
8031
8152
8570
8914
9460
9277
9335
10002
9701
9728
5070
7069
8386
8979
7687
2338
3412
3763
4511
2336
2032
-153
-339
-1333
-2807
-1176
-2916
-4152
-5178
-5333
-5781
-6858
-7483
-6516
-6646
-8360
-9482
-8750
-7655
-7645
-8975
-7600
-7711
-8218
-7736
-6895
-5062
-5341
-5901
-5077
-3551
-3932
-3048
-1715
-1123
-956
-1541
-676
1159
1431
1236
2035
2586
2132
2044
2823
3921
3651
2917
3207
3641
3740
2586
2704
4020
2847
2089
1278
1892
2048
1311
638
511
38
-973
-431
-446
-792
-1689
-1883
-1625
-1836
-2256
-2468
-2198
-2371
-2870
-2824
-2221
-2200
-2331
-1996
-1864
-1502
-1357
-1067
-88
263
281
715
1633
1998
2372
2877
3422
3854
3908
4223
4915
5209
5134
5470
6023
5868
6098
6168
6667
6855
6722
6526
6634
6995
6227
6977
2502
4063
5223
5473
4983
-329
750
1432
2346
84
-337
-1793
-1805
-2489
-4194
-2274
-3794
-5120
-5751
-5751
-5692
-7066
-7632
-6474
-6243
-8250
-8901
-7693
-6887
-6942
-8521
-6648
-6408
-7084
-6663
-5334
-3823
-4312
-4648
-3454
-1898
-2633
-1942
-156
423
357
-123
965
2649
2462
2327
3426
3869
3012
3162
4204
5187
4364
3481
4165
4657
4108
3615
4082
4844
2795
2178
3208
3174
2839
1145
921
1645
376
-452
317
-174
-950
-1763
-1963
-1336
-2017
-2901
-2255
-2182
-2832
-3401
-3251
-2430
-2841
-3380
-2864
-2412
-2500
-2473
-2194
-1312
-1464
-1750
-640
4
-4
191
680
1447
1499
1105
1851
2654
2598
2786
3197
3465
3471
3297
3630
4214
4062
3770
3992
4381
4524
4290
4501
4584
4768
4288
4879
1714
2089
3943
4176
4637
82
98
1585
2452
859
557
-421
-295
-892
-2497
-715
-1348
-3141
-3535
-3184
-3403
-4586
-5580
-4179
-3819
-5918
-6917
-5742
-4945
-5295
-6517
-5060
-4468
-5779
-5516
-4148
-2820
-3197
-3718
-2557
-1266
-2228
-1944
99
761
490
15
980
2482
2107
1840
3280
3838
2863
2770
3749
4641
4042
3264
3938
4303
3373
2798
3459
4028
2876
1735
1858
2039
1113
928
136
390
-322
-1613
-1084
-1504
-2641
-3226
-2400
-2961
-3538
-4722
-4099
-2988
-4023
-4711
-4517
-4252
-4360
-4040
-3517
-3107
-3563
-3704
-2727
-1952
-1882
-1812
-934
-32
-198
149
1104
1929
2234
2223
2629
3449
3509
3462
4184
4423
4128
3951
4123
4502
4310
3758
3979
4186
3737
3208
3360
3288
3065
2777
2944
2956
2742
2259
2425
2865
2557
881
20
2170
2637
2692
312
-521
1002
1186
676
419
549
89
-108
-942
-106
94
-1351
-1291
-1095
-1503
-2524
-3056
-2263
-1807
-3188
-4266
-3713
-3489
-4198
-4673
-4039
-3352
-4557
-4944
-4200
-3569
-3726
-4071
-3356
-2819
-3561
-3786
-2273
-1612
-1910
-2171
-1727
-957
-1044
-990
269
913
247
222
1204
1934
1895
1782
2579
3239
2684
2483
3295
4114
3677
3210
3516
3685
3152
2959
3353
3647
3009
2040
2033
2219
1636
948
862
625
65
-723
-998
-1527
-1641
-2148
-2009
-2383
-3665
-3697
-3565
-3403
-3718
-3962
-4079
-3757
-3960
-3887
-3161
-3130
-3189
-3188
-2780
-2216
-1891
-1539
-938
-548
-504
-237
412
1071
1358
1567
2091
2365
2589
2838
3114
3454
3431
3420
3659
3777
3693
3749
3779
3696
3663
3430
3519
3526
3452
3179
3288
3091
2956
2765
2928
2772
2215
1923
615
1984
1671
1585
739
-233
290
378
190
-546
-312
-978
-943
-1303
-1381
-967
-1742
-1910
-1933
-2089
-2664
-2909
-2581
-2135
-2681
-3361
-3197
-3038
-3176
-3140
-2965
-2352
-2942
-3293
-2717
-2217
-2207
-2240
-1866
-1619
-1662
-1942
-1159
-549
-683
-686
-357
38
250
390
1016
1502
1242
1047
1580
1976
1926
1861
2191
2549
2179
1866
2017
2333
2284
1943
1899
1923
1530
1338
1434
1361
958
426
176
188
-108
-447
-490
-828
-1356
-1593
-1862
-2142
-2183
-2162
-2225
-2859
-3404
-3270
-2683
-2755
-3017
-3053
-2930
-2842
-2775
-2390
-2121
-2021
-2146
-1808
-1420
-1217
-1085
-652
-224
-151
-60
291
861
1171
1217
1439
1759
2016
2159
2518
2717
2652
2660
2823
3074
3141
3096
3086
3155
2893
2668
2666
2713
2731
2587
2338
2142
1878
1693
1672
1898
1784
1560
1362
1324
1291
1275
1295
1244
1141
969
595
489
998
756
921
97
-99
124
108
-16
-130
-275
-609
-843
-1312
-999
-1107
-1621
-1647
-1717
-1962
-2366
-2631
-2413
-2391
-3021
-3248
-3101
-3062
-3143
-3169
-2869
-2696
-3135
-3057
-2593
-2381
-2300
-2196
-1862
-1729
-1882
-1722
-981
-761
-827
-687
-385
-30
37
241
805
1034
852
985
1392
1702
1797
1944
2229
2243
2004
1987
2337
2611
2498
2439
2448
2357
2193
2287
2445
2430
2129
1760
1648
1488
1336
1226
1190
421
12
-4
-501
-427
-1019
-1159
-1199
-1649
-1906
-1798
-2055
-2227
-2184
-2467
-2287
-2536
-2640
-2243
-2254
-2306
-2246
-2195
-2016
-1915
-1850
-1473
-1296
-1343
-1039
-897
-574
-418
-533
-151
-55
-11
222
358
409
457
335
466
647
506
639
785
813
906
895
903
1056
1054
1043
1225
1290
1312
1411
1569
1747
1680
1721
1870
2065
2165
2228
2402
2399
2245
1801
2077
2313
2137
1959
1577
1813
1778
1484
1210
1162
887
662
508
377
403
-53
-397
-435
-688
-1058
-1270
-1358
-1361
-1657
-2080
-2064
-2055
-2149
-2212
-2313
-2197
-2263
-2299
-2037
-1888
-1878
-1788
-1597
-1447
-1341
-1335
-1121
-871
-807
-567
-242
-80
24
119
295
603
768
900
1107
1124
1152
1257
1378
1415
1293
1220
1195
1155
1064
964
917
759
506
249
115
-98
-193
-325
-531
-860
-1603
-1542
-1536
-1522
-1991
-2606
-2536
-2534
-2630
-2863
-2782
-2819
-2826
-2874
-2604
-2270
-2371
-2175
-1913
-1592
-1409
-1294
-853
-286
-40
173
603
987
1315
1559
1912
2461
2658
2804
3034
3311
3644
3807
3933
4012
4014
3910
3923
3920
3873
3711
3336
3154
2978
2778
2629
2333
2017
1710
1423
1226
1042
777
521
305
6
-282
-403
-535
-645
-789
-950
-898
-1082
-838
-1116
-1588
-1339
-1060
-1031
-1314
-1200
-1333
-1171
-1254
-1197
-1242
-1410
-1395
-1440
-1392
-1473
-1461
-1673
-1885
-1891
-1892
-1930
-1951
-1967
-2043
-2254
-2314
-2116
-2319
-2055
-2502
-2303
-2042
-2204
-1868
-2013
-1556
-1693
-1533
-1318
-989
-672
-573
-212
-99
200
307
744
1031
1192
1478
1576
1852
1992
2181
2480
2643
2791
2837
2938
3098
3197
3380
3333
3303
3124
3195
3115
3088
2773
2740
2141
1690
2137
1530
1523
662
371
369
19
-417
-559
-926
-1538
-1597
-1973
-1848
-2255
-2801
-2699
-2895
-3255
-3328
-3333
-3140
-3181
-3370
-3212
-2981
-3120
-2844
-2621
-2354
-2002
-2026
-1508
-1151
-1063
-803
-534
-259
26
153
388
864
966
1022
1237
1298
1572
1614
1625
1857
1900
1765
1829
1924
1842
1780
1606
1636
1667
1458
1439
1443
1369
1200
1159
1189
1156
981
961
1044
978
847
677
590
563
834
708
633
241
238
390
346
296
121
93
-26
-34
-112
-118
-267
-431
-334
-320
-454
-548
-475
-385
-492
-605
-652
-472
-676
-842
-399
-459
-685
-722
-652
-714
-758
-696
-524
-417
-634
-662
-657
-622
-695
-699
-645
-713
-708
-722
-680
-616
-744
-892
-798
-771
-563
-559
-484
-445
-534
-462
-406
-483
-379
-332
-220
-166
-39
-5
134
-104
-896
-18
161
446
-64
-529
-135
-2
-210
-305
-121
-520
-494
-688
-433
-303
-907
-761
-547
-707
-855
-916
-660
-470
-652
-624
-324
-413
-379
-178
35
398
178
253
603
690
819
1079
1271
1447
1470
1402
1822
2040
2077
2181
2089
2217
2318
2385
2624
2731
2449
2257
2282
2353
2469
2332
2249
2116
1872
1697
1560
1456
1284
1067
958
849
639
379
321
151
-32
-264
-564
-623
-775
-939
-1181
-1351
-1545
-1682
-1826
-2039
-2063
-2192
-2255
-2343
-2359
-2305
-2308
-2328
-2286
-2266
-2314
-2199
-2051
-1963
-1954
-1954
-1821
-1695
-1621
-1491
-1453
-1365
-1342
-1286
-1119
-903
-858
-853
-791
-781
-599
-545
-421
-316
-277
-225
-205
-77
25
81
91
125
208
263
419
561
634
699
800
944
1090
1157
1235
1293
1345
1465
1575
1729
1822
1873
1944
1985
1950
1929
1929
1959
1934
1806
1671
1550
1477
1341
1193
995
754
513
284
212
116
-43
-277
-552
-793
-946
-1028
-1107
-1181
-1330
-1478
-1589
-1632
-1644
-1620
-1564
-1547
-1559
-1524
-1353
-1144
-899
-691
-497
-308
-141
69
340
619
826
977
1137
1303
1466
1623
1791
1913
1969
1917
1834
1861
1884
1881
1806
1686
1493
1213
993
843
675
513
239
-70
-404
-638
-834
-1033
-1250
-1515
-1689
-1925
-2021
-2133
-2114
-2160
-2230
-2251
-2225
-2172
-2076
-1833
-1638
-1456
-1428
-1366
-1111
-808
-516
-312
-106
120
278
448
669
893
1050
1107
1165
1299
1400
1421
1402
1336
1275
1088
937
795
650
409
239
8
-633
-753
-745
-1100
-1295
-1161
-1387
-1627
-1615
-1678
-1689
-1751
-1925
-1919
-1962
-2057
-1905
-1710
-1582
-1439
-1432
-1225
-855
-711
-531
-220
77
382
679
864
973
1109
1194
1266
1480
1547
1507
1623
1700
1676
1647
1547
1457
1359
1169
1062
1091
1026
870
634
489
384
233
133
133
57
-37
-100
-83
97
200
162
121
136
256
458
731
1015
1188
1271
1366
1590
1817
2087
2230
2338
2416
2442
2560
2694
2764
2627
2510
2418
2335
2211
2109
1874
1582
1224
945
696
328
-48
-485
-832
-1255
-1655
-2039
-2330
-2683
-3029
-3291
-3526
-3755
-3985
-4115
-4121
-4166
-4141
-4051
-3916
-3758
-3593
-3403
-3165
-2865
-2578
-2191
-1832
-1487
-1188
-825
-404
-29
268
521
800
1106
1385
1586
1760
1824
1845
1890
1929
1906
1777
1601
1418
1215
1014
882
773
601
352
62
-211
-485
-696
-844
-931
-1050
-1207
-1311
-1341
-1307
-1301
-1270
-1236
-1125
-901
-670
-480
-333
-188
1
210
460
710
976
1244
1439
1634
1840
2086
2303
2424
2501
2576
2633
2702
2743
2711
2692
2618
2527
2436
2260
2033
1818
1638
1482
1267
994
759
522
305
133
-57
-273
-473
-678
-800
-911
-1092
-1199
-1242
-1260
-1337
-1453
-1496
-1461
-1419
-1359
-1352
-1354
-1313
-1260
-1118
-1008
-978
-976
-863
-733
-583
-564
-592
-535
-541
-492
-525
-569
-587
-599
-618
-638
-694
-738
-738
-748
-756
-750
-723
-707
-702
-682
-664
-656
-556
-423
-352
-357
-339
-237
-97
-5
63
201
319
349
372
444
555
625
581
554
596
619
592
567
519
448
299
215
253
242
122
-115
-253
-339
-454
-546
-554
-554
-671
-854
-983
-980
-955
-934
-952
-965
-972
-962
-868
-731
-611
-547
-488
-394
-259
-79
126
326
428
493
563
672
885
1072
1272
1353
1398
1499
1602
1712
1749
1741
1711
1717
1702
1723
1709
1641
1524
1380
1234
1107
1005
906
857
738
519
245
99
24
-35
-133
-299
-427
-522
-575
-666
-664
-698
-761
-768
-799
-735
-663
-565
-504
-470
-456
-408
-257
-86
31
-1
-53
-37
81
234
297
273
211
94
62
115
129
62
-102
-268
-415
-501
-538
-570
-644
-802
-937
-1059
-1160
-1234
-1277
-1321
-1374
-1450
-1499
-1470
-1449
-1475
-1488
-1474
-1437
-1388
-1333
-1209
-1073
-970
-893
-783
-628
-488
-401
-312
-197
-97
9
139
292
418
461
463
474
527
591
597
614
605
677
764
806
877
897
863
796
801
849
997
1078
1072
1135
1247
1172
1018
1003
1094
1006
751
941
1392
1752
1745
1558
1236
863
668
810
1135
1359
1342
1252
1305
1342
1328
1176
958
841
799
748
644
554
462
347
218
35
-159
-258
-290
-327
-384
-497
-687
-841
-898
-918
-942
-1055
-1160
-1141
-1073
-1034
-1020
-1065
-1125
-1214
-1229
-1159
-1106
-1090
-1087
-1002
-905
-879
-865
-813
-735
-646
-564
-482
-416
-412
-464
-495
-560
-632
-632
-594
-513
-502
-518
-501
-478
-503
-580
-616
-560
-474
-421
-366
-324
-243
-201
-192
-157
-56
59
163
244
314
401
514
633
686
716
752
854
949
1032
1042
1058
1070
1074
1069
1037
1024
992
961
888
793
698
600
521
433
312
204
130
61
-57
-174
-245
-285
-372
-483
-537
-513
-455
-435
-435
-411
-363
-390
-438
-415
-324
-225
-147
-33
48
52
39
76
133
164
150
143
184
193
172
163
168
145
62
-28
-52
-63
-88
-136
-193
-254
-327
-376
-371
-383
-436
-507
-511
-464
-418
-384
-381
-377
-358
-329
-222
-72
59
134
147
196
285
424
599
735
766
768
786
845
946
978
944
914
890
890
921
870
804
713
598
503
427
400
358
227
85
-56
-148
-271
-423
-528
-602
-664
-757
-852
-933
-971
-1056
-1125
-1158
-1120
-1025
-1009
-1050
-1084
-1065
-957
-818
-720
-644
-653
-639
-547
-419
-329
-284
-259
-206
-166
-171
-129
-85
-62
-63
-81
-87
-67
-68
-79
-60
-98
-166
-215
-221
-174
-198
-268
-310
-305
-254
-231
-232
-250
-267
-250
-147
11
133
194
213
272
410
580
779
926
1021
1081
1144
1267
1399
1473
1503
1503
1490
1506
1542
1559
1518
1434
1362
1307
1281
1239
1108
959
793
640
565
506
417
242
9
-223
-412
-524
-569
-591
-664
-791
-930
-1018
-1032
-1007
-1022
-1072
-1072
-1033
-927
-820
-723
-655
-646
-646
-616
-510
-425
-356
-291
-224
-174
-217
-268
-252
-197
-157
-172
-195
-183
-179
-207
-261
-349
-469
-588
-619
-611
-639
-735
-843
-912
-945
-969
-970
-956
-938
-903
-906
-882
-829
-784
-716
-644
-573
-480
-348
-205
-64
58
173
290
414
567
719
820
866
922
995
1099
1183
1221
1246
1273
1299
1292
1299
1338
1369
1340
1268
1191
1129
1056
983
944
859
750
605
476
396
295
198
116
39
-61
-185
-251
-258
-278
-332
-412
-446
-446
-404
-344
-322
-320
-327
-316
-289
-260
-275
-268
-197
-145
-149
-175
-164
-102
-48
-72
-98
-115
-97
-68
-53
-50
-105
-214
-319
-378
-381
-367
-421
-492
-558
-610
-623
-600
-559
-559
-592
-624
-594
-517
-451
-426
-418
-361
-278
-193
-98
5
77
76
59
121
248
357
428
456
479
495
483
490
562
608
636
647
701
747
714
689
678
687
662
610
597
624
636
631
559
487
433
335
273
244
206
110
12
-55
-72
-134
-241
-308
-354
-369
-402
-445
-465
-501
-529
-567
-630
-681
-717
-695
-633
-616
-634
-651
-692
-697
-637
-545
-480
-453
-439
-371
-294
-269
-278
-296
-248
-205
-163
-69
-5
0
-51
-123
-106
-62
-67
-65
-44
-5
13
-14
-46
-18
25
57
69
52
26
12
22
66
111
119
95
39
12
32
71
88
76
92
108
95
131
228
326
322
258
255
300
376
460
553
594
580
564
643
771
836
861
863
915
904
870
958
1063
1016
942
917
844
780
716
692
647
544
448
340
253
173
30
-127
-236
-341
-399
-454
-565
-684
-801
-876
-919
-991
-1048
-1078
-1120
-1129
-1087
-1094
-1128
-1146
-1120
-1040
-962
-886
-814
-757
-735
-718
-659
-542
-427
-345
-312
-285
-239
-186
-63
59
108
76
50
90
154
216
244
269
279
257
211
204
206
161
85
5
-9
25
41
47
26
-25
-98
-178
-207
-161
-94
-86
-100
-88
-31
37
43
84
128
200
280
367
495
597
679
704
751
807
851
919
999
1073
1071
1018
956
932
888
834
780
723
666
569
480
380
284
157
16
-103
-201
-258
-293
-361
-461
-567
-656
-703
-691
-676
-676
-656
-640
-607
-560
-528
-476
-406
-346
-307
-281
-202
-116
-38
32
62
68
47
17
12
66
73
29
-30
-97
-122
-169
-251
-311
-367
-421
-473
-546
-585
-595
-603
-622
-662
-699
-715
-683
-594
-512
-482
-492
-484
-399
-256
-144
-73
-1
103
251
405
545
660
760
830
917
1028
1149
1239
1283
1332
1365
1393
1364
1336
1332
1325
1258
1116
965
846
771
655
508
342
163
-2
-124
-232
-370
-545
-715
-793
-832
-917
-1045
-1138
-1196
-1228
-1261
-1272
-1261
-1260
-1234
-1176
-1082
-985
-900
-818
-717
-634
-527
-391
-232
-102
-46
2
110
264
386
472
508
519
502
479
489
509
525
492
422
347
289
239
189
124
46
-32
-93
-124
-150
-201
-258
-308
-352
-368
-352
-352
-363
-370
-337
-288
-226
-147
-87
-28
46
116
210
301
392
503
592
700
800
896
974
1008
1033
1062
1072
1077
1091
1093
1060
965
865
802
726
610
492
336
182
44
-99
-215
-363
-523
-649
-728
-798
-860
-921
-978
-1041
-1126
-1152
-1108
-1045
-1017
-997
-947
-874
-780
-722
-648
-557
-440
-313
-199
-71
36
140
199
231
283
358
430
471
497
489
454
418
421
453
436
331
217
161
149
148
126
110
39
-87
-194
-202
-138
-89
-109
-153
-162
-155
-137
-107
-79
-71
-88
-64
15
111
156
148
127
117
143
184
265
336
366
356
336
370
406
398
349
314
319
351
354
329
267
173
70
-1
-39
-45
-74
-160
-243
-317
-369
-426
-471
-517
-552
-581
-584
-576
-584
-587
-623
-639
-624
-561
-475
-408
-357
-333
-315
-301
-232
-132
-10
82
117
149
181
200
221
249
277
276
256
290
331
346
317
270
233
199
147
122
127
98
33
-39
-64
-70
-92
-137
-143
-131
-122
-116
-118
-118
-107
-69
-4
48
69
106
155
209
228
230
228
256
284
290
301
299
321
308
301
269
229
227
239
250
222
187
130
102
94
112
113
76
25
-52
-85
-71
-13
27
31
9
-33
-54
-51
-30
-39
-67
-86
-103
-63
-22
10
5
-55
-106
-119
-86
-34
13
-9
-50
-111
-132
-99
-77
-104
-150
-171
-192
-230
-298
-316
-322
-342
-376
-405
-395
-372
-342
-332
-334
-363
-368
-333
-262
-193
-185
-159
-120
-68
-10
45
92
134
178
230
310
397
499
602
664
692
682
662
679
716
747
764
746
691
587
475
407
362
334
269
152
4
-154
-266
-297
-292
-339
-444
-577
-665
-699
-730
-750
-750
-751
-735
-739
-733
-686
-654
-619
-573
-504
-436
-384
-349
-276
-190
-127
-63
-1
76
108
113
149
226
275
273
252
244
247
208
179
182
182
134
71
31
0
-52
-105
-104
-93
-119
-157
-184
-195
-212
-236
-221
-166
-131
-107
-58
7
80
124
170
220
276
356
450
555
648
734
820
915
987
1041
1065
1076
1112
1169
1204
1189
1128
1045
960
854
772
715
616
443
243
100
30
-37
-153
-299
-458
-607
-707
-743
-752
-791
-867
-927
-966
-981
-973
-937
-880
-842
-808
-747
-657
-585
-528
-481
-393
-296
-187
-68
15
61
83
131
187
245
269
278
271
259
265
264
224
113
-13
-86
-114
-173
-243
-298
-332
-387
-489
-572
-628
-686
-729
-736
-709
-683
-679
-675
-649
-605
-551
-451
-345
-270
-200
-112
30
175
302
414
507
593
677
803
938
1043
1108
1156
1191
1205
1214
1224
1235
1178
1093
1009
920
829
709
592
466
319
153
6
-122
-264
-391
-505
-593
-694
-796
-861
-904
-950
-1004
-1015
-982
-905
-865
-839
-818
-778
-678
-558
-417
-317
-254
-179
-67
64
178
281
355
420
455
495
558
605
633
636
621
577
501
435
398
357
279
168
58
-35
-131
-228
-318
-423
-519
-612
-679
-714
-754
-794
-824
-836
-819
-768
-726
-692
-653
-583
-476
-353
-242
-114
11
115
220
340
497
660
787
875
951
1010
1100
1192
1251
1261
1232
1214
1213
1204
1169
1113
1022
903
755
611
519
419
307
160
21
-102
-222
-342
-466
-572
-664
-712
-769
-822
-877
-928
-946
-956
-930
-897
-891
-913
-912
-851
-751
-655
-581
-532
-496
-467
-406
-303
-202
-130
-90
-39
20
69
111
159
181
165
129
134
169
170
133
72
21
-38
-87
-92
-98
-161
-269
-329
-310
-273
-274
-293
-284
-293
-307
-294
-232
-148
-98
-51
0
54
83
162
297
428
486
502
588
705
771
774
784
840
891
920
954
978
955
875
796
742
689
602
515
445
364
266
154
49
-60
-176
-278
-338
-398
-479
-554
-614
-660
-715
-760
-777
-781
-803
-821
-807
-765
-717
-681
-632
-578
-539
-490
-426
-333
-245
-169
-106
-66
-24
49
158
239
269
264
287
344
378
388
391
394
388
369
347
337
320
290
257
214
187
185
202
206
173
116
77
80
105
133
144
162
161
157
165
207
279
318
343
369
423
471
502
512
519
526
535
576
618
630
579
524
498
481
436
362
306
244
168
78
4
-59
-143
-247
-345
-427
-518
-596
-661
-702
-739
-801
-834
-857
-890
-950
-987
-959
-889
-837
-826
-804
-789
-752
-705
-644
-540
-445
-362
-300
-253
-217
-159
-65
33
90
105
152
223
273
284
283
307
319
322
319
327
307
257
226
215
210
167
136
115
91
48
11
11
7
-15
-52
-66
-72
-79
-80
-63
-27
-25
-35
-30
6
59
106
153
195
238
270
328
393
436
475
493
536
580
611
635
635
626
616
616
608
592
558
519
477
426
367
294
222
145
77
11
-59
-124
-198
-270
-355
-443
-507
-544
-561
-604
-658
-698
-712
-712
-708
-698
-666
-640
-636
-623
-585
-518
-454
-403
-371
-339
-319
-287
-234
-162
-87
-41
-26
-28
-22
4
49
99
135
127
99
83
77
91
103
108
118
111
89
65
47
40
26
13
6
12
13
9
2
-10
-34
-50
-43
-21
-1
-2
-2
-5
1
22
51
84
91
97
116
147
193
232
295
336
339
336
349
385
422
462
493
500
467
439
447
474
469
431
410
406
382
311
243
200
151
83
14
-16
-50
-114
-191
-253
-312
-406
-484
-510
-492
-496
-540
-585
-615
-636
-659
-649
-618
-572
-542
-522
-494
-478
-443
-402
-345
-292
-262
-225
-178
-99
-26
30
59
77
118
165
224
284
342
363
353
338
375
434
449
449
433
426
425
432
461
464
408
335
316
338
348
327
294
271
207
133
93
102
120
102
86
56
9
-46
-49
-4
12
-30
-87
-80
-54
-53
-67
-65
-54
-65
-75
-67
-60
-88
-139
-146
-138
-130
-152
-182
-209
-258
-307
-340
-344
-365
-402
-444
-468
-474
-495
-534
-583
-603
-569
-520
-498
-520
-515
-477
-429
-387
-332
-258
-197
-146
-95
-11
59
108
172
264
352
413
471
535
599
637
686
739
772
781
787
801
812
806
791
768
727
662
605
562
522
465
405
361
301
230
141
64
-22
-118
-180
-193
-216
-292
-381
-443
-463
-478
-485
-479
-489
-533
-580
-574
-527
-492
-475
-440
-394
-366
-364
-337
-269
-191
-138
-104
-73
-51
-23
18
69
114
141
165
186
195
194
195
208
226
230
221
195
173
159
150
134
94
37
2
-1
5
10
1
-29
-77
-116
-110
-66
-37
-37
-55
-51
-32
-14
2
23
46
46
49
78
129
164
164
145
117
118
142
194
229
217
177
144
145
147
157
162
153
111
49
12
24
41
24
-33
-110
-162
-175
-147
-109
-102
-145
-207
-254
-270
-273
-251
-209
-191
-225
-285
-333
-331
-289
-245
-219
-241
-280
-285
-252
-203
-180
-181
-180
-164
-147
-140
-137
-133
-119
-91
-48
-24
-42
-73
-71
-48
-28
-13
-1
16
18
8
10
23
43
53
50
52
42
27
31
59
83
63
31
30
58
87
90
82
76
76
93
124
157
153
125
130
176
235
250
236
220
228
240
266
307
349
371
358
355
379
424
449
463
461
455
437
424
440
461
454
401
359
345
333
290
242
198
168
123
65
19
-33
-89
-151
-197
-247
-311
-390
-472
-522
-555
-567
-582
-630
-696
-778
-819
-808
-749
-698
-685
-705
-710
-676
-620
-534
-455
-377
-330
-308
-283
-206
-87
9
76
114
144
182
230
333
412
465
431
418
423
474
507
473
466
425
418
341
361
309
248
160
119
116
70
48
-20
-30
-76
-103
-121
-147
-135
-125
-96
-73
-96
-112
-96
-21
41
107
138
140
159
191
288
347
391
390
407
427
450
461
452
458
453
456
426
394
327
265
218
174
118
34
-66
-175
-246
-301
-343
-424
-534
-628
-707
-762
-808
-848
-899
-940
-975
-997
-988
-966
-937
-926
-912
-892
-838
-740
-642
-550
-483
-417
-336
-245
-134
-15
84
169
256
338
398
450
529
631
702
723
710
714
728
740
753
760
738
697
652
622
602
552
484
441
410
370
315
251
194
142
105
92
86
63
27
-2
-4
8
19
16
22
39
78
128
166
197
206
218
226
243
285
333
364
361
361
359
364
356
355
340
304
265
233
219
194
151
107
58
-8
-86
-141
-159
-171
-202
-260
-322
-380
-407
-404
-408
-438
-476
-478
-461
-458
-489
-510
-494
-456
-434
-443
-449
-451
-440
-422
-411
-420
-439
-439
-414
-389
-398
-426
-455
-478
-492
-494
-491
-489
-511
-564
-606
-616
-595
-570
-545
-554
-563
-565
-530
-460
-391
-327
-278
-219
-161
-82
20
129
241
324
411
504
624
762
883
991
1059
1136
1208
1299
1392
1460
1495
1498
1504
1498
1494
1481
1439
1376
1285
1187
1092
996
863
706
543
392
255
120
-21
-173
-330
-487
-627
-742
-830
-919
-1006
-1085
-1159
-1203
-1234
-1246
-1254
-1258
-1238
-1193
-1114
-1036
-951
-899
-822
-727
-614
-497
-398
-276
-166
-63
5
83
179
290
378
436
481
517
556
575
585
586
574
562
546
523
471
418
369
306
238
157
97
29
-42
-128
-203
-269
-341
-385
-424
-456
-509
-547
-552
-534
-523
-529
-518
-483
-430
-382
-321
-257
-198
-119
-18
87
162
215
280
365
454
537
607
660
695
717
751
794
813
793
774
759
727
671
604
555
494
415
317
224
140
44
-53
-146
-243
-348
-449
-529
-601
-664
-730
