82
110
130
125
103
82
74
67
38
0
-27
-34
-41
-61
-74
-70
-68
-82
-99
-90
-64
-48
-67
-93
-93
-71
-50
-44
-43
-42
-58
-83
-95
-81
-62
-68
-98
-125
-129
-114
-94
-76
-67
-73
-88
-93
-83
-64
-53
-50
-36
-21
-11
-12
-5
18
45
56
45
24
8
2
12
24
39
52
62
76
92
117
140
158
155
131
107
108
112
100
72
53
52
56
44
31
32
51
71
74
71
68
57
42
26
22
20
9
-9
-20
-17
-14
-16
-14
4
29
44
59
73
80
69
47
46
64
76
60
27
6
-5
-24
-41
-33
-6
12
7
-15
-17
-9
-3
-3
2
19
18
-8
-41
-57
-64
-69
-70
-50
-22
-11
-22
-32
-16
16
35
43
52
63
72
81
95
111
104
78
56
59
74
80
75
63
55
42
36
51
71
83
71
52
38
30
26
18
13
8
-4
-19
-41
-70
-107
-143
-160
-144
-109
-75
-44
-33
-45
-61
-65
-38
0
13
2
-11
-12
-21
-43
-52
-29
-1
4
-5
-7
11
26
26
26
38
46
32
14
13
28
33
11
-16
-35
-34
-33
-50
-68
-87
-102
-107
-93
-65
-41
-26
-11
13
42
58
79
100
120
127
115
101
85
61
33
20
26
31
21
8
13
36
48
46
50
69
103
119
112
82
45
5
-36
-71
-100
-116
-139
-166
-186
-187
-166
-139
-109
-74
-23
31
70
91
101
106
90
64
39
33
36
18
-21
-54
-65
-60
-53
-42
-22
-7
-11
-18
2
39
62
55
43
54
68
55
9
-40
-73
-103
-133
-155
-158
-149
-151
-153
-143
-111
-78
-58
-37
-8
36
69
76
66
46
24
3
-17
-45
-72
-98
-132
-163
-185
-185
-164
-141
-119
-94
-54
-11
21
22
22
42
63
63
39
9
-19
-49
-87
-114
-113
-96
-84
-81
-69
-30
11
27
23
12
22
44
66
74
71
54
21
-1
6
35
49
33
8
2
25
52
68
77
91
114
135
151
160
159
147
132
125
124
117
100
75
52
39
27
15
9
19
35
45
37
16
-3
-3
17
33
39
47
52
48
24
-3
-12
0
21
25
20
18
28
34
40
51
66
78
85
84
70
37
-2
-40
-63
-70
-77
-78
-78
-76
-83
-90
-74
-39
1
17
11
10
29
41
22
-9
-21
-19
-23
-42
-49
-35
-20
-19
-21
-4
23
33
27
35
57
67
52
30
27
45
55
44
26
14
-2
-19
-35
-36
-31
-36
-39
-36
-35
-43
-51
-49
-24
9
21
16
3
-12
-21
-28
-29
-35
-58
-92
-126
-155
-170
-178
-177
-176
-171
-153
-130
-106
-97
-83
-55
-30
-22
-32
-35
-27
-31
-60
-99
-122
-128
-128
-125
-112
-81
-53
-38
-25
1
26
29
20
27
48
52
25
-10
-23
-26
-51
-89
-103
-69
-17
8
5
1
5
4
11
39
82
110
99
75
77
100
113
109
109
116
121
111
90
74
64
53
48
55
71
74
68
72
87
93
74
52
48
54
57
59
70
82
74
41
11
4
13
21
20
30
60
91
100
91
86
100
119
124
101
62
25
-1
-22
-34
-26
-2
13
13
8
21
61
104
137
164
184
189
163
120
95
82
62
26
-16
-46
-71
-101
-124
-119
-84
-44
-23
-16
-17
-17
-8
14
43
55
36
-19
-71
-98
-117
-136
-159
-172
-172
-167
-163
-156
-138
-110
-79
-53
-29
1
32
62
87
101
96
72
33
-4
-27
-37
-48
-72
-105
-136
-155
-157
-148
-130
-105
-72
-43
-19
0
9
7
4
13
21
16
-12
-51
-88
-122
-150
-153
-121
-81
-57
-51
-38
-7
31
65
102
144
173
161
120
84
71
67
50
25
3
-15
-40
-62
-62
-29
6
19
19
21
34
36
39
56
82
83
47
1
-8
10
14
-11
-45
-55
-44
-30
-22
-14
-3
7
20
43
72
93
98
108
134
172
196
197
172
134
110
108
117
114
84
43
24
22
18
15
29
65
94
86
72
73
89
91
80
79
100
110
80
36
13
16
21
12
11
25
36
31
25
35
59
71
47
13
-7
-11
-22
-40
-55
-58
-49
-35
-30
-33
-38
-43
-55
-58
-35
-15
-21
-49
-84
-109
-112
-127
-158
-174
-171
-162
-148
-137
-126
-105
-81
-52
-32
-27
-31
-47
-62
-74
-90
-121
-152
-175
-182
-178
-172
-174
-173
-156
-127
-87
-46
-24
-10
-5
1
8
-1
-26
-46
-36
-14
-7
-40
-78
-91
-94
-93
-88
-68
-34
-19
-34
-49
-43
-24
-14
-6
18
44
39
14
-3
19
51
67
49
20
4
-13
-27
-29
-8
-12
-30
-26
6
62
93
96
92
102
126
132
114
89
69
54
31
11
0
-2
0
-2
-1
-4
4
22
44
55
50
28
7
12
25
20
6
-26
-49
-43
-43
-33
-13
20
28
8
-6
9
28
31
40
32
19
16
8
10
34
42
36
28
26
22
25
37
46
57
68
82
78
65
45
43
49
54
57
81
124
134
103
52
26
37
40
35
24
27
48
39
4
1
24
33
24
-4
-7
29
40
24
16
31
32
6
-56
-95
-113
-123
-134
-162
-201
-205
-191
-178
-163
-161
-162
-120
-72
-45
-40
-45
-40
-43
-73
-105
-107
-111
-155
-204
-230
-172
-116
-100
-135
-200
-213
-158
-98
-89
-78
-92
-98
-92
-98
-74
-25
43
47
-33
-122
-144
-106
-37
7
-8
-6
-8
-40
-57
-51
39
101
131
117
68
101
149
179
210
272
288
267
243
127
47
-4
9
74
103
73
32
-5
15
68
77
112
149
106
81
81
114
119
140
106
59
59
-22
-48
-75
-52
17
28
36
-37
-77
-74
72
166
148
72
-25
4
26
10
-12
55
90
24
7
-34
4
64
92
136
143
143
134
124
71
14
-71
-110
-58
-16
91
107
108
51
-17
-33
32
139
181
112
99
186
205
134
46
-18
-11
-11
-47
-103
-148
-139
-189
-174
-152
-153
-226
-272
-226
-211
-111
-67
35
81
128
38
10
44
22
5
-39
-74
-99
-282
-350
-345
-226
-153
-196
-291
-251
-103
-87
-104
44
46
143
202
153
190
155
35
-210
-55
-352
-237
-3778
-5980
-2459
-1098
-371
954
-37
48
895
331
1100
1101
895
1685
2459
712
2454
2436
515
768
-934
-1136
-732
-1227
-3019
-4638
-4524
-2505
464
1565
-373
-941
-1314
-553
466
30
47
1321
3943
1444
-358
735
-725
364
55
-58
1050
-3561
-2981
490
1728
1019
152
-1211
-918
164
-347
199
700
-305
-971
1233
-766
-1471
258
-4442
-2152
-774
-759
2905
848
1806
3081
2065
2933
128
-1072
921
873
586
1889
875
3014
2560
1047
4252
669
3504
2493
560
3381
729
3568
2727
1332
2438
-324
554
693
-2999
343
172
-3736
1573
750
-1314
1137
-1186
-533
540
-434
1514
1078
2037
3900
1253
1788
2263
-408
380
364
87
1699
975
2684
245
-2640
-2211
-1925
-1611
480
436
474
-78
-4341
-5600
-2226
-503
-900
-1260
1310
-870
-1227
-1361
-3592
-4684
-3670
-986
2607
2247
1413
-764
-508
-1361
-349
-114
-745
1287
2316
1529
1157
-1323
-1925
-1541
-1510
864
1639
-577
-1901
-1963
-2006
-2814
-907
-1484
-381
-238
-64
1711
-1154
-2200
-443
-407
-408
1501
2514
1621
815
1005
733
61
-1118
-378
1405
2160
1988
2523
1451
-246
-1735
334
-310
1068
543
977
2279
-1306
-25
-422
615
-491
491
24
-977
-429
-526
31
1379
-938
-200
532
-143
2358
-427
1146
2190
527
721
448
1252
1653
1911
-1049
1138
3488
1048
2697
1160
546
1291
-937
876
-423
-2286
674
1491
-488
2905
1494
-1164
-1694
-3019
-1970
881
1776
3143
1987
-1143
-3270
-3279
-1676
-2205
-1979
-1076
-600
633
1121
-1181
1223
-1068
-3310
-1052
-3757
-2411
557
2294
2332
2511
-83
-3738
-1644
-1984
-5833
-945
180
2000
2349
1264
-218
-3442
-3114
-5103
-3104
391
329
-191
139
-780
-1954
-2765
-2512
-770
-1866
-802
-517
-1602
-3601
-1350
-1720
-2170
1242
1131
-240
1576
-519
-3873
-682
-575
-988
655
2226
-1019
-1069
1176
-1002
-1242
498
690
-131
-1324
1923
853
-1166
1018
-163
-3058
-1283
596
-2545
-1420
618
-1972
-740
1447
-879
-2651
-694
-1432
-3045
-211
80
-970
-497
-432
366
-1133
-762
-88
-257
-1179
-35
-660
-947
493
282
264
-1013
-1147
-1266
-831
1482
2164
1137
948
-744
-3082
-2382
-673
-403
-223
786
1179
1295
1750
2457
237
-531
-79
209
2838
3071
2949
1834
1914
1563
-37
-1075
-405
-1872
-253
3834
3383
3293
2945
1482
-1361
-229
1327
1074
2116
3899
3914
3554
1772
1052
609
-192
419
877
2143
1889
2906
3838
1504
554
71
-877
1322
1947
1032
509
-872
-1094
2327
3868
2961
2200
59
-2566
-1835
-824
1178
3077
618
-625
-728
-667
994
1702
303
-156
-631
513
1041
611
-217
-1244
-1308
283
-261
-653
988
-1587
-1976
-2361
-1724
-403
-1463
-786
-736
-1377
-1729
-1748
-1323
-1676
-2005
-1160
395
-786
855
1415
972
1284
-1574
-577
-526
-1594
513
1585
2288
2025
2762
1630
-1712
-2009
-3073
-1772
109
1239
536
1923
1682
-723
-1287
-2823
-3102
-2355
-572
935
1459
1336
1726
-836
-538
-451
-617
-46
895
2220
2367
3812
2939
3280
1125
-115
783
911
1200
2639
3194
4182
4168
3758
2208
303
628
370
1164
837
1617
1060
234
1576
941
1106
64
-146
-310
-793
162
2347
2412
688
-2085
-3168
-839
-1186
-1231
-533
907
-1199
-1545
-213
34
-1219
-1249
-1813
-1917
-2508
-1998
-2630
-3840
-2658
-3918
-2460
-2582
-3229
-4715
-6404
-5155
-5111
-3534
-2595
-2886
-2713
-2984
-3484
-5170
-4922
-4048
-5540
-3957
-1631
-2487
-1945
-2590
-3782
-4025
-4144
-4759
-3490
-1799
-511
-1058
-177
674
-1286
-3725
-3582
-3171
-2691
-1018
-662
417
788
-521
-406
-1814
-1949
-717
-492
1896
2845
3125
4247
3526
2546
2271
1990
2406
3323
4503
4718
4899
4886
4198
3347
3356
4855
4502
4908
5515
5753
6795
7003
7328
5892
4947
4310
4181
5445
5534
5694
6423
6441
5546
4446
4909
5012
5020
6482
6094
6439
6058
4791
3833
3583
4516
2967
3383
4545
5265
3719
2355
4493
1345
-919
-1439
-1934
-2537
-4965
-4005
-4894
-4770
-7277
-8143
-7911
-9918
-12325
-11974
-12288
-11470
-11940
-12376
-11728
-13699
-13049
-12651
-12500
-11929
-11605
-10114
-8864
-7444
-6877
-7439
-6519
-6025
-5870
-4524
-3310
-2468
-1443
-400
1020
1459
2322
2475
2459
3248
2033
1325
3038
4515
3220
2222
3109
4358
4636
3397
3577
2018
2606
4320
4124
3736
3853
4548
3429
3210
3734
3855
4882
5562
5988
5385
6659
7313
6631
6806
7666
7897
6884
7468
8083
8854
9280
9185
7569
7129
7518
6422
5059
5283
6199
6409
6563
6366
5574
3821
4712
5867
4825
4266
2854
2320
1286
991
389
29
827
269
53
-305
-346
-1625
-4832
-7440
-8559
-8627
-9417
-9897
-10244
-11030
-10790
-12013
-12764
-13774
-16307
-15673
-14866
-15139
-14083
-13254
-12450
-12971
-13531
-13645
-13142
-11288
-9766
-8213
-6081
-5247
-3230
-2194
-1906
-1872
-1916
-1048
1057
2388
3420
4842
5187
4816
4259
4017
4019
3656
3906
3725
4918
5090
4296
4185
4079
3949
3064
3110
2131
2183
2253
2271
2011
1232
2143
2010
2691
3931
4845
5890
6207
5991
4133
4419
5274
5115
6594
7652
7748
10417
12019
10146
8906
8528
7173
8257
8388
5965
7014
9440
10380
10694
8432
6190
5779
6104
6508
5138
3616
4547
4744
4403
2808
-464
-1333
-1099
-218
-965
-2299
-4495
-5278
-4836
-6851
-8138
-10009
-10764
-9873
-9986
-9397
-10179
-11710
-13093
-13212
-13258
-13067
-12719
-14781
-14076
-14494
-14137
-13264
-13617
-11546
-10640
-8012
-6719
-6069
-5225
-5266
-3217
-2811
-1938
-121
373
2142
2615
2061
2985
1863
3434
5279
6429
5046
4196
5228
5867
6652
4660
4116
4949
7134
7035
4834
4348
2948
3592
5452
7203
6367
5399
6354
5632
4535
4417
5795
3441
2109
5937
6683
7374
4059
-3527
-1213
-788
3726
8534
6350
3555
2275
3244
2075
410
-1673
974
4791
7498
7982
3180
-1176
-2945
-2022
-981
-1624
30
2591
3823
3924
1067
-1511
-2994
-2994
-471
1918
2484
1131
-7
-1686
-2910
-2057
-1964
-1695
-731
-665
-1149
-1913
-3080
-3887
-3856
-2956
-2145
-1657
-1972
-2976
-3165
-3384
-3895
-4365
-4391
-3595
-2984
-2182
-2456
-3522
-4047
-4448
-4079
-3843
-3209
-2964
-3294
-3495
-4482
-4858
-4771
-4509
-3653
-3100
-2795
-3026
-3202
-3267
-3385
-3233
-2811
-2316
-2000
-1806
-1707
-1768
-1754
-1820
-1628
-1143
-282
232
833
853
889
562
730
485
-1607
-717
-205
3735
5502
4520
4282
2829
3231
3120
1860
637
1295
3085
4804
4711
2949
-1336
-3701
-3156
-1078
2713
2123
622
-1122
541
1970
1488
-175
-1433
1213
4247
5382
2776
-853
-1534
184
2981
3288
1680
1270
1936
2762
1635
-578
-982
1642
5537
7543
7595
6321
4336
3803
2300
1459
2333
3843
5687
5634
4248
1399
-591
-1311
-1519
-1166
-1502
-1662
-1045
-1119
-1103
-2296
-4038
-4559
-5538
-5282
-5842
-5675
-5236
-4816
-4339
-5256
-5682
-6065
-5888
-7302
-7586
-8543
-7209
-5360
-4266
-4256
-5655
-4635
-3834
-3084
-3777
-3930
-2927
-449
1406
1402
-729
-492
-356
953
1540
-926
-441
-495
2680
4689
5310
2498
-614
228
823
2930
2607
2087
4775
4886
4832
3310
807
719
1389
4271
4690
5179
5495
6481
6664
4857
4434
4234
6697
8167
7345
6923
8824
9814
10371
10223
8989
8727
10563
12538
12652
13018
13531
15530
15964
16897
14993
13336
9483
6248
4551
-463
1980
-298
862
-914
-5821
-9250
-12711
-14358
-16113
-17588
-18330
-17048
-16870
-15898
-18520
-19321
-21201
-21639
-20785
-20641
-17851
-15024
-11989
-9714
-8395
-8852
-7498
-5810
-4183
-1132
1274
4267
7872
7009
7086
3470
618
252
-1132
1967
2068
3933
4153
2770
759
-2088
-4410
-5164
-5575
-5461
-3938
-4000
-3433
-4862
-6766
-8651
-9419
-8729
-6164
-3231
177
3206
4553
5548
4518
5107
5806
7852
10654
13432
15658
17935
17707
17999
17370
15403
16196
15628
17215
18629
19665
21282
21443
19422
17358
13820
13942
14412
15194
17885
15980
18765
13566
7943
1292
-10639
-8174
-11516
-6827
-6838
-10008
-11249
-15631
-18317
-23150
-23596
-26344
-22852
-22803
-20412
-18079
-17272
-16337
-19127
-21624
-23261
-20592
-15994
-10809
-7713
-4855
-4168
-2163
-1993
-2694
-515
1108
4457
8743
10953
12440
13318
10387
7978
5362
38
-1971
-3581
-4459
-278
-865
-587
-3164
-7989
-9837
-12326
-12531
-11931
-10854
-9206
-7862
-7774
-7107
-8688
-8981
-9957
-9799
-5911
-1786
3776
8254
9833
10968
11608
11684
13246
14149
16222
19172
22058
24236
24821
23960
21180
19797
16864
17449
18031
19442
21600
20395
19509
16341
14386
13054
12364
11820
14951
9133
9794
-3944
-8556
-10147
-12566
-5479
-12691
-12572
-18656
-17107
-20151
-18416
-21194
-22339
-20915
-23849
-19589
-18917
-15197
-14923
-16683
-20122
-19369
-17126
-11273
-8272
-6552
-6279
-5077
-1984
-1063
814
968
3117
4827
8274
7474
11846
9445
9413
5912
-516
760
-1560
1223
1007
-570
-1607
-2597
-4837
-6587
-8008
-10378
-8962
-10174
-9695
-8294
-8513
-7400
-8440
-10756
-10386
-9051
-5347
-1263
703
3091
4439
6469
7863
9036
10073
12066
13776
16316
18331
20007
21965
20764
20230
18232
17756
19320
19693
20797
20922
19918
19837
17519
15574
13555
14024
12918
16630
15154
11244
8034
-8209
-6137
-13976
-6594
-4807
-8455
-9667
-16588
-17006
-20002
-17647
-21636
-18730
-22022
-21241
-17928
-16917
-12853
-15106
-19088
-21120
-20785
-16217
-9869
-7778
-5674
-6840
-5370
-4270
-2118
-1436
713
2190
5401
6686
8944
11796
10309
10540
1879
-345
-1850
701
5570
5322
3605
532
-3587
-5664
-6232
-7734
-6761
-7730
-9001
-7840
-7900
-6594
-6420
-10530
-12419
-13097
-10088
-3325
-332
1866
1684
1490
3166
5215
6412
8490
9838
12377
15688
17770
19695
19545
18449
16789
15978
16136
18656
19856
22147
21398
21195
19158
17104
15182
13910
14620
16549
18007
14469
10330
-2970
-4924
-10984
-5395
-3049
-5900
-6762
-14963
-14996
-17887
-17088
-18587
-18844
-21551
-21718
-19910
-16942
-13288
-15456
-19334
-22516
-22193
-17318
-11774
-9768
-8186
-9934
-7472
-5654
-2300
-1310
-750
376
2584
6095
9100
12119
11111
10172
4296
3378
2672
5063
8090
6652
6323
3121
1084
-489
-2255
-3385
-3964
-5242
-5828
-6421
-6609
-5872
-6361
-8336
-10335
-11662
-10251
-6439
-3777
-1133
-1326
-1316
-605
601
2583
4347
5654
7314
8856
11531
13652
14913
14782
13192
12544
13324
14543
15953
17169
16754
16739
15622
15545
14815
14390
13972
13280
13405
15246
14734
13138
5391
-2707
-6856
-7323
-857
887
2033
-3607
-9186
-14442
-16549
-14329
-12662
-11103
-13557
-15437
-15557
-13758
-12731
-14183
-17670
-19608
-19090
-14736
-10915
-8435
-9247
-10402
-9996
-8335
-4867
-3207
-1890
-1958
-758
1921
6167
9109
8439
4640
-64
-1614
900
4949
8675
8269
5624
2603
261
763
1332
2038
1526
268
-358
-492
102
-172
-1136
-2844
-3835
-3705
-2447
-744
-108
-565
-1791
-2079
-1683
-782
15
162
570
1260
1983
2501
3068
3253
3107
3430
3732
4437
5918
6888
7276
6580
5907
6252
6688
7854
8070
8194
7959
8130
8686
9908
10971
11286
10484
6979
4792
1668
2638
3383
4508
4793
2549
1162
-2079
-3398
-4842
-5170
-5245
-5476
-5293
-5282
-5114
-5735
-7386
-9148
-10857
-11191
-10392
-9733
-8877
-10159
-10806
-11701
-11068
-9630
-8706
-7761
-7687
-7028
-5588
-3264
-1073
393
-10
-1030
-1315
-1011
926
2144
2693
2594
1199
1058
893
1476
1756
1354
1095
903
879
1166
1067
381
-443
-1256
-1332
-878
-739
-447
-700
-1585
-1692
-1632
-716
-43
172
603
595
1270
1960
2580
3098
3684
4139
4346
5169
6176
6826
6696
6413
7246
8455
9694
10378
9996
10589
11020
12324
13255
14650
14762
14995
10817
7534
5291
4717
8539
7310
8838
5083
2404
-967
-4322
-4545
-4966
-4296
-5993
-7950
-9597
-9966
-10065
-11448
-14200
-15786
-17323
-15110
-14479
-13012
-13442
-15127
-14555
-15040
-12715
-11471
-10116
-9116
-8538
-6591
-3140
-195
1852
1127
-57
107
2763
6074
8877
9328
7648
6047
3237
2556
2030
2813
3099
2223
1323
1020
1058
439
-1052
-3020
-4092
-3772
-3042
-1865
-2146
-3206
-4750
-6563
-6971
-6824
-5539
-3867
-2525
-1331
-888
-57
1539
2796
3079
3374
5137
6869
9232
11131
11564
10876
10562
11284
11839
12924
14678
15154
15329
15197
14705
15611
15949
16298
16457
17524
18981
15198
9557
1178
-40
4171
7049
8210
1176
-3135
-8086
-11327
-11633
-10468
-8396
-10413
-15426
-18154
-16740
-13791
-14851
-19937
-24137
-24032
-19459
-15569
-12243
-13917
-16912
-18749
-17857
-12755
-8728
-6110
-4655
-4660
-2954
-236
2982
6242
5528
4498
5150
8727
13154
14632
12565
9996
7251
4412
3048
2615
5324
7239
5399
1427
-3783
-6319
-6584
-6698
-5402
-5433
-5737
-6991
-8718
-9565
-9902
-10823
-11678
-11764
-9692
-5749
-2328
-1304
-2664
-4333
-3715
315
5119
9256
11065
11393
12370
13011
15233
16288
16425
16777
16247
18595
19843
20840
20216
18458
17256
17389
18022
19414
20490
19263
21522
12688
6935
-3777
-4594
6276
5685
7876
-5333
-10611
-13753
-17781
-17456
-13331
-10330
-11189
-19701
-24774
-19882
-16438
-17261
-23302
-25238
-22066
-15774
-14787
-11643
-12901
-15654
-17935
-17235
-9513
-1602
363
492
-870
-1261
2264
3250
8475
11086
10703
10619
10385
10699
12390
10734
9351
8576
4554
4094
4662
5501
5788
1263
-4789
-6323
-7686
-5737
-4244
-6041
-6742
-10231
-12696
-11250
-10281
-8424
-8623
-10703
-9605
-7507
-5147
-2612
-2992
-2740
-966
1368
6001
9788
10813
11525
10772
11732
14987
16823
18770
18628
17650
17712
17709
18438
19192
18516
17954
17620
16957
18107
17510
19169
13496
4765
-2125
-4931
7435
7864
5698
-4672
-13066
-13367
-16407
-16300
-10880
-7671
-11520
-19360
-27192
-20787
-15331
-16586
-19873
-21842
-19764
-16762
-17897
-14497
-11419
-14102
-17043
-17141
-9597
-1249
-455
-2073
-2007
-2401
-64
1848
8099
14316
12675
8742
7209
8166
12666
11684
10442
10131
6770
5977
4603
7029
6091
2748
-3633
-5233
-3468
-2047
-1842
-4882
-7490
-9599
-11055
-10302
-7722
-6933
-8166
-10700
-10924
-7940
-5064
-3817
-3523
-3586
-1906
365
3426
6955
8783
8814
9133
10581
13872
17030
17547
17045
16417
15953
17100
18706
19470
20630
19252
17798
17099
17092
17724
20168
15241
7125
698
-2295
8847
10058
5357
-3151
-11617
-11935
-13122
-13824
-8821
-5791
-12543
-20201
-26829
-20945
-13608
-15778
-19150
-20600
-20639
-19139
-19443
-15725
-10494
-13478
-17697
-17354
-10664
-3459
-2915
-4325
-2656
-2528
-1689
867
7303
13805
11269
6154
5241
8292
11341
10827
9850
11427
10593
6648
4632
5902
6868
4599
-39
-1268
972
329
-2415
-4979
-5924
-6542
-7936
-8804
-6954
-6128
-8431
-10359
-10056
-7300
-5442
-5759
-5323
-3650
-2320
-769
968
4088
6403
5873
6328
8129
11392
13927
13975
14197
14694
15122
15427
16695
18279
18891
18688
16558
16960
17857
19367
18751
11147
5694
1640
7406
12455
8443
2573
-6143
-7897
-8865
-9956
-7901
-4247
-8307
-16306
-22544
-21562
-13743
-13850
-17458
-19549
-20405
-20676
-20889
-18590
-12821
-12832
-17849
-19179
-14891
-8379
-6398
-7058
-5145
-3850
-4463
-2785
2251
9494
9828
5080
4292
6158
9222
8711
9722
12138
12824
8709
4342
5829
7830
7586
4474
3227
3479
3112
-1164
-2608
-2069
-2297
-3839
-5889
-5598
-4556
-6144
-8289
-7560
-6091
-5086
-5862
-5544
-3734
-2132
-1781
-248
2014
4349
4165
4491
6688
8934
11195
10691
12012
12888
14030
14107
15002
16186
16978
16614
15968
16950
18492
18759
12168
7826
4492
10047
14178
9962
3979
-2327
-3543
-3713
-5160
-4741
-2198
-6799
-13754
-19165
-17297
-11146
-11783
-16444
-18837
-19529
-20119
-20400
-18665
-13577
-13900
-18922
-20501
-16699
-11223
-9521
-10240
-8080
-6465
-7488
-6722
-1895
4832
5776
1926
1382
4257
7303
7733
7856
10558
10405
7416
5233
6871
9707
8701
5442
4686
5337
4691
2111
253
945
314
-1845
-3072
-2762
-2400
-4503
-6836
-6337
-4804
-4390
-5195
-5482
-4146
-3559
-3271
-1734
444
2209
1797
2015
4165
6776
8304
8915
9822
11267
11864
12554
13398
15596
15965
16111
15730
16816
18451
16398
11759
8051
9414
13450
15226
8753
3833
-91
33
14
-984
-18
-992
-6538
-13377
-14376
-11500
-8089
-11432
-15648
-17143
-17830
-18898
-18408
-15648
-13453
-16112
-20441
-19313
-15023
-11924
-11716
-11078
-8943
-8850
-10166
-7771
-1812
2446
1641
-1045
419
3009
4159
5440
7408
10359
8001
4901
4855
8149
10360
8103
6333
6125
6303
4432
3092
3220
4002
1796
-835
-1010
-478
-889
-3165
-4161
-3313
-3140
-4426
-4785
-3906
-3083
-3268
-3423
-1593
29
102
-64
1018
3506
4870
5452
6481
8044
9175
9286
9932
12094
13474
14295
14305
15199
17092
15796
11855
7977
9367
13570
16477
11237
4939
2081
1730
3512
2016
2009
816
-3961
-10165
-11188
-8212
-5435
-8382
-14341
-15935
-16185
-16463
-16557
-14791
-13269
-15607
-20081
-19699
-15526
-12659
-12894
-12814
-10633
-9540
-11142
-10018
-4690
-237
-72
-2471
-1438
1521
2897
3453
4978
7046
6688
5268
5343
7141
7708
6791
6111
6417
6378
4585
3622
3838
4052
3121
1135
164
212
-706
-2023
-2373
-2196
-2136
-3327
-4528
-4013
-3383
-3107
-2920
-2093
-992
-538
-436
813
1880
3616
4321
5324
6955
6939
7869
9123
10683
12337
12606
12999
13990
15118
15895
13455
9795
8719
11673
15749
14450
7154
3508
2899
4748
5043
3277
2529
21
-6229
-9486
-6836
-3957
-4300
-10662
-14431
-13877
-13870
-15048
-14177
-12907
-13674
-17859
-19688
-16000
-12752
-13005
-14001
-12313
-10187
-11328
-12208
-8090
-2966
-1635
-3727
-4079
-1187
759
947
3348
6792
7395
4442
865
4766
8144
9365
7808
4751
5402
3855
3107
5006
7011
4944
1870
-1535
-114
2200
222
-568
-1689
-2553
-3804
-4679
-3556
-1855
-3256
-4850
-4627
-3045
-1797
-2451
-1351
455
1050
1805
1392
2934
5048
5073
6837
8309
8830
9340
9818
10836
13687
13958
14490
15444
14697
10544
8496
11017
15148
17930
9855
4330
3017
5127
6538
5350
3535
1289
-2831
-8534
-6677
-3269
-2490
-7114
-12945
-13688
-13008
-13459
-14071
-12523
-12711
-15826
-19300
-17684
-13855
-12847
-13612
-13519
-11239
-11089
-12967
-10785
-5627
-2300
-3021
-4651
-3183
-305
490
1981
5084
7005
5455
2909
3921
6327
8957
7490
6879
6243
4813
3695
3873
5904
6296
4055
736
288
846
1249
533
-394
-1002
-2694
-3896
-3972
-2794
-2242
-3283
-4283
-4102
-3509
-2918
-2057
-1093
-82
332
442
1539
2993
4112
5200
6007
7157
8108
8523
9416
10442
12135
12590
13466
14363
14213
11175
7457
10375
13335
16812
11681
5109
3390
4213
6683
6449
4660
1010
-1596
-6033
-5662
-2976
-2939
-5364
-10932
-13122
-12972
-12181
-12195
-11677
-13110
-15473
-17291
-16648
-14371
-13885
-13239
-12493
-12169
-12110
-12609
-10565
-6820
-4900
-3949
-3736
-3542
-2573
-824
1625
4948
5236
3865
3250
3989
6201
6473
8172
7997
7063
3913
2292
4376
6561
6694
3858
1796
-546
-19
1067
2284
1562
-1765
-3675
-3916
-2635
-2429
-2269
-3191
-4053
-4971
-4725
-2967
-1672
-1343
-1981
-1267
-442
1114
1933
2972
4309
4674
5684
6248
7519
8034
9054
10192
11801
12109
12147
13448
13457
11824
7007
9357
12175
14811
11806
5507
4789
4644
5751
5122
5405
2161
-453
-4555
-5220
-2016
-3042
-5224
-9119
-10339
-10851
-11454
-12064
-10553
-10656
-13551
-15656
-15134
-12594
-12736
-13060
-11341
-10430
-10794
-12240
-10600
-6432
-4692
-5079
-4534
-3620
-2878
-1941
-213
3125
4283
2371
1964
3550
6249
6233
4680
5686
5742
5470
4414
4093
5325
4698
2797
3191
3153
2167
1588
741
1286
825
-1139
-1423
-1331
-1917
-2425
-2733
-2577
-2644
-3424
-3255
-2449
-2088
-1765
-2077
-608
219
678
1826
2027
3159
3859
4532
5902
7045
7193
8051
8805
9236
10523
10937
12570
12833
12146
8072
7460
11525
13412
14305
6923
4025
4139
6534
6363
5713
3104
-242
-2693
-5492
-2373
-1516
-3671
-7644
-9944
-9437
-9922
-11173
-11128
-9953
-11689
-14332
-15155
-12757
-11498
-13474
-12598
-11128
-10508
-12060
-12401
-8550
-5098
-5605
-6311
-5134
-3736
-2699
-1697
860
3037
1863
779
2266
5048
6159
4590
4024
4082
5025
5653
6089
5273
3785
3279
3651
5105
3784
2173
1315
1387
1814
1356
221
-944
-1639
-2397
-1791
-1622
-2239
-3055
-3553
-3056
-2793
-2582
-2456
-1928
-1563
-980
-134
495
862
1183
2788
4055
4845
5154
5759
6663
7951
8897
10212
10871
10978
12174
12765
12378
7374
9343
11782
14257
11931
4723
4406
5850
7054
5196
4723
1665
168
-2944
-3959
-493
-2497
-5528
-9023
-8625
-8286
-9613
-11703
-10554
-10107
-12832
-14702
-14265
-11430
-12417
-13822
-11779
-10321
-10618
-12347
-11096
-6919
-5541
-7165
-6354
-4348
-3287
-2529
-1628
1046
1766
136
451
3149
5442
5142
4226
5063
5949
5096
3758
4277
6145
6180
4382
3225
3345
2869
2451
2357
2296
1074
-812
-1058
215
265
-1187
-2155
-2607
-2965
-3168
-2970
-2250
-2371
-2933
-3002
-2145
-1430
-1162
-806
-51
555
1338
2219
3302
4469
4903
5194
6192
6856
7685
8663
9932
10662
10872
11126
11387
10939
5939
8711
10653
13423
10198
3469
3876
5868
6832
4529
3518
532
79
-2874
-3086
-273
-3040
-5836
-9103
-8260
-7725
-9037
-11241
-9917
-9521
-11844
-13177
-12819
-9995
-11275
-12444
-10684
-9323
-9573
-11088
-9607
-5767
-4948
-6642
-5539
-3580
-2504
-1998
-1553
1016
1510
297
878
3380
4832
4554
3741
4671
5536
4155
4540
4710
6195
4792
3100
2508
2964
2957
2953
3228
1892
740
-1000
-281
593
-196
-1772
-2565
-2481
-2594
-2610
-2765
-2626
-3389
-3715
-3133
-2079
-1438
-1731
-1053
-230
368
978
1748
2378
3465
4034
4982
5943
6274
6493
7465
8396
9010
9674
9524
10514
10562
11219
6538
6545
9146
10846
11577
4475
2700
3733
5423
3439
3082
768
-249
-1953
-4724
-1408
-2069
-4514
-7652
-7705
-6930
-7879
-10201
-9615
-7664
-9432
-11521
-12228
-9736
-9569
-11643
-9967
-8081
-7820
-9547
-9480
-6039
-4006
-5958
-5974
-3692
-2781
-2483
-2186
-1
1294
-251
-672
1823
3786
3625
2877
3863
4911
4557
3889
4356
5916
5629
3753
2711
4095
3596
3279
2465
1925
1946
391
42
921
507
-1191
-1467
-1591
-1206
-1868
-2748
-2055
-2369
-3056
-3465
-2910
-2312
-2318
-2397
-1794
-1396
-1135
-474
-31
1066
1296
1739
3038
3905
4361
4978
5201
6054
6441
6828
7536
8478
8492
9144
9323
9984
6570
4496
7943
9677
11380
5069
1813
3186
5641
4667
3850
1995
176
-610
-3160
-367
228
-2821
-5878
-6895
-5826
-6109
-7893
-8222
-6394
-8258
-10833
-11578
-9445
-7980
-10172
-9884
-8628
-8468
-9829
-9845
-6816
-4310
-6118
-7347
-5128
-3477
-2511
-1964
-603
837
-396
-1028
1669
4286
4676
3666
3769
4686
4889
4520
5701
6508
5151
4590
3630
4558
4139
3361
3895
3099
1613
719
697
1153
1153
-756
-1239
-1656
-2578
-2378
-2716
-2712
-3413
-4495
-4686
-4215
-4030
-3775
-3623
-3651
-3373
-3596
-2203
-1230
-809
46
450
1152
1966
2531
3655
4811
4727
5524
6207
6869
7638
8229
8840
9529
9454
9903
10204
10625
7824
6263
8605
9849
10482
4953
2203
3285
5438
3961
2302
613
-687
-1680
-4092
-2332
-2016
-4406
-7228
-7569
-6272
-7026
-9018
-9145
-7305
-8662
-10818
-11130
-8850
-7877
-9718
-8953
-7361
-7119
-8478
-8029
-4947
-2957
-4412
-5014
-2965
-1993
-1806
-1137
752
1840
340
-138
2002
4027
3692
3135
3717
4616
3971
3538
4805
5692
5627
2834
3695
4642
3669
2811
2132
2701
1766
-181
-595
1303
413
-1108
-1865
-2177
-2004
-3236
-2904
-2380
-2977
-4610
-4587
-3707
-3280
-3928
-4173
-3246
-3285
-2980
-2506
-1155
-293
-569
-178
977
1367
1969
2935
4031
4822
4699
5198
6219
6696
6767
7001
7578
7621
7525
7798
8419
8686
8549
6970
3688
4902
6609
8510
6429
1110
676
2122
2675
1498
945
-327
-979
-3609
-3696
-999
-2215
-4270
-5859
-5055
-5188
-6898
-7676
-5264
-4911
-7716
-9128
-7951
-5925
-7177
-7733
-5931
-5653
-7484
-8697
-6376
-3256
-3775
-5574
-4426
-3268
-3447
-3065
-1378
662
-262
-1892
-628
1690
1933
1589
1956
2963
2597
1894
2947
4622
4801
3577
3129
3076
3739
3157
3666
3639
3046
2480
1801
1527
1910
1526
1250
1021
-217
-488
-579
-809
-440
-1174
-2125
-2511
-2655
-2382
-2136
-2539
-2850
-3084
-3126
-2740
-2594
-2069
-1874
-1735
-1541
-1310
-780
-180
194
874
1337
1544
2305
2697
3097
3676
4124
4704
5438
5640
6587
6662
7131
7310
8199
7939
7394
5254
5122
8184
8062
8155
3393
2977
4012
5186
3896
3089
1768
480
-444
-2121
43
-1150
-3363
-5001
-4996
-5032
-6299
-7709
-6941
-6332
-8982
-10351
-10068
-8808
-9043
-10233
-8825
-8300
-9354
-10205
-8506
-5962
-5456
-6809
-6071
-4534
-4337
-3482
-1947
2
100
-874
187
2615
3531
3777
4444
5180
5353
4732
5610
7275
7499
6806
6332
6577
6651
5872
6305
6194
5248
4174
3136
3239
2516
1448
1061
796
-818
-2237
-2831
-2606
-2721
-4216
-4985
-5507
-5886
-6253
-6101
-5948
-6420
-7031
-6785
-5909
-5584
-5160
-4876
-4110
-3627
-3163
-1935
-939
-311
411
1377
2592
3707
4254
4984
5833
6423
7224
7960
8453
8702
8818
9205
9524
9735
9583
9756
9307
9861
8558
8339
5276
4437
6405
5837
5776
872
96
360
1533
-662
-1070
-2569
-3870
-4773
-6377
-3690
-4659
-6284
-8097
-7530
-7616
-8191
-8835
-7221
-6255
-8566
-9127
-8114
-6299
-6420
-7160
-5425
-4522
-5453
-5703
-3818
-1642
-1413
-2274
-1323
44
-350
94
1608
2856
2344
1296
2194
3695
3707
3457
3892
4087
3442
2568
3260
4145
3829
2962
2613
2437
2127
1353
2022
2165
1501
-55
-696
77
-174
-313
-1669
-1483
-1908
-2274
-2504
-2153
-2373
-2587
-2897
-2965
-2559
-3347
-2998
-2541
-2483
-2714
-2781
-2547
-2119
-2018
-1960
-1470
-1337
-1021
-636
-26
524
584
867
1195
1517
2008
2509
2930
3092
3014
3295
3858
4040
4328
4291
4331
4550
4471
4829
4847
4975
4632
5094
4862
5489
4345
4596
3666
2015
4385
3754
4973
1943
571
1027
2673
1457
1000
534
-451
-300
-2487
-873
-644
-2185
-3628
-3674
-3630
-4271
-5661
-5339
-3969
-5765
-7164
-7104
-6341
-5989
-7459
-6802
-5960
-6883
-7553
-6758
-5053
-4491
-5431
-5328
-3871
-4083
-3548
-2249
-857
-419
-1028
-299
1210
1802
2051
3113
3782
3918
3567
4234
5529
5636
5641
5679
5860
5728
5232
5734
6317
5733
4718
4367
3956
4096
2958
2400
2469
1093
85
-700
-1261
-1559
-2360
-3371
-3354
-4499
-5394
-5302
-5307
-5185
-5984
-6566
-6137
-6154
-6063
-5427
-5204
-4885
-4902
-4541
-3394
-2900
-2421
-1605
-1069
-309
293
1056
2285
2766
3189
4060
4646
5178
5580
5930
6646
6833
6801
7036
7036
7118
6984
6777
6716
6564
6116
6029
5840
5755
5236
4038
4009
1709
1610
2201
2264
1775
-1650
-2586
-1653
-891
-2417
-2700
-3685
-3586
-4691
-5473
-3433
-3815
-5162
-5865
-5094
-4889
-5610
-6296
-4296
-3674
-5396
-5671
-4724
-3450
-3759
-4017
-2066
-1579
-2775
-2862
-1176
313
130
-522
632
1245
384
835
1934
2620
1682
1006
1893
2550
2004
2050
2699
2650
1925
1190
1939
2139
1523
1400
1614
1555
788
373
1010
1296
652
503
685
634
582
122
607
853
321
12
-77
182
71
-3
-124
-208
-1119
-1165
-1085
-891
-1270
-1949
-1837
-1830
-2142
-2274
-2275
-2132
-2161
-2581
-2298
-2163
-2461
-2355
-2306
-2330
-2367
-2599
-2021
-1620
-1500
-1027
-626
-475
-323
-83
537
963
996
1434
1834
2117
2406
2716
3084
3183
3050
3280
3686
3835
4147
4257
4563
4459
4659
4617
5070
4851
5389
4303
2798
4149
4350
5588
2730
1401
1753
2758
1602
1199
1044
686
-414
-2363
-572
-598
-2350
-3590
-3193
-2984
-4357
-5892
-4462
-3365
-5423
-6669
-5960
-5260
-5719
-6790
-4876
-3829
-5262
-6057
-4618
-3163
-3307
-3636
-2174
-894
-2087
-1917
-314
944
285
-479
558
1521
1066
1245
2462
2841
2143
1387
2197
2856
2424
2334
2653
2742
2116
1612
2042
2334
1677
1375
1426
1193
1113
876
1099
1103
424
-31
-52
-252
-239
-103
-364
-1
-1419
-1468
-1560
-1795
-1666
-2464
-2067
-2258
-2407
-2673
-2233
-2673
-2477
-2770
-2528
-1872
-2358
-2020
-1890
-1779
-1795
-1832
-1489
-920
-987
-817
-73
22
615
589
847
1306
1348
1940
2382
2524
2605
2694
2804
3348
3163
3446
3616
3462
3539
3563
3747
3978
3948
3963
4061
3880
3969
4162
4184
4453
3979
4202
3826
4209
2612
2066
3347
3493
3613
604
540
1136
1818
88
-5
-412
-924
-2171
-2823
-954
-2018
-3521
-4111
-3156
-3893
-5681
-6162
-4449
-4435
-6468
-6430
-5439
-5196
-6222
-6184
-4248
-4589
-5986
-5613
-3729
-3226
-3801
-3595
-2025
-1930
-2922
-1700
-122
308
-468
-66
1168
1218
851
1699
2952
2844
2334
2558
3597
3580
3214
3651
3947
3711
3152
3332
3990
3890
3348
3299
3002
2512
2301
2330
2594
2229
1297
877
583
344
170
-116
-423
-748
-1435
-1485
-1506
-1426
-1797
-2391
-2454
-2790
-2717
-3059
-2612
-2456
-2481
-3055
-2858
-2454
-2232
-2078
-2092
-1709
-2023
-2016
-1556
-969
-861
-1042
-890
-612
-468
-449
48
312
304
325
360
664
644
848
1079
1088
865
1009
1210
1301
1347
1352
1490
1323
1106
1104
1259
1348
1365
1327
1326
1446
1629
1761
1850
1995
2014
1980
1974
2184
2299
2098
1531
1726
2586
2676
2479
1585
1810
2248
2207
1776
1767
1583
1176
783
818
1273
494
-281
-347
-245
-882
-1779
-1850
-1461
-2072
-3158
-3162
-2934
-3203
-3595
-3449
-2972
-3528
-4225
-3871
-3353
-3410
-3354
-2914
-2515
-2706
-2757
-1869
-1230
-1298
-1185
-644
-267
-302
-44
801
1224
937
905
1250
1515
1465
1564
2001
2056
1742
1582
1657
1736
1597
1361
1300
1103
775
776
658
599
417
54
-194
-353
-602
-656
-908
-1030
-1118
-1333
-1544
-1560
-1568
-1609
-1506
-2597
-2097
-2085
-1741
-1759
-2342
-1990
-1655
-1608
-1464
-991
-1117
-659
-737
-59
361
-129
245
597
735
738
811
1269
1594
1299
1404
1805
1454
1607
1470
1912
2029
1744
1856
1909
1762
1627
1594
1540
1783
1419
1472
1331
1284
1397
1222
1254
1407
1554
1531
1643
1773
2194
2367
2519
2868
2668
2779
2570
2847
2890
2863
3162
2921
2677
2207
2366
2271
2236
1661
1392
897
168
-232
-603
-921
-1685
-2200
-2571
-3017
-3829
-4308
-4443
-4725
-5258
-5893
-5955
-6128
-6232
-6111
-5923
-5775
-5986
-5956
-5514
-4986
-4760
-4356
-3850
-3427
-3027
-2511
-1636
-981
-567
-177
410
948
1538
2261
2969
3489
3745
4142
4564
4940
5203
5483
5705
5697
5531
5408
5427
5267
5015
4622
4149
3720
3281
2890
2489
2032
1529
922
255
-259
-725
-1130
-1529
-1931
-2348
-2761
-3084
-3199
-3316
-3385
-3567
-3598
-3542
-3388
-3225
-3044
-3197
-3310
-2567
-2195
-1742
-1943
-1738
-1319
-1091
-876
-178
268
215
358
595
1192
998
889
1261
1362
1099
769
915
1118
954
673
675
337
-135
-263
-328
-268
-563
-735
-721
-864
-1051
-960
-1004
-1040
-1075
-1043
-770
-643
-468
-287
-86
181
438
625
921
1314
1700
2079
2358
2710
2862
2841
3151
3539
3769
3835
3628
3611
3995
3883
4015
3549
3167
3058
2934
2611
2370
1898
1397
893
324
134
-545
-1215
-1530
-1836
-2454
-3116
-3453
-3430
-3855
-4500
-4548
-4523
-4667
-4683
-4418
-3986
-4078
-4129
-3577
-3143
-3001
-2624
-2028
-1450
-1213
-959
-368
-25
234
717
1317
1599
1709
2022
2420
2507
2380
2453
2508
2445
2325
2300
2278
1979
1798
1622
1294
921
590
360
164
-122
-346
-569
-992
-1329
-1570
-1823
-2020
-2290
-2475
-2622
-2735
-2704
-2659
-2979
-3278
-2986
-2596
-2304
-2575
-2553
-2129
-1737
-1455
-1229
-1075
-998
-836
-360
266
245
150
456
856
1122
1180
1466
1805
1742
1662
1958
2295
2430
2389
2373
2464
2337
2332
2497
2530
2463
2306
2180
2114
1947
1865
1886
1747
1566
1304
1183
1194
1266
1314
1354
1335
1233
1207
1215
1650
1736
2096
860
643
1464
2050
2298
790
921
1494
1721
816
1237
1237
903
-93
-172
904
-288
-1270
-1174
-413
-1315
-2627
-2556
-1640
-2460
-3852
-3129
-2965
-3635
-4783
-4209
-3339
-4193
-4877
-3975
-3505
-4314
-4437
-3757
-2896
-3603
-3663
-2502
-2065
-2319
-2009
-1186
-800
-934
-597
435
689
755
1273
1631
1759
1675
1984
2453
2492
2773
3077
3035
3006
3110
3057
3011
2799
2909
2802
2236
2137
2145
1821
1472
1300
1167
775
237
249
209
-322
-617
-670
-855
-1234
-1487
-1254
-1194
-1496
-1459
-1356
-1541
-1701
-1576
-1224
-1185
-1356
-1061
-767
-834
-704
-319
-8
-23
-68
274
574
526
596
798
858
733
635
798
852
763
732
704
612
442
272
196
31
-221
-383
-558
-693
-781
-922
-943
-925
-1034
-1209
-1457
-1508
-1375
-1365
-1336
-1175
-1092
-981
-1004
-774
-710
-798
-601
-272
51
-13
0
275
660
567
735
1000
1160
1178
1255
1609
1600
1307
1163
1331
1364
1275
1336
1392
1133
679
598
631
502
299
230
304
86
-212
-316
-372
-632
-861
-993
-928
-876
-857
-643
-688
-612
-792
-770
-616
-485
-35
148
551
645
842
956
1125
1318
1335
1603
1730
2079
2151
2347
2419
2420
2318
2220
2325
2200
2232
2167
2145
1945
1481
1103
768
433
29
-272
-555
-906
-1280
-1696
-2081
-2490
-2898
-3252
-3510
-3660
-3836
-3957
-4049
-4136
-4165
-4204
-4202
-4046
-3846
-3587
-3229
-2879
-2479
-2204
-1976
-1543
-1076
-596
-111
317
805
1235
1623
1995
2267
2514
2698
2889
3059
3240
3349
3484
3495
3420
3255
2966
2738
2557
2443
2245
1964
1575
1235
837
427
38
-354
-689
-1058
-1263
-1398
-1483
-1664
-1967
-2091
-2326
-2295
-2244
-2116
-1796
-1727
-1605
-1566
-1425
-1170
-872
-499
-180
90
319
598
982
1354
1646
1890
2162
2297
2444
2517
2635
2736
2654
2464
2157
2031
1945
1868
1673
1310
969
610
319
3
-72
-325
-531
-932
-1428
-1397
-1829
-1899
-2100
-2340
-2439
-2590
-2558
-2397
-2148
-2132
-2017
-2051
-1858
-1559
-1195
-738
-492
-265
-182
40
373
782
1119
1316
1512
1634
1730
1791
1893
1991
1969
1840
1755
1792
1877
1829
1649
1411
1098
782
417
208
48
-106
-378
-726
-1023
-1276
-1464
-1731
-1922
-2118
-2223
-2256
-2235
-2173
-2195
-2243
-2277
-2171
-2037
-1834
-1565
-1192
-837
-627
-518
-381
-179
95
458
829
1204
1425
1628
1860
2069
2214
2277
2315
2325
2323
2312
2257
2086
1894
1701
1515
1274
1030
866
784
626
426
149
-108
-357
-592
-655
-675
-741
-816
-902
-1136
-1151
-1144
-1144
-1180
-1178
-1094
-948
-868
-614
-353
-305
-308
-199
45
214
335
583
823
786
739
889
1058
986
848
985
1104
1008
1019
1099
1063
788
514
408
221
-40
-97
-91
-309
-644
-846
-928
-1136
-1451
-1573
-1652
-1868
-2029
-2036
-2007
-2067
-2161
-2126
-2104
-2083
-1930
-1768
-1648
-1574
-1452
-1306
-1212
-1077
-790
-427
-135
33
180
366
630
864
1026
1093
1200
1379
1487
1570
1596
1556
1404
1231
1138
1104
1046
1046
1039
905
623
371
193
17
-64
-13
113
64
-85
-221
-333
-478
-616
-621
-556
-525
-421
-234
-97
-136
-213
-159
-73
18
149
426
675
795
750
731
697
616
592
599
734
827
825
717
635
545
438
322
197
159
58
-31
-24
28
42
-152
-400
-562
-643
-640
-709
-837
-1072
-1244
-1336
-1285
-1185
-1105
-1056
-1141
-1155
-1068
-908
-792
-675
-612
-493
-423
-326
-123
24
184
276
369
488
599
698
810
813
781
792
796
810
739
676
622
554
487
400
275
163
26
-116
-207
-342
-405
-445
-480
-480
-538
-578
-650
-692
-671
-623
-560
-473
-309
-157
-45
9
59
194
403
620
802
961
1118
1255
1384
1520
1638
1717
1780
1783
1924
1887
1919
2033
2028
1949
1695
1580
1527
1412
1139
1045
792
442
95
-109
-240
-564
-867
-1065
-1187
-1460
-1711
-1934
-2121
-2414
-2588
-2569
-2608
-2597
-2619
-2606
-2640
-2720
-2653
-2405
-2234
-2055
-1866
-1692
-1411
-1288
-1042
-686
-434
-205
16
290
622
873
1067
1290
1376
1460
1594
1749
1956
2034
2050
2086
2044
1927
1807
1750
1730
1686
1536
1371
1171
952
821
716
594
338
8
-248
-433
-503
-579
-677
-804
-1022
-1200
-1205
-1101
-953
-909
-958
-918
-868
-738
-529
-339
-165
-55
-36
85
361
688
960
1009
977
1033
1168
1382
1554
1635
1660
1611
1495
1406
1313
1226
1052
772
531
351
232
49
-177
-446
-696
-959
-1177
-1349
-1523
-1728
-1952
-2106
-2285
-2376
-2405
-2388
-2301
-2266
-2247
-2187
-2123
-2019
-1824
-1601
-1350
-1084
-801
-481
-245
-57
131
260
379
558
776
1033
1250
1395
1521
1542
1458
1391
1365
1441
1485
1454
1463
1413
1273
1086
916
820
721
559
413
271
123
-17
-128
-226
-348
-550
-665
-619
-501
-339
-245
-207
-211
-161
-23
164
335
474
587
692
843
1041
1272
1377
1364
1385
1503
1602
1592
1539
1527
1478
1284
1031
836
646
435
175
-53
-256
-511
-816
-1101
-1393
-1704
-1983
-2182
-2288
-2399
-2459
-2470
-2490
-2564
-2623
-2616
-2546
-2494
-2441
-2278
-2100
-1918
-1745
-1612
-1456
-1303
-1072
-749
-449
-226
-43
164
371
519
677
893
1103
1201
1293
1499
1687
1746
1644
1580
1575
1530
1412
1292
1226
1105
898
690
570
406
182
-10
-127
-210
-349
-465
-550
-671
-785
-826
-747
-656
-610
-552
-435
-306
-220
-62
158
400
551
726
932
1124
1322
1532
1828
2043
2133
2196
2318
2432
2457
2438
2413
2358
2196
2009
1865
1712
1525
1258
967
656
330
32
-241
-507
-812
-1111
-1360
-1606
-1843
-2030
-2175
-2303
-2408
-2451
-2484
-2533
-2584
-2523
-2379
-2222
-2118
-2017
-1848
-1649
-1362
-1059
-820
-646
-493
-274
-12
209
381
578
731
823
860
894
986
1018
1024
984
902
806
724
687
672
567
346
107
-97
-210
-279
-365
-470
-671
-885
-1040
-1154
-1232
-1298
-1331
-1380
-1395
-1401
-1317
-1167
-1040
-939
-838
-677
-467
-227
21
286
526
735
927
1153
1390
1619
1819
1996
2157
2273
2370
2424
2434
2335
2240
2184
2183
2131
1965
1725
1455
1223
970
746
528
253
-64
-367
-595
-769
-974
-1229
-1459
-1643
-1742
-1741
-1708
-1702
-1781
-1892
-1916
-1823
-1669
-1488
-1384
-1283
-1135
-977
-793
-590
-376
-181
-51
87
293
494
696
840
940
1022
1018
999
1052
1107
1107
1026
929
840
712
588
490
352
155
-91
-290
-361
-397
-510
-713
-919
-1058
-1175
-1257
-1311
-1319
-1331
-1374
-1390
-1345
-1189
-1063
-1000
-932
-753
-498
-253
-7
276
555
679
761
961
1285
1537
1645
1757
1906
2018
1959
1888
1904
1963
1940
1799
1705
1596
1436
1185
937
718
471
203
-65
-250
-442
-633
-816
-985
-1190
-1386
-1476
-1457
-1444
-1494
-1498
-1447
-1375
-1339
-1275
-1147
-1012
-940
-855
-722
-542
-329
-140
51
158
249
434
665
820
844
803
847
906
886
884
901
926
862
695
581
507
417
282
114
-68
-261
-401
-465
-474
-557
-713
-927
-1112
-1208
-1211
-1167
-1125
-1127
-1119
-1074
-1011
-929
-886
-840
-795
-723
-581
-383
-180
-20
107
217
314
401
524
713
943
1174
1311
1384
1394
1412
1433
1424
1350
1259
1209
1184
1185
1109
1007
859
706
547
385
281
200
173
80
-119
-384
-619
-764
-858
-869
-857
-914
-1000
-1028
-980
-877
-818
-748
-671
-617
-529
-420
-236
-82
-61
-112
-122
-68
-10
31
75
162
205
197
187
229
320
361
358
355
364
340
298
282
297
285
218
112
95
144
130
38
-19
4
3
-79
-197
-232
-276
-325
-534
-566
-263
-230
-433
-489
-329
-303
-360
-346
-185
-118
-141
-40
60
196
200
144
191
344
414
432
435
439
413
385
453
493
501
535
489
409
444
491
443
320
201
128
12
-52
-29
-70
-151
-245
-340
-403
-442
-485
-522
-578
-609
-650
-715
-682
-622
-590
-581
-629
-656
-603
-549
-491
-426
-341
-240
-202
-150
-31
32
37
23
30
90
137
122
72
-3
-77
-161
-140
-43
6
-27
-39
-11
-16
-28
-96
-137
-190
-242
-238
-169
-97
-72
-115
-182
-226
-317
-356
-340
-251
-120
-65
-70
-98
-72
-27
-4
0
86
198
283
358
415
535
664
770
861
949
1016
1071
1103
1165
1258
1272
1244
1165
1062
1034
1044
1047
1030
953
865
764
602
441
331
242
164
11
-113
-139
-144
-178
-287
-417
-516
-573
-586
-585
-590
-596
-589
-596
-627
-702
-754
-740
-718
-660
-594
-514
-496
-546
-577
-521
-441
-373
-270
-161
-61
1
18
37
24
-46
-89
-71
-62
-45
-26
-12
-7
-90
-182
-225
-257
-238
-202
-162
-153
-214
-251
-219
-185
-167
-197
-245
-265
-275
-284
-311
-385
-432
-404
-356
-291
-266
-244
-227
-244
-252
-233
-223
-186
-97
-42
32
127
226
325
355
394
457
517
599
687
803
914
901
836
811
781
759
730
685
611
468
347
305
248
187
105
45
60
115
147
163
156
101
-20
-152
-215
-233
-200
-188
-205
-269
-323
-350
-393
-418
-441
-498
-547
-560
-509
-408
-345
-376
-487
-557
-511
-410
-346
-298
-323
-385
-440
-400
-298
-225
-162
-112
-42
67
165
111
16
-49
-89
-132
-224
-268
-235
-167
-129
-110
-111
-95
-87
-60
50
128
149
189
241
223
171
152
204
266
259
267
282
308
291
226
247
317
401
452
516
671
818
880
888
876
863
858
813
814
876
882
837
762
704
673
615
550
499
411
322
229
134
12
-146
-296
-382
-399
-373
-374
-437
-498
-570
-668
-766
-827
-814
-774
-792
-807
-779
-744
-756
-795
-782
-753
-801
-893
-916
-834
-724
-686
-685
-619
-555
-497
-435
-307
-171
-130
-148
-143
-88
-68
-15
55
182
271
270
272
299
328
285
265
292
300
238
181
193
224
229
194
153
90
46
7
19
56
67
65
71
113
154
203
268
292
272
251
249
236
192
131
82
49
19
10
59
132
193
186
152
149
125
101
124
216
325
383
383
390
449
559
621
618
578
555
573
612
616
563
500
440
382
330
289
274
290
264
154
-69
-255
-308
-322
-399
-488
-512
-484
-494
-545
-566
-582
-638
-737
-744
-657
-569
-555
-550
-522
-493
-476
-455
-375
-294
-227
-131
0
77
123
160
230
289
300
329
390
448
392
286
211
221
248
229
161
84
13
-22
-29
-65
-145
-273
-382
-442
-434
-384
-396
-484
-582
-624
-626
-638
-631
-571
-518
-519
-504
-430
-313
-251
-244
-255
-252
-222
-150
-51
53
123
139
167
230
362
516
633
684
716
784
853
906
888
827
723
607
569
593
609
543
434
306
158
-23
-179
-260
-313
-390
-524
-653
-689
-684
-727
-816
-852
-779
-745
-751
-711
-555
-390
-312
-236
-102
59
157
281
474
633
669
638
666
747
829
887
932
982
987
940
885
870
868
858
836
769
679
559
452
376
273
159
17
-109
-166
-167
-165
-215
-307
-439
-578
-655
-611
-474
-373
-378
-478
-524
-487
-427
-358
-310
-247
-216
-181
-119
-22
53
77
73
71
125
233
371
428
377
289
222
198
208
255
294
289
217
147
124
117
71
-37
-164
-302
-383
-411
-399
-403
-489
-626
-724
-750
-743
-741
-747
-732
-727
-751
-728
-661
-589
-545
-518
-465
-361
-237
-101
20
108
157
213
335
460
531
597
670
719
722
661
607
560
486
403
350
314
285
225
160
83
-31
-116
-164
-224
-306
-388
-455
-528
-624
-727
-775
-774
-734
-715
-734
-742
-730
-697
-642
-593
-562
-457
-325
-192
-110
-29
89
166
210
268
330
377
463
572
690
752
743
748
779
835
880
874
867
821
697
592
536
493
441
354
253
176
122
107
53
-66
-167
-263
-333
-409
-449
-415
-360
-353
-362
-316
-250
-186
-171
-141
-87
-87
-55
43
165
231
222
232
304
379
444
500
522
490
396
331
354
427
431
370
312
268
178
70
2
-88
-267
-475
-615
-631
-612
-652
-725
-830
-955
-1061
-1096
-1031
-972
-993
-1042
-1086
-1110
-1075
-965
-817
-703
-656
-587
-470
-349
-219
-73
25
52
52
145
327
503
630
701
750
804
870
976
1129
1251
1313
1306
1300
1310
1308
1312
1309
1240
1097
950
816
706
591
440
288
119
-21
-84
-131
-172
-250
-365
-511
-651
-718
-730
-747
-826
-910
-954
-941
-902
-865
-781
-692
-638
-586
-508
-367
-253
-201
-111
-2
74
74
47
82
155
209
240
260
264
278
288
295
305
297
304
315
340
358
336
271
164
23
-88
-162
-236
-306
-360
-390
-453
-507
-522
-517
-535
-523
-457
-389
-354
-316
-227
-155
-141
-165
-113
6
106
192
271
326
312
257
283
398
509
575
615
646
680
736
765
780
759
691
642
610
587
521
440
389
273
140
68
44
32
-31
-146
-306
-420
-493
-554
-603
-617
-637
-697
-706
-674
-661
-634
-605
-563
-567
-584
-471
-258
-112
-63
-13
82
181
229
308
360
327
267
256
292
284
236
210
209
239
220
191
147
91
-15
-81
-46
-54
-145
-260
-337
-414
-431
-414
-421
-482
-551
-577
-606
-597
-587
-592
-570
-518
-488
-491
-455
-387
-324
-274
-204
-126
-49
68
152
203
311
439
499
532
622
705
775
823
853
848
826
827
841
854
824
733
643
607
580
547
494
446
385
255
200
192
93
53
151
175
177
143
-55
-272
-423
-472
-520
-536
-530
-489
-396
-287
-208
-218
-215
-101
66
170
274
329
304
258
245
266
319
397
423
376
328
325
378
454
417
244
66
-62
-166
-256
-332
-412
-516
-606
-670
-751
-790
-798
-782
-724
-688
-674
-644
-630
-646
-709
-805
-826
-787
-657
-459
-263
-94
-2
-7
-65
-75
-27
61
136
210
320
465
636
795
928
1017
1062
1055
1046
1014
981
916
834
776
664
507
388
295
179
59
-56
-175
-316
-465
-635
-831
-981
-1039
-1069
-1125
-1190
-1217
-1219
-1192
-1158
-1115
-1024
-908
-828
-749
-605
-501
-447
-383
-288
-180
-44
135
294
386
434
472
490
551
660
785
911
996
1040
1040
1038
1017
952
861
757
648
553
473
392
277
146
41
-70
-196
-320
-436
-557
-651
-732
-759
-739
-737
-733
-673
-567
-453
-353
-278
-178
-74
27
110
205
318
455
636
788
908
1016
1098
1136
1144
1120
1089
1083
1099
1108
1074
1017
950
872
799
716
573
397
190
-15
-153
-248
-345
-525
-753
-927
-1052
-1169
-1280
-1402
-1497
-1590
-1643
-1611
-1556
-1480
-1409
-1370
-1321
-1212
-1045
-824
-634
-501
-388
-248
-54
150
340
508
659
789
942
1097
1229
1301
1313
1301
