-4
-6
-9
-10
-13
-11
-11
-15
-14
-14
-12
-12
-13
-15
-22
-25
-27
-28
-26
-23
-22
-22
-24
-24
-21
-15
-8
-5
-9
-9
-8
-1
3
4
7
4
4
8
7
4
1
1
4
4
6
2
3
8
12
8
-5
-12
-15
-9
-5
-11
-20
-23
-16
-7
2
2
-1
0
4
9
3
-7
-13
-14
-9
-10
-15
-18
-18
-11
-6
-8
-14
-23
-21
-19
-15
-17
-21
-22
-24
-19
-14
-9
-1
2
3
1
-4
-5
-1
6
8
6
0
-8
-13
-12
-10
-9
-6
-8
-5
-3
1
12
16
19
21
22
26
25
19
12
6
3
0
0
7
12
19
21
21
20
18
20
22
18
9
-1
-8
-12
-9
-9
-16
-23
-23
-16
-5
1
2
-2
-5
-1
7
12
12
7
1
-2
-10
-15
-19
-18
-14
-8
-3
3
6
11
12
14
14
6
-2
-9
-9
-12
-14
-20
-27
-24
-17
-10
-7
-13
-21
-30
-29
-26
-21
-20
-22
-24
-25
-21
-20
-21
-22
-20
-13
-5
-8
-14
-19
-17
-11
-8
-11
-13
-6
2
12
13
6
1
2
6
11
13
7
5
7
8
7
10
16
31
45
55
61
57
52
56
55
56
55
53
54
48
39
21
12
12
17
24
26
35
41
48
51
44
35
21
17
19
16
7
3
6
17
30
43
49
52
58
59
56
48
36
31
29
35
33
24
16
10
14
15
20
20
20
22
28
23
13
10
-1
-3
-4
2
3
0
7
18
33
39
41
36
35
32
30
20
7
-4
-13
-13
-6
-1
-1
0
-2
9
11
10
10
-2
-3
-13
-14
-22
-26
-13
-12
-3
-9
-1
7
18
27
21
2
-14
-20
-8
6
7
0
-12
-13
2
11
24
26
23
19
12
6
-5
7
18
26
16
-3
-20
-30
-18
-14
-6
-1
1
11
16
21
9
2
-3
3
11
22
30
27
11
4
7
11
17
27
30
32
35
27
19
15
14
-6
-10
-13
-6
-7
-1
7
12
16
9
20
17
22
26
20
23
8
8
11
23
27
12
-3
-11
-9
-14
-17
-24
-13
-3
4
19
9
-8
-9
-14
-4
5
20
26
38
46
45
50
31
39
40
45
55
65
63
50
66
55
47
44
35
28
17
21
19
15
26
42
43
46
22
10
-3
-18
-15
-21
-6
-13
-17
-14
-28
2
1
-2
-4
-19
-25
-24
-15
-24
-25
-61
-48
-55
-53
-46
-47
-37
-43
-21
-26
-54
-71
-87
-108
-121
-138
-154
-147
-141
-133
-150
-154
-166
-176
-180
-187
-158
-185
-176
-174
-181
-178
-179
-164
-191
-193
-204
-199
-165
-169
-176
-184
-154
-137
-105
-97
-121
-109
-112
-106
-111
-91
-107
-124
-96
-66
-51
-49
-25
-48
-35
-18
-29
0
-19
-2
11
3
17
8
-10
-16
27
21
-7
-19
-16
-24
1
37
-4
3
5
2
10
29
-6
-18
-30
-68
-29
-68
-46
-27
-62
-47
-64
-39
-19
-46
-24
-63
-63
-53
-82
-33
-17
-35
25
14
-17
10
29
14
72
88
41
74
60
77
62
43
39
19
13
39
68
67
105
95
41
5
16
7
-40
-13
8
6
29
17
10
25
23
16
1
-23
-20
-32
-43
-4
-37
-47
-64
-51
-44
-74
-53
-52
3
-26
5
-37
-39
-23
-74
-8
-111
-52
-55
-108
3
-50
-9
-49
-41
-66
-97
-64
-94
-41
-80
-72
-93
-78
-82
-93
-114
-116
-126
-129
-148
-164
-129
-117
-61
-100
-109
-138
-143
-82
-135
-126
-201
-193
-187
-166
-129
-123
-83
-97
-75
-49
-84
-62
-54
-102
-80
-107
-96
-136
-178
-165
-235
-202
-239
-311
-348
-381
-417
-467
-510
-586
-655
-764
-735
-748
-807
-779
-826
-800
-724
-677
-602
-605
-484
-417
-390
-153
-149
35
78
223
357
411
499
475
591
597
698
694
722
726
726
757
755
749
683
660
622
604
634
550
548
508
476
482
446
434
410
407
435
478
429
458
462
455
452
471
563
492
573
565
574
655
661
696
683
730
771
753
808
806
805
824
805
834
796
779
784
788
763
735
736
675
682
668
615
577
570
515
495
517
451
450
428
384
392
349
372
357
328
307
269
292
292
326
273
241
206
176
149
118
137
68
77
58
20
-35
-30
-60
-127
-100
-195
-199
-167
-182
-198
-279
-307
-362
-317
-349
-340
-325
-362
-358
-322
-388
-432
-370
-440
-398
-423
-418
-424
-462
-422
-435
-419
-409
-452
-426
-422
-384
-327
-376
-355
-422
-395
-380
-327
-328
-337
-298
-314
-249
-285
-271
-237
-261
-219
-260
-207
-249
-302
-285
-360
-325
-366
-410
-447
-460
-492
-483
-457
-539
-500
-538
-535
-492
-562
-631
-622
-614
-586
-595
-570
-583
-567
-514
-495
-462
-502
-456
-447
-404
-369
-339
-327
-297
-266
-253
-254
-191
-122
-149
-79
-49
-57
22
42
73
52
47
55
25
122
88
91
112
76
82
58
20
58
18
-8
-22
-47
-66
-1
-23
-27
-12
-68
-30
-77
-29
-41
-47
-19
-65
15
-3
8
65
63
92
122
117
146
143
142
139
172
168
177
236
169
235
187
163
207
170
156
163
137
124
87
113
113
59
43
-30
-26
-21
-24
-76
-41
-62
-52
-48
-94
-9
-51
-36
-33
-69
-15
-27
13
70
-33
59
22
69
150
60
179
78
144
89
90
105
99
110
30
71
-1
84
106
101
138
135
108
113
151
133
154
165
162
147
129
89
126
67
148
104
103
239
154
232
198
174
207
153
160
236
222
246
209
242
258
167
255
213
154
272
268
238
322
231
248
244
218
194
181
164
81
126
116
94
59
144
100
192
180
179
256
219
231
158
140
135
19
-12
-41
-10
-68
-31
-63
-49
-110
-64
-54
-140
-132
-831
-779
-938
-859
-744
-788
-423
-534
-215
-248
12
225
272
443
532
436
345
216
-139
129
129
23
29
72
-7
165
270
244
126
49
-420
-178
9
-13
23
-131
-95
-388
-238
-501
-578
-190
-185
88
-597
-378
-428
-398
62
-257
-38
-390
-61
-148
409
-179
-490
-572
-471
141
-364
168
-366
-71
359
-187
332
-108
-183
-58
-101
235
-14
-346
-452
-27
247
226
192
-27
-193
-223
-135
-220
-160
-283
-764
-505
-115
150
-311
-364
-255
-111
26
193
-32
-162
191
-148
-303
-237
-498
-473
125
399
-191
19
-160
-185
61
117
460
86
-256
100
94
140
72
2
264
227
223
220
-19
255
210
133
17
159
-163
-332
599
-44
395
160
-37
19
-229
307
-33
46
63
6
80
107
229
-223
-104
-417
-110
23
217
190
-3
260
135
313
-315
36
246
26
144
373
-366
31
208
64
455
-114
23
-393
-137
387
59
358
155
100
417
-249
98
370
-223
-115
105
192
374
370
-205
-436
182
101
405
7
204
-25
43
-12
-82
103
-143
32
64
-63
117
-203
-39
-100
-159
-140
-344
-60
-230
-188
-295
-432
169
-274
91
-168
-383
376
-249
149
-156
-54
-186
-202
42
-296
85
-289
415
-106
329
400
-148
574
-343
219
275
-189
168
-245
186
21
170
92
-176
138
139
237
128
97
133
-313
-96
101
109
-109
91
-180
162
121
196
99
146
375
-213
253
-124
340
-203
65
214
149
331
-160
220
187
55
363
191
341
53
192
-35
-42
25
-286
130
-295
278
194
-28
235
-46
-15
6
-134
108
65
-4
146
-26
241
-15
-118
-128
-173
226
-166
41
-147
-77
436
231
-1
83
-68
291
-27
210
128
-127
-12
252
-328
-102
140
-459
-80
-285
-31
-37
31
176
29
-446
170
340
-76
4
-203
-87
-182
-263
-206
-518
32
-50
63
26
-108
-78
-177
-91
-57
178
-249
-145
-84
-52
-86
73
-81
-379
140
66
-103
156
107
-155
4
-141
-236
-13
-326
-61
0
-63
425
-195
103
-55
61
114
-224
292
-52
-100
28
-29
220
-84
165
-192
-17
255
-241
436
-343
114
-19
-89
42
-60
120
-401
573
150
49
-21
-346
-127
22
140
153
75
83
-22
89
66
115
409
-1
-187
-188
168
-103
156
171
71
168
-315
-49
-198
39
-139
-215
141
-182
7
-254
-209
243
30
-94
277
-327
23
-178
-446
628
-556
-183
-270
-153
33
-21
16
63
-26
-63
138
-249
152
114
74
230
168
94
323
-190
-100
-217
-229
169
-286
84
21
268
247
221
-41
-18
-77
81
126
-378
156
-149
-206
320
-451
-187
242
-44
328
-54
218
-100
-187
125
-151
13
-295
-321
-162
-161
382
131
188
-21
74
222
-131
-16
-345
-418
-611
34
-74
-336
270
-86
669
483
295
144
-684
-152
-168
-491
353
-187
-110
-134
-291
257
-78
-135
-507
-324
-125
115
347
50
-9
-16
41
-167
-497
70
-240
83
52
-330
139
-243
-23
-126
-20
-95
-62
-184
-411
149
-439
108
-127
245
43
8
87
-400
385
59
-87
175
53
59
353
-262
247
124
78
196
188
-89
372
-68
-10
128
-143
249
-369
531
-172
-4
389
-82
441
-47
-258
363
-130
236
122
-456
83
-45
-121
17
-115
177
64
57
178
-28
-343
-252
-355
-62
-74
-307
646
-204
188
375
-530
353
-172
21
162
-214
377
-138
140
399
420
263
153
42
40
-59
-235
170
-341
-50
211
-455
-222
101
153
268
-22
582
149
28
174
-22
305
-169
-145
-166
-129
128
-124
26
-28
131
-25
155
-41
-86
346
-95
305
-66
-146
209
-41
123
-232
-83
142
-54
74
73
295
157
-67
272
-374
-59
-70
98
160
21
177
22
232
-400
155
31
92
256
-138
6
-213
-304
42
-88
206
65
-107
113
-88
167
283
81
407
4
-211
-74
-204
72
152
-77
93
112
-102
52
-57
6
-3
-3
101
-162
-45
366
-46
118
61
-14
243
28
-48
19
-7
111
-145
4
133
5
-122
-21
114
-29
2
50
175
53
-97
151
268
-46
-86
-17
-96
169
41
54
303
-139
0
-57
-84
99
-190
43
83
38
105
91
135
179
-59
123
83
-130
167
-95
161
-41
-111
74
42
-53
-12
151
45
155
44
75
-10
-19
67
75
-65
56
-211
-50
-6
-153
114
-4
53
-47
49
-27
40
-42
-116
69
-86
-8
56
-65
38
-81
-79
-9
-122
18
-4
-84
-16
-67
-68
-83
-147
-61
-164
-91
-54
-145
-22
80
-116
-69
-82
-126
135
-96
-7
123
7
33
-66
-82
37
-88
64
-120
-7
35
-128
216
-91
49
82
-119
97
-87
-118
-53
-85
151
-2
-165
49
-128
-65
123
-168
-88
-26
-63
122
-32
-131
-123
-147
-159
-26
-179
-105
-22
-45
20
-25
-50
-35
-58
17
29
-95
137
18
144
101
36
136
120
63
-99
146
-40
32
32
-76
-118
123
27
-23
139
-163
189
141
11
77
-110
-49
102
42
-24
-67
10
27
-49
-125
-14
-89
-103
3
-120
-232
-25
-172
4
2
-117
164
2
-78
20
-24
-194
26
12
-190
-38
138
-64
88
-15
25
-6
69
36
22
-68
-120
0
-124
52
-122
64
-81
-36
-103
-88
77
88
24
-102
-91
-76
-36
-61
-24
-89
9
62
6
-26
-19
27
-106
22
-43
-122
-2
18
-49
-15
35
64
2
15
-153
-87
89
-45
43
-35
19
47
16
30
11
-43
106
-69
-9
-17
14
63
-39
-38
12
65
-65
-8
39
-39
10
104
-86
108
-140
-34
-80
3
88
-164
-42
-37
55
-30
1
64
-6
-55
39
-32
-85
94
-9
26
-6
10
156
4
98
180
-15
75
115
34
136
26
67
182
144
119
57
-57
9
157
-27
-55
57
-49
-8
61
3
-116
-36
-87
94
-81
1
91
-129
63
-74
-120
-74
35
-129
-19
0
-31
-32
-68
7
-51
76
125
-12
-30
61
-58
73
66
19
68
3
99
-37
-25
-4
125
136
137
97
-82
-6
110
98
-3
144
-44
154
84
-90
69
-71
16
29
-37
-49
75
-91
12
-9
-35
101
-125
-102
34
-134
-17
-9
-34
-7
-19
-4
-57
73
-171
-25
-68
22
82
-154
31
-43
-15
-31
-66
-87
29
-48
16
153
-46
22
50
-1
111
-12
-57
-8
49
5
72
66
0
12
-105
-97
23
-10
-42
0
-47
1
26
52
57
19
-8
48
-132
-5
-49
-57
56
-118
180
-78
-18
41
-51
135
47
-58
85
-23
-43
99
-51
-12
104
-36
78
83
6
89
67
-38
124
-56
58
55
-82
116
-107
93
-26
60
10
-32
-13
-7
58
-113
-105
39
-92
-96
101
-194
53
-5
-166
7
17
-49
41
-22
-51
35
-26
-35
86
-22
-21
166
-107
69
-34
29
73
-64
30
1
33
74
122
-45
57
134
-118
104
-46
-110
131
-114
59
13
-77
113
-2
-51
53
117
-52
-21
-122
-40
-67
43
75
33
9
-29
11
-74
125
-25
-15
157
131
-207
102
47
-245
340
-268
-81
131
-87
166
72
8
-57
92
10
-63
-31
-74
-66
245
-173
216
73
-31
102
-20
109
34
-122
51
212
-283
427
-192
-91
228
-340
283
-289
149
-88
-68
120
-93
-3
16
42
-138
27
-219
10
116
-275
218
-63
-133
183
-142
121
-55
-101
69
-6
155
-100
-57
126
-44
169
-63
-89
148
41
125
30
156
-170
-21
212
-228
183
-61
-105
294
-252
239
-56
14
130
-42
92
38
25
-57
121
-120
157
-39
-22
101
-79
-55
184
-35
41
173
-225
262
-159
147
48
18
89
16
52
-185
226
-109
114
0
-36
-119
-9
69
-104
-77
122
-63
-1
-2
110
-16
-117
128
38
-79
0
-128
240
-268
-27
260
-335
99
80
-170
-182
60
-32
-225
113
404
-387
288
-176
-311
422
-341
208
-129
-11
-18
74
-49
-287
310
-235
153
-132
-21
-147
275
-157
-106
211
-270
24
36
-92
34
-32
97
-59
30
148
-125
225
-108
25
124
-198
300
116
-36
155
25
-35
-36
109
10
-22
218
-185
170
-240
130
72
-327
526
-411
-60
403
-365
364
165
-453
404
2
-245
110
-144
153
-48
-2
-129
-146
269
-22
-111
167
-105
-2
71
-99
-86
257
26
-89
238
-79
-184
302
125
-671
586
-368
13
305
-231
203
-16
116
-954
918
97
-256
416
-210
-170
152
171
-153
517
-62
300
138
-172
74
-183
84
-147
-21
36
-409
277
-118
-208
252
-376
-63
107
-175
144
-313
324
-231
29
-590
-1953
1661
12
-472
828
-520
141
99
162
92
-226
405
-12
-55
317
-221
63
202
-60
239
-27
-424
352
-379
39
34
-283
-18
-263
-432
342
-307
-23
10
-511
403
-2582
1160
714
-1339
1260
-977
-190
469
-312
68
-55
4
179
-246
448
-572
-148
65
-379
273
27
-298
-172
484
-490
211
23
-137
-83
-197
-86
48
-284
11
-194
-433
266
-2290
1391
421
-965
1120
-1293
295
129
-386
163
-336
211
222
-687
784
47
-772
728
-399
109
355
-135
392
-89
-58
309
-434
148
-110
-130
129
-423
-28
-645
-99
130
94
546
112
186
93
-118
609
149
-110
280
-100
-89
580
-558
104
376
-433
592
73
-245
400
-580
462
-75
-617
656
-1492
265
-1847
347
1006
-895
1135
-453
184
352
337
98
-654
750
-307
-520
824
-854
257
227
-38
232
-30
20
27
532
-440
-77
-158
-355
43
-350
99
335
388
-102
-83
478
-51
610
-289
-414
60
-67
-137
-279
5
-351
715
-679
94
151
-1027
548
-260
-264
-279
-449
-78
294
84
271
231
-19
957
-251
299
485
-404
604
150
38
361
-154
608
260
619
175
392
424
403
315
115
432
-389
425
53
671
521
373
622
438
903
241
670
285
134
460
31
485
143
-128
853
-37
324
297
-121
292
-29
341
-297
-161
-224
35
132
364
382
-118
-10
546
285
270
488
-330
146
158
-74
272
-232
-10
427
53
59
107
-458
587
-270
-552
392
-723
-27
-97
-583
752
-358
423
143
-361
502
-735
375
-572
-92
138
-877
153
-274
-56
-130
-408
94
-227
-178
-355
-533
-67
-549
-598
8
-190
-97
361
-217
43
818
-164
171
212
64
120
-346
406
36
-85
695
4
632
393
255
1119
3
825
442
195
965
9
547
469
585
248
-13
19
-108
-521
-462
-728
-1137
-768
-1359
-747
-1319
-1440
-571
-1345
-1148
-676
-1299
-970
-809
-1217
-865
-1156
-1181
-712
-470
-494
-444
-349
381
-603
-411
471
-605
123
-227
-211
338
-319
580
-443
156
439
-327
221
-204
-242
-171
-373
-117
-522
-805
640
-568
428
-32
-106
755
-156
629
-163
394
277
384
338
510
570
197
525
384
538
118
-112
1021
137
99
680
51
575
615
616
897
444
1058
389
1029
1243
-131
391
520
409
473
697
-196
193
931
-264
415
50
-135
561
-129
127
-40
-721
665
266
167
863
-140
511
447
182
378
423
109
197
-444
280
230
74
789
-807
1036
420
-324
269
-225
55
-318
284
-128
-113
104
-55
224
592
-39
268
718
-552
707
-335
42
-261
-135
120
-810
295
33
243
-448
-155
-449
65
-585
-254
-158
-1010
-269
-152
94
-878
753
-393
-235
843
-874
-356
152
-815
254
-786
-803
1002
-1270
490
132
-891
687
-553
-15
-714
-71
-498
-753
255
-711
83
-775
23
203
-655
240
76
-921
75
-3598
-5047
1049
774
1004
2004
-528
-53
564
-77
178
-537
-97
-586
-588
939
-910
-398
346
11
197
69
26
357
787
133
-221
481
-488
-226
603
-1326
-273
1111
-778
187
213
-849
142
-138
-404
-267
-903
-241
-530
-92
-272
-337
236
505
-346
352
275
52
181
-425
354
-501
833
-174
-178
-144
-164
464
-114
-168
8
-155
-123
130
-233
-374
-30
304
-141
643
379
502
692
146
916
-2
258
578
-372
781
263
151
432
-233
533
72
93
579
-234
135
358
54
388
-252
-100
6
633
-92
170
671
-184
819
-111
247
166
-29
475
342
248
-40
306
330
-175
381
281
-274
554
-9
39
-695
-15
416
-209
132
73
245
697
222
-41
237
-169
794
124
-44
-130
67
77
-300
664
-370
31
649
-559
229
-196
110
-272
-1073
-906
-5046
-4345
409
244
1607
2007
1010
2132
766
1184
848
-29
853
58
614
608
3
-412
101
379
195
-181
-140
368
279
17
230
287
-575
-164
-317
-681
2
-27
30
-55
-1179
-99
-694
-459
-62
-393
-491
-530
-530
-243
-605
-413
233
-694
28
253
-602
150
-328
-175
-80
-196
192
-578
286
310
289
529
-202
343
155
-307
458
-406
-342
179
-247
421
354
78
194
-344
-294
-322
-276
21
-652
-274
-265
-9
86
-720
-247
143
-231
-129
523
213
-597
361
-187
-765
246
-770
-413
-379
221
-199
-428
14
-715
-4
-744
-130
247
-840
-371
286
-706
-196
67
-657
82
-55
-95
-290
374
137
310
111
300
54
82
-454
243
260
-709
656
-114
-912
432
98
-747
221
-264
-93
-65
246
173
-29
839
248
-60
357
583
-336
48
-260
313
532
-562
335
341
149
347
347
5
-279
87
-24
-103
744
110
343
375
9
680
-350
213
881
-422
292
-119
-90
-612
-523
-1530
-2732
-3539
-1877
-31
263
1878
1103
2205
1438
1810
1545
1771
969
671
499
205
1212
-148
378
66
767
881
587
1478
855
851
1200
947
385
1242
415
-181
906
256
664
615
-218
425
296
121
-72
109
25
-345
60
-187
69
201
219
366
601
963
410
918
541
133
320
199
419
-3
451
-177
21
368
-227
331
-327
594
307
221
732
84
892
437
567
831
505
861
481
253
391
706
307
109
77
212
-251
300
269
-140
-92
57
-36
619
782
106
505
120
864
-7
-147
278
59
561
-337
72
-60
223
481
152
376
368
399
210
312
575
406
11
508
544
437
303
814
688
442
788
215
616
782
495
517
146
336
511
16
87
61
226
318
618
453
462
88
234
24
10
181
-589
-183
-278
-301
-399
-692
-572
-983
-607
-1110
-892
-540
-1142
-761
-1103
-1259
-515
-925
-1007
-891
-987
-797
-869
-1190
-1507
-1632
-1821
-1354
-1360
-1444
-1613
-1893
-1633
-1654
-1647
-1712
-2070
-1918
-1782
-2038
-1975
-2229
-1933
-1942
-1901
-1866
-1965
-1684
-2180
-1244
-1572
-1071
-1549
-1333
-1483
-1543
-1106
-1952
-1330
-1815
-1576
-990
-1173
-702
-1006
-1072
-716
-1157
-1232
-716
-736
-705
194
-103
336
370
-190
1
-144
-47
566
838
707
1061
1325
1131
1806
2229
1987
2162
2834
2483
3359
2816
2561
2735
1588
1214
32
-618
-1157
-2002
-3099
-3818
-4359
-5013
-5445
-6005
-6177
-5887
-5983
-5782
-5386
-4611
-3959
-3809
-3391
-2997
-2315
-2772
-2795
-2313
-2588
-2526
-3397
-3594
-3282
-3362
-3580
-3187
-3042
-2102
-1756
-1569
-532
164
1156
1217
1706
2312
2259
1934
1260
1372
1376
1030
738
351
915
964
1028
1589
2037
2818
3067
3645
4749
5367
5590
5589
6321
6231
6416
6359
6327
6879
7041
6786
4883
6446
6380
6669
7770
8428
9161
10417
10085
8887
9327
7823
8534
4619
1695
205
-1356
-3304
-7404
-9504
-10145
-10672
-11955
-13207
-10849
-9374
-9069
-8250
-5495
-2045
-1318
-2441
-273
2316
2495
936
-829
1230
1143
-803
-1654
-1566
59
-1601
-2039
-41
1715
2916
1849
3702
6173
7190
6879
5792
6570
6364
4409
2314
453
-947
-3008
-5914
-7020
-7964
-8907
-10121
-10624
-9038
-7446
-6505
-5803
-3775
-548
821
1411
2517
4106
5511
4598
4040
4444
3982
3077
2204
2569
3345
3337
2852
4011
5442
6062
6513
6931
8902
10556
10620
11623
12179
13226
13210
13143
12974
13669
12970
13098
11681
9009
9462
6360
6874
988
-2189
-4258
-6032
-7969
-13614
-15507
-15160
-16264
-17360
-19174
-15924
-13983
-14538
-12845
-9502
-5382
-4517
-6312
-2359
893
1262
-766
-1771
2021
923
-528
-2107
-381
1673
-1407
-59
1331
4640
4829
3417
6451
8569
9859
7993
7646
7798
6876
4649
1254
-744
-4134
-6807
-10817
-12407
-14631
-16482
-17780
-18522
-15898
-14558
-12981
-11401
-8243
-3809
-954
254
2140
4512
6332
6179
5529
6640
5969
5534
4316
4657
5385
3646
3464
3446
5642
5929
5646
7234
8557
11014
11024
12469
14014
14954
15725
15638
16050
16553
15321
15021
11646
9288
7971
4291
2864
-4682
-7226
-9773
-11770
-15180
-20312
-20103
-19883
-20381
-20934
-20698
-16040
-14967
-13982
-10666
-6841
-2546
-3826
-2656
1257
3333
2921
-146
1794
3020
2361
295
-289
2630
2311
1611
2687
5595
8121
7553
8331
10990
13419
12854
10978
10810
10248
8357
4013
451
-2433
-6106
-11010
-15315
-17389
-19764
-22372
-23883
-23101
-20033
-18398
-16342
-12526
-7187
-2372
266
3437
6920
9806
10460
9799
10392
10035
8962
6948
6056
6324
5563
4572
4606
6285
7807
8210
9133
10906
13420
14487
15057
16219
17765
18310
18303
17122
17780
16208
14759
10775
6191
4348
-742
-3122
-10541
-14984
-17177
-19695
-21841
-26782
-27285
-25585
-25511
-24341
-24204
-18341
-15342
-14040
-10340
-6413
-719
-1379
-1015
2524
5532
5764
2005
3154
4775
4886
2388
1213
4013
4572
3455
3709
6808
9578
9403
9187
11482
14377
14015
11912
10734
10517
8631
4471
-186
-3506
-6654
-11631
-16336
-19516
-21550
-23587
-26033
-26167
-23682
-21029
-19183
-16410
-10572
-4644
-425
2326
6336
11409
13334
13554
13556
14400
13803
10952
8692
7922
7239
4917
3386
4187
5545
6322
6722
8669
12029
14156
15597
17124
19627
21243
22019
21519
21651
21714
19823
17462
12022
9678
5863
1897
-3820
-11176
-13300
-16822
-19447
-24031
-26835
-24582
-25117
-24284
-24254
-20418
-15837
-15452
-12354
-8965
-3910
-2718
-4267
-1238
1489
2736
-308
-1224
1409
1868
423
-1388
840
3222
2567
2613
5256
8990
10086
9398
11066
14169
14861
12425
10606
9952
8986
4893
-378
-3504
-7666
-11268
-17305
-20348
-22818
-25553
-27571
-28945
-26567
-24592
-23138
-20172
-15928
-9142
-5196
-1627
2582
7312
11353
11784
12687
13530
13690
12123
9344
8600
7190
5444
3137
2861
3947
4274
4495
6027
9170
12061
13707
15500
18291
21038
22072
22790
22962
23843
22600
20350
17014
12409
9757
4335
304
-6775
-12080
-14766
-18146
-20773
-24881
-25087
-22814
-22618
-20709
-19628
-13769
-10710
-9189
-5513
-2136
1896
437
8
2334
3098
1657
-2470
-2145
-1035
-2104
-4094
-4436
-1371
-47
-331
1738
5640
9122
9844
10765
13966
16504
16152
13858
13080
12169
9941
5171
438
-2578
-7393
-11241
-16439
-18637
-21319
-24117
-24812
-24925
-22027
-20939
-18878
-14541
-10049
-4044
-1523
2576
6752
10223
12895
12266
13445
12910
11927
9849
7060
6302
3665
2071
599
850
1791
1609
2965
5233
8451
10876
12419
15142
17880
20097
20673
21475
21969
22162
20420
18170
14797
10798
7525
2680
-1318
-8195
-12535
-15366
-18002
-21019
-24481
-23865
-22026
-21671
-20370
-18445
-12974
-10824
-9095
-5489
-1807
1285
-366
539
3056
3713
1808
-1107
215
871
-561
-2300
-1762
898
1184
1124
3495
7005
9445
9580
10976
13883
15366
14164
12088
11229
10024
6901
2311
-1860
-5273
-9373
-14072
-17472
-20209
-22199
-24573
-25091
-23717
-21801
-19940
-17771
-13230
-7978
-3528
66
3510
8390
11743
13474
14118
14596
14929
13352
11257
9253
7641
5458
3035
2195
2261
2525
2446
3449
6279
9017
11203
12798
15781
18606
20687
21338
22294
23227
23327
21870
20000
17673
13292
9895
5270
2129
-3569
-9642
-13045
-15572
-17609
-21516
-23402
-21532
-20696
-19173
-18891
-14655
-10791
-9487
-6730
-3971
262
546
-502
1514
2926
3242
-15
-646
620
395
-739
-1789
204
1910
1868
3270
5902
9096
10200
10709
12792
14938
15108
13204
11572
10399
8303
4637
50
-3702
-7666
-11801
-15632
-18844
-21177
-23704
-24771
-24740
-23269
-21655
-20020
-16757
-12731
-8003
-4153
-956
2940
6564
9496
10682
11091
11432
10836
9581
7439
5673
3973
1743
416
-331
102
265
731
2489
5238
7826
9749
11840
14608
17007
18433
19040
20023
20230
19984
18402
16944
13991
9615
6625
2580
-315
-6704
-11919
-14533
-16789
-19073
-23249
-24139
-22373
-21928
-20973
-20650
-16007
-13235
-12103
-9393
-6390
-2285
-2988
-3349
-912
734
732
-2502
-2119
-584
-688
-1898
-2554
32
1390
1425
2919
5739
8804
9425
9918
12164
14218
14015
11881
10548
9507
7616
3681
-655
-4224
-7900
-11510
-15677
-18504
-21103
-22937
-24050
-24184
-22539
-21134
-19030
-16159
-11926
-7064
-3552
-289
3356
7518
10317
11065
11655
11978
11952
10333
8102
6607
4879
3008
1321
900
1325
1421
1995
3672
6639
8976
10882
12943
15606
18014
19329
19888
20558
20721
20666
19199
17822
15065
10914
8016
4302
1750
-3755
-9472
-12283
-14337
-15856
-20123
-22195
-20740
-19925
-18918
-19436
-15683
-12405
-11348
-9240
-6606
-2279
-2158
-3289
-1204
1038
1873
-1303
-1805
77
703
-223
-1451
686
2554
2626
3671
6031
9134
9872
10057
11747
14029
14174
12236
10551
9605
8235
4878
819
-3234
-6402
-9927
-13522
-16652
-19645
-21450
-22817
-22866
-21893
-20878
-18963
-16578
-12363
-8032
-4345
-1104
2144
6563
9512
10842
11351
11540
12067
10790
9083
7050
5464
3675
2000
1284
1187
1241
1652
2978
5500
7863
9663
11679
14117
16488
18042
18798
19262
19905
19372
19080
17301
16095
12327
8554
6138
2837
263
-6673
-10539
-12452
-13856
-16508
-21054
-20882
-19213
-18845
-18768
-18346
-13520
-12084
-11307
-8802
-5419
-2108
-4182
-3714
-746
1326
208
-2873
-1216
659
541
-952
-847
2132
2879
2975
4525
7409
9664
9527
10174
12367
14064
13034
10773
9726
8915
7237
3054
-879
-4507
-7044
-10782
-14636
-17237
-19958
-20891
-22673
-22206
-20738
-19727
-17532
-15267
-10138
-5995
-2943
200
3719
8755
10436
11186
11775
12091
12532
10121
8369
6626
4942
3140
1286
1257
1095
1306
1811
3536
6469
8396
10187
12125
14717
16946
18098
18396
18933
19462
18894
17988
16493
15060
11126
7742
4998
2929
-494
-7490
-10676
-12157
-12988
-16777
-21189
-19951
-18550
-17952
-18986
-17344
-12875
-12138
-10904
-8656
-4516
-2498
-4891
-3278
-449
1516
-710
-2935
-640
816
652
-1064
-169
2498
2847
3503
5019
7860
9548
9331
10497
12502
13790
12378
10422
9300
8672
6546
2398
-1779
-5134
-7658
-11437
-14726
-18378
-20170
-21582
-22259
-21805
-20991
-19391
-17076
-13686
-9055
-5314
-1808
1165
5380
9288
10972
11727
11532
12305
11922
9946
7719
5600
4303
2577
1292
768
839
1344
2155
4318
6745
8878
10553
12798
15241
17157
18075
18189
18953
18712
18193
17284
15730
14399
9676
7045
4606
2767
-839
-8033
-10186
-11517
-12170
-16337
-20730
-18814
-17852
-17309
-18836
-17235
-12632
-12653
-11457
-9433
-5142
-3461
-6292
-4279
-1067
1102
-1550
-3749
-635
1226
936
-1074
139
3400
3611
3858
5304
8450
9893
9281
10137
12454
13712
11786
9605
8733
8541
6199
1709
-2451
-4999
-7291
-11374
-15023
-18309
-19537
-21105
-22480
-21957
-20862
-19181
-17659
-14423
-9502
-5720
-2717
-170
4736
8889
10198
10688
10914
12496
11921
9587
7632
6122
4983
2764
1405
1070
1254
1441
1868
4096
6463
8374
9856
11972
14473
16390
16872
17072
17703
18107
17064
16223
14680
14355
10900
6722
4904
2946
1580
-5568
-9718
-10610
-10726
-13489
-19434
-19434
-17007
-16872
-18023
-19033
-13838
-12233
-12599
-11024
-7646
-3503
-5890
-6280
-2740
329
-45
-3923
-2059
1150
1740
0
-839
2704
4308
3905
4466
6885
9664
9530
9229
10962
13113
12672
10057
8629
8453
7619
3667
-1317
-3921
-5890
-8899
-13675
-17328
-18436
-19822
-21347
-22694
-21013
-19164
-17904
-15664
-11717
-6453
-3478
-1274
2931
7608
10521
10465
10796
12398
12845
11106
8196
7038
6090
4238
2279
1184
1744
1992
2111
3334
5640
8068
9512
11122
13229
15815
16800
16706
16996
17715
17483
16163
14595
14199
12919
8306
5311
3539
3015
-1311
-8102
-10136
-9925
-10755
-16119
-19752
-17418
-16113
-16727
-19056
-16535
-12275
-12656
-12408
-10142
-5527
-4521
-7290
-5232
-1475
597
-2479
-3894
-504
1650
986
-1133
514
3867
3921
3697
5072
8168
9557
8723
9296
11667
12725
10960
8612
8180
7858
5706
1051
-2919
-4448
-7213
-10716
-15247
-17559
-18320
-20080
-21593
-21717
-19732
-18028
-16965
-13910
-9509
-4932
-2654
-161
4828
8514
10313
10027
10945
12649
11913
9691
7503
6897
5543
3401
1835
1469
2091
1964
2263
4116
6289
8252
9630
11308
13665
15609
16064
16207
16641
17167
16402
15143
13736
13708
11695
6982
4736
3117
2719
-2544
-8541
-9732
-9421
-11012
-16658
-19023
-16452
-15852
-16848
-19062
-15374
-12127
-13065
-12376
-9786
-5039
-5233
-7488
-4660
-865
623
-2776
-2885
644
2340
1333
-448
2080
4839
4334
4318
5960
8967
9680
8682
9572
11932
12423
10312
8340
8093
7639
4968
611
-2820
-4199
-7291
-10869
-14731
-16835
-17894
-19845
-21182
-20775
-19363
-18044
-16814
-13399
-9148
-5332
-3045
-36
5051
8296
9753
10109
11308
12796
11837
9800
8060
7236
5510
3468
2039
1651
1706
1460
1987
3901
5801
7363
8929
10936
13262
14874
15373
15826
16508
16715
15831
14828
13795
13435
11539
6892
4952
3319
2547
-2060
-8049
-9294
-9382
-10804
-15909
-18677
-16403
-15892
-16599
-18662
-15707
-12134
-13059
-12333
-9905
-5387
-5011
-7547
-4829
-1037
634
-2545
-3102
643
2365
1406
-448
1941
4945
4233
4042
5815
8811
9466
8218
9240
11759
12314
10043
8332
8205
7948
5290
1368
-1907
-3700
-6444
-9998
-12974
-15947
-17281
-19131
-20005
-19729
-19282
-18190
-16877
-13548
-9701
-6504
-3812
-1022
4026
7423
9059
10038
10974
12803
12189
10598
8916
7771
6184
3965
2779
1887
1489
1007
1453
3443
4939
6076
7835
10032
12535
13654
14532
15145
16213
16061
15480
14541
13803
12971
11846
9018
5569
4352
2499
1081
-4263
-7913
-8622
-9115
-11857
-15927
-16977
-14998
-15442
-16638
-17414
-13698
-12213
-13028
-11634
-8679
-5235
-6514
-7283
-3542
-553
-688
-3259
-1655
1793
2267
697
463
3862
5190
4039
4651
7066
9325
8733
7918
9936
11826
10975
8538
7809
7785
6698
3236
-221
-1810
-4202
-7369
-10930
-12966
-14472
-16577
-18877
-19500
-18129
-17697
-17798
-16404
-12952
-8707
-6769
-4770
-864
3781
6517
7417
9070
11144
11995
10709
9447
9298
7974
5563
3444
2849
2629
1413
473
1535
3567
4739
5426
7152
9761
12034
12661
13286
14495
15461
15176
14373
13413
13383
12452
11063
9425
6044
4860
2581
1629
-1727
-6350
-7864
-8888
-9797
-13600
-16622
-15203
-15208
-15426
-17431
-15309
-12359
-13072
-12268
-10294
-6227
-5657
-7700
-4803
-1386
259
-2308
-2340
1434
2728
1741
470
3056
5461
4219
4188
6055
8599
8573
7308
8667
10832
10772
8546
7504
7536
6872
4388
1020
-914
-2691
-5636
-8571
-11246
-12851
-14634
-16986
-17982
-17708
-16939
-17109
-16479
-13802
-10362
-7585
-6117
-3020
1511
4523
6275
7294
9535
11024
10429
9483
8845
8337
6255
4129
3136
2552
1742
413
726
2410
3421
4287
5337
7732
10085
11261
11864
12960
14056
14613
13890
13467
12844
12818
11469
10475
9047
5892
4893
2503
2136
-1534
-5778
-7365
-8102
-9182
-13222
-15915
-14566
-14720
-15115
-17333
-14755
-12459
-13159
-12221
-10254
-6187
-6170
-7562
-4586
-1358
-47
-2449
-1754
1437
2493
1599
633
3205
4792
3759
4157
5787
7879
7754
7009
8463
10318
10196
8446
7656
7544
6942
4754
1582
-153
-1998
-4862
-7744
-10320
-11663
-13563
-16065
-17360
-16470
-16115
-16495
-16276
-13626
-10095
-7975
-6766
-3589
800
3545
4963
6491
8685
10154
9415
8697
8759
7852
5821
3861
2904
2546
1338
61
304
2009
3061
3921
5082
7177
9905
11088
11783
12914
14099
14661
14192
13626
13432
13067
11866
10491
10552
7497
5520
3599
2871
2051
-3608
-6195
-6924
-6900
-10121
-14761
-14505
-13603
-13976
-16451
-16558
-12585
-13031
-13328
-12034
-8553
-5970
-8328
-7226
-3383
-649
-1861
-3281
-377
2050
2071
619
1548
4566
4401
3918
5137
7183
8549
7668
7885
9896
10969
9780
8330
7799
7733
6535
3405
906
-912
-2496
-5441
-8480
-10482
-11988
-13399
-15582
-16412
-15718
-15979
-15858
-15233
-12556
-9897
-8607
-6785
-3501
401
2289
3332
5368
7455
8619
7763
7259
7460
6661
4992
3516
2977
2454
1455
792
1590
2965
3695
4431
6050
8180
10041
10855
11584
12702
13773
13749
13306
12877
12804
12077
11353
10250
10723
8602
5741
4808
4010
4112
-1164
-5029
-5567
-5414
-8235
-13512
-15067
-13392
-14264
-16558
-18113
-14544
-13733
-15000
-13996
-10488
-7031
-8535
-8898
-4725
-782
-1196
-3206
-1106
2381
3269
1424
1667
4671
5520
4644
5038
7301
8902
8143
7686
9430
11327
10429
8537
8004
8230
7840
4854
2020
531
-834
-3624
-6899
-9163
-10595
-12320
-15194
-16149
-15960
-16105
-16965
-16859
-14187
-11765
-10515
-9425
-6067
-1811
228
1630
3617
6523
8239
7833
8008
8422
8374
6789
5335
4968
4290
3178
1783
2090
3149
3552
3849
4687
6893
8632
9580
10064
11301
12690
12921
12490
12319
12460
12353
10606
10336
9937
10437
7854
4606
4732
4086
3772
-1816
-5314
-5253
-5559
-8654
-13526
-15055
-13425
-14632
-16788
-18037
-14654
-14054
-15182
-14163
-10440
-6992
-8580
-8841
-4649
-239
-663
-2978
-680
2955
4185
1838
1756
5217
5927
4740
4727
7092
8953
7660
6888
8895
11061
10023
7762
7509
8101
7764
4458
1751
524
-691
-3509
-7042
-8962
-10521
-12215
-15323
-16458
-15953
-16269
-17487
-17604
-14945
-11988
-11199
-10377
-7003
-2076
147
1190
3329
6782
8915
8278
8464
9379
9422
7536
5797
5716
5071
3327
1491
1785
2976
2926
2789
3655
6026
7789
8344
9106
10411
12060
12017
11671
11457
11771
11253
9959
8807
9204
8788
8389
6466
4595
5035
3959
3643
92
-2899
-3687
-4180
-6414
-10257
-13005
-12388
-13121
-15084
-16998
-15146
-14313
-15009
-14727
-11753
-8406
-9105
-9312
-5765
-1096
-749
-2546
-368
3188
4814
2865
2807
5928
6487
5182
5049
7043
8274
6810
6027
7826
9444
8274
6570
6681
7058
6575
3953
2087
922
-680
-2814
-5764
-7495
-9588
-11338
-13482
-14899
-15049
-15621
-16388
-16335
-14555
-12445
-11253
-10185
-7575
-3416
-1220
287
2357
5089
7480
7478
7863
8663
8784
7617
6175
6020
5047
3651
2074
1913
2578
2099
1885
2619
4393
5506
6268
6820
8114
9371
9474
9436
9339
9252
9064
8158
7527
7490
7094
7174
6477
8040
6307
5588
5271
5281
6143
1286
-1172
-1425
-1704
-5073
-10169
-11833
-11074
-12878
-16708
-17526
-14885
-15379
-16312
-15645
-11062
-8481
-9815
-8279
-3524
774
-550
-582
2436
5290
5434
2969
4459
6275
5175
3881
3992
5751
5656
4330
4450
6313
7405
6313
6064
6235
6856
6501
4459
3291
1726
778
-1592
-4259
-6223
-8280
-9966
-12534
-14010
-14349
-15025
-16005
-15683
-14075
-12199
-10978
-9724
-6374
-2783
-944
1152
3406
6297
7875
7932
8750
9195
8998
7462
6377
5637
4295
2782
1228
1068
763
410
226
1028
2451
3373
4338
5217
6453
7882
8021
8390
8414
8630
8406
7704
7309
7410
7466
6791
7555
8155
10050
8199
7328
8387
9141
9105
3779
1384
1765
276
-3974
-9421
-11030
-10834
-13899
-17756
-18054
-15953
-16924
-18059
-16733
-11786
-9747
-11338
-9357
-4147
-87
-1608
-1862
1460
4405
4012
1467
2930
4943
3537
2012
2327
4520
4485
2856
3327
6007
7562
6375
6255
7129
8481
8100
5819
5081
3771
2712
-110
-2743
-4508
-6971
-9256
-12297
-13082
-13618
-14962
-16532
-16050
-13632
-12051
-11659
-10410
-6666
-2663
-1506
306
2651
5832
6938
6656
7768
8148
7576
5430
4817
4444
2728
601
-1044
-476
-902
-1661
-2148
-1033
677
1546
2643
3748
5603
7149
7633
8684
8979
9694
9255
8857
8803
8909
8518
7792
7731
9068
9735
10378
10945
9631
11171
10456
11307
9629
5338
3136
2344
-249
-4549
-10508
-12160
-13292
-16142
-20186
-19969
-19278
-19748
-20109
-17626
-12970
-11950
-11994
-8761
-2772
-386
-1820
-360
2806
5150
3431
2093
4017
4342
2616
1795
3299
4406
3545
3190
5259
7988
8179
7856
8954
10043
10731
9513
8501
6991
5141
3409
404
-1926
-5141
-7561
-10048
-12613
-13616
-14500
-15443
-16435
-15635
-13365
-11649
-10947
-9501
-5822
-2750
-1166
36
2033
4328
4501
4645
4910
4793
3653
1912
1598
905
-499
-2252
-2445
-1918
-1841
-1725
-1402
432
1983
3393
4948
6322
7702
8877
9759
10070
10203
9834
9282
8726
7838
7465
6948
5944
6554
6933
8052
9063
9720
12899
11579
12147
12345
13060
13024
6870
3724
3067
485
-5036
-12243
-14736
-15095
-18899
-23789
-24112
-22018
-22188
-22911
-20706
-14568
-12105
-12046
-9023
-2382
1886
366
1266
4620
7775
6328
3669
4927
5868
4303
2069
2637
4118
3677
2913
3896
7110
8426
8088
9157
10367
12175
11327
10018
8836
7071
5840
2031
-878
-4106
-6830
-9726
-13121
-15008
-16100
-16876
-18492
-17879
-16169
-14228
-12826
-11701
-7978
-4534
-2790
-1048
888
3659
4334
4342
4652
5043
4395
2688
2119
1571
874
-844
-1219
-779
-446
-86
-198
1737
2997
4274
5471
6459
8144
8937
9531
9722
9710
9636
8868
8177
7255
6567
6098
4970
5260
5087
6476
6298
8005
9405
11627
13329
10858
12730
12325
13126
9912
4142
2051
754
-3908
-9427
-15412
-16132
-18009
-21703
-24655
-22508
-20996
-20954
-20531
-15666
-9870
-8774
-7842
-3815
2814
4130
2088
3690
6366
7425
3750
2173
3808
3295
708
-1049
1611
2684
1785
1813
4470
8458
8512
8643
10322
11912
12590
10327
9432
7596
5284
2335
-1774
-4225
-7807
-10895
-13865
-15986
-16729
-17120
-17896
-17798
-15611
-13044
-10950
-9793
-7354
-3121
-1058
-42
990
3052
4324
3278
2899
3270
2992
1094
-43
218
457
-744
-1845
-283
919
1557
1586
2806
5342
5941
6634
7198
8393
8683
8086
7970
7516
6879
5499
4182
3608
2750
2210
1356
1240
2058
3146
4337
5340
7613
9841
12637
13639
16571
16368
15902
15876
14270
14654
8412
3150
630
-1931
-6514
-13172
-17648
-17026
-19114
-22367
-22976
-19890
-18169
-18079
-16114
-10000
-6408
-6460
-5443
-529
3643
1450
-1
1111
2945
1241
-2164
-2092
-1218
-2277
-4025
-2567
337
1007
1857
3795
8150
10798
11291
12986
14033
15254
14384
12882
10758
7322
4918
1010
-2816
-6693
-10357
-12796
-15729
-17386
-17572
-17219
-17244
-16451
-13448
-10076
-7963
-6467
-3797
179
1874
2187
2965
4210
4053
2918
2067
1788
616
-1178
-1784
-1460
-1419
-2399
-1918
-473
899
2019
2314
4117
5376
6011
6568
6698
6702
6060
5704
5030
4012
3075
1867
1551
877
706
1080
1061
2025
3233
5455
6859
8660
10612
13475
15099
17181
17609
20213
19454
16390
16135
13448
12954
6127
-505
-2816
-5227
-10606
-16339
-21035
-19565
-21409
-24081
-24616
-21151
-18862
-18819
-17182
-11243
-7536
-7508
-7371
-2954
1672
53
-2022
-842
2055
1334
-1599
-1513
710
1322
-429
854
4695
6129
6708
7605
11649
14407
13868
13925
14088
14983
13212
10285
7839
4445
1840
-2120
-5952
-8802
-11749
-13775
-15745
-16584
-16082
-15032
-14659
-13486
-10574
-7188
-5267
-4377
-2274
841
2175
1551
1405
2390
2032
355
-757
-729
-1321
-2713
-3332
-2164
-939
-1571
-798
1091
3244
4253
4152
5754
6978
7190
6575
6211
6081
4769
3638
2509
1731
827
-387
-738
-694
-248
323
755
2047
3501
5676
6966
8376
9951
12089
13126
14378
14132
15755
15546
15355
14460
10826
10690
7113
6126
2069
-3511
-5637
-7307
-10514
-13227
-17965
-16097
-16473
-18023
-18508
-16346
-13826
-13771
-13868
-9618
-6810
-6698
-7929
-5567
-1410
-2652
-4403
-3843
-964
-661
-2709
-1843
890
2316
1254
2658
6883
8099
8734
9135
12268
14409
13032
13007
12724
12434
10483
7654
6064
2725
-86
-2873
-5818
-7753
-10429
-11822
-12810
-13738
-13304
-12325
-11537
-10788
-9166
-6160
-4436
-3526
-2542
-131
1430
792
892
1633
1806
650
-411
345
-97
-1081
-1671
-1066
372
-613
-281
850
2053
2700
2090
3077
3809
3376
2796
2330
2401
934
-112
-609
-1129
-1546
-2399
-2093
-1568
-1078
10
1054
2575
4005
5860
7646
9035
10523
11917
13234
14286
14321
15329
15241
15639
14580
15209
13699
10310
9397
6962
7126
1587
-3866
-4660
-6116
-9664
-13958
-17877
-15353
-17544
-20020
-20281
-18174
-16200
-18042
-17001
-11807
-9825
-9873
-10587
-5906
-1749
-3157
-3634
-1707
1932
1685
653
2230
4742
5607
4303
6401
9637
10123
10312
10414
13459
14496
13345
13123
12295
12261
10354
8145
6190
2721
719
-1887
-5011
-7124
-9645
-10864
-12473
-13837
-13147
-12666
-12434
-12475
-10698
-7504
-6533
-5838
-4943
-1951
-328
-1208
-789
-37
516
-1014
-1884
-1296
-1897
-2909
-4067
-3137
-2062
-2858
-2496
-1563
526
1478
1585
2944
4165
4922
4789
4800
5126
4269
3529
2861
2075
1557
491
190
13
174
987
1305
2227
3345
5114
6665
7418
8737
10072
11274
11965
11716
12603
12559
12723
11439
11762
11458
11421
8999
6119
6372
4403
3580
-1320
-5289
-5542
-7253
-10379
-13910
-17075
-14861
-16923
-18636
-18474
-16629
-14820
-16095
-14360
-9411
-7661
-7377
-7554
-2658
1410
274
-123
1934
5660
5516
4046
5356
7735
7991
6194
7632
10353
10156
9289
8990
11662
12085
10358
9474
8728
8648
6517
3995
2037
-1039
-3082
-5778
-8636
-10533
-13074
-14392
-15795
-16802
-16060
-15565
-15012
-14681
-12434
-8830
-7437
-6328
-4508
-742
1615
1440
2609
4278
5256
4227
3642
4559
3897
2356
834
1367
1958
340
-539
46
1721
1859
1139
2026
3292
3668
3179
3072
3495
2532
1464
758
65
-657
-2014
-2722
-2867
-2733
-2259
-2236
-1287
70
1874
3633
4735
6429
8216
10003
11226
11781
12642
13727
13721
13492
13393
13688
13402
12130
11882
9444
8145
6522
4649
2870
-2433
-4714
-5656
-8566
-11387
-15654
-15885
-15512
-17715
-18427
-17912
-15559
-14755
-15137
-11307
-8342
-7071
-6842
-4865
-82
360
-311
396
3006
4117
2960
3109
4535
5587
5088
4919
7313
8129
8102
7992
9267
10815
9763
9101
8395
7561
6264
3797
2024
-797
-3775
-5336
-8026
-10080
-12161
-13314
-13567
-14481
-13941
-12875
-11497
-10279
-9018
-5772
-3267
-1806
-667
1365
4285
4708
4685
5114
6143
5869
3998
4064
3515
2492
817
-615
94
-871
-2177
-2854
-2692
-1656
-2224
-2605
-1919
-1412
-863
-1504
-1058
-763
-1370
-1422
-1849
-1575
-1846
-2195
-1975
-1690
-461
240
1193
2336
3908
6331
7416
8845
10161
11501
13041
13011
13441
13634
13667
13418
12302
12025
11975
10483
10146
9179
9164
7804
3776
4115
1712
729
-3846
-8416
-8874
-11173
-14473
-17674
-20595
-18733
-20446
-21405
-20265
-18370
-15306
-15346
-12356
-7390
-4752
-2903
-1908
2230
5755
5669
5775
6557
8769
8505
7407
7375
8147
8501
7331
7765
9288
9495
9613
8897
10281
10483
9540
8425
6198
5192
3065
231
-2676
-6512
-8578
-11009
-13967
-15654
-17347
-17246
-17705
-17490
-15587
-13590
-11225
-9857
-7129
-3090
-653
986
2034
4791
6793
6661
6598
6810
7839
6696
5511
5443
5061
4816
2495
2173
2564
1972
1118
-739
-143
243
-845
-1429
-2297
-1639
-1697
-2785
-2545
-3086
-2647
-3201
-3740
-3092
-3220
-2870
-3365
-2790
-1262
-712
87
451
2430
4173
5117
6025
6769
8690
9217
9325
9625
9777
10328
9400
8937
9419
9012
8967
8094
8245
9624
8348
8776
6414
5577
5838
2427
1720
-3189
-5630
-6644
-10409
-11899
-15423
-16632
-15685
-17312
-15865
-15078
-12967
-10351
-9889
-5381
-2664
-857
392
868
4417
4895
4066
3267
3312
4076
2673
1804
1717
2209
2275
1629
3371
4525
5272
5264
5459
7281
6825
6202
4473
2909
2008
-673
-2924
-5469
-8345
-9459
-11733
-12282
-12824
-13100
-11908
-11255
-8873
-6615
-4406
-1916
-576
2356
4561
5864
6422
6170
7301
7200
6514
5312
4620
4449
3487
2532
2013
1960
1914
582
48
-48
-266
-1333
-3340
-3931
-4551
-5537
-6919
-8411
-8196
-8337
-8293
-7953
-7238
-5292
-4326
-2899
-1083
895
2480
3058
4269
5663
6450
6600
6263
6822
7312
7376
7086
6994
7700
8018
8162
8240
8729
9233
9127
9195
9421
9623
9573
8946
8789
8709
8546
7948
6228
5875
3438
1792
-138
-2843
-4092
-8610
-10542
-11903
-13534
-14423
-16631
-16359
-14662
-14141
-12328
-11468
-8778
-6131
-5305
-2613
-1427
121
558
10
1633
1599
1365
649
383
1546
1874
2312
2678
3957
5416
6267
7287
8165
8855
8560
7739
7068
5723
3944
1119
-1598
-3854
-6274
-8221
-10435
-12115
-12351
-12700
-11840
-11105
-9804
-7723
-6077
-3558
-1811
89
1830
2469
3692
4162
4846
4816
4106
4216
4365
4660
4527
4440
5077
5806
6355
6780
6521
7163
6231
4861
3776
1647
260
-3415
-6323
-8435
-10545
-12303
-14572
-15345
-14834
-13941
-12648
-11155
-8592
-5544
-3397
-879
1333
3304
4519
4580
5246
5504
5291
4355
3647
3882
4179
4627
4763
5860
7480
8834
10228
11169
12423
12948
13006
12696
12167
11450
10215
8477
7347
6335
5726
5008
3906
3782
3523
3095
1326
635
-833
-1625
-4709
-7579
-9127
-10848
-12793
-15395
-16679
-16130
-15861
-15671
-14422
-12625
-9255
-7847
-5459
-3044
-831
1314
1408
2357
3490
3699
3536
2245
2508
3282
3295
3115
3469
5211
6718
7172
8155
9694
10966
10711
9640
9270
8652
6564
3551
752
-1255
-3543
-6388
-8858
-10009
-10598
-11234
-11289
-10674
-9036
-7848
-6782
-5348
-3806
-2132
-1725
-1466
-1008
-576
-308
-1011
-1212
-838
-513
-263
109
1090
2421
3127
3905
4904
5743
6327
4810
4081
2825
1617
-451
-3805
-5419
-7372
-8698
-10127
-10833
-10279
-9354
-8167
-6186
-4070
-1364
592
2005
3646
4595
5456
4877
3798
3317
2368
1792
497
-3
311
902
1912
2838
4851
6514
8107
9112
10097
11070
10910
10084
8641
7742
6590
5095
3484
2783
2777
3152
3548
4988
6515
8000
8721
9532
8706
7872
6161
3798
810
-4083
-6784
-10026
-12459
-15156
-16252
-16227
-14937
-13944
-10930
-8355
-5432
-2815
-771
1654
2290
2466
2346
788
66
-1621
-2189
-3086
-4111
-3259
-2246
-419
1034
3353
5815
7719
8761
9867
10217
9449
7387
4919
2505
-363
-3600
-6593
-9079
-10480
-11460
-11417
-10817
-9510
-7842
-5843
-3685
-1991
-259
507
979
600
257
-171
-1343
-2296
-3080
-2932
-2502
-1890
-462
1156
3201
5028
6909
8545
9538
9703
9365
8387
7020
4914
2666
-71
-3121
-5545
-7730
-8778
-10457
-11086
-11264
-10572
-9528
-8364
-7095
-5701
-4565
-3081
-2065
-1266
-602
-464
-14
108
550
1176
1316
1970
2577
3720
4933
5712
6798
7552
8413
8911
9206
9366
8959
8433
7647
6879
6168
5282
4512
3813
3537
3740
4012
4766
5435
6475
7204
8206
8784
8988
8108
7127
4955
1516
-635
-4034
-5832
-10761
-13128
-14405
-14600
-15003
-15004
-13182
-10876
-9154
-6953
-4124
-2315
-1446
-1274
-626
-362
-1605
-1972
-2826
-3426
-3311
-2943
-956
-453
1295
3544
5698
7391
8579
9927
10182
9101
8096
7018
5339
2663
284
-1667
-3221
-4688
-5465
-5636
-5891
-5443
-5038
-3976
-3613
-3177
-2997
-3231
-3708
-4122
-4217
-4659
-5105
-5218
-4330
-3107
-1934
-123
1699
3937
5681
7264
8795
9406
9634
8860
8090
6840
5321
3627
1911
302
-1050
-1844
-2265
-2682
-3664
-4405
-4548
-4579
-5212
-6483
-7403
-7926
-8415
-8834
-8955
-8677
-8208
-7334
-5863
-4048
-2363
-741
591
1801
2968
3885
4365
4127
3764
3795
3817
3851
3810
4150
4678
5271
6084
7048
7760
8052
8033
7884
7456
6747
5672
4379
3068
2067
1613
1438
1597
2010
2834
3791
5465
6159
7181
6665
6876
4749
2162
76
-2354
-4364
-8977
-10845
-11958
-11826
-12111
-11510
-9249
-7206
-4985
-2710
-276
1157
1525
2138
1522
806
-619
-834
-1796
-3186
-3265
-1933
-23
961
2432
4672
6685
7794
8754
8923
8214
6453
4809
2478
310
-2308
-3699
-5704
-6910
-7247
-6749
-5920
-5989
-5189
-4447
-3564
-3352
-3561
-3739
-4402
-4907
-5361
-5427
-5185
-4756
-3658
-2456
-576
1376
3674
5350
6528
7414
7967
8234
7488
6389
4908
3680
2425
1268
533
67
-86
-52
180
515
542
35
-861
-1965
-3375
-4883
-7012
-8901
-10450
-11290
-11606
-11578
-10674
-9305
-7305
-5170
-3133
-1001
673
2194
2847
3002
3008
2814
2653
2047
1811
1916
2505
3578
4565
5786
6966
8223
9340
9822
9842
9506
8835
7907
6564
5452
4431
3820
3351
3311
3859
4844
6065
7049
8246
9167
9954
9222
8547
6875
5452
1681
-1968
-5186
-7667
-9507
-12709
-13867
-14454
-13082
-11731
-10703
-8746
-7217
-4950
-3763
-3336
-2970
-3510
-3209
-4176
-4752
-5294
-4803
-3520
-2449
-927
907
3251
5651
7323
8370
8752
8956
8509
7354
5506
3858
2610
1069
-98
-1487
-1484
-1433
-1276
-1474
-1926
-1739
-2121
-2718
-3997
-5507
-6623
-7854
-8506
-9237
-9387
-8799
-7730
-6096
-4435
-2293
-237
1796
3404
4454
5150
5471
5587
5088
4333
3671
3361
3341
3198
3421
3791
4620
5298
5619
5759
5382
5053
4061
2832
463
-1907
-3632
-5105
-5970
-7601
-8127
-8220
-7078
-5563
-4668
-3359
-2479
-894
0
307
229
-563
-804
-1456
-1813
-2402
-2557
-2096
-1429
-301
662
1908
3129
4255
4914
5084
5359
5283
4875
3996
3306
3000
2806
2961
2774
2993
3462
4402
5318
5935
6451
6577
7013
7314
7675
7818
7150
6551
6175
5499
4784
2646
873
-1047
-2553
-3827
-5843
-7234
-8929
-9163
-9013
-9136
-8978
-9233
-8217
-7388
-6804
-6347
-6700
-6207
-5928
-5411
-5107
-4846
-4194
-3413
-2054
-810
385
1744
3002
3915
4472
4887
5132
5307
4882
4210
3432
2887
2800
2221
1701
747
166
15
-296
-727
-1911
-2906
-3615
-4130
-4611
-5559
-6186
-6494
-6221
-5618
-5291
-4681
-3959
-2886
-1712
-757
-40
524
1155
1631
2045
2289
2522
2753
2996
3183
3371
3737
4015
4284
4324
4049
3898
3415
3025
2144
1247
67
-886
-2136
-3304
-4251
-5283
-5254
-5872
-5539
-5678
-5163
-4339
-3939
-3045
-2878
-2109
-1431
-1222
-851
-1352
-1285
-1235
-1010
-617
-549
-89
491
1458
2437
3007
3538
4022
4698
5229
5315
5198
5024
4967
4966
5069
5007
5132
5113
5330
5583
5719
5820
5844
6138
6301
6480
6588
6695
7107
7159
7269
7177
6683
6282
4580
2881
395
-1938
-3559
-5817
-7062
-8886
-9478
-9456
-9415
-8786
-9020
-8415
-7791
-7186
-6532
-7037
-7310
-7800
-7805
-7442
-7137
-6480
-5585
-3864
-1889
98
1681
2807
3954
4882
5676
5859
5647
5236
4823
4666
4195
4055
3712
3638
3690
3493
3433
2860
2112
1077
-66
-1147
-2392
-3300
-4101
-4437
-4515
-4469
-3998
-3528
-2919
-2386
-1962
-1560
-1289
-1149
-1151
-1224
-1376
-1426
-1310
-969
-479
88
811
1594
2324
2778
2887
2699
2161
1606
945
312
-144
-677
-744
-478
-52
530
966
1446
1905
2302
2529
2447
2229
1840
1493
1163
828
649
567
753
1135
1434
1733
1887
1895
1817
1520
942
288
-381
-1062
-1675
-2298
-2767
-3039
-3210
-3212
-3111
-2988
-2899
-2756
-2665
-2630
-2707
-2895
-2883
-2807
-2683
-2422
-2030
-1366
-611
202
990
1724
2380
2869
3181
3333
3329
3258
3090
2933
2837
2785
2805
2810
2827
2901
2893
2711
2402
2013
1616
1085
442
-117
-574
-897
-1186
-1335
-1292
-1215
-1171
-1169
-1122
-1128
-1347
-1603
-1773
-1825
-1871
-1948
-1819
-1501
-1090
-728
-392
-1
285
409
369
301
196
-10
-208
-316
-283
-200
-81
116
372
570
643
623
518
295
-41
-441
-796
-1138
-1444
-1656
-1734
-1701
-1599
-1407
-1198
-994
-840
-678
-510
-393
-323
-236
-85
117
317
542
738
899
1015
1080
1097
1041
922
869
797
820
843
961
1153
1346
1581
1773
1916
1924
1775
1567
1233
823
353
-99
-480
-841
-1072
-1224
-1272
-1271
-1274
-1257
-1249
-1301
-1442
-1606
-1786
-1962
-2129
-2222
-2195
-2168
-2047
-1830
-1488
-1111
-820
-481
-69
359
710
995
1336
1737
2124
2418
2699
3016
3269
3390
3400
3401
3344
3127
2802
2486
2211
1858
1412
1031
761
521
205
-82
-256
-433
-694
-989
-1193
-1364
-1615
-1881
-2051
-2129
-2211
-2311
-2324
-2287
-2248
-2231
-2143
-1981
-1832
-1669
-1471
-1190
-900
-614
-321
-14
258
437
570
627
588
446
212
10
-234
-469
-691
-891
-953
-948
-909
-813
-681
-560
-457
-394
-360
-370
-451
-526
-602
-618
-626
-590
-502
-381
-162
55
261
451
578
720
802
825
759
704
650
613
588
535
598
672
754
788
777
804
711
550
354
163
5
-233
-430
-539
-520
-501
-521
-428
-231
-8
117
215
378
483
519
462
451
456
373
211
51
12
7
-62
-72
15
172
320
428
592
779
903
948
1014
1113
1165
1104
1103
1160
1228
1182
1092
1091
1089
979
766
542
324
1
-389
-760
-1051
-1323
-1599
-1796
-1838
-1780
-1715
-1555
-1230
-815
-410
-43
374
794
1080
1233
1311
1373
1300
1124
980
854
745
566
437
422
417
398
358
376
372
305
161
-26
-251
-523
-821
-1092
-1306
-1526
-1696
-1806
-1814
-1717
-1602
-1419
-1209
-955
-679
-477
-236
-88
53
135
245
398
481
609
662
924
1216
1383
1481
1574
1755
1793
1758
1585
1413
1118
693
274
-110
-455
-845
-1224
-1552
-1738
-1875
-1945
-1950
-1857
-1711
-1541
-1348
-1146
-885
-679
-528
-440
-316
-149
-101
-127
-160
-88
-15
-11
-19
90
212
273
351
514
748
829
851
1004
1235
1333
1277
1246
1353
1368
1254
1095
1037
959
730
481
312
205
-11
-244
-309
-342
-417
-574
-700
-660
-705
-820
-901
-970
-971
-1059
-1185
-1254
-1272
-1372
-1346
-1424
-1372
-1231
-1306
-1044
-1865
-2079
-2416
-2428
-1637
-1581
-620
162
1119
1964
1665
1408
614
-28
-391
-1242
-1826
-1874
-1189
-224
928
1682
2196
2483
2217
1537
164
-1096
-2132
-2589
-1835
-1081
321
1802
2836
4071
4028
3625
2898
1973
1403
495
-247
-623
-622
-241
30
544
1225
2092
2663
2686
2237
1358
433
-599
-1526
-2217
-2408
-1902
-1230
-307
313
614
972
802
533
-169
-951
-1309
-1579
-1567
-1374
-813
252
1247
2039
2595
2886
2858
2303
1521
737
289
128
243
604
1282
1984
2637
3057
3106
2907
2284
1404
454
-552
-1322
-1961
-2252
-2076
-1686
-1169
-715
-265
-62
-193
-655
-1204
-1636
-1978
-2161
-2139
-1784
-1264
-553
23
513
812
763
706
249
-194
-680
-1104
-1150
-1194
-846
-568
-267
65
119
228
-80
-442
-753
-1222
-1406
-1668
-1614
-1308
-1051
-594
-318
85
271
64
-231
-771
-1165
-1623
-2042
-2176
-2180
-1955
-1631
-1181
-634
-166
65
213
288
295
242
140
276
530
824
1187
1521
1898
2097
2053
1947
1811
1633
1250
833
655
635
699
834
1185
1721
2150
2396
2566
2713
2702
2438
2141
1993
1791
1547
1213
1012
897
602
187
-354
-893
-1367
-1920
-2261
-2477
-2596
-2539
-2480
-2287
-2077
-1999
-1896
-1987
-2020
-2133
-2415
-2469
-2543
-2300
-2069
-1794
-1223
-669
-56
362
616
983
1113
1136
1011
1038
1258
1431
1660
1830
2153
2375
2478
2487
2358
2137
1679
1276
831
443
49
-347
-459
-611
-666
-816
-934
-1010
-1288
-1569
-1949
-2320
-2656
-2991
-2973
-2807
-2578
-2376
-2226
-1842
-1600
-1520
-1547
-1551
-1351
-1232
-1157
-988
-676
-219
15
128
275
378
420
256
98
121
231
385
546
889
1473
2154
2827
3406
3842
4122
4205
4096
3827
3425
2973
2565
2270
2098
1935
1889
1886
2001
1951
1930
1817
1826
1831
1788
1800
1873
1946
2006
1812
1225
584
-467
-885
-1714
-2299
-2792
-3147
-2797
-2972
-2998
-3011
-2853
-2372
-2498
-2567
-2465
-2343
-2032
-2335
-2284
-1941
-1560
-1164
-1158
-955
-662
-721
-908
-1290
-1435
-1485
-1629
-1622
-1473
-1186
-853
-529
-79
415
623
794
774
872
857
734
834
1035
1329
1466
1527
1658
1643
1394
1047
690
413
-43
-539
-864
-1024
-1042
-1130
-1030
-712
-365
-72
69
191
244
129
10
-75
24
182
306
498
632
726
666
485
292
71
-127
-351
-458
-497
-493
-440
-357
-146
27
159
180
194
127
-78
-321
-555
-708
-875
-1008
-1048
-985
-887
-866
-800
-775
-634
-604
-505
-489
-478
-339
-307
-44
48
293
508
596
752
660
688
593
377
306
84
71
-117
-281
-351
-607
-684
-957
-1107
-1138
-1307
-1206
-1136
-823
-485
-211
290
640
1119
1408
1661
1910
1947
1974
1846
1737
1610
1358
1237
1127
1133
1129
1067
1152
1223
1358
1360
1370
1454
1520
1703
1772
1912
2077
2107
2194
2217
2312
2207
1899
1570
1254
1135
875
665
627
774
1017
946
705
442
79
-329
-835
-1230
-1355
-1401
-1357
-1272
-1095
-1060
-1157
-1311
-1595
-1855
-2142
-2364
-2368
-2376
-2327
-2217
-2071
-1905
-1819
-1676
-1450
-1110
-739
-346
113
487
786
887
849
942
919
990
1086
1037
1017
887
637
237
-288
-888
-1459
-1766
-1977
-2043
-1914
-1761
-1462
-1199
-1011
-878
-755
-526
-395
-286
-165
24
192
323
392
360
398
309
186
158
103
73
79
107
143
208
212
255
333
390
473
529
607
667
636
512
356
151
-54
-297
-546
-689
-775
-863
-911
-961
-943
-910
-969
-1069
-1139
-1155
-1185
-1193
-1139
-974
-707
-473
-233
50
308
522
633
741
809
803
772
747
734
671
611
565
571
561
503
532
606
701
746
750
769
763
685
506
331
184
16
-213
-459
-645
-771
-916
-1075
-1163
-1145
-1117
-1105
-1022
-837
-651
-507
-355
-122
146
319
447
596
786
903
1022
1155
1278
1344
1326
1347
1354
1274
1105
913
826
700
554
412
318
274
211
167
142
125
83
20
-20
-39
-83
-164
-242
-280
-310
-362
-435
-515
-540
-544
-546
-562
-564
-515
-427
-353
-255
-133
1
130
244
374
481
519
485
431
402
300
150
-28
-170
-262
-389
-501
-554
-555
-534
-509
-452
-338
-212
-90
75
281
429
529
606
713
777
747
652
550
434
220
-18
-252
-454
-651
-841
-919
-964
-1007
-1038
-993
-897
-823
-780
-741
-600
-444
-340
-226
-132
-39
20
50
115
205
270
327
392
497
557
552
485
441
451
375
306
249
279
372
421
457
562
670
749
787
807
848
792
646
514
343
110
-134
-379
-567
-691
-840
-1005
-1006
-993
-1048
-942
-863
-788
-625
-537
-367
-190
-29
105
230
415
514
634
725
865
958
983
963
888
818
783
787
745
733
708
651
722
759
711
699
688
655
591
538
360
187
23
-272
-501
-772
-1040
-1304
-1530
-1675
-1802
-1868
-1917
-1887
-1789
-1585
-1360
-1222
-989
-776
-596
-368
-176
46
190
300
356
435
631
747
905
1080
1241
1402
1406
1356
1184
943
801
752
724
727
710
753
873
945
986
983
999
995
958
866
674
396
28
-348
-708
-1066
-1386
-1672
-1912
-2022
-2094
-2086
-2047
-1991
-1854
-1662
-1392
-1219
-1020
-829
-690
-501
-376
-174
35
250
390
581
699
911
1013
904
1125
1367
2116
2582
2771
2839
2804
3098
2789
2295
1889
1695
1892
1684
1187
687
303
151
-367
-1075
-1735
-2249
-2424
-2722
-2981
-3176
-3137
-2847
-2806
-2842
-2983
-2911
-2586
-2269
-2095
-1910
-1455
-825
-153
278
684
1179
1769
2189
2271
2295
2363
2564
2662
2606
2510
2437
2459
2396
2170
1830
1467
1136
894
577
226
-5
-157
-223
-491
-861
-1132
-1322
-1398
-1592
-1742
-1740
-1666
-1542
-1481
-1303
-1038
-837
-590
-420
-143
78
231
487
703
934
1024
1099
1233
1325
1348
1280
1240
1236
1183
1115
1022
930
883
797
745
623
441
289
146
24
-206
-457
-616
-715
-800
-915
-1033
-1075
-1085
-1115
-1141
-1185
-1174
-1156
-1101
-1047
-1076
-1082
-1104
-1086
-1136
-1227
-1292
-1270
-1190
-1116
-1004
-850
-591
-363
-189
-61
68
249
383
518
626
777
933
1016
1059
1010
973
879
742
618
486
415
325
250
230
219
216
157
126
95
66
29
-38
-79
-122
-151
-152
-152
-190
-271
-326
-350
-393
-468
-576
-593
-545
-431
-285
-161
29
211
388
492
540
555
580
613
584
583
540
506
487
452
440
341
262
157
83
20
-87
-138
-134
-73
-14
59
159
277
375
484
533
533
487
379
254
65
-147
-361
-586
-867
-1135
-1332
-1429
-1557
-1704
-1737
-1685
-1583
-1537
-1468
-1300
-1127
-987
-893
-717
-573
-468
-341
-149
93
227
338
496
718
870
923
981
1104
1232
1273
1304
1351
1418
1416
1345
1275
1169
1065
888
678
509
306
118
-96
-315
-510
-767
-997
-1195
-1319
-1396
-1463
-1450
-1346
-1180
-1044
-897
-713
-481
-269
-124
66
274
491
655
811
1010
1197
1321
1414
1500
1578
1571
1507
1441
1361
1231
1061
922
825
699
503
318
148
-20
-260
-521
-710
-867
-1015
-1198
-1298
-1339
-1365
-1370
-1361
-1276
-1208
-1155
-1085
-962
-813
-754
-653
-513
-325
-181
-88
58
202
317
296
268
285
268
172
59
15
9
-5
-55
-2
95
183
211
222
301
314
252
151
30
-79
-234
-391
-494
-588
-641
-672
-626
-559
-527
-481
-404
-279
-188
-144
-111
-80
-21
8
45
36
49
72
105
140
157
235
343
506
657
829
973
1087
1144
1153
1123
1007
864
703
561
421
280
180
127
107
76
51
53
100
148
191
179
180
181
148
105
7
-33
-88
-166
-256
-338
-357
-402
-425
-442
-388
-308
-232
-103
4
150
254
400
532
580
568
505
487
399
249
108
-10
-81
-172
-254
-281
-295
-289
-249
-162
-89
-51
23
152
288
376
458
557
646
670
636
603
519
383
195
33
-128
-312
-487
-626
-709
-791
-873
-933
-947
-911
-847
-772
-676
-557
-446
-344
-269
-204
-135
-91
-72
-38
7
26
25
44
124
204
260
314
450
609
684
724
807
925
968
915
867
878
830
687
536
429
324
109
-105
-254
-356
-501
-678
-737
-712
-678
-667
-602
-442
-292
-209
-132
-21
99
144
118
114
118
85
-6
-108
-149
-171
-217
-263
-259
-193
-131
-100
-48
25
101
157
204
292
371
415
437
470
514
493
427
390
367
326
245
156
118
94
42
-15
-70
-112
-158
-219
-253
-287
-313
-319
-316
-289
-274
-277
-284
-307
-311
-325
-351
-365
-362
-336
-303
-255
-166
-46
66
165
275
414
523
560
591
633
657
632
573
556
547
506
441
384
338
249
120
18
-74
-202
-363
-480
-525
-572
-622
-642
-590
-503
-469
-454
-423
-380
-393
-436
-449
-456
-456
-461
-427
-347
-295
-253
-228
-166
-105
-102
-81
-46
19
72
113
173
239
313
353
371
379
372
367
340
310
272
238
197
123
56
15
-26
-94
-186
-243
-256
-295
-355
-396
-365
-328
-335
-317
-245
-162
-144
-159
-128
-83
-113
-192
-220
-190
-185
-239
-258
-216
-185
-205
-187
-112
-43
-41
-29
48
132
145
115
156
199
202
156
131
155
135
95
78
128
177
192
244
345
484
577
645
728
820
887
876
842
808
750
632
475
341
224
95
-80
-246
-333
-416
-534
-667
-731
-731
-792
-883
-929
-888
-853
-880
-853
-726
-570
-495
-407
-230
-21
95
156
291
470
610
654
749
917
1049
1107
1154
1277
1394
1414
1400
1410
1430
1371
1246
1124
1008
830
575
318
88
-170
-493
-830
-1108
-1356
-1594
-1826
-1973
-2034
-2047
-2021
-1939
-1768
-1570
-1346
-1118
-866
-627
-425
-233
-69
77
175
246
315
352
383
406
447
454
444
457
478
497
482
501
536
541
515
495
502
462
354
244
158
64
-93
-228
-284
-328
-398
-456
-421
-368
-350
-352
-279
-178
-133
-108
-38
66
115
117
158
239
277
266
290
346
374
327
291
292
258
191
126
130
142
136
135
168
211
234
238
238
227
194
173
157
152
163
196
265
338
412
497
564
601
615
611
587
503
380
258
135
-1
-163
-315
-452
-585
-704
-799
-872
-937
-995
-1026
-1006
-965
-921
-860
-786
-685
-597
-518
-454
-412
-342
-280
-205
-140
-70
40
142
252
369
504
646
746
851
955
1061
1112
1107
1109
1100
1062
956
832
715
559
360
136
-71
-258
-478
-683
-850
-952
-1040
-1129
-1155
-1120
-1057
-995
-936
-825
-720
-646
-593
-533
-444
-388
-350
-290
-207
-106
-37
38
116
185
230
266
316
370
409
462
534
627
705
759
788
784
741
637
493
314
124
-49
-208
-353
-475
-543
-554
-549
-523
-455
-347
-241
-149
-44
97
228
307
386
508
621
674
686
708
719
642
495
338
208
42
-154
-314
-411
-488
-567
-602
-593
-579
-593
-604
-585
-579
-601
-647
-666
-673
-695
-693
-663
-623
-579
-512
-440
-364
-310
-238
-155
-88
-29
40
159
270
382
529
696
870
995
1137
1285
1374
1410
1404
1416
1391
1289
1162
1041
930
774
593
434
292
160
23
-70
-137
-190
-246
-296
-317
-353
-413
-519
-623
-722
-830
-953
-1079
-1135
-1148
-1133
-1114
-1039
-891
-757
-632
-514
-344
-191
-107
-23
76
186
240
277
362
449
497
504
551
616
631
606
582
589
558
488
429
376
307
208
134
87
33
-44
-98
-111
-122
-148
-178
-177
-173
-162
-153
-144
-132
-144
-122
-107
-112
-121
-123
-112
-112
-123
-126
-125
-125
-136
-132
-133
-158
-177
-204
-234
-307
-379
-433
-481
-528
-566
-558
-517
-472
-400
-292
-159
-29
112
291
467
612
741
869
980
1036
1063
1087
1091
1052
980
942
907
826
703
588
512
420
302
188
116
61
-14
-90
-148
-197
-288
-399
-502
-602
-736
-903
-1045
-1139
-1192
-1260
-1317
-1309
-1245
-1171
-1117
-1028
-895
-767
-678
-581
-436
-276
-155
-49
111
306
458
572
722
890
999
1029
1056
1096
1088
1002
915
874
821
734
658
638
640
626
601
629
673
698
709
721
737
714
637
526
389
200
-47
-334
-627
-896
-1148
-1380
-1535
-1593
-1561
-1469
-1321
-1101
-851
-611
-416
-247
-101
-52
-55
-90
-114
-178
-290
-357
-373
-374
-373
-359
-276
-179
-96
14
168
330
440
553
710
855
947
993
1041
1080
1035
945
821
677
500
318
162
27
-98
-188
-218
-206
-194
-166
-118
-65
-7
34
64
68
31
-3
-52
-132
-257
-389
-488
-636
-797
-963
-1082
-1190
-1318
-1390
-1413
-1398
-1379
-1310
-1180
-1047
-938
-813
-645
-487
-369
-249
-95
57
186
313
479
640
762
864
997
1133
1218
1280
1345
1445
1519
1555
1590
1629
1664
1642
1619
1594
1528
1406
1253
1106
929
718
467
242
42
-156
-357
-536
-665
-788
-913
-1046
-1141
-1203
-1267
-1324
-1352
-1351
-1332
-1304
-1249
-1155
-1043
-933
-819
-676
-531
-395
-262
-140
-6
131
265
365
474
582
685
762
790
825
852
854
821
790
787
766
683
621
571
516
382
221
88
-63
-228
-537
-748
-853
-1006
-1228
-1335
-1309
-1333
-1343
-1277
-1067
-944
-857
-714
-525
-349
-293
-177
-80
14
57
83
174
215
267
316
370
409
455
516
584
641
681
744
759
769
792
815
782
736
689
631
540
401
329
260
126
-4
-27
-41
-107
-139
-104
-24
-31
-10
23
130
124
161
198
340
433
70
264
466
393
79
169
256
13
-103
-212
-136
-463
-579
-662
-674
-844
-1002
-922
-911
-758
-1141
-890
-644
-681
-612
-406
-187
-261
-48
55
277
163
181
353
281
238
110
226
167
143
68
131
263
179
292
433
544
563
593
657
726
646
537
563
457
375
227
135
98
-39
-152
-245
-294
-366
-408
-437
-452
-425
-409
-382
-330
-274
-247
-177
-132
-96
-57
-58
-46
-54
-55
-51
-90
-108
-107
-120
-96
-65
-41
57
137
230
299
451
594
581
752
824
831
843
840
748
668
602
470
389
273
177
79
-18
-105
-200
-264
-354
-409
-457
-489
-505
-569
-567
-552
-554
-516
-462
-421
-372
-364
-346
-314
-349
-347
-348
-335
-290
-236
-153
-93
7
103
200
282
302
316
298
251
169
54
-85
-215
-357
-484
-589
-667
-699
-721
-698
-659
-624
-550
-459
-377
-301
-223
-133
-52
22
91
170
242
282
332
434
534
606
680
787
910
1004
1047
1087
1115
1054
968
852
756
634
444
304
196
111
12
-46
-38
-10
-8
-20
28
67
63
50
37
16
-47
-141
-233
-309
-393
-487
-570
-622
-654
-697
-742
-757
-761
-762
-778
-763
-707
