22
30
36
41
43
44
45
45
50
54
53
59
74
88
99
108
113
112
110
107
102
100
99
98
98
94
81
70
61
52
47
46
47
44
44
47
49
53
56
58
58
54
53
53
54
53
55
56
56
54
50
47
44
44
41
40
38
33
26
19
14
9
2
-3
-10
-15
-20
-24
-30
-34
-38
-36
-31
-31
-32
-27
-28
-29
-29
-23
-21
-16
-10
-7
-4
-6
-8
-15
-24
-32
-42
-53
-63
-75
-80
-85
-87
-91
-91
-88
-90
-90
-87
-79
-73
-69
-60
-55
-52
-49
-51
-52
-52
-53
-54
-60
-65
-61
-58
-56
-50
-41
-35
-33
-38
-41
-41
-42
-40
-37
-33
-29
-32
-39
-44
-50
-52
-52
-51
-47
-40
-28
-14
-6
6
19
29
35
41
50
52
51
50
52
54
52
43
33
22
13
10
11
17
20
26
30
31
32
41
46
48
47
48
55
61
66
67
80
85
90
93
93
93
90
93
91
87
83
77
71
57
49
43
37
26
19
18
15
16
21
23
29
33
33
32
35
37
39
43
44
45
47
45
32
17
6
-2
-4
-5
-6
-5
-4
-7
-11
-15
-18
-21
-21
-23
-22
-22
-24
-37
-41
-41
-42
-45
-58
-57
-51
-37
-30
-25
-18
-18
-15
-17
-20
-26
-32
-36
-43
-43
-46
-50
-59
-71
-75
-81
-81
-85
-78
-68
-59
-53
-52
-49
-51
-49
-48
-51
-45
-43
-38
-39
-42
-54
-64
-69
-79
-80
-77
-69
-68
-72
-70
-73
-68
-60
-55
-50
-46
-36
-36
-30
-30
-30
-22
-14
-7
-2
5
3
3
6
7
13
13
20
25
35
44
41
39
37
42
47
47
43
48
55
64
67
67
70
73
73
72
69
68
63
64
68
69
69
69
67
64
59
58
56
54
57
63
69
68
63
61
61
55
48
47
46
50
55
58
55
55
57
56
54
51
53
51
56
57
56
58
59
59
52
50
42
35
25
20
13
1
-3
-6
-8
-9
-12
-18
-30
-34
-33
-30
-23
-23
-22
-24
-29
-35
-39
-44
-50
-51
-56
-61
-64
-70
-71
-74
-79
-75
-75
-77
-82
-81
-81
-84
-82
-76
-69
-66
-65
-71
-80
-85
-91
-93
-92
-87
-84
-69
-54
-49
-45
-38
-31
-31
-24
-17
-11
-7
0
7
4
-1
-5
-10
-13
-23
-29
-34
-34
-26
-17
-9
-14
-17
-10
3
14
8
9
9
9
19
25
32
31
38
30
25
22
18
29
37
51
59
68
73
70
71
66
66
57
57
62
63
63
63
67
65
69
64
58
55
58
70
73
86
89
94
94
86
77
65
62
53
53
53
50
50
49
45
37
28
26
22
25
28
38
42
44
49
45
47
38
28
18
13
13
12
16
13
6
0
-9
-18
-32
-31
-31
-31
-37
-43
-38
-42
-39
-42
-41
-39
-43
-44
-44
-36
-37
-34
-35
-39
-35
-34
-37
-45
-46
-48
-56
-59
-63
-59
-64
-68
-67
-65
-60
-63
-61
-64
-68
-65
-70
-68
-71
-69
-74
-75
-72
-76
-73
-75
-66
-68
-63
-47
-35
-26
-29
-27
-32
-32
-36
-45
-46
-49
-46
-52
-54
-60
-63
-60
-67
-60
-53
-42
-35
-29
-17
-17
-12
-9
-8
-10
-2
6
4
4
9
12
7
4
9
19
29
33
36
40
45
45
35
35
32
39
41
38
38
33
35
30
33
25
26
38
37
50
57
61
57
47
49
42
44
44
48
52
48
57
55
57
50
47
48
38
41
46
64
63
64
70
61
65
57
55
54
57
71
72
85
85
88
93
90
88
76
82
83
84
83
85
88
85
79
63
56
45
40
45
45
51
51
43
29
20
23
10
-5
-10
-8
-14
-29
-34
-40
-39
-40
-47
-44
-44
-45
-40
-36
-41
-52
-45
-42
-39
-39
-40
-41
-41
-45
-50
-47
-38
-33
-34
-21
-17
-15
-16
-10
-1
-7
-10
-29
-34
-35
-32
-37
-55
-61
-75
-70
-79
-88
-82
-84
-71
-60
-49
-46
-40
-27
-31
-34
-47
-59
-72
-83
-81
-92
-102
-126
-136
-144
-154
-156
-165
-157
-153
-140
-125
-121
-105
-99
-86
-81
-78
-70
-80
-68
-62
-61
-51
-48
-31
-37
-22
-19
-16
-4
-6
12
9
25
30
39
51
51
56
51
53
59
70
75
78
85
88
99
108
112
113
98
104
105
107
107
101
109
110
110
103
111
113
102
103
106
101
94
91
96
97
91
79
69
63
64
68
62
70
66
75
78
77
75
55
51
39
29
2
-16
-32
-49
-54
-59
-57
-75
-79
-85
-98
-107
-119
-121
-131
-136
-144
-156
-161
-162
-153
-160
-164
-162
-165
-154
-163
-149
-141
-141
-130
-131
-124
-147
-146
-148
-143
-123
-116
-87
-87
-75
-53
-47
-36
-39
-28
-13
1
41
54
88
94
108
132
141
179
166
185
180
200
225
230
254
259
292
305
327
339
349
366
373
389
398
409
426
450
481
507
542
572
622
647
678
708
735
751
723
676
528
371
206
146
30
-145
-324
-492
-522
-634
-630
-670
-712
-774
-851
-764
-722
-713
-816
-830
-764
-725
-728
-753
-723
-714
-708
-636
-548
-480
-444
-385
-225
-105
17
85
171
264
334
438
477
515
476
478
504
452
403
284
281
210
28
-89
-155
-41
-187
-240
-330
-343
-302
-450
-279
-399
-419
-530
-589
-461
-502
-482
-650
-657
-564
-442
-378
-433
-348
-252
-157
-11
56
176
181
223
341
366
441
366
394
368
415
464
413
453
402
519
555
579
590
552
661
704
763
721
708
791
808
834
790
844
903
900
973
1014
1085
1079
1068
1165
1158
966
591
352
393
300
32
-399
-651
-731
-919
-904
-954
-1059
-1326
-1470
-1236
-1041
-1056
-1351
-1406
-1290
-1164
-1122
-1209
-1236
-1334
-1326
-1149
-948
-894
-986
-914
-637
-371
-217
-141
27
169
326
539
712
788
674
724
905
1000
865
635
634
672
629
492
401
384
286
255
298
369
294
103
79
132
168
-18
-184
-369
-562
-691
-770
-764
-978
-1037
-1145
-1036
-977
-919
-696
-714
-554
-505
-310
-172
-97
-55
-94
-36
39
115
44
-11
27
91
97
178
223
369
415
481
588
663
814
790
850
830
900
886
830
835
786
793
697
664
635
619
626
641
628
635
652
736
773
802
864
901
961
931
978
984
1021
1012
915
823
682
601
492
337
232
46
-110
-308
-460
-470
-594
-670
-853
-917
-909
-922
-970
-1125
-1155
-1181
-1174
-1209
-1246
-1254
-1318
-1318
-1270
-1210
-1150
-1141
-1080
-983
-842
-672
-555
-426
-332
-158
27
153
211
191
249
267
250
190
98
58
-86
-184
-267
-327
-387
-517
-527
-588
-596
-626
-682
-675
-723
-664
-674
-711
-707
-696
-622
-620
-608
-541
-462
-335
-278
-176
-35
102
314
451
705
910
1095
1237
1340
1537
1629
1727
1743
1787
1846
1866
1921
1927
1971
2024
2119
2227
2317
2385
2444
2487
2478
2442
2345
2315
1820
1361
841
602
397
-337
-722
-1328
-1320
-1745
-1937
-1817
-2025
-1917
-2338
-1988
-1747
-1682
-1850
-2078
-1862
-1788
-1735
-1849
-1927
-1930
-2011
-1940
-1653
-1660
-1497
-1524
-1185
-803
-621
-240
-107
259
298
630
920
1027
990
809
1085
1134
1016
749
619
684
566
390
335
318
294
122
174
317
323
244
42
212
194
172
-46
-194
-243
-434
-491
-892
-1098
-1382
-1310
-1328
-1422
-1491
-1491
-1242
-1153
-852
-734
-540
-462
-382
-221
-1
47
-145
-310
-330
-117
-151
-235
-376
-257
-110
117
309
418
670
764
1026
1153
1317
1343
1271
1299
1352
1465
1385
1342
1278
1316
1456
1530
1570
1533
1694
1939
2146
2246
2323
2417
2602
2616
2761
2486
2003
1630
1129
1196
360
-67
-865
-1165
-1326
-1807
-1456
-1904
-1718
-2068
-1869
-1360
-1296
-1312
-1691
-1516
-1382
-1313
-1483
-1688
-1840
-2001
-2184
-1899
-1990
-1993
-2045
-1988
-1326
-1269
-762
-629
-266
53
339
906
988
1149
923
1180
1371
1242
987
671
678
606
336
276
253
207
84
17
353
363
366
155
303
362
128
-55
-444
-527
-981
-1138
-1412
-1671
-1949
-2180
-1981
-2024
-1980
-1939
-1625
-1261
-1010
-780
-394
-161
-25
15
131
257
67
-98
-227
11
-9
15
77
260
612
693
1013
1211
1382
1511
1667
1892
2022
2029
2073
2163
2222
2255
2175
2258
2165
2226
2171
2304
2363
2254
2305
2310
2603
2456
2519
1963
1745
1360
1109
933
-47
-272
-1119
-1101
-1642
-1858
-1827
-2217
-2055
-2452
-2046
-1932
-1806
-2025
-2137
-1999
-1815
-1820
-2004
-2065
-2198
-2149
-2258
-1978
-2218
-1989
-2045
-1782
-1390
-1374
-750
-741
-258
-48
378
812
932
1080
1053
1393
1458
1400
1190
1122
1119
1014
764
794
693
632
497
434
630
525
445
343
242
186
61
-183
-209
-784
-818
-1128
-1199
-1426
-1856
-1562
-1784
-1509
-1752
-1427
-1113
-957
-764
-768
-316
-252
-136
-259
-152
-19
-21
-104
95
167
381
416
433
801
725
1105
1120
1298
1357
1465
1736
1796
1934
1837
2112
2113
2118
2077
2113
2244
2249
2257
2298
2522
2444
2555
2361
2628
2664
2523
2564
1783
1869
1148
1148
601
-358
-554
-1415
-1275
-2093
-2251
-2322
-2547
-2395
-2808
-2395
-2307
-2226
-2434
-2539
-2344
-2151
-2365
-2439
-2614
-2582
-2569
-2738
-2377
-2690
-2257
-2360
-1965
-1626
-1551
-820
-768
-131
40
492
929
1049
1182
1124
1404
1453
1293
1071
1029
1022
873
497
631
536
536
366
234
544
376
449
229
174
146
-38
-179
-407
-781
-1000
-1253
-1393
-1635
-1952
-1826
-1869
-1735
-1868
-1573
-1196
-1030
-908
-897
-399
-274
-219
-310
-187
83
67
84
206
389
468
437
477
761
849
958
1101
1242
1507
1599
1836
1997
2039
2025
2177
2264
2309
2232
2243
2420
2416
2354
2407
2540
2654
2597
2565
2799
2880
2919
2763
2917
2380
2230
1669
1491
1134
-186
-325
-1227
-1171
-1891
-2483
-2254
-2723
-2456
-2923
-2569
-2386
-2368
-2521
-2523
-2302
-2216
-2374
-2543
-2452
-2668
-2651
-2948
-2588
-2943
-2804
-2734
-2486
-1868
-2081
-1219
-997
-346
82
337
1103
1224
1449
1438
1735
1805
1647
1302
1329
1285
1064
700
663
758
531
503
226
681
419
399
262
171
520
-110
93
-501
-465
-856
-1295
-1167
-1775
-1729
-2088
-1769
-1815
-1969
-1756
-1394
-1109
-1145
-1012
-618
-308
-402
-267
-224
238
124
68
143
206
492
50
360
451
760
733
772
1279
1269
1553
1633
1937
1957
1977
2166
2371
2389
2415
2424
2614
2536
2454
2467
2478
2731
2567
2555
2807
2854
3002
2777
2929
3293
2485
2419
1783
1839
1398
-168
-197
-1098
-968
-1807
-2690
-2407
-2971
-2606
-3179
-2932
-2660
-2758
-2687
-2751
-2517
-2436
-2623
-2531
-2586
-2801
-2730
-2988
-2516
-3099
-2918
-2671
-2412
-1766
-2190
-1185
-771
-96
387
437
1407
1541
1749
1787
2013
2209
1899
1594
1731
1658
1475
1012
1028
1089
737
739
383
743
435
239
264
73
260
-281
-354
-470
-742
-1063
-1471
-1399
-1744
-2128
-2210
-2012
-2005
-2307
-2249
-1694
-1473
-1464
-1492
-992
-537
-559
-472
-479
3
-12
-143
-52
33
217
-64
108
310
444
490
668
1036
1133
1147
1369
1700
1718
1696
1813
2153
2140
2052
1993
2159
2413
2128
2271
2296
2534
2485
2295
2625
2759
2969
2821
3163
3264
3467
2697
2449
2421
1889
1834
-35
-105
-892
-1330
-1706
-3056
-2741
-3485
-3241
-3526
-3603
-3427
-3446
-3213
-3166
-3009
-2922
-2643
-2842
-2757
-3182
-2779
-2941
-2795
-3101
-3276
-2519
-2584
-1809
-2159
-1344
-516
-178
672
707
1628
1887
2066
2370
2605
2732
2647
2362
2379
2383
2038
1801
1326
1424
987
944
616
599
540
220
365
89
237
-125
-231
-489
-773
-1006
-1276
-1397
-1854
-2103
-2415
-1997
-2263
-2371
-2536
-2036
-1458
-1656
-1370
-1218
-403
-313
-195
-35
263
448
307
389
482
803
619
439
461
618
811
842
1075
1201
1495
1630
1978
1944
1887
2001
2164
2479
2198
2309
2406
2584
2553
2483
2633
2825
2874
2693
2880
2955
3164
2988
3009
3456
3354
3704
2707
2674
2442
1901
1876
-96
-362
-1311
-1739
-2112
-3712
-3589
-4283
-4084
-4319
-4709
-4375
-4350
-4118
-4024
-3916
-3362
-3147
-3309
-3132
-3424
-2754
-3142
-2968
-3203
-3321
-2494
-2560
-1691
-1980
-1219
-241
115
1098
1090
1980
2445
2630
3082
3205
3417
3359
2834
2773
2694
2370
1891
980
1029
521
361
-207
-424
-296
-783
-376
-804
-541
-700
-946
-792
-1330
-1291
-1732
-1934
-2237
-2724
-2902
-2786
-2771
-2953
-3171
-2650
-1785
-1726
-1500
-1294
-183
183
308
552
734
1255
937
1106
934
1093
1121
675
996
915
1238
1125
1096
1392
1442
1772
1884
2102
1894
2102
2473
2641
2565
2480
2727
3049
3064
2846
3005
3066
3301
3062
3112
3514
3680
3839
3707
4144
4410
4612
3471
3248
2923
2615
2104
-388
-792
-1875
-2225
-3071
-4984
-4919
-5766
-5346
-5747
-5930
-5537
-5400
-4826
-4527
-4099
-3631
-3289
-3245
-3004
-3306
-2618
-2721
-2589
-3091
-3207
-2168
-1905
-1205
-1708
-671
496
1237
2189
2128
3470
3855
4161
4517
4556
4687
4099
3250
3003
2648
1798
874
-301
-465
-1070
-1414
-1918
-2143
-2126
-2362
-1757
-2082
-1623
-2047
-2087
-1618
-2465
-2248
-3229
-3065
-3407
-4240
-4017
-3932
-3444
-3894
-3797
-2640
-1518
-1193
-994
-354
990
1581
1653
1775
1881
2467
2115
2134
1809
1751
1478
970
1350
1026
1313
1070
1520
1797
1637
2269
2560
2899
2703
2941
3616
3869
3458
3256
3485
3686
3699
3328
3531
3846
4190
4093
4473
4789
5195
5395
5190
6023
4068
3823
2875
2564
1739
-2283
-2500
-3893
-4448
-6091
-8496
-7686
-8538
-8069
-8334
-7710
-6542
-6278
-5500
-4299
-3083
-2375
-2568
-2083
-1204
-1836
-1530
-2054
-1190
-2162
-2552
-1102
-491
454
-501
1344
3176
4080
4865
4740
6703
6768
6446
6258
6172
5860
3938
1915
1774
1028
-826
-2794
-3891
-3254
-4270
-4698
-4763
-4102
-3719
-3807
-2518
-2135
-1804
-2367
-2153
-1313
-2320
-3044
-3779
-3268
-3541
-4857
-4654
-3437
-2747
-3069
-2707
-425
1137
1169
1354
2493
4005
3788
3203
3082
2976
2689
1469
1151
779
68
-526
-531
266
54
-60
624
1978
2499
2339
3263
4431
4539
4145
4332
5164
5133
4040
4033
4597
5103
4847
4477
5469
6423
6790
6767
7677
8238
8627
5733
4778
4438
2789
1190
-4608
-5718
-7563
-9164
-10387
-13880
-13070
-14043
-12339
-11257
-10358
-8735
-7917
-5181
-3303
-1950
-1330
-807
-26
343
-952
-217
-319
-158
-1430
-1887
1019
2185
3078
2237
4512
7455
8566
9046
8023
9586
8750
7599
6064
4265
2701
-638
-3165
-4083
-5288
-6990
-8283
-8858
-7470
-7221
-5915
-4594
-3598
-2717
-2120
-202
362
-113
-1994
-1744
-941
-1892
-3540
-4744
-3032
-3015
-3354
-2725
-430
940
819
1818
3772
5083
4376
3745
3543
3603
2422
1033
-269
-1178
-1949
-2944
-2212
-2007
-2132
-2082
-215
2070
2464
2607
4123
5995
5814
5678
5919
6696
5661
4764
5070
5520
5583
4724
5212
6653
7902
8491
8332
9743
10512
10305
9861
5675
4213
949
-663
-3539
-11463
-12995
-15406
-14943
-17159
-19885
-16698
-15623
-11952
-10827
-7521
-4282
-2642
-328
704
2560
2965
1827
1845
1052
94
485
185
1749
-44
568
4560
7144
7749
5701
8453
10879
10685
7403
4977
5033
1933
-1365
-5154
-6305
-7552
-10866
-12139
-10816
-9156
-8181
-7932
-5198
-1920
-781
1376
2907
3634
1958
1206
2850
2294
-821
-4038
-2419
-841
-1933
-3448
-2449
837
1159
863
2309
4085
3700
1651
1249
1932
573
-2306
-4011
-3833
-4080
-4931
-4765
-3596
-2561
-2241
155
3274
3885
3416
4160
6986
7477
5267
4467
5375
5316
3709
2899
3855
4348
3316
3671
5376
7142
7190
7235
8854
10224
10414
9738
9610
9346
7194
5928
4409
-1007
-4252
-7784
-6878
-10304
-16813
-16209
-15706
-12653
-14701
-14379
-10158
-8184
-5305
-5011
-1443
-312
-343
20
896
2416
1032
74
1605
1680
1297
2427
4568
6369
3195
3991
7780
8842
5590
1549
2933
3575
972
-3945
-5073
-4646
-6272
-7983
-8529
-5889
-5623
-6515
-4743
-1693
-267
-354
32
2042
2002
939
2342
2648
1433
-826
-453
2399
1822
-490
-1551
1113
2752
669
-1372
-906
140
-1989
-4123
-3288
-3399
-5027
-6196
-4608
-2523
-3221
-2784
-888
765
1682
2080
3447
3696
2818
2325
3440
3825
2053
407
1202
3509
3095
1577
2731
4680
5034
4297
4842
6177
5212
4255
4616
5547
5310
4248
5406
6419
7936
7863
9186
10314
9969
9014
9274
7886
870
-2913
-5711
-4538
-11542
-18494
-17421
-16126
-13681
-16598
-13285
-9154
-6450
-4119
-2056
1784
966
226
-47
1185
639
-1867
-2206
-49
-974
-846
2062
6305
6961
2966
5883
10205
9943
4077
143
1236
616
-3380
-7705
-7585
-7618
-7868
-7923
-5467
-2363
-2203
-1621
986
2999
2587
1734
1499
1330
-1056
-1343
312
265
-1016
-2473
660
3710
3734
1635
319
2832
2431
-565
-3572
-4456
-5203
-8306
-8236
-6823
-6398
-6690
-5101
-1075
788
1840
3274
4007
4123
3716
3843
3286
1241
-534
-974
734
1700
535
88
2581
5359
5008
4399
5111
5182
3610
2535
2987
1927
296
264
1819
3597
4538
6214
8687
10662
12840
13646
14872
13994
11953
9553
9233
4210
-5026
-8750
-10064
-8537
-17082
-20410
-16708
-13569
-11165
-12843
-7893
-5995
-4434
-4026
-2530
-1392
-4006
-4651
-4099
-1726
-1184
-996
2397
5677
4789
6526
10364
13132
8593
2484
4392
5817
1968
-5363
-7860
-5820
-4920
-6678
-7076
-4645
-2940
-1922
-1480
619
1158
-886
-2064
-1564
-1818
-2256
-1958
-679
9
684
4332
7667
8111
6665
4919
5384
5296
1647
-3366
-7293
-6950
-7767
-10643
-10558
-8697
-6748
-6637
-3583
128
1058
672
778
2057
1615
1206
742
-366
-213
810
2435
3793
3835
3816
4383
5842
6120
2984
662
673
143
-1861
-2545
-1659
-1045
-1093
621
3835
4916
5668
6301
7689
8870
9186
9224
9289
10044
10651
11627
12277
12442
11324
9952
11638
5657
-2705
-6778
-8324
-8400
-19059
-22415
-20754
-17630
-15751
-16540
-11331
-8654
-4823
-3621
-812
971
-578
-983
-670
1302
1714
1759
4966
6470
5116
7188
10656
12082
6347
614
1656
2337
-1852
-8804
-11676
-9694
-7982
-9062
-8645
-6013
-3615
-2193
-1300
1047
1944
506
-174
-74
477
1594
2648
3449
3784
5158
8286
10236
9299
6351
3181
1787
460
-3191
-8469
-10861
-10933
-10605
-11376
-10420
-6654
-5953
-4726
-2654
706
2259
815
841
1410
2995
3581
3726
3486
3973
5328
6032
6357
4809
2593
1168
317
-847
-3510
-5190
-4585
-4305
-3879
-1761
800
2195
2193
3624
6244
7004
6610
5740
6377
7729
9061
10570
11790
14052
15413
16904
17454
16265
14446
10607
9494
1019
-9478
-14096
-16036
-14896
-23873
-25908
-22053
-16051
-12298
-12648
-8098
-5807
-3178
-3376
-1714
-104
-854
-552
1291
5324
8739
10909
13752
13826
10799
10174
10541
7773
-1178
-9584
-10093
-8362
-10537
-14810
-14980
-10280
-6131
-5493
-4567
-2287
-1658
-2586
-3571
-1805
150
-72
294
2220
6362
10784
13445
13383
11903
10701
10360
8253
3490
-2347
-6613
-8745
-10137
-10786
-12292
-10663
-9874
-8952
-8291
-6855
-3766
-5592
-6461
-5053
-712
2057
2199
4098
6884
9735
10787
10405
8685
5999
3234
232
-2387
-4514
-6625
-7836
-7544
-5962
-4040
-2525
-1030
-915
-513
1178
2454
1809
486
1982
4597
7119
8886
11117
13875
15437
16857
17502
18117
17407
15336
12832
11127
9270
7658
4312
3075
-4617
-13162
-15848
-16863
-15276
-24603
-26477
-23876
-17325
-12786
-12049
-6820
-3744
935
2782
6417
9184
8943
7914
7954
10634
13110
13235
11516
8053
3970
3405
2159
-2952
-10547
-16208
-15040
-14237
-14793
-15678
-13394
-9720
-7108
-4655
-1220
2156
1343
544
2116
6541
8973
8250
8057
9781
12139
13209
12495
9695
6203
2779
48
-2441
-5682
-8628
-10928
-11921
-12656
-12344
-11262
-10246
-10136
-10720
-7949
-4667
-2054
-1072
985
5239
8485
10924
11814
11978
10770
8539
5860
3155
215
-3243
-6170
-7763
-7903
-7646
-7516
-7256
-7086
-6339
-4818
-3339
-2686
-2011
-43
2828
5517
7592
9751
11715
12585
13244
13311
13712
12633
11284
10387
10353
11351
11157
11846
10119
9203
7321
6334
2887
-627
-10213
-19694
-22547
-22418
-18072
-23212
-21006
-16421
-7919
-1567
574
4214
3716
4410
3917
5828
7447
7483
6581
6743
9561
12840
13562
9519
2450
-4550
-7396
-9112
-13464
-18687
-20806
-17434
-13034
-8929
-5338
-1675
-628
-762
440
3381
4840
2749
1844
4645
10073
13513
14564
14058
12391
9838
7163
4431
-5
-5448
-9744
-11300
-10863
-9163
-7744
-7425
-8263
-10748
-9418
-7573
-6696
-8140
-8842
-3829
1345
6392
9976
12413
13245
12409
11856
10197
6523
1116
-3725
-6291
-6227
-5318
-5238
-6016
-6661
-6490
-5588
-4874
-5964
-7572
-7511
-4676
-802
3001
6484
9134
10678
11962
13213
13257
11037
7742
5775
6051
7687
8679
9172
9242
10322
10819
11874
9694
7120
2417
949
-961
-1546
-4869
-15423
-18233
-21712
-12232
-12234
-12146
-11460
-9245
-908
422
4752
3916
4009
2006
2270
5413
8229
8057
4131
2555
3785
6471
4371
-1862
-9176
-12830
-12746
-12378
-11815
-12206
-10623
-9062
-5713
-1653
2049
2320
-232
-923
1688
6151
7285
6907
6768
8726
10342
10525
9205
5978
1442
-2991
-4988
-5160
-5277
-6877
-8732
-9517
-7812
-5620
-4679
-6520
-7413
-8186
-6571
-3412
-1255
2341
2894
5153
6281
8423
9558
7249
3731
1146
1309
1092
172
-1449
-2731
-3882
-4262
-4196
-4242
-5196
-6826
-7444
-5878
-2548
-160
872
1996
3986
6438
7811
8336
7711
7048
6373
6778
7528
8058
6913
5472
4871
5669
5940
5313
3724
2944
4676
4930
7825
4748
5557
5878
6804
8304
4073
-3151
-12240
-14424
-11980
-7772
-10909
-9845
-7480
-2490
80
394
1423
-804
-3537
-6151
-2406
2969
5191
2090
686
4240
7570
5602
-555
-5552
-8470
-10041
-10025
-7404
-4168
-3696
-4335
-3705
158
1784
-571
-4170
-4750
-2190
803
3356
5121
6755
6788
6349
5745
5552
3129
-993
-4314
-4538
-2368
-500
-509
-1969
-3191
-3796
-3955
-4692
-5847
-6796
-6402
-5256
-2976
-413
1125
944
-100
-200
327
766
-167
-478
15
1196
2689
3246
2826
798
-1429
-3051
-3407
-3374
-3792
-3812
-2847
-956
563
1389
1421
920
519
726
1830
3218
4458
5031
5892
6934
7503
6891
4996
3512
2538
2971
3269
4446
5454
6660
7826
8506
10115
9556
8669
4568
5803
6693
8311
4998
-8053
-12798
-15179
-8512
-8650
-12821
-11228
-8256
-3487
-4129
-1369
1176
118
-4827
-5038
2877
9112
6886
985
1899
6764
7063
1587
-1962
-4150
-7081
-9809
-7718
-2642
-2521
-6600
-8326
-4730
-1809
-2856
-5157
-4212
-1499
988
3722
6643
8117
6260
4418
4603
5308
4204
1478
-862
-1491
-544
409
-67
-2486
-5437
-7043
-7071
-6624
-6341
-6157
-5414
-3720
-1293
2051
2266
309
-1863
-2535
-175
499
1272
1093
1319
2007
2162
2673
1277
-1333
-3746
-3808
-2202
-1347
-1708
-2324
-1917
-1161
-639
-423
-761
-1459
-1507
-91
2461
4194
4294
4023
4488
5792
6258
5606
4371
3694
3890
4471
5027
4956
4829
4506
5191
6354
7304
7094
7525
7190
8436
7973
8166
8145
6401
4491
-7624
-14004
-15806
-9610
-6835
-11470
-9684
-5661
-1333
-4638
-6090
-2498
-1804
-5689
-6696
2275
10521
7524
1416
2784
7813
5871
-1537
-3043
-1644
-3644
-7228
-5391
-126
-1932
-8327
-10096
-5878
-4458
-6998
-7099
-2367
1229
1209
2494
5364
6091
2702
1225
3687
5889
4383
2064
2294
2842
1633
-972
-2289
-3770
-5628
-6792
-5720
-3895
-3480
-3708
-3820
-2278
-1238
-279
-248
287
1170
853
943
-68
1025
1012
838
885
1056
1543
185
-589
-928
-713
-1499
-2415
-2359
-1952
-2178
-2643
-2148
-1387
-1152
-1575
-599
649
1526
1600
1938
3457
4025
4220
4153
4887
5386
4807
4444
4605
5028
4353
3812
3974
4485
4979
5012
5997
6488
7535
8196
8659
9117
7238
7516
6612
6890
752
-10379
-14301
-12395
-5261
-7305
-9560
-6910
-3076
-4281
-8776
-6003
-2280
-3291
-6809
-1042
7952
8860
2735
1168
6017
4792
-994
-3843
-383
-1
-4259
-4195
-1393
-1209
-6924
-9443
-5623
-4219
-6739
-7926
-3143
1453
782
-87
1423
2522
394
-303
3222
5987
4312
1666
2495
3689
2013
-1127
-2255
-2290
-3088
-3422
-2431
-1301
-2362
-3885
-4154
-3244
-2598
-2512
-1890
-522
747
1893
1432
-783
-2341
-2917
-1430
-580
164
859
832
614
-153
-281
-1042
-1936
-2100
-1084
347
283
-271
-928
-1483
-2084
-2576
-1899
-1012
-369
295
1264
2391
2760
2656
2822
3638
4314
4708
5447
6197
6284
5634
5178
5218
5140
5049
5809
6762
7580
8143
9101
9280
8727
6832
6394
6591
6037
2880
-7062
-12291
-11580
-5516
-4817
-9150
-7851
-4958
-4009
-8678
-7579
-2774
-2728
-5118
-3318
4818
5858
698
-273
3812
5084
-159
-1847
1800
2441
-1525
-3584
-708
-885
-5382
-7641
-4606
-2638
-6018
-6966
-3059
592
-1258
-3827
-1863
127
-382
-966
1820
3767
2070
875
2627
4053
1285
-1473
-848
1155
1220
54
148
104
-1063
-2179
-2065
-1803
-2599
-3165
-2186
-663
-140
-602
-1275
-2393
-3884
-3834
-2600
-872
158
892
1942
1773
975
-220
-539
-411
-220
395
635
528
-399
-1235
-1979
-2959
-3676
-3731
-2722
-1642
-855
-142
452
1015
1263
1784
2627
3573
4427
5074
5825
6058
5762
5292
5183
5106
5132
5629
6404
7171
7380
7422
7206
6958
6285
5840
5402
5569
5871
5574
2308
-5519
-9797
-8924
-4962
-5443
-7624
-4688
-2040
-2734
-6444
-5020
-2707
-4751
-5821
-1951
3632
2435
-1116
301
3028
1568
-2205
-1850
132
-1219
-2845
-1178
1271
-989
-4332
-3934
-1925
-2626
-5431
-4470
-1340
-418
-1567
-1800
-824
-2099
-3670
-2383
160
549
-770
434
2595
2598
679
-206
524
160
-122
587
1731
1308
28
226
797
535
-650
-926
-278
129
410
388
585
-258
-2112
-2895
-2530
-1732
-2111
-2165
-1206
-789
-1220
-2085
-1687
-1561
-2065
-1768
-1068
-335
-509
-503
63
104
-247
-476
107
568
560
533
1046
1689
1725
1777
2138
2553
2518
2335
2719
3235
2949
2426
2431
2680
2546
2205
2366
2765
2947
3084
3494
3856
3863
3865
4318
4787
5040
5122
5486
5445
3832
361
-1758
-1022
808
912
-54
335
332
-736
-2283
-1696
-1959
-4265
-5841
-4431
-2268
-2487
-3935
-3880
-3269
-3803
-4314
-3694
-3151
-4155
-5021
-4042
-2277
-2034
-2599
-2348
-1371
-1202
-1578
-1218
-271
-128
-350
237
975
970
319
427
1050
1115
637
466
819
1024
1077
1063
1086
867
523
543
599
462
-33
-388
-183
276
535
366
-61
-487
-623
-710
-1025
-1616
-2108
-2243
-2176
-1952
-1657
-1455
-1514
-1398
-1054
-671
-500
-488
-249
92
319
370
301
130
-28
-108
-104
-160
-408
-524
-467
-510
-725
-1002
-1065
-1003
-848
-583
-211
51
203
641
1088
1435
1520
1587
1894
2308
2832
3278
3734
4059
4218
4544
4934
5268
5372
5260
5511
5621
5766
5701
5897
5955
5943
4616
2158
1144
1439
2902
2780
1856
608
-271
-998
-583
-198
-1735
-3687
-4465
-3342
-2585
-3148
-3971
-4591
-5262
-5256
-4692
-4419
-5070
-5995
-5814
-4754
-4168
-4014
-4119
-4017
-3618
-3392
-3134
-2861
-2690
-2279
-1484
-985
-739
-787
-525
-97
44
35
-99
-72
369
1112
1581
1668
1345
1191
1391
1495
1340
766
174
134
354
525
495
143
-184
-445
-518
-601
-928
-1036
-656
-196
-48
-104
-256
-307
-448
-550
-728
-1143
-1405
-1162
-726
-604
-877
-1141
-1079
-923
-883
-902
-959
-983
-869
-607
-262
-186
-266
-205
0
319
607
927
1357
1756
2214
2670
3022
3208
3461
3823
4074
4214
4336
4627
4885
4986
5071
5071
4788
4541
4335
4362
4134
3956
4060
4376
3305
1108
357
1180
2768
2437
1342
111
-1000
-1714
-1038
-323
-1643
-3355
-3688
-2368
-1965
-2798
-3620
-4308
-4991
-4885
-3893
-3423
-4019
-4765
-4428
-3605
-3404
-3393
-3418
-3299
-3152
-2933
-2492
-2362
-2484
-2247
-1532
-1049
-897
-680
-34
594
774
730
542
254
343
770
1016
809
405
369
587
573
381
72
-93
116
542
926
1034
827
634
669
758
475
-264
-710
-580
-356
-312
-276
-270
-475
-853
-1042
-997
-1281
-1766
-1825
-1614
-1367
-1341
-1432
-1408
-1437
-1446
-1372
-1311
-1271
-1082
-578
53
414
614
1015
1547
1942
2262
2581
2909
3162
3472
3890
4045
3810
3603
3513
3335
2954
2403
2028
1757
1599
1628
1765
1898
1954
2112
2371
2521
2524
2580
2864
3235
3576
3821
2507
509
-195
1221
2943
2435
1135
-58
-469
-552
372
737
-420
-1627
-1463
-416
-524
-1675
-2843
-3924
-4698
-4442
-3842
-3967
-4739
-5003
-4392
-3742
-3527
-3212
-2764
-2202
-1719
-1400
-1128
-1168
-1403
-1396
-1284
-1570
-1953
-1885
-1103
-540
-551
-589
-562
-545
-365
70
328
270
227
632
1176
1273
1029
604
379
586
843
1038
1064
980
841
813
693
355
-367
-870
-992
-1131
-1244
-1516
-1806
-2240
-2491
-2478
-2451
-2615
-2626
-2189
-1629
-1090
-763
-401
-44
298
769
1239
1546
1615
1892
2251
2407
2120
1766
1782
1607
1246
877
666
493
184
38
75
-42
-190
-120
171
422
441
576
859
1147
1296
1529
1952
2312
2582
2781
3132
3319
3366
3535
3896
4205
4346
4621
5082
4988
2909
1130
1030
2500
3173
2214
1103
45
-673
-734
287
-206
-1862
-2695
-1778
-1021
-1529
-2083
-2252
-2983
-3515
-2852
-2237
-2806
-3887
-3820
-3220
-3276
-3558
-3184
-2715
-2663
-2801
-2664
-2438
-2685
-2771
-2032
-1388
-1468
-1634
-919
213
537
290
245
210
188
536
1189
1448
1120
959
1226
1187
627
-117
-786
-1199
-1293
-1110
-883
-915
-1146
-1021
-789
-728
-1036
-1195
-873
-561
-46
525
1065
1224
1211
1318
1349
1113
892
928
954
902
749
493
264
-130
-689
-1203
-1499
-1718
-1992
-2022
-1625
-1368
-1483
-1450
-1200
-915
-888
-760
-342
32
402
909
1413
1793
1960
2068
2179
2102
1890
1624
1516
1444
1357
1287
1384
1450
1447
1556
1691
1742
1731
1959
2259
2525
2736
3188
3722
4205
4554
3157
1406
1012
2651
4133
3547
2396
1316
650
265
980
774
-739
-1864
-1396
-522
-747
-1464
-2123
-3169
-3887
-3433
-3011
-3420
-3973
-3714
-3161
-3074
-2926
-2308
-2073
-2131
-2032
-1705
-1615
-1916
-1822
-1118
-871
-1435
-1840
-1546
-1094
-1401
-1800
-1585
-1346
-1356
-919
-158
214
87
125
700
978
858
808
1011
1300
1667
2060
2436
2433
2072
1907
1804
1556
979
501
454
80
-345
-615
-756
-1127
-1666
-1947
-2055
-2112
-1966
-1546
-1482
-1481
-1271
-954
-766
-744
-761
-638
-564
-452
-236
-94
83
46
-24
252
501
467
351
449
694
570
271
227
140
-108
-245
-186
-189
-287
-274
130
672
881
1150
1514
1995
2301
2424
2622
2851
2918
2859
2990
3147
3222
3115
3146
3269
3178
3309
3406
3692
2738
788
23
907
2706
2715
1905
1037
406
-9
507
1155
176
-1249
-1575
-859
-762
-1465
-2033
-2823
-3728
-3602
-3081
-3443
-4501
-4998
-4820
-4792
-5010
-4605
-4055
-3794
-3490
-2951
-2402
-2337
-2212
-1454
-510
-373
-397
27
734
1010
1008
1344
1440
995
1016
1789
2113
1576
967
1026
1067
585
142
-86
-263
-281
-87
262
283
-24
-195
-104
-115
-469
-806
-800
-703
-863
-949
-769
-685
-741
-792
-740
-792
-936
-754
-503
-456
-546
-520
-380
-236
-214
-295
-411
-491
-502
-497
-425
-248
-170
-100
71
210
268
167
99
117
223
435
668
808
987
1243
1414
1428
1298
1228
1162
1092
1182
1350
1354
1305
1409
1655
1798
1759
1890
2292
2634
2849
3146
3616
3996
4011
4025
4120
4326
4316
4356
3134
1428
752
1753
3097
2456
1192
-127
-1051
-1743
-1417
-1261
-2215
-3114
-2700
-1574
-1413
-1826
-2142
-2590
-3034
-2676
-2057
-2151
-2682
-2628
-2088
-1989
-2200
-2024
-1841
-1888
-1995
-1928
-1959
-2342
-2391
-1726
-1271
-1469
-1564
-1121
-617
-702
-823
-631
-674
-915
-626
81
233
-114
-304
-20
-3
-430
-724
-774
-677
-547
-429
-300
-365
-609
-669
-596
-618
-768
-842
-712
-492
-382
-208
-175
-404
-558
-494
-360
-378
-393
-143
52
66
82
140
134
47
121
271
371
390
540
695
690
524
371
369
309
194
114
115
135
133
223
337
310
291
382
616
698
830
1011
1166
1214
1294
1582
1708
1693
1619
1736
1817
1791
1753
1773
1701
1569
1618
1849
2138
2272
2480
2758
3125
3389
3788
4090
4363
3473
1644
897
1780
3441
3397
2557
1707
1034
399
667
1153
207
-1206
-1336
-417
-420
-1442
-2213
-2799
-3509
-3575
-3154
-3178
-3722
-3872
-3443
-3234
-3367
-3105
-2701
-2580
-2527
-2421
-2382
-2690
-2932
-2594
-2252
-2458
-2710
-2419
-1770
-1401
-1339
-1232
-1262
-1448
-1110
-456
-265
-537
-653
-239
-34
-317
-489
-539
-620
-636
-387
58
186
90
147
461
579
549
549
687
805
710
837
983
893
697
574
536
361
97
9
21
-93
-255
-380
-464
-482
-590
-725
-786
-808
-717
-611
-592
-493
-426
-317
-183
-192
-180
-257
-348
-302
-169
-13
-74
-163
-2
306
450
420
502
660
812
865
1055
1269
1272
1323
1537
1900
2139
2245
2468
2898
3243
3490
3754
3954
4008
3881
3828
3969
3913
3768
3576
3626
3750
3932
3670
2043
750
907
2683
3396
2700
1700
751
-9
-193
491
26
-1370
-2165
-1504
-1074
-1598
-2279
-2852
-3564
-3764
-3229
-3031
-3582
-4018
-3974
-4050
-4398
-4491
-4222
-4272
-4276
-4157
-4005
-3953
-3790
-3208
-2673
-2545
-2403
-1871
-1098
-586
-370
-29
307
337
349
738
966
729
391
516
812
626
298
193
205
292
353
428
353
199
129
147
85
-115
-276
-509
-331
-135
-130
-352
-577
-504
-405
-376
-337
-389
-519
-451
-295
-243
-437
-672
-882
-901
-817
-794
-933
-983
-686
-444
-313
-179
18
159
346
658
872
844
815
1016
1229
1273
1234
1220
1225
1181
1106
1089
1051
947
861
905
1147
1325
1442
1685
1977
2087
2064
2215
2402
2379
2272
2379
2565
2717
2904
3141
3270
3367
3636
4002
4203
4349
4511
4831
4334
2676
1455
1694
2965
2883
1756
478
-590
-1537
-1577
-1052
-1627
-2828
-3063
-2199
-1988
-2559
-2871
-3053
-3558
-3556
-2885
-2644
-3072
-3420
-3433
-3561
-3874
-3725
-3364
-3152
-2948
-2769
-2723
-2865
-2801
-2367
-2031
-2192
-2279
-1954
-1340
-945
-785
-565
-489
-529
-175
535
780
573
523
807
889
639
458
223
-215
-547
-609
-620
-887
-1259
-1379
-1294
-1306
-1317
-1223
-1002
-665
-338
95
360
335
221
272
412
481
440
465
643
802
937
927
799
575
274
9
-199
-359
-507
-592
-625
-592
-596
-528
-333
-245
-217
-283
-199
11
193
312
272
322
489
698
839
918
946
986
1150
1359
1549
1646
1719
1836
1994
2169
2307
2264
2055
1872
1842
1953
2004
2007
2008
2088
2301
2475
2590
2586
2662
2717
2869
3063
3278
3477
3623
3522
2171
951
902
2168
2718
1916
1006
162
-578
-914
-379
-675
-1925
-2640
-2167
-1756
-2265
-2696
-2879
-3286
-3290
-2612
-2126
-2364
-2618
-2346
-2125
-2284
-2333
-2124
-2188
-2280
-2312
-2491
-2986
-3332
-3048
-2627
-2653
-2707
-2442
-2002
-1683
-1444
-1055
-913
-1012
-679
92
580
552
619
991
1210
1118
1102
1083
801
635
760
898
739
324
101
88
46
-56
-408
-553
-416
-241
-158
-272
-515
-836
-889
-646
-409
-545
-620
-434
-235
7
61
-77
-179
-45
256
235
30
32
108
45
2
41
38
123
192
310
318
219
286
369
445
434
406
482
544
471
389
411
446
491
531
742
971
1006
1099
1249
1357
1428
1515
1609
1685
1786
2026
2240
2285
2320
2317
2297
2197
2066
2053
2176
2214
2262
2366
2518
2737
2932
3031
3184
2762
1615
743
998
2093
2151
1391
532
-203
-1008
-1186
-914
-1363
-2340
-2581
-1885
-1696
-2153
-2437
-2639
-3004
-2951
-2504
-2341
-2494
-2364
-2140
-2309
-2561
-2390
-2220
-2334
-2260
-2080
-2134
-2406
-2325
-1905
-1833
-2054
-2003
-1637
-1338
-1232
-1020
-717
-711
-804
-497
-63
-58
-258
-249
-125
-234
-402
-345
-332
-465
-387
-150
79
150
227
366
448
311
140
193
392
576
474
405
313
295
425
633
559
265
170
289
322
123
-108
-437
-714
-800
-748
-797
-835
-751
-687
-673
-583
-410
-287
-185
-25
160
324
432
524
669
825
900
836
794
816
832
769
726
673
572
558
702
886
921
999
1166
1326
1387
1387
1362
1315
1366
1421
1398
1283
1152
1104
1124
1246
1374
1410
1370
1417
1582
1823
1969
2063
2138
2355
2645
2944
3152
3370
2994
1703
818
1210
2251
2165
1371
743
261
-252
-90
369
-188
-1195
-1422
-1016
-1247
-1930
-2330
-2810
-3414
-3463
-3172
-3316
-3736
-3873
-3781
-3850
-3915
-3662
-3386
-3119
-2722
-2436
-2444
-2550
-2346
-1863
-1534
-1478
-1325
-1050
-646
-219
174
428
411
421
758
1095
952
622
430
321
-28
-429
-639
-819
-937
-774
-449
-232
-108
66
307
464
405
239
168
349
628
749
821
844
806
912
1096
1055
664
331
354
290
88
-126
-360
-498
-444
-304
-411
-570
-468
-255
-92
99
275
298
323
483
566
443
223
41
-52
-116
-122
-174
-305
-379
-295
-101
47
127
220
454
806
1109
1278
1465
1687
1757
1772
1905
2100
2181
2169
2265
2400
2424
2366
2274
2245
2197
2126
2053
2027
1898
1602
1243
978
828
715
663
602
597
696
937
1179
1354
1571
1337
487
-120
314
1171
1171
625
140
-298
-838
-708
-248
-571
-1376
-1491
-1057
-1176
-1778
-2267
-2750
-3362
-3546
-3415
-3541
-3814
-3757
-3481
-3357
-3299
-3020
-2725
-2506
-2200
-1987
-1972
-1950
-1636
-1203
-1003
-929
-793
-639
-478
-274
-57
-33
-186
-244
-67
86
11
-68
-136
-180
-160
-3
141
116
257
641
1000
1126
1133
1110
1063
833
591
417
148
-140
-419
-534
-754
-1041
-1181
-1087
-1114
-1198
-1084
-851
-635
-434
-151
101
296
644
1065
1270
1439
1626
1743
1828
1888
1886
1761
1582
1432
1222
943
661
447
288
158
17
-37
-35
-156
-323
-422
-413
-401
-433
-296
42
343
472
573
716
829
867
935
998
1016
1058
1065
1057
1056
1071
1040
1010
990
904
891
946
1031
999
909
847
838
879
933
1034
1128
1230
1310
1418
1498
1583
1647
1625
1105
199
-222
266
967
954
561
245
-146
-536
-350
-56
-488
-1139
-1165
-1000
-1302
-1768
-2028
-2450
-2912
-2855
-2599
-2540
-2579
-2442
-2235
-2192
-2127
-1979
-1865
-1797
-1707
-1653
-1746
-1855
-1830
-1752
-1776
-1830
-1874
-1938
-1840
-1647
-1454
-1373
-1379
-1228
-843
-346
59
412
715
970
1213
1489
1681
1723
1822
1975
1988
1916
1837
1725
1478
1038
536
128
-122
-228
-302
-386
-549
-774
-879
-812
-690
-625
-565
-408
-142
200
556
813
881
989
1179
1273
1204
1053
929
848
809
780
679
598
631
653
614
491
353
281
272
253
160
-4
-177
-273
-287
-326
-366
-397
-317
-151
70
300
404
430
444
508
604
604
578
638
817
1017
1182
1343
1444
1456
1427
1398
1303
1183
1110
1136
1213
1288
1317
1329
1383
1470
1533
1530
1510
1470
1459
1534
1584
1495
1044
236
-444
-525
-83
208
93
-175
-471
-883
-1047
-906
-1043
-1624
-1945
-1698
-1603
-1844
-1965
-1918
-2016
-2012
-1710
-1468
-1419
-1321
-1037
-876
-892
-891
-878
-891
-897
-894
-1074
-1357
-1528
-1498
-1517
-1612
-1673
-1768
-1838
-1765
-1536
-1363
-1320
-1270
-1069
-769
-444
-161
58
196
274
382
443
376
303
383
473
479
451
504
586
659
620
503
330
241
218
149
108
7
-90
-216
-222
-135
-70
-72
8
187
340
439
434
372
297
269
309
340
362
447
561
673
686
592
541
567
577
540
523
519
459
367
371
430
418
393
415
435
425
332
215
121
59
79
108
84
28
-14
-25
-79
-189
-303
-350
-326
-245
-140
-67
16
107
258
395
458
543
700
942
1237
1570
1819
1936
1998
2141
2281
2346
2393
2446
2488
2484
2513
2556
2448
2267
1917
1235
443
84
357
510
216
-305
-752
-1176
-1318
-1103
-1067
-1319
-1470
-1208
-971
-1011
-1105
-1251
-1527
-1792
-1852
-1852
-1941
-2057
-2085
-2103
-2116
-2102
-2129
-2207
-2237
-2190
-2287
-2483
-2628
-2524
-2267
-2098
-1958
-1842
-1619
-1365
-1109
-887
-787
-709
-517
-193
56
174
227
282
322
354
456
488
465
511
649
851
989
1012
946
890
940
955
717
536
644
945
1069
1061
1054
965
867
886
909
709
456
261
62
-178
-440
-719
-969
-1117
-1150
-1197
-1207
-1183
-1239
-1321
-1320
-1204
-1011
-780
-527
-234
-2
206
429
672
909
1068
1132
1188
1308
1473
1569
1547
1536
1519
1517
1508
1392
1174
944
696
422
184
68
-18
-76
-20
144
275
335
411
508
731
933
1126
1292
1453
1594
1656
1670
1616
1565
1529
1577
1629
1669
1651
1644
1723
1661
1446
1193
1136
1142
1070
936
643
188
-246
-192
182
325
74
-207
-323
-397
-321
-214
-422
-868
-1057
-1026
-1183
-1562
-1940
-2254
-2482
-2562
-2607
-2716
-2782
-2750
-2728
-2730
-2674
-2535
-2381
-2211
-1911
-1660
-1598
-1505
-1196
-812
-582
-452
-368
-358
-321
-242
-247
-485
-775
-920
-891
-801
-757
-722
-712
-644
-487
-318
-245
-238
-128
49
246
462
655
756
708
777
976
1197
1259
1262
1364
1453
1544
1650
1704
1585
1411
1237
1018
742
441
64
-296
-492
-536
-528
-526
-499
-503
-421
-242
-97
4
121
278
462
636
774
818
796
711
598
492
381
311
281
280
253
253
270
249
144
14
-57
-64
-95
-213
-236
-105
40
113
218
401
523
610
703
814
944
1047
1166
1283
1414
1470
1532
1612
1626
1574
1480
1485
1471
1431
1317
1180
1086
969
829
708
706
762
877
999
1100
1139
1110
1025
893
630
188
-206
-332
-257
-349
-679
-1174
-1684
-2083
-2173
-2185
-2385
-2660
-2731
-2678
-2729
-2829
-2916
-3025
-3073
-2920
-2710
-2566
-2464
-2279
-2088
-1880
-1596
-1271
-975
-675
-301
-31
75
101
251
378
370
245
80
-84
-213
-293
-414
-510
-554
-503
-406
-244
-98
-43
18
220
442
551
602
741
863
794
758
793
757
513
356
266
34
-239
-393
-469
-579
-566
-502
-624
-789
-840
-865
-901
-886
-818
-822
-720
-509
-417
-440
-391
-297
-214
-21
234
392
444
536
647
706
716
747
782
862
955
1034
1068
1069
1104
1174
1277
1342
1308
1244
1327
1461
1485
1422
1402
1368
1248
1133
1069
1041
996
870
703
591
519
338
134
42
-29
-126
-261
-299
-327
-383
-402
-333
-228
-200
-171
-78
73
156
204
282
388
507
599
672
767
910
1080
1249
1404
1511
1502
1394
1175
803
408
163
128
108
-11
-138
-291
-446
-520
-450
-418
-529
-652
-642
-581
-569
-583
-630
-656
-607
-569
-580
-628
-751
-978
-1186
-1235
-1319
-1525
-1705
-1701
-1644
-1625
-1611
-1578
-1531
-1497
-1392
-1203
-1034
-950
-845
-670
-480
-398
-405
-359
-234
-118
-43
64
187
171
117
145
122
20
12
177
302
359
364
328
288
374
537
561
550
548
557
563
564
534
486
558
717
775
719
700
679
613
515
354
116
-126
-282
-376
-462
-572
-672
-687
-572
-392
-314
-280
-211
-106
-27
41
137
139
38
1
136
328
451
549
706
888
1004
1044
1069
1039
907
766
707
681
544
378
317
321
333
352
484
625
669
645
641
733
831
900
987
1172
1378
1457
1487
1513
1519
1415
1286
1133
914
680
482
357
196
-26
-299
-483
-514
-472
-491
-584
-640
-672
-673
-672
-699
-795
-894
-944
-974
-1037
-1174
-1315
-1433
-1486
-1550
-1611
-1654
-1691
-1697
-1680
-1603
-1528
-1443
-1390
-1359
-1328
-1283
-1209
-1131
-1017
-869
-728
-641
-585
-482
-368
-317
-275
-168
-5
145
271
336
307
224
116
13
-118
-306
-467
-539
-517
-543
-656
-730
-713
-623
-540
-459
-361
-255
-197
-164
-117
-57
-17
-23
-2
96
307
504
643
737
821
870
888
923
891
803
734
780
874
900
862
817
778
738
721
764
801
787
743
803
946
1026
1012
997
1070
1106
1086
1064
1076
1075
1081
1134
1145
1029
803
622
521
444
373
359
394
440
465
517
566
513
417
359
377
374
303
185
26
-186
-417
-564
-608
-662
-782
-882
-898
-881
-844
-797
-746
-706
-643
-506
-360
-275
-250
-222
-183
-174
-172
-141
-153
-192
-205
-188
-218
-304
-390
-442
-460
-460
-441
-441
-470
-516
-550
-634
-783
-979
-1113
-1212
-1277
-1293
-1294
-1261
-1243
-1184
-1104
-1026
-936
-849
-809
-833
-836
-787
-734
-737
-713
-620
-491
-357
-214
-117
-76
-81
-47
33
46
-10
-48
-4
65
131
211
269
246
181
174
230
278
261
223
255
301
297
286
327
456
566
654
749
885
985
1005
1008
1008
986
927
925
971
1004
978
982
1065
1185
1221
1195
1180
1142
1073
959
845
658
444
321
275
193
53
-25
-20
4
13
41
93
149
233
368
514
615
693
808
960
1091
1166
1182
1191
1224
1229
1176
1067
931
796
665
607
567
516
430
378
402
389
329
223
173
93
-13
-124
-230
-316
-432
-526
-624
-731
-837
-828
-767
-772
-890
-996
-1076
-1206
-1352
-1446
-1447
-1430
-1398
-1329
-1163
-1013
-948
-920
-863
-821
-852
-873
-809
-707
-646
-612
-570
-522
-518
-500
-503
-560
-672
-764
-835
-921
-1005
-1120
-1220
-1264
-1194
-1064
-935
-791
-639
-494
-329
-163
-51
-33
-86
-132
-130
-104
-86
-87
-89
-73
3
102
170
178
146
92
14
-59
-115
-213
-341
-425
-386
-298
-297
-312
-281
-169
-68
48
176
265
325
358
473
582
655
645
672
751
804
846
893
960
912
820
776
780
769
701
672
739
853
922
935
996
1081
1133
1119
1049
997
987
1009
1022
1004
983
959
965
993
972
905
796
659
503
327
172
0
-170
-290
-347
-336
-372
-428
-478
-455
-353
-272
-242
-259
-210
-125
-55
3
28
36
35
29
1
-98
-214
-308
-384
-436
-520
-594
-656
-644
-600
-588
-582
-574
-507
-397
-265
-176
-148
-105
-22
66
116
91
19
-67
-99
-83
-130
-257
-395
-469
-527
-634
-806
-1028
-1222
-1316
-1314
-1266
-1266
-1308
-1330
-1249
-1096
-979
-897
-840
-759
-663
-563
-486
-514
-574
-620
-616
-636
-684
-673
-620
-549
-493
-399
-254
-102
9
94
196
284
345
386
477
588
648
659
699
778
828
831
788
742
721
726
768
817
871
942
1031
1110
1112
1043
956
864
743
611
487
420
349
253
162
124
154
154
142
147
212
278
304
355
438
509
518
544
620
692
739
775
805
799
721
619
545
476
438
430
471
510
500
507
516
507
446
404
449
509
541
521
545
633
740
815
793
668
508
415
381
306
155
-4
-142
-217
-253
-281
-377
-556
-698
-699
-606
-543
-545
-546
-502
-446
-383
-391
-439
-498
-506
-500
-528
-600
-713
-817
-973
-1164
-1352
-1455
-1504
-1551
-1538
-1435
-1264
-1109
-995
-883
-719
-523
-310
-96
123
287
350
361
369
390
374
292
196
151
148
144
140
118
47
-37
-111
-168
-247
-351
-400
-395
-379
-418
-464
-446
-467
-521
-525
-398
-281
-254
-236
-162
-14
72
99
109
155
196
182
210
249
274
285
329
386
410
396
366
367
380
390
362
304
224
182
217
265
263
205
194
253
369
430
397
345
307
306
301
258
143
28
9
66
114
106
74
76
104
139
145
115
34
-68
-89
-44
4
14
46
144
293
443
529
532
497
450
399
324
238
126
-18
-212
-434
-613
-740
-837
-959
-1033
-1009
-904
-820
-738
-618
-491
-408
-303
-118
69
187
227
278
328
377
375
313
227
141
92
60
32
-55
-187
-306
-366
-350
-333
-344
-364
-370
-309
-184
-42
51
60
48
89
142
126
54
31
79
157
195
211
203
147
90
21
-51
-170
-299
-374
-386
-374
-375
-360
-308
-232
-163
-73
23
96
160
291
485
654
704
654
593
544
498
410
300
212
140
79
33
-14
-87
-176
-212
-182
-120
-42
38
83
90
120
152
148
100
54
91
179
258
291
272
255
216
176
142
125
117
105
93
38
-75
-224
-384
-538
-697
-794
-808
-813
-832
-818
-687
-527
-408
-320
-163
35
200
368
588
820
920
891
833
787
699
546
397
290
195
120
86
127
141
93
19
12
54
67
91
141
188
182
205
281
362
349
330
385
504
581
556
533
524
503
424
345
238
86
-77
-226
-373
-515
-617
-679
-709
-745
-745
-722
-674
-600
-453
-233
-31
142
319
516
714
877
1011
1088
1091
1051
984
875
682
455
257
74
-126
-289
-352
-362
-377
-376
-298
-176
-61
32
130
236
311
362
374
345
270
176
96
18
-34
-53
-74
-133
-209
-237
-238
-281
-372
-480
-563
-625
-693
-769
-864
-925
-906
-869
-852
-837
-747
-616
-479
-335
-187
-66
-15
49
164
290
298
192
97
66
-9
-181
-359
-487
-541
-577
-546
-459
-356
-287
-237
-133
-29
23
22
74
184
304
388
416
415
390
358
346
334
268
167
101
114
160
176
131
42
-17
-55
-112
-203
-283
-345
-400
-437
-474
-497
-512
-522
-512
-460
-324
-150
20
191
367
508
545
486
416
392
354
260
142
47
-36
-107
-162
-204
-234
-250
-226
-201
-171
-118
-11
110
181
223
292
377
395
375
382
420
436
447
491
569
623
584
516
476
459
400
320
252
199
151
90
44
-34
-142
-261
-340
-353
-352
-332
-291
-227
-157
-93
-41
-49
-77
-89
-76
-65
-105
-166
-233
-277
-330
-390
-428
-435
-399
-355
-292
-240
-214
-219
-197
-120
-46
2
30
85
134
143
143
127
79
-11
-80
-73
-35
-9
9
48
72
38
-28
-69
-63
-60
-63
-27
26
65
82
96
83
39
0
-1
17
16
26
78
177
250
290
315
306
242
163
148
161
147
67
6
16
52
72
59
46
48
68
117
169
222
242
226
200
180
149
100
43
-25
-89
-92
-41
-30
-82
-137
-117
-89
-115
-164
-171
-143
-169
-209
-228
-271
-381
-512
-563
-549
-566
-612
-641
-609
-526
-426
-308
-225
-154
-71
38
109
79
14
-14
27
53
30
-1
-5
-6
-15
4
53
65
33
75
219
372
439
450
482
525
560
592
626
640
635
687
793
880
881
863
890
916
877
770
660
547
401
260
148
27
-131
-278
-350
-381
-419
-474
-499
-523
-553
-572
-560
-549
-584
-574
-500
-407
-353
-278
-151
-67
-93
-154
-118
1
93
92
82
95
86
42
-12
-45
-94
-138
-130
-73
-11
23
87
173
266
325
390
439
457
477
558
653
646
570
510
510
455
349
291
320
347
283
183
101
30
-60
-153
-246
-341
-446
-509
-522
-518
-505
-485
-436
-393
-359
-325
-282
-246
-255
-260
-302
-417
-588
-737
-795
-839
-895
-951
-973
-970
-966
-964
-950
-915
-873
-813
-741
-664
-600
-510
-374
-210
-74
52
214
380
531
610
665
700
700
693
707
729
693
617
565
580
574
495
383
270
189
112
68
54
26
-13
-21
0
13
0
2
43
76
84
108
182
261
285
283
299
308
231
68
-66
-138
-191
-297
-404
-460
-482
-518
-573
-583
-579
-575
-557
-495
-414
-358
-331
-295
-218
-123
-31
16
38
44
46
31
-6
-37
-35
3
42
76
111
149
159
143
116
115
126
129
137
175
283
420
526
580
614
678
767
833
853
816
763
703
624
509
340
124
-87
-241
-336
-415
-509
-592
-639
-636
-610
-573
-567
-574
-569
-501
-346
-199
-90
-38
12
93
184
223
196
157
131
109
82
73
67
31
-17
-15
33
58
1
-80
-124
-142
-162
-193
-187
-155
-120
-58
31
141
230
320
443
593
756
886
973
1001
988
963
937
880
749
587
448
339
240
135
41
-23
-54
-43
-6
25
42
50
71
99
128
157
148
112
107
138
153
89
-7
-64
-66
-63
-112
-173
-210
-222
-220
-236
-255
-281
-320
-365
-395
-367
-308
-268
-250
-225
-162
-104
-82
-92
-83
-46
-6
38
62
54
4
-54
-84
-111
-176
-266
-367
-475
-581
-671
-692
-680
-640
-589
-511
-397
-297
-223
-184
-156
-123
-68
25
117
186
235
257
271
247
174
56
-59
-116
-111
-74
-52
-56
-69
-69
-48
-43
-79
-134
-156
-134
-106
-86
-82
-79
-63
-7
85
172
202
195
194
234
311
343
298
205
131
90
23
-100
-244
-340
-347
-297
-265
-278
-290
-272
-219
-183
-163
-160
-172
-159
-85
46
147
169
147
154
203
258
252
209
175
164
156
115
45
-21
-50
-67
-70
-68
-65
-98
-166
-223
-253
-267
-286
-301
-285
-235
-183
-143
-104
-70
-46
-32
-1
50
83
98
93
84
40
-30
-126
-237
-328
-383
-376
-342
-303
-287
-261
-211
-170
-135
-99
-41
-13
1
11
38
59
55
54
62
72
49
14
-35
-81
-112
-112
-109
-166
-216
-214
-151
-106
-100
-92
-67
-61
-53
5
90
140
143
183
279
387
455
493
512
526
562
610
631
584
492
435
425
422
370
275
209
170
