-4
-3
-2
-3
-4
-3
-2
-1
-2
-3
-1
-2
-1
-2
-2
-1
2
4
5
8
9
7
4
6
8
9
10
8
8
9
10
11
15
14
15
12
12
11
10
10
10
13
16
17
15
14
13
14
12
14
12
11
10
9
7
7
9
6
8
10
10
8
9
11
12
8
9
8
6
8
3
1
-7
-9
-15
-20
-20
-23
-26
-28
-28
-29
-29
-29
-34
-36
-35
-40
-42
-43
-45
-46
-47
-51
-51
-50
-51
-50
-49
-48
-45
-45
-42
-43
-39
-37
-34
-30
-27
-20
-19
-12
-9
-4
3
6
11
15
16
20
23
29
31
36
38
43
45
45
46
47
47
46
47
47
48
51
52
56
54
54
51
47
46
45
45
46
47
46
43
43
42
39
36
33
30
30
29
30
29
27
23
19
12
8
3
-1
-3
-4
-3
-5
-6
-10
-13
-18
-22
-29
-33
-38
-44
-50
-57
-62
-67
-70
-73
-75
-79
-80
-78
-77
-75
-75
-75
-76
-77
-80
-78
-77
-76
-74
-72
-71
-71
-74
-73
-71
-70
-67
-65
-60
-57
-56
-50
-47
-43
-41
-36
-30
-27
-22
-22
-19
-17
-11
-5
1
7
10
17
21
29
34
41
49
57
61
67
77
87
93
97
106
106
113
117
122
127
129
132
135
138
139
141
139
137
133
131
130
131
130
128
126
124
120
118
112
109
102
94
89
81
77
68
59
49
41
29
18
8
-2
-11
-22
-35
-45
-55
-70
-82
-98
-114
-130
-145
-159
-169
-176
-184
-190
-196
-202
-205
-209
-210
-210
-209
-206
-204
-201
-201
-196
-190
-184
-178
-175
-170
-165
-159
-154
-150
-143
-135
-125
-118
-108
-101
-92
-84
-75
-64
-56
-48
-40
-31
-18
-9
5
15
25
35
45
56
65
75
85
96
106
122
133
146
157
165
175
184
197
204
214
226
236
247
254
258
263
269
274
279
283
285
283
281
280
275
271
267
262
256
248
242
234
226
220
212
204
190
183
173
161
146
130
119
104
92
78
63
49
31
12
-7
-26
-48
-69
-89
-113
-135
-159
-174
-193
-213
-231
-247
-260
-273
-283
-292
-301
-308
-313
-316
-319
-320
-322
-322
-321
-319
-314
-308
-301
-293
-285
-273
-263
-253
-242
-230
-220
-207
-202
-193
-183
-175
-164
-154
-142
-135
-131
-124
-118
-111
-100
-89
-76
-67
-55
-39
-25
-6
9
27
44
61
81
102
123
143
166
186
203
217
232
247
262
274
284
296
307
319
325
326
328
326
327
327
326
324
322
319
314
309
302
299
295
292
290
284
280
276
272
270
265
261
254
246
239
228
216
199
184
168
150
132
111
88
61
30
-1
-33
-69
-103
-136
-170
-205
-243
-275
-308
-339
-367
-395
-423
-446
-467
-483
-496
-505
-512
-514
-514
-514
-511
-507
-496
-485
-474
-462
-447
-431
-416
-401
-386
-372
-358
-338
-322
-304
-290
-274
-256
-244
-229
-218
-208
-198
-189
-178
-165
-150
-135
-118
-97
-75
-51
-27
-3
23
50
82
111
143
178
209
241
267
296
323
351
376
400
422
440
457
471
481
490
497
500
506
509
509
506
502
500
492
484
475
468
462
456
450
446
443
437
433
427
424
423
419
413
406
397
386
373
358
339
321
302
277
252
222
189
149
110
72
31
-15
-62
-111
-156
-203
-248
-291
-335
-378
-419
-453
-484
-511
-539
-562
-580
-591
-600
-608
-614
-621
-627
-625
-620
-613
-607
-598
-585
-571
-560
-547
-534
-520
-503
-487
-469
-451
-432
-415
-402
-388
-372
-356
-344
-327
-312
-293
-270
-245
-221
-195
-171
-146
-118
-87
-51
-22
5
33
69
106
146
180
216
250
285
316
350
385
413
441
467
496
520
541
557
574
589
598
605
610
616
616
614
609
606
601
595
592
587
583
574
565
557
543
536
522
513
505
497
487
470
461
447
433
413
397
380
361
337
305
278
248
215
175
132
94
48
-2
-58
-107
-156
-208
-260
-310
-354
-404
-452
-498
-540
-583
-625
-658
-684
-708
-733
-751
-764
-770
-776
-782
-776
-774
-766
-761
-751
-732
-715
-699
-680
-659
-640
-621
-604
-580
-560
-535
-514
-498
-477
-458
-440
-424
-405
-383
-364
-345
-322
-297
-273
-250
-218
-185
-147
-114
-80
-40
2
44
87
133
183
225
267
307
352
398
434
474
511
547
576
603
627
645
665
677
689
700
704
703
701
703
700
691
677
661
647
632
616
600
588
574
559
546
540
534
526
516
509
504
499
493
484
480
470
457
443
429
418
393
365
343
310
274
232
183
142
86
26
-29
-88
-144
-211
-274
-336
-394
-458
-516
-567
-620
-663
-710
-744
-773
-800
-823
-841
-851
-853
-855
-852
-841
-830
-815
-800
-777
-751
-731
-713
-690
-664
-635
-608
-579
-547
-518
-492
-471
-447
-422
-403
-381
-356
-332
-303
-281
-254
-222
-186
-158
-123
-87
-50
-14
19
64
109
153
192
236
282
327
367
405
449
488
522
555
587
619
646
667
689
706
719
724
726
727
727
719
706
699
684
668
648
630
615
591
569
551
540
527
514
499
488
478
464
456
453
451
441
432
423
420
415
403
389
384
366
340
321
292
276
246
206
174
135
85
37
-20
-70
-127
-196
-263
-326
-389
-457
-521
-581
-633
-687
-741
-788
-828
-864
-900
-929
-940
-952
-963
-965
-970
-963
-958
-953
-934
-914
-898
-883
-858
-831
-806
-780
-750
-718
-675
-644
-608
-560
-523
-491
-451
-425
-385
-351
-334
-301
-270
-243
-210
-180
-153
-111
-88
-56
-15
22
59
95
134
173
222
256
298
346
380
416
444
475
511
535
569
586
617
638
646
670
681
696
705
707
714
718
712
706
700
696
681
666
653
637
625
601
586
581
565
557
540
534
536
524
521
527
520
522
511
506
509
501
493
488
483
471
459
434
433
410
382
364
334
317
284
235
210
164
113
67
-4
-44
-100
-176
-233
-287
-357
-408
-474
-531
-557
-623
-667
-696
-743
-768
-806
-835
-838
-860
-881
-893
-903
-907
-917
-926
-911
-892
-899
-878
-869
-844
-815
-817
-782
-754
-729
-705
-684
-655
-617
-607
-582
-560
-518
-496
-480
-431
-406
-364
-325
-307
-243
-198
-181
-127
-78
-30
-5
43
96
111
190
188
232
290
307
341
365
416
424
464
486
494
568
565
555
645
580
651
669
616
687
706
629
717
694
639
730
652
653
719
649
638
718
617
674
694
579
703
629
583
669
555
583
607
489
571
525
476
523
448
433
470
369
384
406
307
367
325
267
318
244
198
240
138
159
131
49
79
15
-59
-64
-134
-190
-213
-317
-327
-369
-456
-479
-541
-589
-618
-689
-714
-740
-780
-809
-854
-843
-876
-893
-904
-916
-901
-922
-905
-897
-881
-875
-856
-853
-822
-790
-795
-758
-714
-725
-655
-647
-641
-561
-577
-555
-519
-485
-478
-449
-465
-361
-383
-385
-290
-320
-254
-212
-235
-157
-103
-120
-42
-13
32
94
97
168
200
265
236
392
253
499
335
488
486
437
642
488
515
716
506
606
686
502
713
626
572
678
678
552
683
640
503
775
459
605
703
449
605
666
409
663
533
459
585
495
532
519
487
598
500
471
663
352
659
515
465
592
540
521
513
598
405
608
481
418
553
464
382
487
370
369
385
309
277
299
221
173
160
75
88
-62
-8
-189
-106
-246
-333
-267
-457
-406
-527
-547
-620
-620
-652
-794
-671
-772
-843
-781
-856
-841
-934
-796
-990
-875
-881
-961
-950
-903
-922
-1032
-905
-941
-1000
-883
-911
-1045
-661
-1067
-794
-823
-875
-766
-816
-716
-764
-624
-744
-434
-781
-375
-465
-557
-269
-375
-289
-180
-157
-190
129
-166
156
139
7
300
310
39
473
483
67
603
510
198
615
494
298
639
505
339
667
508
378
620
518
381
620
529
372
741
369
561
675
342
722
551
511
693
531
584
737
400
761
535
604
534
751
341
777
581
201
1161
112
489
1030
39
609
874
119
671
631
431
293
959
91
523
833
-48
927
290
372
544
350
374
288
491
178
329
398
33
296
190
2
72
-29
11
-330
21
-304
-430
-170
-563
-494
-563
-404
-1169
-154
-960
-1103
-137
-1412
-750
-459
-1655
-386
-939
-1402
-409
-1311
-682
-1310
-498
-1277
-1157
-316
-1582
-804
-665
-1051
-1198
-372
-1302
-650
-889
-889
-641
-1065
-424
-693
-1191
183
-1011
-1113
962
-2000
304
-257
-393
-704
607
-554
-425
1095
-1503
1533
-846
444
496
201
-69
1118
-70
420
969
143
239
1464
-189
934
544
615
1112
-503
2184
-507
762
1334
229
-250
2841
-1604
1380
2010
-2032
2775
-137
522
108
2168
-1534
1909
872
-787
1569
435
325
505
235
1753
-1387
1816
651
-937
2559
-1660
2460
-925
894
842
174
-13
1718
-625
648
1553
-1169
1528
260
459
-29
1225
24
633
-92
1234
154
-558
1687
-456
182
512
570
-613
1049
-487
337
143
-491
246
14
-564
-41
-318
-226
-111
-1733
1199
-1461
-1243
818
-2043
-88
-457
-1767
-134
-439
-2726
1039
-1743
-2149
1380
-3064
-638
546
-3230
206
-496
-2899
1103
-2777
49
-997
-2177
1230
-2233
-1753
1608
-2654
-996
673
-2032
-69
-409
-938
-1248
2220
-4114
1669
284
-2724
1756
-910
537
-1955
1838
458
-2947
2522
872
-2605
1087
3603
-5631
4775
44
-2283
2709
218
-197
-73
2093
-359
80
516
2695
-2815
3074
-677
1093
94
906
978
-995
2940
-1617
1634
1344
-1537
1820
1724
-1538
1362
1327
196
-261
1623
261
265
1272
-126
1091
-179
2316
-1929
2555
9
248
901
40
1356
384
-517
1318
1832
-2373
3225
-875
490
1146
11
907
-536
1786
-19
-122
1001
530
242
-47
1695
-1075
920
1254
-1310
1214
-517
792
370
-1487
1782
22
-1974
1354
483
-2845
1878
-615
-2127
1325
-1014
-1687
478
-1352
-1092
-489
-1304
-652
-957
-1234
-780
-1363
-881
-925
-2213
119
-847
-3103
1168
-2193
-756
-1372
-423
-1572
-945
-1452
751
-3867
793
573
-3314
-181
-176
230
-3795
1558
180
-2659
-460
2231
-3506
1541
-2063
1081
-237
-2396
3076
-3028
2951
-3471
3272
-917
-1975
3430
-369
-2334
3948
-649
-1755
3574
-1297
1636
280
-210
1936
-288
1295
570
-251
3229
-2964
4704
-500
-1792
4598
-1221
178
1144
1861
231
-978
4199
-2408
1527
2033
-2420
4885
-3151
3314
-256
-690
4398
-3273
1983
1259
-1099
3827
-2356
1555
2087
-2400
3197
-439
-966
3874
-1756
-698
4798
-3716
1952
1350
-559
-83
2961
-1735
670
2565
-3137
4029
-2539
2854
-1218
726
1668
-767
-887
2689
-306
-1996
2891
-2127
1506
-688
-1095
1663
-1045
-733
1043
-2610
1449
-1551
-1068
228
-341
-1926
-253
-1077
-2129
641
-3091
6
-1525
-900
-774
-1657
-2553
860
-2454
-2693
1152
-2251
-1091
-1424
-1127
-1360
-527
-2340
-626
-594
-1391
-1286
64
-2163
-510
567
-2992
1136
-1493
-124
-1288
-80
503
-1340
755
-1175
-743
666
-287
-489
1231
-1923
1679
-685
-257
1060
1288
-1081
296
1496
1396
-1165
864
1793
-1717
3396
409
-153
940
1396
267
-4
1961
1700
-1323
3936
-1663
1342
1763
-555
1380
959
2229
-72
23
948
2400
-887
980
2102
-637
1248
903
-1107
3909
-1934
1705
1612
-4
-341
1449
796
-184
2065
-1798
2586
111
828
492
-1073
1318
901
857
1232
1019
-1301
389
191
1741
-420
1455
492
-153
-470
893
-408
1234
-579
-15
1182
-400
-577
-1026
435
-472
-1142
1062
-454
-1318
500
-3016
-70
-325
-2203
600
-1314
-2033
-349
-2845
-1430
-1545
-1643
-888
-1788
-1943
-2295
-1268
-3031
-704
-2207
-1552
-1262
-1592
-1430
-1390
-1675
-970
-1053
-1803
246
-1501
-822
286
-1190
-1297
-15
-1220
1662
-1434
188
1618
-2921
1608
-136
-387
-217
1845
-1132
-128
2041
-1993
1518
320
-1068
1381
-81
1363
-259
454
-329
1681
-444
343
1184
933
899
818
-209
877
1397
822
1153
-272
2419
433
2520
-1474
1974
2363
-632
2883
948
1053
1954
437
932
2564
-769
1656
1399
76
3203
1055
-3609
3294
907
-1001
1201
2490
763
-1071
976
714
1781
-1050
3288
-907
1886
2914
-2524
3016
96
-599
2233
924
1186
1880
106
259
1147
-323
1575
1426
-804
2100
387
-860
1001
-486
-1539
1552
-205
-84
-577
-947
228
-2384
-774
-928
-1875
-1282
-1346
-1620
-1893
-2321
-2362
-2481
-2504
-2117
-2287
-2058
-2280
-2601
-3389
-1903
-2445
-2907
-1482
-2089
-1501
-2067
-2015
-1169
-2521
-339
-1516
-1385
-756
-186
-1003
-1016
-767
-1809
448
-10
-1319
1774
-303
-1965
678
290
-991
367
1109
-429
925
-1428
1200
0
-778
783
-116
1258
-986
2123
113
-959
1151
90
682
244
1637
1840
649
-549
777
1268
2544
-1310
3750
313
1177
2425
678
1175
1060
2621
-584
3852
2638
690
912
1781
-530
2597
1512
2418
1974
107
615
2001
488
324
2967
1047
1416
1418
757
-26
2425
310
640
2559
1093
1159
878
-76
1105
1595
747
1046
2812
273
-256
1414
456
1288
699
1608
290
-522
-458
62
-70
-784
529
-70
-2081
-1373
-1148
-2363
-1697
-1471
-2183
-2257
-2153
-3171
-3356
-2686
-2997
-3150
-2875
-2515
-2390
-3815
-3186
-2907
-2846
-2530
-2524
-1912
-2081
-2055
-1865
-2172
-1318
-744
-991
-426
-1014
-832
41
-949
147
-387
-877
523
-493
435
390
598
-732
-302
417
-607
781
-38
401
697
-368
-400
-722
-199
-672
542
573
207
50
-220
-902
176
16
326
339
549
2284
720
53
-475
1647
-630
1847
2765
2438
1354
456
879
1088
1219
2701
3664
1232
2393
852
2268
1049
2298
2246
1554
2775
2177
2470
2055
633
948
1506
3252
2706
2348
985
1190
1512
368
1971
2740
2977
1160
1014
520
1665
1152
1674
1485
1979
1953
-137
1041
41
997
-903
-128
652
712
-122
-1602
-1204
-2691
-1971
-1725
-1403
-1035
-1220
-2480
-4151
-3886
-3206
-3409
-3202
-2674
-3413
-3573
-3456
-4069
-3294
-3244
-3113
-2818
-2498
-1935
-2093
-2113
-2677
-1720
-1486
-943
-209
-741
329
-611
-1251
-158
538
806
-161
1010
-446
200
460
359
365
674
1048
-897
432
550
-35
-286
-60
-559
-270
-821
-756
-886
-963
-249
-1212
-574
-486
475
-1385
-637
-191
-597
287
-597
618
929
966
-600
-111
1228
505
2171
842
1676
1655
1377
1567
2143
2868
1826
2174
1912
3004
2358
1732
2927
1855
2252
3162
3118
2586
992
2296
2216
1305
2696
3353
2547
1961
2313
1058
1584
2595
1762
2351
2612
2023
972
1260
1364
532
188
-107
437
345
256
-685
-1372
-1933
-2121
-2138
-1671
-1797
-2248
-2844
-3962
-3892
-4090
-3704
-3690
-4101
-3804
-4051
-4344
-4253
-4292
-3920
-4001
-3211
-2807
-2738
-2209
-2521
-2445
-1827
-1250
-461
60
313
195
-12
234
469
1397
1501
2056
1616
647
920
1199
1437
1722
1755
1256
596
475
517
529
322
-19
-355
-549
-854
-1076
-1133
-1592
-1517
-1629
-1039
-1534
-1341
-786
-1782
-1511
-777
-95
-430
-475
229
48
106
371
1510
1216
1952
1755
1033
2062
1873
3207
3664
2989
3138
2621
2632
4551
3397
3436
4337
3644
2942
2782
3656
3129
2934
2447
2558
3319
3129
1712
2385
2091
1756
1791
1737
1780
1830
2198
-67
247
285
321
-269
-603
-692
-894
-1111
-2502
-1524
-2623
-2133
-3261
-3640
-2497
-3543
-3250
-4513
-4868
-4164
-4968
-4265
-4394
-4040
-4227
-4915
-4785
-4523
-3508
-3563
-2885
-3026
-2445
-2680
-2153
-2018
-722
-46
-215
414
309
1062
1006
1320
1853
2218
2209
2142
1908
2605
1893
838
1903
1853
2259
2174
696
957
-72
27
-175
168
273
-424
-799
-2537
-2091
-1736
-2073
-1590
-1654
-2204
-2017
-2868
-2423
-1154
-1086
-977
-1187
-1046
-526
-204
-70
754
1536
734
1184
1944
1984
2822
2612
2380
3162
3566
4031
3472
4348
4255
3304
4642
3888
4943
4346
3766
3487
3161
4414
3962
3828
3488
2991
2448
2034
2533
3407
2814
2144
1574
933
833
320
1146
-589
-652
-551
-1618
-820
-2600
-1957
-2918
-3346
-3150
-4047
-3341
-4105
-4139
-5245
-5828
-4958
-5248
-4860
-5125
-4831
-5520
-5523
-5462
-4849
-3762
-3888
-3348
-3863
-2937
-2834
-1871
-1713
-872
207
-74
680
516
1494
1820
1931
2407
2721
3265
2943
2929
2379
2184
2024
2485
3096
2770
2478
957
508
-103
327
767
353
353
-896
-1792
-2656
-2536
-2103
-2203
-1689
-2404
-2868
-2689
-3006
-2934
-2333
-1823
-1015
-1242
-894
-662
-1019
-162
-73
981
1737
2072
2435
2118
1959
2281
2851
3823
4677
4791
4633
3694
4138
3782
4289
5409
5243
5274
4078
3633
3438
3364
3957
3796
4128
3382
2944
2900
1916
2030
1816
1729
1531
1680
1416
-297
-1879
-1143
-1666
-599
-1245
-2063
-2134
-4004
-3769
-5155
-3876
-3623
-4096
-4312
-6279
-5490
-6163
-6546
-5495
-5381
-4632
-5343
-5467
-5681
-4941
-4391
-3981
-3585
-2656
-1969
-2046
-1868
-1284
-240
-60
1106
1299
2301
2288
1995
2364
2761
3798
3377
3790
3779
3208
2583
1769
3040
2959
2936
2273
1473
824
42
324
-427
192
-223
-1382
-1959
-2468
-2473
-2856
-2726
-2999
-2723
-2829
-3088
-3266
-2979
-2341
-2443
-1837
-1806
-733
-817
-660
-75
342
1249
1742
2032
2458
2967
2435
3191
3777
4659
4887
4767
4921
4765
4882
4958
5024
5170
5515
4860
4409
4744
4119
4314
3756
3665
3359
2952
3085
2135
2377
2041
1545
908
522
447
-1561
-1869
-1506
-2020
-794
-3003
-2931
-4060
-4431
-4308
-5389
-3909
-4691
-4618
-5915
-6769
-5673
-6192
-5802
-5944
-5481
-5235
-5646
-5307
-5209
-3876
-3408
-3225
-3083
-2160
-1796
-1338
-1226
128
995
1337
1941
1771
2825
2551
2653
3172
3801
4664
4256
4048
3224
2848
2608
2767
3258
3255
2603
1401
585
-7
355
-20
-192
-373
-1192
-2234
-3056
-2703
-3004
-2890
-3092
-3485
-3163
-3411
-3609
-3514
-2724
-2505
-2069
-1952
-1413
-550
-709
-274
395
1046
2086
2470
2717
2677
2617
3424
3736
5329
5646
5005
4974
4230
5037
4944
5469
5796
6026
5754
4764
4514
4055
3904
3909
3784
3699
3320
2774
2245
1982
2381
1639
892
485
191
-156
-2765
-2084
-2316
-1784
-1670
-4182
-3411
-5683
-4541
-5981
-5766
-4304
-5310
-4843
-7852
-6644
-6753
-7101
-6263
-6824
-5046
-5806
-5266
-5875
-4882
-3519
-3719
-3185
-2602
-1457
-1136
-915
-519
1119
1595
2055
2263
2968
3573
3101
3517
3602
4862
4828
4434
4558
3941
3706
2530
2097
2249
2894
2199
1201
520
1
-812
-1483
-1420
-1329
-1371
-2667
-2962
-3338
-3356
-3692
-4283
-3618
-3381
-3311
-3662
-3257
-2747
-2340
-1933
-1330
-431
33
235
533
1035
2096
2812
3283
3944
4265
4129
4018
4497
4764
5671
5791
5635
5913
5839
5585
5113
5226
5391
5266
5241
4570
4612
4141
3367
3238
3161
3017
2328
2208
2043
1877
1444
441
392
182
105
-2264
-2800
-2441
-2604
-1714
-4026
-3421
-4799
-4463
-5732
-6115
-4761
-5847
-5191
-7477
-6473
-6287
-6531
-6547
-6889
-5668
-5989
-5422
-5903
-4566
-3821
-3549
-3345
-2839
-1443
-1183
-844
-626
884
1502
1843
2204
2918
3658
3211
3445
3549
4708
4633
4327
4102
4320
4162
2600
2610
2167
2159
1320
415
159
-230
-1040
-2013
-2209
-2010
-2736
-3209
-3747
-3940
-3721
-4571
-4616
-4294
-4010
-4030
-3951
-3475
-3161
-2642
-2250
-1645
-588
146
496
1138
1887
2576
3162
3606
4485
5101
5178
5071
5226
5596
5695
6207
6223
6354
6142
5772
5691
5674
5829
5218
5085
4652
4504
4016
3737
3580
3223
3238
2057
2207
2080
1851
1956
1397
1117
286
136
-1
-2040
-1925
-2728
-2012
-1632
-3200
-2926
-4255
-4231
-5472
-5437
-4964
-5197
-4944
-6779
-6544
-6221
-6471
-6267
-6546
-5854
-5784
-5767
-5892
-5077
-3907
-3756
-3455
-2805
-1992
-1527
-1160
-822
567
1320
1556
2025
2722
3451
3190
3169
3392
4329
4248
3951
4018
4106
3746
3109
2627
2632
2175
874
-285
-887
-330
-1190
-1576
-2292
-2619
-3112
-4384
-4241
-4143
-3829
-4419
-4803
-4498
-4296
-4098
-4353
-3722
-3324
-3064
-2928
-2107
-831
16
462
627
1711
2167
2826
3116
4102
4734
5141
5312
5420
5591
5499
6109
4753
5167
6402
6350
5651
5374
5322
5151
5118
4009
3647
4056
4326
3890
2862
2695
2958
3041
2415
1717
1400
1503
1866
1291
1069
440
887
-988
-1799
-2154
-2904
-454
-2335
-2437
-3784
-3921
-4081
-4509
-3938
-5646
-4673
-5829
-6100
-5906
-6328
-5621
-5618
-5416
-6195
-5678
-5391
-4709
-4078
-3935
-3607
-2645
-1927
-1633
-735
-762
115
590
1194
2037
2623
3049
3118
3616
3283
3895
3969
4173
4151
3956
3437
3194
3348
2900
3061
1764
1222
402
-304
-832
-1650
-1794
-2564
-2278
-2937
-3618
-3841
-4165
-4110
-4353
-4452
-4713
-4541
-4103
-3855
-3715
-3570
-3341
-2771
-2084
-1322
-996
-659
48
583
1553
2276
2718
3054
3281
3513
3922
4325
4020
4295
4652
5250
5462
4751
4001
3763
3873
4207
4357
4073
4043
4208
3966
3600
2956
1899
1982
2619
3132
3180
2368
1562
1363
1729
1850
2017
1330
760
1099
784
-60
-1141
-2415
-1598
-874
-298
-869
-2804
-3166
-3542
-2494
-2748
-3476
-4112
-5172
-4129
-3941
-3569
-4081
-4735
-4485
-4238
-3260
-3209
-3205
-3220
-2887
-1997
-1587
-1475
-1316
-1207
-641
-45
287
571
817
1076
1314
1856
1616
1596
1296
1287
1498
1593
1539
939
1245
1339
1314
1400
623
245
-308
-118
100
-298
-199
-676
-885
-892
-943
-925
-1043
-961
-1330
-1529
-1466
-1339
-799
-919
-904
-910
-1085
-810
-942
-763
-822
-1010
-514
-399
68
194
37
-110
-254
-52
20
284
327
416
563
594
760
772
750
864
871
987
1054
1210
1359
1486
1605
1594
1550
1437
1504
1570
1577
1773
1619
1709
1703
1546
1438
1154
1136
880
941
1026
1045
1074
1042
936
789
826
735
646
707
791
823
807
524
204
312
269
391
431
485
541
456
633
431
464
82
-411
-633
-853
-648
-640
-645
-842
-1062
-1289
-1256
-1328
-1355
-1457
-1678
-1755
-1816
-1699
-1602
-1664
-1989
-1891
-1949
-1734
-1402
-1356
-1325
-1489
-1352
-1381
-1088
-972
-930
-787
-844
-644
-424
-229
-218
-377
-408
-433
-326
49
-10
16
-11
-212
-125
-171
127
35
-194
-221
-238
-217
36
13
45
-51
-393
-322
-296
-38
17
-45
-256
-138
29
135
259
215
260
260
324
473
604
688
656
582
659
838
1001
1043
930
825
828
798
940
988
905
938
954
970
933
1028
877
869
766
602
712
835
953
961
896
754
822
954
1101
1096
1206
1353
1404
1557
1584
1681
1787
1716
1376
1169
708
706
821
1003
1208
846
878
521
453
239
-235
-657
-1333
-1399
-1332
-1115
-1119
-1506
-1866
-2201
-2194
-1953
-1970
-1984
-2374
-2413
-2258
-2076
-1603
-1768
-1843
-1810
-1685
-1160
-790
-607
-691
-800
-581
-339
5
308
440
471
256
400
386
754
728
333
342
435
753
764
641
471
122
-42
-313
-406
-161
-15
-55
-794
-1028
-1275
-1472
-1040
-1390
-1291
-1568
-1486
-953
-757
-158
-543
-1250
-1493
-1379
-590
-67
-298
-622
-501
-119
-32
-233
-233
-93
-497
26
490
465
1106
681
696
798
277
295
-428
-1033
61
784
1411
1427
1002
1553
2050
2033
1404
1341
1455
2012
2955
2655
2712
2305
2328
3275
3326
3456
2431
1915
2324
2652
3307
3290
2640
2654
2735
3163
2152
614
-893
-1604
-450
-595
-73
-1482
-1879
-1793
-1947
-1644
-2786
-3733
-4441
-4747
-4195
-3820
-3934
-3905
-4172
-3356
-2880
-2502
-2584
-3003
-2826
-2200
-1412
-818
-322
245
643
1191
1719
1567
2069
2120
2615
2896
2690
2779
2637
2892
3004
2802
2460
2011
2012
1795
1473
1218
312
-56
-353
-433
-506
-1092
-1473
-1959
-2185
-2033
-2287
-2509
-3428
-4159
-4203
-4168
-3674
-3831
-3557
-3430
-3065
-2311
-1972
-1820
-1878
-2100
-1818
-1439
-792
-793
-503
-58
157
746
931
1549
1479
1313
1252
1643
2185
2406
2561
2602
2736
2763
2779
2740
2799
2829
2753
2760
2737
2630
2648
3022
2644
2755
2929
3006
3335
2581
2242
2060
2213
2703
2967
3365
2788
2495
2005
1998
2175
1774
1250
-615
-1170
-2687
-2154
-1191
-1799
-2168
-3686
-4092
-3162
-3523
-3682
-4888
-5586
-5472
-5015
-3863
-4276
-4204
-5175
-4436
-2991
-2231
-1403
-1984
-2081
-1319
-630
660
966
1740
1708
2197
2961
3081
4018
3722
3915
3688
3200
3238
2944
3130
2743
2352
2042
1359
1746
1140
777
-98
-1085
-1582
-2055
-1980
-2337
-2612
-3176
-3617
-3205
-3088
-2826
-2976
-3644
-3553
-3558
-2799
-2490
-2427
-2381
-2557
-2046
-1973
-1411
-1252
-1236
-810
-639
91
492
730
718
666
883
907
1304
1347
977
882
452
515
819
977
1252
1310
1462
1525
1767
1945
2062
2117
1551
1469
1517
1708
2170
2353
2449
2481
2707
2820
3075
3015
2910
3038
3193
3415
3714
3799
3423
3249
3165
3315
3318
3106
2806
2856
1896
-36
-1723
-3592
-3105
-2705
-3509
-4257
-5358
-4865
-3779
-3287
-4137
-5161
-5819
-5903
-4300
-4619
-5016
-5394
-5474
-3046
-1294
-232
-307
-579
-15
1153
2333
1905
1875
1572
2114
3586
4165
4510
4318
4429
4444
4452
3754
2529
1873
957
575
137
-643
-907
-865
-1020
-1317
-1965
-2913
-3383
-3518
-4038
-4360
-5021
-5247
-4419
-3541
-2843
-2575
-2177
-1758
-898
-340
-345
-511
-747
-732
-215
203
662
1064
1236
1753
2134
2300
2147
1921
1536
1335
1140
779
667
455
256
110
-76
-315
-317
-399
-481
-421
-524
-267
285
621
1051
1108
1101
1408
1833
2067
2176
2440
2550
3096
3347
3499
3904
4042
4309
4675
4808
4702
4461
3992
3746
3812
3400
3476
3134
2761
1827
-726
-2745
-4719
-4491
-4639
-5604
-6498
-7570
-6435
-5374
-4366
-4757
-5279
-5142
-5005
-4134
-4807
-5106
-5238
-4360
-2284
-810
332
901
2090
3279
4337
4265
3626
3232
3325
3797
3622
3312
2965
3668
4544
5032
4497
3006
1681
680
85
-1122
-2482
-3818
-4243
-4032
-3636
-3311
-3443
-3301
-3197
-3021
-3421
-3845
-4189
-4221
-3520
-3047
-2395
-1495
-323
1020
1943
2354
2429
2624
2645
2237
1215
113
-508
-429
-26
278
363
433
754
991
903
234
-520
-1233
-1689
-2136
-2747
-3097
-2898
-2300
-1584
-905
-705
-100
591
1166
1575
1528
1603
1766
2219
2541
2992
3310
3789
4649
5053
5381
5341
5181
5164
5013
4789
4388
4177
3934
3997
3757
3457
3339
3104
3195
2589
1527
-1106
-3665
-5324
-5945
-5713
-6738
-7535
-8209
-7096
-5217
-4005
-3555
-3970
-3636
-3412
-2799
-3149
-3814
-4017
-3630
-2236
-918
362
1448
2714
3746
4495
4620
4408
4140
3567
2825
1648
1078
940
1621
2130
2133
1978
1517
1482
1205
527
-932
-2528
-3693
-4294
-4324
-4265
-3936
-3485
-2667
-1690
-879
-221
-22
-83
-330
-592
-742
-635
-332
-14
429
1131
1945
2805
3321
3349
2916
2261
1406
371
-867
-2152
-3145
-3839
-4013
-4064
-3790
-3347
-2685
-2117
-1772
-1704
-1712
-1756
-2023
-2340
-2718
-2775
-2441
-1761
-1021
-296
462
1406
2335
3104
3601
3871
3912
3781
3684
3599
3622
3801
3916
4120
4203
4311
4511
4590
4502
4316
4023
3731
3544
3230
2962
2868
2842
2815
2954
3013
2861
2170
662
-1489
-2949
-3914
-4355
-5251
-6705
-7188
-6914
-5347
-4293
-3568
-3619
-3279
-2506
-2143
-2007
-3000
-3742
-3966
-3432
-2809
-1901
-1006
47
1278
2360
3476
4020
4181
3679
2929
2021
1332
989
919
804
526
662
1151
1907
2337
2132
1340
420
-358
-965
-1576
-2414
-3137
-3324
-2950
-2151
-1448
-785
-99
328
746
930
940
650
149
-340
-587
-452
-132
363
718
1004
1331
1689
1981
1888
1259
392
-667
-1671
-2766
-3816
-4453
-4963
-4878
-4647
-4110
-3363
-2517
-1848
-1298
-881
-659
-403
-660
-945
-1362
-1485
-1333
-890
-254
264
807
1588
2533
3226
3717
3840
3847
3618
3346
3107
2913
2798
2543
2648
2788
3068
3410
3681
3765
3757
3873
3941
4057
3715
3285
2901
2890
2913
2888
2447
1538
405
-1465
-2749
-3939
-4874
-5945
-7185
-7689
-7377
-6323
-5620
-4790
-4355
-3531
-2720
-2087
-1567
-2001
-2512
-2614
-1942
-1158
-528
-136
956
2315
3440
4420
5186
5662
5299
4705
3977
3531
2784
1693
871
382
411
290
401
437
205
-191
-510
-596
-1167
-1926
-2850
-3369
-3354
-3307
-3152
-2920
-2325
-1600
-709
100
754
1242
1368
1431
1427
1334
1197
794
440
362
468
644
788
844
841
878
668
478
80
-523
-1394
-2435
-3115
-3789
-4241
-4654
-4793
-4574
-3896
-3194
-2337
-1498
-784
-43
340
791
1087
1027
731
549
497
726
781
867
1145
1536
2049
2521
2871
2991
3085
3097
2960
2651
2367
1998
1722
1587
1344
1267
1225
1254
1408
1611
1741
1916
2144
2433
2746
2988
3133
3339
3400
3254
3047
2274
1252
-471
-2289
-3452
-4437
-5296
-6671
-7370
-7019
-5873
-5115
-4462
-3636
-2319
-1151
-900
-532
-256
-91
-521
-690
-277
582
1025
1266
2145
3579
4818
5253
5357
5385
5237
4469
3324
2197
1134
-85
-1120
-1772
-1932
-2005
-2071
-2115
-2015
-1710
-1666
-1912
-2539
-3026
-3331
-3572
-3660
-3671
-3387
-2819
-2059
-1129
-84
1036
1761
2180
2615
2886
2828
2347
1632
1091
737
326
-110
-341
-366
-309
-293
-278
-245
-290
-623
-1066
-1504
-1875
-2222
-2709
-2923
-2864
-2860
-2685
-2237
-1641
-1092
-647
-100
631
1242
1625
1592
1736
1954
1830
1617
1303
1137
868
623
423
252
164
-84
-263
-223
-158
-114
-95
-58
155
208
302
398
490
682
786
816
875
1117
1244
1330
1574
1919
2475
3224
3809
4471
5169
5730
6114
6169
5872
5041
3772
1785
-538
-2473
-3759
-4894
-6540
-7609
-7305
-5908
-4809
-4369
-3567
-1785
-301
117
32
161
81
-662
-1332
-1209
-608
-449
-481
243
1903
3192
3591
3704
4035
4220
3593
2424
1251
48
-1153
-2176
-2992
-3442
-3724
-3896
-3770
-3349
-2761
-2371
-2259
-2237
-2135
-1893
-1857
-2172
-2432
-2367
-1958
-1374
-847
-163
719
1530
2286
2975
3557
3686
3411
3066
2739
2249
1565
785
140
-233
-390
-561
-530
-409
-376
-228
-224
-190
-333
-646
-959
-1157
-1221
-1320
-1426
-1394
-1025
-580
-317
-175
-103
66
169
-87
-376
-573
-759
-990
-1242
-1220
-1108
-1041
-919
-742
-416
-100
-44
-172
-130
-105
-117
-89
-34
222
480
793
1166
1698
2224
2703
2992
3238
3337
3313
3254
3110
3081
2923
2797
2655
2934
3368
3778
4135
4555
5137
5432
5430
4882
4172
2790
572
-1711
-3149
-4320
-6176
-8352
-9225
-8148
-6810
-6348
-5937
-4104
-1694
-289
-7
394
1013
846
-140
-887
-765
-866
-1681
-1995
-936
722
1528
1730
2288
3289
3948
3552
2605
1568
590
-573
-1827
-2917
-3768
-4369
-4586
-4312
-3541
-2605
-1941
-1473
-906
-53
617
599
113
-284
-277
-202
-450
-640
-458
70
613
1307
2095
2621
2930
3003
3102
3022
2565
1630
543
-207
-835
-1465
-2179
-2630
-2649
-2370
-2000
-1776
-1572
-1209
-869
-582
-408
-390
-537
-784
-866
-794
-594
-490
-388
-24
649
1344
1769
2056
2135
1800
1416
1146
695
-99
-1036
-1572
-1602
-1320
-1214
-1232
-617
405
1237
1851
2185
2287
2219
2011
1608
1168
611
-72
-506
-348
-13
194
407
870
1530
2309
2749
2577
2318
2083
1902
1462
1019
499
98
-12
242
662
1190
1842
2383
3211
3825
3993
3743
3336
2034
186
-1375
-2162
-3240
-5352
-7119
-7195
-5630
-4777
-4794
-4211
-1793
416
1192
1232
1776
2312
1763
668
86
-28
-988
-2343
-2678
-1572
-636
-700
-607
405
1765
2550
2315
1855
1495
1179
509
-510
-1610
-2562
-3286
-3518
-3409
-3147
-2623
-2171
-1476
-494
634
1380
1413
1141
1345
1571
1362
554
-304
-422
-198
-139
-149
167
599
1117
1564
2107
2479
2348
1878
1464
1233
760
-200
-1264
-1872
-2085
-2068
-2075
-2072
-1724
-1092
-353
273
682
1014
1215
1312
1383
1266
939
534
31
-165
-126
-154
-305
-334
27
424
688
709
647
600
499
229
-323
-1255
-2160
-2683
-2922
-3342
-3827
-3945
-3505
-2668
-1888
-1256
-423
653
1463
2120
2549
2759
2504
2079
1761
1482
1060
445
56
31
380
584
744
1015
1475
1955
2175
2083
1800
1581
1322
955
489
51
-368
-572
-452
-293
39
376
755
1363
2127
2764
3135
3371
3471
3399
3195
2807
1470
-234
-1440
-2010
-2981
-4723
-6112
-6061
-5112
-4717
-4953
-4378
-2458
-920
-326
-40
873
1603
1422
921
988
1225
608
-337
-412
468
977
799
742
1547
2705
3239
2997
2625
2565
2399
1786
776
-306
-1252
-2037
-2620
-3147
-3438
-3403
-3302
-3092
-2470
-1535
-839
-669
-544
-11
557
568
-17
-416
-273
-120
-347
-550
-404
-50
280
529
885
1243
1390
1318
1288
1306
988
312
-329
-728
-1042
-1438
-1950
-2392
-2462
-2183
-1915
-1697
-1401
-930
-384
145
565
847
1018
1095
1073
1099
1169
1007
765
654
792
1029
1176
1185
1255
1489
1712
1669
1480
1331
1008
623
156
-395
-936
-1480
-1999
-2585
-2936
-3089
-3137
-3301
-3292
-3070
-2617
-2020
-1641
-1319
-774
-101
316
578
776
1074
1197
1205
1262
1315
1336
1241
1164
1300
1461
1588
1669
1805
2051
2252
2338
2268
2237
2207
2146
1861
1578
1346
1106
963
800
594
532
548
500
493
549
680
705
727
917
1093
1187
1208
1176
1196
1258
1184
973
804
436
-58
-684
-1215
-1703
-2354
-2930
-3276
-3426
-3525
-3624
-3502
-2978
-2437
-1986
-1527
-926
-314
83
295
511
657
722
698
597
607
518
315
252
304
389
516
535
653
744
801
849
671
464
255
0
-327
-678
-1064
-1315
-1512
-1636
-1602
-1465
-1231
-1009
-797
-456
-95
118
294
342
463
477
312
112
-25
-107
-267
-411
-510
-462
-426
-344
-280
-232
-166
-112
-85
-99
-129
-282
-442
-611
-655
-655
-731
-722
-624
-413
-109
180
455
824
1191
1575
1868
2127
2360
2418
2442
2391
2246
2009
1732
1405
1124
847
575
309
65
-107
-225
-406
-627
-844
-1053
-1258
-1696
-2096
-2269
-2452
-2738
-3055
-3099
-2781
-2369
-2010
-1627
-1009
-164
527
979
1478
1885
2145
2240
2197
2076
1884
1525
1160
945
850
757
519
508
693
960
1105
1099
1121
1239
1309
1105
808
512
191
-134
-421
-703
-858
-917
-930
-851
-562
-190
-7
219
612
1064
1319
1463
1517
1642
1790
1736
1548
1478
1500
1293
937
602
372
-51
-602
-1263
-1681
-1971
-2467
-3071
-3466
-3448
-3349
-3344
-3377
-3053
-2510
-2003
-1673
-1345
-858
-456
-217
39
342
517
635
725
899
1130
1332
1344
1321
1533
1748
1782
1685
1582
1504
1439
1300
930
554
348
105
-241
-644
-999
-1236
-1400
-1501
-1534
-1499
-1476
-1461
-1327
-1046
-809
-639
-482
-319
15
264
277
211
244
298
333
249
172
124
80
124
126
124
198
248
182
213
237
239
176
76
113
132
136
111
108
274
457
439
505
602
714
804
713
628
505
347
118
-124
-340
-628
-955
-1117
-1131
-1192
-1232
-1257
-1239
-1019
-818
-725
-595
-453
-320
-213
-203
-204
-188
-213
-181
-186
-128
-5
50
201
411
619
860
1003
1107
1323
1456
1492
1393
1289
1235
1134
987
825
670
587
597
548
514
539
564
637
756
884
1034
1100
1211
1348
1431
1555
1520
1434
1469
1406
1194
803
368
126
-191
-745
-1282
-1616
-1779
-2008
-2345
-2484
-2375
-2167
-1986
-1926
-1763
-1513
-1432
-1435
-1360
-1276
-1329
-1464
-1501
-1368
-1211
-1147
-1171
-1032
-683
-316
-95
107
370
688
1004
1152
1225
1264
1328
1286
1168
1036
900
734
520
331
192
126
-42
-211
-251
-176
-175
-247
-297
-218
-96
-115
-203
-258
-216
-235
-328
-390
-351
-355
-372
-326
-215
-99
-17
-21
40
227
356
371
310
349
360
317
226
133
54
3
-76
-183
-216
-215
-252
-314
-285
-272
-205
-226
-276
-263
-262
-317
-402
-426
-391
-330
-354
-341
-264
-51
125
177
287
432
547
579
551
539
516
447
339
248
253
246
183
210
320
459
566
619
715
865
943
920
862
826
852
753
560
474
391
318
259
148
147
154
162
171
162
201
212
152
146
146
109
52
-67
-141
-173
-183
-236
-278
-297
-280
-254
-268
-265
-261
-241
-229
-215
-147
-109
-141
-125
-116
-110
-100
-173
-234
-267
-321
-388
-509
-599
-622
-720
-771
-812
-830
-824
-824
-841
-818
-760
-724
-685
-688
-606
-535
-523
-467
-382
-263
-70
62
205
377
548
763
886
1010
1126
1213
1290
1290
1239
1248
1152
998
923
771
673
550
363
213
112
23
-60
-215
-288
-324
-430
-455
-521
-621
-684
-763
-835
-833
-891
-924
-907
-879
-773
-694
-615
-500
-380
-269
-127
-57
43
120
159
224
276
345
363
424
463
508
543
581
588
620
661
606
494
415
350
258
186
103
29
-55
-84
-106
-136
-114
-144
-154
-105
-104
-134
-146
-188
-192
-183
-218
-205
-188
-143
-82
-53
24
126
155
229
283
266
277
252
222
228
183
153
114
77
46
-35
-73
-103
-178
-245
-275
-283
-300
-332
-331
-327
-307
-268
-235
-157
-85
-72
-53
2
36
77
112
134
177
264
325
380
432
496
557
580
658
680
685
666
622
574
524
453
370
296
227
134
14
-61
-121
-117
-135
-132
-108
-103
-104
-144
-199
-252
-334
-449
-569
-701
-798
-915
-1008
-1040
-994
-913
-813
-668
-480
-284
-124
44
168
278
366
405
394
378
350
290
255
245
257
237
233
241
277
330
342
329
310
267
200
112
-15
-124
-254
-387
-480
-528
-556
-591
-591
-534
-434
-376
-321
-254
-181
-131
-122
-141
-129
-129
-139
-130
-120
-69
-53
3
113
215
278
337
405
482
548
544
507
447
398
326
208
83
-48
-206
-339
-478
-576
-608
-654
-679
-653
-575
-463
-373
-262
-112
-11
103
197
271
350
382
403
451
470
484
516
518
572
599
612
607
592
563
497
382
258
134
-23
-148
-290
-411
-488
-529
-552
-530
-481
-377
-275
-159
-5
93
190
289
382
439
510
550
569
557
559
549
517
530
505
468
437
405
324
275
184
127
71
-29
-103
-189
-270
-370
-466
-536
-547
-593
-601
-635
-631
-566
-556
-543
-486
-436
-406
-359
-332
-261
-252
-213
-134
-69
0
50
74
94
120
92
53
-11
-34
-91
-173
-187
-195
-217
-206
-209
-189
-125
-115
-75
-53
-8
44
44
78
128
179
243
292
336
414
434
427
422
413
393
352
281
209
128
34
-40
-132
-192
-224
-274
-289
-266
-243
-214
-182
-106
-28
12
67
108
130
167
187
166
152
115
88
56
28
10
-31
-57
-66
-81
-80
-79
-114
-102
-118
-124
-116
-157
-216
-235
-286
-320
-340
-362
-337
-314
-221
-109
-16
137
313
457
624
763
882
974
1015
1044
1023
968
887
770
636
532
378
196
23
-128
-245
-371
-487
-602
-680
-741
-798
-853
-855
-864
-839
-790
-734
-646
-580
-506
-422
-270
-152
-54
47
143
206
220
225
192
154
95
11
-109
-194
-305
-416
-510
-559
-592
-621
-624
-593
-503
-439
-344
-242
-133
-29
82
175
285
388
484
562
642
738
810
863
889
945
986
1002
992
974
915
845
773
666
556
444
325
182
63
-58
-175
-281
-351
-396
-399
-395
-393
-356
-318
-256
-205
-168
-154
-158
-172
-209
-283
-350
-459
-561
-599
-641
-667
-651
-619
-582
-517
-432
-341
-274
-174
-69
-4
86
147
181
250
331
371
407
447
515
560
595
647
675
693
712
728
749
772
733
702
651
615
552
434
318
212
103
-28
-176
-303
-394
-537
-653
-735
-808
-862
-907
-966
-989
-950
-912
-864
-802
-699
-632
-586
-516
-433
-353
-268
-219
-172
-72
-12
19
38
76
121
150
150
173
188
194
197
179
203
209
187
177
182
197
207
203
216
261
293
318
319
362
425
430
400
359
300
244
157
54
-29
-113
-179
-240
-258
-242
-241
-233
-199
-148
-78
-53
-70
-73
-52
-42
-48
-52
-66
-76
-101
-99
-90
-71
-42
-27
10
71
123
150
164
179
188
150
99
32
-29
-90
-147
-207
-239
-225
-201
-155
-91
16
112
188
269
346
398
447
475
493
497
489
450
408
405
402
404
383
364
342
310
269
223
167
75
-13
-121
-230
-357
-482
-609
-709
-777
-810
-818
-818
-782
-747
-698
-633
-543
-460
-376
-302
-232
-157
-48
63
136
223
314
395
459
531
588
623
641
654
650
639
618
574
542
494
432
359
286
217
171
110
32
-32
-85
-139
-202
-262
-335
-415
-490
-542
-607
-650
-682
-708
-695
-653
-567
-486
-407
-316
-226
-144
-61
-9
34
80
103
116
132
149
175
186
196
215
216
219
210
187
169
124
58
15
-31
-67
-83
-101
-97
-82
-45
6
62
128
192
234
291
345
368
381
372
354
343
333
330
330
330
331
330
330
342
338
337
314
266
222
165
90
20
-69
-151
-210
-286
-349
-413
-477
-526
-578
-619
-620
-633
-621
-588
-565
-519
-470
-390
-297
-189
-67
46
135
260
385
479
567
615
653
695
708
692
662
602
553
493
442
392
323
260
195
130
71
-12
-111
-185
-274
-350
-421
-481
-522
-537
-521
-505
-479
-428
-355
-310
-267
-262
-273
-290
-320
-335
-351
-378
-393
-391
-377
-314
-265
-213
-137
-57
36
109
148
190
208
193
188
159
143
110
78
56
35
25
27
26
46
100
132
168
200
226
236
240
225
204
202
215
210
185
166
129
111
104
99
80
61
28
-8
-45
-88
-130
-177
-203
-234
-264
-290
-316
-339
-335
-331
-327
-304
-268
-226
-187
-150
-119
-91
-52
2
42
111
165
203
262
325
382
448
512
549
585
617
643
642
650
651
632
617
602
566
519
458
373
278
169
69
-60
-181
-297
-401
-500
-583
-644
-691
-712
-722
-705
-681
-640
-607
-560
-506
-447
-403
-356
-310
-246
-188
-162
-121
-83
-38
1
40
60
80
100
135
167
177
184
168
152
152
159
132
112
96
82
69
53
40
13
6
4
3
-2
-5
-18
-34
-31
-23
-26
-33
-30
-34
-25
-33
-37
-34
-15
14
55
80
92
105
97
99
79
48
2
-57
-110
-147
-205
-260
-291
-313
-309
-287
-252
-225
-192
-152
-95
-46
29
97
147
213
284
339
385
434
476
511
539
546
536
526
505
473
438
396
343
285
230
170
111
52
-9
-50
-69
-86
-107
-116
-124
-142
-122
-99
-101
-106
-131
-183
-229
-270
-318
-374
-436
-474
-515
-538
-542
-555
-556
-530
-494
-440
-390
-340
-282
-228
-152
-78
-1
89
169
235
296
338
368
419
451
473
483
465
440
418
412
393
373
346
303
262
259
233
181
150
114
85
67
63
35
2
-34
-64
-99
-112
-140
-200
-250
-302
-354
-402
-449
-490
-507
-524
-516
-506
-470
-436
-408
-362
-317
-291
-268
-242
-242
-216
-204
-190
-161
-101
-33
36
114
213
308
411
528
610
692
758
803
839
878
896
888
867
850
825
797
773
717
647
566
477
384
275
142
4
-135
-263
-394
-526
-646
-757
-845
-892
-918
-920
-895
-861
-801
-722
-637
-564
-490
-423
-365
-329
-295
-273
-266
-233
-195
-162
-111
-50
10
72
133
176
187
196
204
199
192
174
133
101
81
67
66
72
87
110
150
193
241
277
311
333
360
387
396
406
397
377
356
327
294
258
216
181
138
77
19
-60
-143
-220
-317
-413
-514
-608
-703
-781
-835
-866
-885
-875
-828
-769
-666
-562
-447
-321
-198
-77
46
146
226
304
363
413
453
505
542
567
596
615
615
618
614
594
579
551
507
456
408
361
309
260
228
195
182
177
177
182
171
149
132
114
86
43
-24
-90
-161
-237
-314
-396
-465
-535
-598
-630
-626
-624
-600
-569
-522
-466
-401
-326
-269
-201
-133
-86
-46
17
55
80
111
140
184
230
275
308
337
362
374
370
355
323
271
215
152
98
41
-12
-50
-77
-84
-86
-76
-44
-22
-6
8
7
-7
-17
-50
-95
-142
-198
-259
-312
-347
-386
-430
-457
-472
-478
-452
-421
