-48
-28
-10
12
35
53
67
75
76
80
80
82
87
94
103
113
123
127
129
130
131
135
139
143
139
133
123
118
110
104
99
92
91
89
88
88
77
58
44
34
31
31
29
26
22
25
27
29
33
29
27
29
27
18
12
-1
-9
-12
-11
-11
-14
-13
-14
-13
-14
-16
-16
-15
-12
-8
-3
2
6
9
7
-4
-12
-15
-16
-14
-6
2
8
22
36
46
53
47
32
23
9
-2
-16
-27
-34
-40
-39
-33
-39
-40
-44
-63
-67
-66
-83
-91
-90
-91
-90
-99
-109
-123
-131
-127
-127
-135
-140
-141
-143
-134
-129
-124
-110
-96
-76
-55
-46
-51
-51
-46
-47
-42
-34
-31
-26
-9
-1
-3
0
3
11
23
39
52
61
72
74
71
60
51
40
39
40
35
43
47
53
60
62
61
55
56
57
60
65
61
56
52
53
50
44
42
37
43
57
66
70
79
79
74
88
72
53
46
24
24
20
29
33
40
62
73
84
83
82
67
65
54
29
27
13
16
28
33
36
41
50
48
49
33
16
3
-16
-13
-34
-35
-32
-26
-8
-2
3
-9
-7
-17
-20
-26
-35
-35
-42
-34
-41
-44
-49
-48
-37
-30
-15
-5
1
8
12
11
7
-2
-10
-23
-32
-34
-42
-39
-34
-29
-13
-7
-15
-20
-31
-47
-49
-70
-82
-94
-82
-72
-72
-56
-52
-54
-54
-45
-46
-74
-100
-66
-110
-147
-78
-141
-158
-65
-107
-119
-48
-118
-134
-48
-143
-129
-65
-131
-109
-50
-95
-85
-24
-69
-20
9
-19
18
23
11
32
44
8
33
51
53
79
106
98
112
143
132
140
165
127
127
141
89
93
92
57
56
79
54
70
91
68
60
61
42
19
18
-6
-8
-8
-22
-25
-21
-20
-19
7
-17
-17
7
-8
-5
-1
-26
-25
-13
-11
13
28
26
43
57
55
64
65
62
70
74
68
73
79
74
103
100
95
115
107
114
104
89
74
49
41
38
27
22
28
28
53
48
47
54
34
62
37
34
29
-21
-11
-28
-52
-14
-62
-16
-42
-41
-11
-60
-20
-91
-29
-96
-7
-40
-77
74
-140
107
-69
-30
55
-148
99
-155
58
-124
12
-98
-15
-29
-135
77
-213
108
-197
-8
-112
-127
-6
-176
31
-137
-8
-102
-19
-49
-50
-64
-75
-92
-48
-119
-42
-93
-58
-56
-78
-9
-83
-7
-112
13
-142
8
-152
-33
-78
-62
-54
-28
21
-67
57
-9
6
83
-17
92
-11
71
-13
39
26
14
46
-16
41
-17
36
3
17
1
-14
-20
16
6
18
-2
37
15
-1
108
-31
113
-9
64
28
-1
24
-59
-2
-93
-31
-42
-95
39
-103
42
-49
-22
18
-77
14
-48
17
-73
15
-17
-34
105
-92
150
20
52
131
13
104
22
82
-68
182
-122
116
32
-34
203
-124
178
58
-33
156
61
-67
211
-69
106
76
14
114
99
-35
229
-42
106
67
-114
223
-168
-30
117
-217
82
-115
3
-3
-115
49
-60
16
-110
117
-188
43
-88
-111
7
-140
-56
-19
-167
71
-207
46
-174
-20
-80
-68
-82
44
-162
-30
72
-193
149
-53
-18
131
-138
115
-117
-59
75
-206
49
45
-289
257
-143
15
119
-128
209
-91
108
56
1
-34
201
-105
-14
181
-286
312
-144
-2
69
-73
78
-33
10
-16
111
-150
239
-104
71
222
-56
192
-87
81
-25
-1
61
-64
-2
-59
110
-196
67
-82
-12
63
-148
53
-4
-179
112
-72
61
-149
88
82
-255
286
-217
157
24
-90
202
-68
145
-4
-50
390
-310
220
176
-6
-101
486
-347
232
269
-397
589
-372
436
-339
513
-264
-17
424
-568
652
-630
591
-302
28
327
-462
580
-579
451
-350
171
-189
18
-19
-179
223
-442
504
-538
282
168
-576
613
-370
69
90
-321
366
-458
312
-199
-102
263
-470
257
-45
-304
134
-125
-170
-87
91
-352
48
-23
-183
-98
153
-305
119
-126
63
-145
-35
294
-621
497
-115
-35
47
39
205
-106
-5
374
-208
62
199
9
-99
206
27
-192
489
-447
167
336
-391
267
-104
184
-49
-318
675
-642
189
63
-168
-86
54
-233
-104
227
-442
330
-285
128
12
-234
397
-331
29
181
-164
196
-65
135
-141
256
246
-544
601
-136
225
-298
633
-391
153
267
-296
359
-109
231
-217
562
-167
-77
274
-5
-31
122
-199
190
-9
-164
307
-230
239
-66
-74
314
-33
-175
308
11
-36
229
-212
397
-179
-64
328
-127
-119
-36
346
-164
-421
297
360
-744
104
497
-605
-80
540
-868
397
186
-826
579
72
-547
75
235
-232
-179
-156
597
-1143
736
-160
-493
245
142
-183
-257
1093
-1411
1152
-493
172
-80
-276
769
-1172
903
-400
-8
-132
320
-386
86
191
-529
500
-523
247
-321
-135
374
-790
426
-118
-325
346
-496
507
-615
451
-583
371
-41
-720
861
-776
480
-328
190
14
-39
53
105
-25
135
-90
-152
931
-1497
1709
-1485
1052
-179
-558
1401
-1661
1585
-777
600
-801
1239
-709
-336
1333
-1106
240
611
-514
-38
903
-731
144
429
20
-607
783
-23
-940
1298
-451
-374
213
823
-1132
382
604
-691
27
322
-14
-970
1781
-1887
765
147
-68
-885
1006
518
-1804
1698
-200
-535
-260
1486
-1449
255
1083
-1379
824
128
-728
414
492
-1140
716
584
-1158
605
328
-569
474
-552
647
-304
-110
175
188
-758
855
-632
127
191
-307
-214
918
-1097
354
353
-156
-703
1228
-619
-422
714
-302
25
-293
740
-929
381
442
-975
447
-10
-510
452
-505
-114
297
-622
-168
511
-801
208
483
-766
-7
1210
-1663
529
1087
-1686
1147
-278
-509
1161
-1205
270
655
-1029
1433
-1310
448
895
-1471
230
1271
-1028
43
460
-166
712
-1423
1137
261
-961
650
65
-168
719
-1711
1101
792
-2342
1129
416
-397
-963
1333
100
-1492
460
988
-489
-619
-65
1343
-1025
-318
547
423
-621
-660
1745
-639
-1041
520
537
-22
-652
-321
1537
-1262
-511
1502
-721
-137
127
697
-246
-1150
1622
-495
-997
1065
-435
345
-510
256
646
-968
-50
1287
-806
-403
923
-209
-655
876
-714
380
461
-937
1283
-667
202
-68
-8
188
-511
813
-644
404
-621
792
-700
-174
659
-360
87
737
-773
700
-736
706
-321
-605
882
-273
-449
1103
-867
-203
61
662
-587
367
-113
-374
990
-1291
903
-253
-821
988
-25
-446
277
-502
727
-394
261
-112
82
-80
-115
218
598
-1043
-120
1575
-1514
-224
1129
-156
-552
218
292
-84
125
-331
527
187
-1155
465
702
-960
-415
610
-86
756
-1659
1393
-70
-1192
943
260
-42
-711
791
76
-421
-474
921
-96
-447
854
-342
-163
538
-669
396
82
-676
914
-501
-144
245
175
-315
-527
756
609
-754
341
156
-817
623
-269
-404
740
-351
142
499
-175
206
-614
236
288
587
-615
636
-386
45
-137
-880
1201
-68
-489
-11
1510
-316
-1511
1061
232
-1174
1127
874
-1115
-92
156
95
78
169
-290
172
1346
-878
-79
656
-76
-1470
611
1218
-1465
102
448
-427
-249
105
-176
873
-540
-795
1212
-190
-325
-569
-75
685
-648
205
650
-528
-219
231
2
-466
-96
566
-412
-643
1073
-1551
-8
752
-337
-537
52
1028
-874
-475
962
-152
-198
851
-1161
933
312
-1473
1013
411
-370
-1671
2351
380
-2473
1704
475
-1570
479
914
-947
115
467
-751
-160
-129
466
-1349
880
882
-1556
310
77
-459
-596
-288
1305
-1334
-422
1394
-1301
-175
725
-886
118
381
-666
-105
871
-1129
-526
748
18
-537
-376
666
-854
184
855
-65
-338
-158
477
-312
-138
723
353
-358
678
792
-1043
-103
1063
112
-224
1585
-117
-1031
590
957
-1268
222
1504
-572
-328
543
513
-1085
1086
-198
-378
1077
41
-636
188
921
-1580
-138
1509
-507
-267
431
421
-670
289
364
-352
451
446
446
-437
548
-271
-677
840
281
392
652
-450
-281
-2
190
6
-379
844
318
-601
285
193
-957
-591
677
566
-233
46
255
-206
-396
583
-54
-394
23
358
290
-429
51
-191
-392
-432
267
366
-753
-11
-27
-87
-545
-421
159
-1240
-754
20
-394
-836
-603
-236
-1064
-1129
13
-552
-806
-593
-192
-116
-593
-523
-605
-93
-1028
-766
759
439
-12
-339
621
-11
-591
853
1474
-83
627
1429
725
458
410
1023
625
791
1839
908
-67
1622
506
702
1533
571
977
1330
1153
1019
892
1112
437
1283
1852
713
1160
1769
816
631
2590
2421
98
-385
-148
-743
-231
442
-149
-1235
-1311
-1211
-2387
-1829
-1648
-2934
-2551
-1098
-1673
-3721
-3884
-3892
-3187
-3183
-2075
-1069
-2112
-2698
-2751
-1289
-1235
-1951
-1284
52
264
-102
137
164
-465
-85
876
1339
1372
572
607
196
209
512
37
480
199
182
-106
-412
-205
-701
-446
423
938
179
592
414
170
1208
1844
1833
1993
2718
1934
2341
2696
2978
3103
3239
4043
4317
4261
3802
4017
4216
4361
4782
4567
5393
4377
942
-1052
-427
3068
2709
142
-953
-902
-2278
-4924
-4225
-1977
-3328
-5664
-4789
-3265
-5724
-9715
-8565
-4858
-4681
-6122
-4219
-2619
-5026
-7078
-4747
-1298
-564
-1868
-976
1537
1148
171
1725
3126
2922
2142
4178
5292
3212
2190
2502
2781
2061
2007
2222
1112
-722
-1843
-1251
-1105
-1947
-2901
-2861
-2759
-3840
-4095
-3765
-3813
-4163
-3639
-2531
-2059
-2804
-2522
-1483
-197
578
908
2126
2750
3009
3094
4221
5298
5551
5344
5696
6568
6276
6519
6763
6901
6168
6316
6948
7062
6681
5827
5550
5381
2647
-758
-453
1654
2570
264
-1705
-2930
-4190
-5334
-5410
-3501
-3608
-6065
-7641
-6389
-6508
-9324
-9797
-7075
-5398
-6863
-6548
-4330
-4208
-6672
-6122
-2100
-216
-1281
-1642
868
1746
352
1324
4040
4685
3078
3386
5464
5031
2943
2809
4450
4020
2373
1952
2151
808
-1427
-1236
-356
-793
-2538
-3011
-2310
-3189
-4453
-4345
-3218
-3645
-4469
-3919
-2832
-2850
-3408
-1991
-270
-129
-151
797
2255
2392
2467
4065
5200
5112
4725
5954
6813
6525
6172
6799
7442
6923
6921
7069
7359
6562
5705
5668
5013
2500
661
1343
2558
2148
-426
-1750
-2835
-3737
-4465
-3935
-3002
-4492
-6826
-7570
-6602
-7388
-8579
-8267
-7146
-7133
-7838
-6486
-5247
-5972
-6914
-5719
-3288
-2430
-2309
-1594
-385
-216
57
1894
3213
3079
2542
3586
4744
4236
4033
4116
3632
3065
3535
4356
3349
1495
271
554
605
226
-191
-549
-1948
-3194
-2841
-2531
-2829
-3823
-3631
-3256
-3316
-3244
-2632
-2223
-2418
-1867
-426
808
938
893
1669
2319
2893
3707
4595
4786
4364
4756
5568
5760
5431
5624
5795
5703
5707
5697
5684
4737
3935
3105
2008
2184
2275
2417
990
-241
-1116
-1479
-1748
-2034
-1967
-2568
-3566
-4601
-4339
-4548
-5307
-5708
-5491
-5011
-5440
-5085
-4515
-4573
-5273
-5376
-3973
-3134
-2784
-2820
-2014
-1564
-1559
-681
192
687
198
761
1612
1757
1600
1719
2274
1638
1645
2187
2741
1915
993
1080
877
773
787
1168
628
-427
-682
-417
-259
-921
-1195
-1043
-1321
-1388
-1139
-545
-913
-1038
-519
103
485
445
918
836
856
1121
1745
2080
1686
1920
2003
2332
2408
2699
2771
2639
2622
2652
3081
2745
2748
2466
1786
1274
1431
2202
2225
1416
770
710
349
71
560
487
135
-847
-894
-914
-1314
-1913
-2203
-1997
-2295
-2284
-2297
-2173
-2976
-3601
-3398
-3153
-2710
-2890
-2765
-3024
-3159
-3028
-2566
-2096
-2221
-2022
-1922
-1473
-1401
-1102
-702
-599
-365
2
501
379
211
316
420
479
727
1128
1202
951
802
1049
1122
1141
1058
1039
904
732
823
782
550
195
108
79
197
136
306
190
-84
-67
-35
80
-97
116
183
194
212
388
415
141
400
605
796
831
1066
1231
1204
1289
1572
1967
2039
2126
2078
2051
2051
2279
2777
2819
2713
2610
2481
2187
2048
1942
1959
1573
1404
1263
841
376
-318
-464
-817
-996
-1217
-1390
-1789
-2449
-2683
-2876
-2747
-2918
-2827
-2817
-2966
-3013
-3014
-2941
-2816
-2654
-2554
-2251
-2306
-2226
-2188
-1962
-1664
-1500
-1067
-894
-734
-738
-532
-250
-73
247
241
595
569
613
667
642
771
621
827
770
792
554
485
396
243
137
-63
5
-316
-385
-542
-588
-581
-717
-668
-641
-566
-597
-599
-506
-314
-133
5
228
328
397
550
759
956
1152
1398
1617
1843
1978
2207
2354
2502
2503
2664
2750
2687
2736
2638
2683
2606
2471
2325
2218
1930
1705
1629
1278
1139
694
512
229
-53
-307
-659
-733
-1236
-1297
-1622
-1668
-1937
-1966
-1995
-2181
-2103
-2399
-2251
-2276
-2035
-2014
-1920
-1808
-1727
-1690
-1638
-1271
-1261
-1073
-1011
-792
-649
-703
-543
-532
-430
-463
-285
-269
-217
-196
-169
-1
-74
30
-140
-102
-124
-165
-106
-147
-152
-298
-341
-296
-299
-287
-256
-306
-252
-241
-216
-163
-60
-17
-9
91
83
156
203
351
508
603
903
953
979
1053
1133
1250
1254
1401
1486
1565
1521
1613
1516
1529
1556
1503
1610
1585
1674
1434
1413
1391
1280
1185
1123
1113
852
742
618
703
499
398
305
100
51
-217
-197
-291
-388
-468
-637
-717
-884
-1049
-1205
-1201
-1341
-1468
-1361
-1498
-1411
-1462
-1542
-1495
-1565
-1481
-1513
-1374
-1369
-1356
-1354
-1335
-1324
-1288
-1256
-1269
-1118
-1230
-1044
-1011
-911
-869
-762
-669
-684
-542
-625
-419
-435
-170
-79
155
155
224
358
247
512
460
755
689
817
803
750
920
719
894
851
897
802
790
857
744
793
626
639
694
538
611
634
683
595
564
677
603
667
519
532
465
495
471
555
627
414
493
334
385
373
354
414
298
374
257
347
279
223
365
206
392
256
339
309
296
453
285
499
377
361
265
325
269
175
221
12
5
-171
-195
-265
-296
-455
-590
-650
-751
-714
-819
-873
-1029
-1050
-1207
-1206
-1077
-1071
-1106
-1089
-1096
-1135
-1071
-1094
-1029
-1038
-870
-883
-849
-783
-794
-742
-675
-424
-374
-262
-307
-184
-132
43
245
252
434
445
540
569
683
806
772
918
927
907
918
861
867
805
953
808
911
804
709
747
623
728
598
679
411
387
227
63
64
-27
-42
-83
-115
-375
-330
-462
-418
-418
-276
-386
-421
-391
-522
-456
-460
-291
-446
-253
-310
-340
-176
-371
-176
-202
-149
-89
-118
-67
-108
23
-20
142
17
81
-2
51
219
185
334
149
228
203
335
384
422
431
274
395
307
415
438
477
472
298
414
200
114
-30
6
-20
22
-24
-139
-153
-320
-207
-275
-106
-286
-340
-352
-458
-266
-348
-170
-191
-67
-188
-118
0
-50
131
136
300
70
153
39
-5
119
157
356
317
334
134
138
29
41
6
115
70
-75
-59
-237
-165
-336
-221
-388
-452
-473
-689
-591
-766
-636
-732
-668
-608
-773
-672
-856
-729
-718
-572
-510
-446
-419
-491
-289
-372
-49
31
128
197
179
280
258
435
415
587
646
697
725
716
810
681
831
822
761
820
621
727
586
569
547
425
384
245
225
68
107
5
-96
-68
-185
-142
-158
-105
-209
-220
-180
-266
-139
-136
-16
-5
9
61
10
82
27
201
175
133
116
17
68
-35
65
117
148
149
45
123
-3
71
48
58
80
-40
6
-158
-143
-179
-123
-136
-112
-263
-371
-436
-503
-448
-458
-314
-466
-401
-353
-472
-350
-378
-293
-214
-132
-123
-236
-135
-168
-133
25
131
163
152
119
95
101
90
265
235
281
169
244
183
188
267
143
296
56
198
15
53
9
-63
101
-53
132
-44
56
-39
-8
21
25
158
116
208
224
403
425
394
478
521
450
500
534
607
535
485
567
462
517
408
385
263
179
109
-14
78
-148
-169
-260
-356
-382
-460
-488
-600
-569
-625
-618
-568
-689
-669
-762
-689
-694
-671
-538
-591
-440
-529
-451
-405
-349
-244
-204
-86
-157
-77
-178
-16
-3
-1
183
145
184
110
112
82
-47
121
131
193
71
28
50
-218
126
-186
23
-139
-175
-153
-292
30
-316
-879
-1021
-610
-213
253
1159
1011
353
733
122
-44
-480
-508
-154
288
1242
1035
1992
1074
312
1356
954
1136
628
1477
1008
506
672
259
79
-340
311
321
240
260
-78
-421
-937
-645
-730
-553
-441
-365
-198
-632
-825
-669
-791
-1220
-721
-321
-368
-334
-63
54
14
-185
-130
-293
-660
-463
-869
-1142
-988
-798
-13
380
1257
1335
872
671
-391
-359
-965
-449
-89
-467
972
187
966
200
-1114
-1140
-1768
-1039
-956
-99
223
307
641
497
90
-549
-266
-680
-396
-181
-162
-175
-141
209
343
779
998
1518
1275
1303
1226
759
1000
481
402
930
911
1338
1554
1440
848
606
151
-459
-689
-907
-668
-592
-372
72
-159
-361
-573
-740
-810
-776
-885
-490
-351
-204
-54
-213
-312
-782
-521
-449
-373
-77
565
1157
786
1746
1309
1096
710
297
113
-493
-47
-579
-54
463
159
449
293
-39
-717
-421
-492
-862
-854
-379
-175
-702
-269
-1166
-1280
-911
-1191
-506
-363
-45
300
-697
215
196
-547
-212
-190
-157
148
-67
246
88
-453
970
828
867
1493
1031
846
1152
165
326
414
-198
841
1131
1087
411
261
210
-627
156
-261
-553
1194
45
-29
666
27
-321
-137
-220
-297
709
-356
-65
599
-3
-1207
68
1062
-722
620
1796
-134
-535
291
-130
-551
-196
763
448
123
906
-454
-661
-170
-2007
-490
-349
-175
-891
797
-160
-2021
-1075
-269
-1287
-1466
70
-394
-848
-340
-665
-1448
-166
-787
-272
-414
-119
-145
-1176
1195
-756
-761
924
574
516
-112
500
935
-791
1275
1057
-813
1194
766
511
81
781
191
-828
1128
-525
529
-187
-198
205
-488
-87
-191
-1636
874
1133
-2782
1647
200
-2917
1609
755
-1662
-212
1835
88
-1142
1503
383
-1066
2485
-390
-84
1894
492
165
802
1922
0
128
1431
-130
312
203
711
-320
1025
-11
-1315
831
567
-1102
-1218
990
-840
-1560
123
-816
-2047
958
-1728
-299
-1050
-885
196
-723
-2112
679
110
-2512
985
-100
-334
891
-62
-65
282
-1321
2186
575
119
1509
-279
660
648
367
352
259
134
781
968
988
-2334
874
779
-1811
-259
1677
-1129
-1047
1190
111
-2310
695
-788
-1953
910
-579
-364
480
-76
-939
-486
-915
986
-123
145
650
588
1240
-115
582
-142
865
753
929
1435
376
-282
1351
327
788
-456
1028
1486
-778
448
626
-612
-1440
883
-476
-1601
634
-1277
397
-986
-1014
-1034
-1574
172
-871
-1541
940
-1403
-399
26
-988
-746
1005
75
-1842
2058
-424
-1301
956
1200
-1378
1612
476
-403
1046
492
841
-494
856
481
48
783
787
-45
1141
-289
-796
647
97
-581
-740
1580
-795
-1777
-110
1567
-2489
-1704
2345
-2256
-1038
1344
-2073
-636
116
-760
-797
571
-375
-142
213
-576
412
972
-87
-190
49
2392
-49
-713
2593
-625
1313
658
202
1833
-375
192
1961
-419
520
1071
-483
1197
-237
-327
801
-1436
1772
-1795
222
405
-909
-242
-527
-1440
1137
-68
-2455
1206
323
-2305
658
992
-2205
768
-42
-297
492
-861
287
99
999
131
-2670
4014
-1187
-2130
2283
-59
434
-1466
1489
1238
-2425
2397
-1587
-65
2108
-1821
-267
1340
1141
-2995
1645
1084
-3302
2105
-28
-1651
1029
-1234
789
-2072
98
696
-2236
1840
-288
-1604
419
778
-1665
-404
1900
-915
-875
2617
-985
-663
1326
-249
-164
636
1943
-2380
1058
2502
-1241
-656
2868
-1367
-476
2615
-1350
211
1439
-374
-908
940
660
-772
-459
383
140
-660
-91
-17
-1616
851
-1913
236
1071
-2919
153
1690
-1092
-2096
139
1578
-1737
-1271
1684
470
-1423
791
633
-1538
2068
-1001
501
681
1015
-729
1880
1278
-1188
256
1258
234
-299
1831
704
-1311
1880
884
-3138
1287
1649
-2562
-468
2457
-1531
-1621
178
373
-2648
213
-618
-1659
1732
-1316
-994
931
-1298
-461
-512
-91
-276
215
1177
-129
323
610
-532
1160
174
1020
957
-1290
3444
1253
-1821
3136
-1283
1549
-253
427
709
-170
419
1066
-735
51
-27
-1357
798
-859
-1752
1211
-2278
-905
-112
-1666
-620
-1631
352
-2175
-2544
2018
-1534
-1875
396
-60
-1990
-245
-1
-510
459
-487
-151
2745
-640
-811
1944
-610
1988
-363
74
2405
436
-402
2498
-526
355
1944
-323
722
1411
551
101
-180
1625
-73
-1927
1915
-17
-1201
1051
-1341
-38
372
-1575
-391
-32
-406
-954
454
-490
-1438
-245
-40
-591
-560
-800
1293
-413
-703
1952
-1051
-534
1682
-836
1101
265
-30
2352
-1551
1726
-268
-905
1799
-518
22
1070
-336
-610
1327
-992
-894
659
39
-1678
146
-651
-1257
87
-1886
122
-1329
-1230
1515
-2199
-543
908
-1639
-786
162
-1077
-60
-236
1011
-392
255
658
-1479
2133
-779
437
1819
1137
410
-374
1425
1351
-391
1630
1332
923
1243
1173
329
592
1309
-34
834
1460
298
288
365
677
-569
-332
1147
-1338
799
523
-1931
379
653
-2101
-20
-484
-691
-438
-893
-772
-552
-1141
-10
-1411
-175
928
-1657
399
737
-2489
-398
939
-1194
-1314
1626
-181
-492
304
-772
653
-1204
-378
1534
-1648
1483
-11
-1055
1026
-1671
352
-206
499
-774
309
672
-1318
537
-806
2
-341
-62
971
-608
-627
734
421
-1174
197
844
-342
132
1084
-865
1322
-686
837
209
308
645
-231
1683
-394
-253
1775
-399
41
1353
-500
329
991
33
195
830
-240
-756
2021
-527
15
501
-258
278
-328
449
-1083
7
1491
-802
-859
1106
-770
-1137
1479
-576
-1557
1103
359
-1370
163
60
-1273
391
-730
-135
189
-1252
991
-532
-328
102
-694
-664
1276
-1197
-774
1713
-1154
-580
-156
682
-437
-758
718
-113
-1013
1259
-998
67
1351
-756
392
290
-18
-191
-134
1097
-350
127
619
460
-1337
974
961
-1190
766
273
-284
40
137
924
-1472
848
291
-889
381
416
183
-349
-292
284
-615
1038
-1214
-625
1613
-1433
-66
761
48
-362
-305
868
-147
-410
531
-708
299
775
139
-1159
729
557
-834
135
-85
1229
-461
-560
894
-120
-96
164
-277
-215
572
-361
-718
1259
-1037
-166
673
-145
-717
-417
450
-1725
-376
1336
-536
-1769
1608
-501
-1951
546
-93
-162
-726
802
-27
-515
291
-120
-1225
94
1312
-1489
1111
1426
-1493
715
435
-413
375
460
336
532
405
-264
-1014
1483
137
-1610
1439
1072
-1772
717
761
-1490
624
113
-1147
570
196
-1591
147
136
-1019
-1160
1268
-431
-1168
1120
-575
-604
1195
-65
-1305
1634
660
-1163
1023
644
-113
375
1262
1094
401
808
646
515
607
617
337
1848
-235
1613
-599
648
240
88
380
-264
1660
-805
-358
451
-995
-577
-488
363
-822
-368
701
-1419
-271
-280
-978
-968
453
192
-876
337
744
-1432
819
-357
-698
-307
744
73
-396
1551
-464
-853
795
-52
-742
674
526
-541
817
-138
69
-257
-828
49
-1088
174
60
-342
277
-477
-379
-778
-590
115
-1402
-133
207
-266
-624
-471
-482
-213
-597
-406
600
-456
322
991
-179
133
135
-280
1584
-211
-24
896
378
69
726
1129
450
-514
871
263
-261
472
534
434
488
613
-586
625
-182
-1340
906
-288
-348
620
-538
-566
-371
43
-959
-507
465
-433
-525
553
-476
78
461
-1178
-118
575
-667
-216
933
-59
-99
430
320
-740
247
241
-701
655
736
-346
-157
197
-109
-629
678
47
-422
787
-386
-178
382
-23
-434
-33
469
-65
-389
134
-218
-859
214
-494
-714
193
746
-388
-80
13
-611
-590
-330
832
-117
-182
477
-96
-57
-364
-334
-217
436
189
5
1197
-93
457
-440
464
142
-12
883
860
320
299
959
-602
803
411
45
1037
612
975
-122
209
773
-339
123
213
159
648
442
-469
-78
-558
-465
-314
49
-73
-131
-236
-416
-509
-567
-770
-822
-823
-417
-334
-276
-860
-540
-573
-1513
-760
-178
-867
-1264
364
127
-821
-387
47
-842
-632
64
-6
62
317
410
245
416
244
-261
229
642
-157
1093
872
389
543
575
-155
-463
503
85
43
597
833
-233
-146
-10
-630
-770
-91
-10
15
244
103
-189
-278
-457
-103
-261
239
0
186
535
-96
191
592
-248
56
1141
320
185
928
1035
286
491
1056
130
541
768
-64
552
180
-140
474
212
250
-185
-8
-39
-393
-753
-356
-549
-489
-655
-174
-282
-892
-765
-788
-709
-901
-333
-514
-697
-385
-429
-662
-414
-492
-617
-117
192
33
248
274
187
72
394
643
-174
511
852
128
683
995
400
428
695
345
-76
565
159
-28
704
61
72
-131
-113
-329
-401
-117
14
-39
-194
-158
-253
-441
-290
-133
-491
-259
189
-162
-176
59
93
-101
178
554
-90
171
281
247
356
382
-160
193
358
139
116
164
540
-168
125
452
-254
-408
-9
-359
-594
-151
-382
-755
-241
-703
-797
-353
-683
-683
-716
-249
-427
-644
-334
-488
-672
-236
-222
-329
-38
-122
-369
113
24
191
-2
367
409
-100
319
682
259
290
539
398
705
259
560
560
336
734
453
530
542
387
454
12
334
223
175
120
66
-6
-78
248
-345
-72
170
-308
63
158
0
-105
-33
25
-462
-51
110
-155
49
498
-18
-193
160
156
29
8
546
329
367
515
179
490
259
269
168
160
349
145
246
67
121
-162
34
-200
-503
-302
-391
-429
-266
-205
-386
-560
-541
-473
-608
-459
-499
-465
-189
-97
-215
-8
-259
-166
-151
-314
53
157
124
145
483
268
20
-27
71
116
72
320
408
305
193
-89
-22
-208
-381
-28
250
197
45
115
-33
-356
-363
-150
-199
-190
239
238
82
121
-96
-192
-89
-48
27
238
256
227
192
96
4
-103
-199
-38
103
113
69
206
95
-182
48
4
54
56
-29
69
30
-42
-23
60
-129
-177
-219
-69
-64
-170
-53
-180
-123
-110
-139
-228
-501
-355
-382
-445
-157
-260
-22
-374
-274
-196
-526
-403
-474
-314
-156
46
-44
136
0
-237
-64
34
202
145
144
686
364
216
547
184
90
216
452
295
504
594
437
324
372
395
116
477
450
258
465
246
223
79
270
190
155
297
136
87
-14
204
-97
142
158
126
307
26
199
197
146
54
52
97
-6
-30
-48
172
-5
21
13
-97
21
-304
41
-124
-139
-71
-263
-92
-361
-283
-376
-299
-456
-347
-302
-464
-499
-540
-325
-555
-428
-284
-367
-299
-350
-296
-345
-279
-263
-120
-47
117
48
-45
115
-126
-12
18
141
194
218
236
244
159
107
220
15
186
182
180
238
260
213
85
125
-13
30
-64
3
21
-108
28
-101
-98
-20
-13
-146
-54
180
-13
49
134
197
-11
52
205
88
273
142
279
170
236
229
128
238
81
131
34
162
67
49
36
33
14
-84
3
-170
-87
-159
-168
-215
-298
-384
-323
-470
-490
-478
-577
-392
-456
-380
-343
-285
-348
-316
-275
-167
-132
-93
122
30
100
51
99
114
228
339
329
474
356
478
351
365
402
388
490
428
547
365
319
360
249
157
189
72
15
-16
-79
-134
-203
-190
-247
-91
-222
-134
-163
-124
-107
-173
95
-40
73
14
76
-1
71
122
72
185
181
243
171
241
201
185
220
240
251
233
198
205
233
220
138
96
-14
-115
-164
-188
-235
-224
-196
-277
-286
-316
-294
-327
-327
-294
-285
-216
-149
-296
-219
-168
-330
-227
-233
-259
-235
-151
-185
-142
-61
-152
-71
-109
-46
-82
-87
-50
-97
-69
-86
8
-78
-75
-82
-96
-225
-229
-167
-209
-143
-109
32
-191
-20
-90
-181
-62
-115
-109
-188
74
-138
-62
34
-50
-2
-81
18
-9
122
112
163
150
193
228
273
327
266
381
341
377
518
471
512
624
485
589
478
496
462
308
463
382
348
301
268
157
134
110
47
86
-55
-86
-268
-258
-203
-332
-192
-179
-133
-202
-18
-195
-201
-22
-290
-54
-135
-155
-135
-130
-78
-169
41
-117
-75
-79
-89
-26
5
104
-51
122
-74
-54
-133
-201
-147
-219
-137
-211
-138
-267
-188
-223
-216
-229
-274
-118
-306
-155
-189
-145
-108
-51
-127
-126
-193
-291
-169
-306
-123
-188
-74
-155
-161
-17
-174
55
93
115
175
259
209
216
330
385
451
451
512
356
413
283
329
396
346
461
309
446
364
368
465
416
454
321
344
226
204
152
78
52
53
-22
-135
-145
-289
-235
-378
-335
-411
-583
-425
-602
-554
-424
-523
-429
-436
-448
-447
-286
-338
-326
-151
-235
-164
-150
-160
-124
-165
-74
-70
-36
107
50
141
117
126
141
102
32
38
18
-103
-6
-107
-121
-101
-181
-215
-218
-276
-319
-173
-347
-292
-197
-316
-167
-144
-133
-25
69
29
70
184
185
253
344
379
494
417
612
547
518
726
556
740
744
768
763
804
803
794
871
820
723
653
620
536
475
454
450
395
301
261
143
38
-128
-229
-321
-379
-434
-536
-567
-617
-676
-752
-782
-794
-897
-903
-832
-880
-782
-769
-702
-709
-687
-564
-547
-445
-511
-319
-396
-234
-143
-237
-8
-66
43
98
63
158
114
97
138
37
15
28
-36
-191
-3
-147
-93
-64
-249
-58
-238
-202
-249
-321
-246
-309
-235
-240
-96
-136
-57
23
171
193
308
474
378
576
467
621
671
722
906
876
951
870
933
895
834
906
824
896
688
692
613
463
597
436
394
335
223
94
-59
-30
-191
-261
-275
-381
-598
-588
-738
-929
-751
-945
-865
-846
-938
-885
-876
-854
-798
-695
-664
-519
-447
-442
-257
-187
-133
33
13
161
169
202
270
397
378
467
587
352
617
409
402
436
306
400
119
303
19
-9
2
-153
-95
-273
-240
-441
-345
-492
-489
-369
-430
-362
-334
-278
-242
-183
-133
-32
-20
65
94
177
232
360
350
417
516
531
650
569
646
671
606
720
692
624
703
608
533
560
452
326
261
172
8
-5
-77
-200
-210
-380
-441
-488
-651
-576
-635
-602
-682
-642
-632
-858
-560
-761
-547
-532
-531
-356
-539
-289
-417
-281
-199
-108
-72
103
124
147
364
255
428
328
345
278
360
280
312
374
160
266
103
33
-52
-75
-49
-159
-183
-242
-350
-391
-398
-461
-356
-383
-322
-282
-338
-325
-255
-299
-304
-177
-209
-118
-54
36
40
114
152
146
373
316
436
467
452
540
473
656
480
696
589
557
621
451
533
327
424
232
352
242
215
213
-1
139
-204
17
-138
-251
-117
-304
-164
-362
-187
-246
-288
-92
-179
-151
-162
-168
-284
-205
-181
-211
-145
-117
-9
-47
52
149
99
184
153
169
119
172
149
130
277
39
185
109
-124
72
-103
62
-74
-61
-99
-183
-181
-296
-150
-306
-75
-184
-64
-140
-231
-99
-283
-119
-256
-56
-177
-164
-82
-223
-83
-166
46
-90
-33
-8
-158
-54
-105
-39
-125
57
65
29
96
5
67
-32
31
-79
4
-82
-68
-61
-42
-17
-91
25
-95
63
-31
67
132
187
152
241
361
200
380
192
281
265
160
131
94
120
48
126
102
159
43
3
50
-127
-60
-49
-147
-85
-111
-102
-104
-79
-156
-81
-62
-149
-85
-112
-92
-131
-75
-97
-46
18
-84
23
53
108
144
184
142
135
123
72
179
201
135
181
176
82
91
-54
-39
28
-124
-18
-136
-208
-219
-302
-265
-252
-279
-251
-199
-300
-185
-287
-255
-171
-274
-196
-213
-80
-107
-75
86
89
127
166
220
226
261
364
355
425
459
448
528
524
532
541
503
529
491
350
431
332
341
312
273
207
136
119
-45
7
-158
-163
-171
-260
-300
-381
-372
-504
-392
-533
-501
-504
-559
-450
-585
-418
-492
-474
-293
-371
-310
-238
-66
-247
-42
11
-116
74
-83
151
119
163
265
278
339
185
310
211
204
239
190
136
140
62
-148
45
-99
6
-128
-168
-154
-375
-278
-400
-303
-411
-265
-301
-305
-142
-315
-135
-165
-91
-27
3
156
136
283
276
352
400
363
455
421
541
485
541
617
480
648
424
495
514
333
411
194
260
147
52
36
-83
-170
-195
-248
-294
-341
-434
-384
-385
-470
-482
-408
-444
-452
-407
-385
-422
-366
-300
-230
-221
-39
-49
-56
108
86
170
213
278
310
309
389
383
394
373
433
324
295
319
222
217
135
189
32
93
-69
-120
-17
-274
-152
-305
-274
-304
-430
-354
-435
-391
-436
-384
-369
-414
-361
-398
-352
-353
-311
-262
-158
-123
-66
81
89
193
257
239
308
303
344
357
398
454
412
438
492
479
385
475
378
254
285
186
143
125
98
91
-14
-68
-100
-217
-169
-237
-265
-254
-212
-306
-320
-334
-334
-285
-387
-196
-315
-284
-246
-223
-210
-254
-143
-246
-159
-202
-153
-112
-77
7
-20
91
2
51
39
35
76
74
118
24
222
56
39
94
11
112
-15
126
0
-3
-38
-73
-95
-184
-65
-173
-64
-78
-100
-84
-80
-76
-114
-53
3
-47
59
236
131
261
292
285
285
326
373
385
496
448
513
490
442
507
438
485
394
392
307
238
244
211
209
93
79
25
-54
-26
-45
-133
-13
-125
-200
-202
-376
-272
-371
-352
-342
-311
-300
-300
-243
-334
-222
-283
-230
-213
-154
-106
-94
17
-10
79
68
85
142
124
101
108
179
101
152
154
104
65
11
39
-47
-26
-37
-102
-78
-138
-221
-167
-203
-313
-210
-234
-272
-261
-228
-295
-224
-225
-265
-171
-194
-161
-154
-42
-85
-57
-36
3
37
-31
117
90
64
149
84
150
149
154
214
236
276
195
228
202
196
113
109
153
14
116
55
93
95
83
49
57
95
-104
-14
-11
-81
-84
-11
12
-69
54
-17
-33
-4
-55
-48
-43
-15
-145
4
-54
-56
13
-79
77
3
-3
-26
-13
24
-131
78
-57
23
58
36
103
27
87
-65
36
-77
-43
-51
-60
21
-142
10
-70
-12
-59
-17
-14
-125
29
-125
-2
-121
-32
-20
-155
3
-172
-35
-117
-16
-38
-87
79
-24
57
70
136
162
196
251
271
299
224
355
336
342
359
366
386
298
322
215
304
218
272
256
180
206
41
121
-20
-46
-116
-81
-84
-157
-104
-209
-98
-225
-208
-193
-267
-258
-377
-226
-306
-259
-186
-299
-184
-231
-225
-247
-207
-257
-325
-227
-323
-153
-203
-208
-46
-164
-113
-66
-68
-64
-86
-51
-44
-91
-49
-80
-96
-96
-43
-53
-148
-55
-170
-164
-116
-133
-77
-95
-21
16
78
66
130
78
76
114
105
195
207
279
271
313
351
351
374
283
370
283
289
293
280
347
238
261
273
189
175
180
42
176
100
-23
93
-25
-30
-80
-4
-73
-120
-113
-140
-199
-233
-134
-204
-198
-191
-196
-185
-186
-134
-179
-118
-112
-161
-84
-169
-121
-125
-148
-122
-94
-19
-70
-28
-3
-42
-18
-74
-65
-23
-94
-22
-51
-62
-27
-84
-73
-15
-16
-32
51
-25
-14
-4
20
17
34
160
129
159
202
157
127
181
124
164
186
177
243
133
248
231
175
249
217
229
209
224
212
179
206
162
179
198
155
172
201
89
84
67
-13
-42
-109
-57
-95
-94
-72
-69
-143
-149
-185
-242
-225
-279
-251
-193
-164
-156
-158
-191
-241
-205
-260
-232
-226
-254
-207
-251
-215
-234
-274
-210
-173
-260
-204
-237
-254
-264
-299
-257
-250
-226
-270
-224
-276
-304
-293
-233
-255
-271
-168
-210
-128
-77
-153
-23
26
55
177
172
210
248
228
288
355
399
436
504
562
508
584
546
614
597
537
608
512
576
489
500
501
427
366
218
276
27
124
96
35
130
9
40
-52
-38
-125
-78
-132
-92
-126
-196
-109
-245
-172
-184
-134
-107
-80
-34
-86
-20
-83
-61
-12
-27
-25
-35
0
-101
-68
-71
-152
-101
-193
-166
-270
-296
-238
-342
-270
-326
-304
-422
-327
-421
-414
-333
-415
-282
-373
-270
-326
-269
-217
-214
-129
-143
-90
-74
-10
-4
66
157
120
289
219
335
354
323
459
337
383
359
364
364
399
347
369
357
302
301
225
285
194
205
230
132
180
110
112
60
11
-27
-100
-83
-147
-173
-204
-140
-207
-227
-152
-271
-242
-225
-189
-195
-122
-109
-118
-84
-180
-102
-153
-111
-64
-84
-6
-28
-40
-25
-12
-22
-17
-9
-22
-4
-71
-52
-90
-85
-111
-177
-127
-227
-243
-217
-261
-215
-243
-253
-244
-234
-230
-180
-180
-88
-56
-76
77
21
44
93
188
186
201
329
263
338
310
354
329
364
363
337
371
330
374
280
335
292
217
223
187
147
132
95
85
96
85
92
115
81
36
81
28
17
2
-40
63
-104
-16
43
-95
-17
-34
-52
-77
-49
-27
-19
-14
6
-14
-14
-51
-62
-58
-92
-127
-118
-123
-134
-96
-140
-75
-135
-112
-140
-212
-135
-255
-239
-154
-237
-181
-126
-209
-140
-156
-171
-164
-137
-188
-117
-154
-188
-79
-184
-86
-87
-63
-75
-3
65
3
145
59
148
143
148
211
137
261
168
195
154
146
137
127
136
63
148
-2
122
48
25
62
-28
40
-97
-61
-100
-79
-122
-97
-38
-159
-96
-140
-106
-145
-122
-116
-167
-101
-165
-164
-153
-96
-155
-107
-20
-119
-15
-76
-37
21
-10
135
119
136
108
110
154
144
133
182
213
150
122
177
80
127
116
98
106
53
125
23
61
90
13
27
72
24
-31
9
-19
45
15
63
45
-9
11
-9
28
21
81
37
133
106
55
133
88
72
121
99
83
156
144
146
167
199
187
149
243
162
163
171
121
121
50
54
-11
-54
-70
-118
-208
-236
-273
-388
-354
-399
-456
-445
-477
-446
-465
-454
-408
-339
-373
-254
-270
-284
-158
-245
-99
-82
-57
73
45
59
57
138
126
192
346
289
359
424
365
383
409
375
380
368
274
307
189
179
166
67
90
-53
-66
-127
-203
-237
-277
-302
-324
-321
-388
-394
-446
-413
-355
-407
-294
-321
-312
-273
-251
-177
-154
-53
10
53
106
249
230
315
385
371
444
440
508
478
545
530
508
519
470
434
346
381
194
238
181
-5
48
-86
-151
-209
-208
-348
-292
-395
-430
-417
-499
-430
-513
-391
-483
-351
-337
-263
-189
-178
-50
-127
-6
-77
27
32
95
183
174
292
191
292
233
254
259
253
311
248
282
262
296
206
286
189
151
146
-40
17
-159
-143
-222
-212
-234
-262
-217
-332
-215
-333
-250
-269
-281
-245
-319
-233
-230
-132
-84
35
121
104
214
191
258
236
277
297
303
410
375
473
451
464
472
476
420
436
390
311
298
175
160
30
-4
-78
-153
-157
-290
-308
-327
-391
-433
-385
-414
-490
-365
-423
-489
-367
-407
-374
-313
-256
-271
-238
-138
-201
-90
-71
-42
1
-1
12
12
22
-28
47
-13
35
16
14
78
74
117
124
137
104
95
0
-5
-80
-85
-61
-91
-102
-111
-109
-207
-126
-238
-228
-201
-270
-174
-258
-184
-156
-89
-25
24
104
74
103
150
193
190
262
275
296
361
329
394
449
485
558
533
612
478
564
465
437
455
341
402
299
272
160
174
54
63
41
-98
-36
-150
-179
-211
-186
-286
-322
-328
-424
-444
-509
-473
-530
-448
-441
-500
-395
-462
-417
-363
-323
-243
-225
-101
-90
-71
35
-13
93
147
112
247
208
263
193
230
201
118
172
63
108
43
87
89
74
141
55
106
21
11
-33
-56
-48
-140
-55
-167
-86
-146
-131
-68
-175
-102
-154
-106
-146
-98
-87
-107
2
-34
63
106
170
190
259
312
232
345
297
338
341
340
353
340
359
274
306
259
204
172
177
95
39
106
-21
32
16
-71
-44
-137
-167
-214
-231
-254
-244
-274
-300
-343
-406
-388
-457
-367
-407
-402
-329
-371
-322
-325
-301
-232
-197
-176
-99
-61
-38
23
68
140
179
173
230
195
122
195
153
139
205
173
174
154
170
123
130
138
96
121
76
102
9
32
35
18
56
6
13
-20
-10
-124
-23
-62
-63
-45
25
41
20
133
93
185
152
