-53
-56
-59
-69
-77
-81
-80
-81
-72
-62
-55
-49
-42
-38
-47
-52
-49
-49
-54
-56
-53
-60
-64
-64
-65
-72
-79
-84
-90
-93
-94
-97
-103
-104
-101
-102
-102
-95
-86
-85
-87
-83
-79
-84
-91
-87
-86
-86
-88
-92
-99
-108
-108
-111
-118
-118
-113
-109
-107
-102
-101
-104
-105
-101
-98
-97
-84
-74
-73
-72
-66
-69
-82
-87
-78
-74
-74
-65
-57
-55
-55
-52
-47
-46
-38
-27
-23
-16
-2
4
7
9
21
29
27
33
38
35
35
40
44
45
51
61
66
64
69
71
70
76
84
92
95
99
108
110
109
110
114
113
117
126
131
132
135
136
133
130
130
129
127
128
127
125
122
114
107
97
88
92
92
90
89
95
95
86
85
88
87
83
86
89
87
80
73
71
66
62
60
63
65
64
62
55
51
44
33
26
22
20
16
6
-1
-7
-19
-24
-26
-23
-20
-23
-23
-20
-23
-29
-26
-23
-24
-24
-18
-22
-34
-41
-49
-63
-79
-84
-84
-84
-80
-79
-76
-82
-89
-94
-101
-104
-98
-91
-91
-86
-78
-79
-90
-90
-86
-89
-86
-77
-68
-70
-74
-72
-76
-80
-80
-75
-72
-71
-62
-59
-67
-65
-54
-54
-58
-52
-43
-40
-40
-30
-26
-30
-28
-22
-19
-19
-9
1
8
15
27
40
42
46
57
62
61
67
66
65
70
73
78
78
90
102
104
109
123
129
127
123
125
126
120
123
124
128
132
139
144
142
149
155
157
157
162
164
156
150
145
143
141
144
145
148
150
151
153
150
152
155
155
149
144
142
133
125
118
111
107
102
99
93
90
90
86
79
70
64
56
39
31
29
25
20
18
17
15
13
11
7
1
3
2
-8
-16
-19
-29
-44
-50
-51
-56
-60
-64
-70
-81
-85
-88
-90
-91
-88
-85
-96
-106
-108
-112
-118
-113
-104
-100
-107
-109
-110
-122
-128
-129
-132
-133
-131
-128
-133
-141
-144
-152
-168
-173
-172
-172
-174
-169
-159
-159
-163
-160
-159
-158
-151
-145
-141
-142
-139
-139
-147
-143
-135
-130
-131
-125
-110
-107
-110
-108
-106
-108
-111
-112
-108
-105
-99
-93
-87
-82
-76
-72
-69
-64
-49
-40
-40
-40
-40
-46
-53
-48
-47
-45
-44
-42
-36
-34
-28
-22
-23
-19
-13
-8
-5
-5
-4
-3
-8
-6
0
6
13
21
25
25
20
18
17
19
22
31
40
44
44
47
51
50
48
52
56
60
67
69
65
64
64
62
58
60
67
75
74
76
77
70
60
55
54
51
48
48
42
31
30
37
34
41
51
52
41
28
26
21
13
12
19
24
24
28
29
28
31
41
37
31
40
41
35
26
31
23
5
0
4
9
16
24
32
32
31
28
23
16
16
16
6
1
8
7
-2
-5
-1
5
4
10
15
12
12
8
1
-4
-5
0
3
3
14
22
18
15
23
30
34
34
41
47
51
55
52
49
53
56
55
66
79
85
86
88
99
106
110
118
130
137
142
147
152
153
152
154
155
160
171
173
172
171
164
156
152
158
167
172
175
183
181
173
165
163
164
161
165
171
171
165
164
159
156
155
145
134
133
141
144
139
137
133
119
104
101
97
89
84
82
80
69
59
53
40
33
35
31
18
10
7
2
-8
-13
-17
-30
-38
-37
-38
-39
-44
-47
-52
-62
-59
-50
-52
-49
-43
-44
-58
-70
-74
-82
-89
-83
-82
-84
-84
-85
-87
-91
-90
-86
-86
-82
-68
-57
-55
-55
-50
-47
-52
-51
-45
-45
-48
-50
-55
-69
-71
-69
-71
-64
-58
-54
-57
-60
-61
-66
-72
-73
-70
-69
-65
-61
-57
-64
-68
-69
-74
-80
-84
-87
-88
-88
-90
-95
-99
-103
-111
-111
-104
-105
-110
-115
-120
-127
-132
-132
-132
-134
-139
-143
-143
-146
-147
-145
-146
-145
-144
-149
-152
-149
-143
-145
-144
-134
-134
-144
-143
-135
-131
-136
-138
-136
-141
-145
-140
-133
-128
-125
-123
-127
-132
-130
-124
-124
-115
-105
-108
-117
-115
-109
-112
-107
-96
-87
-87
-84
-70
-66
-68
-64
-61
-62
-63
-60
-56
-63
-64
-57
-61
-67
-61
-60
-61
-60
-51
-48
-55
-52
-48
-52
-52
-41
-30
-23
-16
-8
-9
-21
-24
-22
-23
-26
-26
-25
-28
-26
-19
-14
-13
-6
0
1
9
18
21
20
24
27
25
22
22
27
30
33
43
49
51
54
61
64
71
81
87
97
108
118
122
128
134
137
139
144
151
150
151
156
161
162
165
168
172
174
179
189
200
210
217
218
219
217
219
220
220
226
231
233
237
237
232
230
228
232
233
235
241
241
239
238
240
235
225
222
223
226
225
227
226
216
205
197
189
185
189
191
189
185
182
176
166
166
172
171
165
161
153
139
128
122
111
99
91
89
85
80
81
76
67
57
52
48
38
38
43
38
32
24
10
-7
-16
-18
-20
-25
-23
-20
-28
-35
-34
-31
-31
-29
-24
-23
-30
-38
-42
-47
-50
-48
-55
-59
-56
-52
-54
-59
-57
-54
-59
-66
-66
-66
-72
-72
-67
-66
-67
-68
-67
-67
-65
-58
-55
-56
-55
-56
-60
-71
-78
-80
-82
-82
-81
-85
-88
-95
-97
-102
-108
-112
-119
-128
-131
-128
-120
-116
-114
-110
-109
-116
-128
-131
-136
-141
-143
-143
-141
-143
-140
-142
-144
-142
-138
-138
-145
-148
-150
-151
-155
-151
-149
-152
-153
-152
-148
-151
-147
-152
-161
-168
-165
-154
-149
-134
-120
-111
-111
-115
-112
-115
-118
-109
-96
-88
-79
-74
-75
-73
-61
-49
-44
-42
-34
-26
-21
-20
-10
-8
-16
-20
-19
-18
-19
-14
-9
-6
-2
2
-3
-10
-5
3
6
2
3
1
-10
-13
-12
-9
-15
-17
-19
-21
-24
-24
-30
-39
-35
-34
-37
-39
-39
-38
-43
-45
-43
-41
-44
-46
-50
-55
-61
-66
-67
-67
-64
-59
-56
-48
-43
-43
-47
-48
-45
-42
-39
-35
-32
-33
-33
-34
-33
-36
-34
-27
-22
-16
-10
-3
-1
2
8
12
17
30
42
50
58
65
71
71
73
84
97
113
127
140
150
158
164
172
175
181
186
181
179
184
189
181
176
177
179
180
185
194
197
192
190
186
177
181
183
178
171
173
171
157
145
141
133
124
121
122
120
114
113
110
103
101
97
92
91
96
105
98
89
90
87
85
86
96
104
106
113
115
115
111
107
102
99
103
114
117
114
118
121
121
122
126
127
123
122
126
130
129
129
128
126
124
127
128
128
126
129
131
135
143
152
159
159
163
161
161
158
162
170
167
168
165
161
154
146
143
141
140
137
133
126
112
98
92
86
76
64
52
33
24
11
-5
-27
-38
-37
-49
-58
-67
-69
-83
-94
-100
-113
-130
-149
-161
-177
-186
-195
-216
-230
-243
-244
-261
-284
-289
-301
-308
-309
-310
-312
-330
-348
-352
-357
-361
-352
-348
-345
-338
-336
-344
-348
-337
-324
-316
-309
-299
-293
-292
-290
-282
-276
-277
-261
-242
-235
-230
-216
-208
-207
-185
-156
-129
-106
-77
-52
-36
-21
-1
7
13
35
56
72
85
103
120
126
140
160
170
174
180
190
195
195
194
191
184
185
186
183
182
187
198
195
189
187
181
172
161
150
139
127
120
117
106
86
60
39
24
14
1
-18
-37
-45
-57
-75
-102
-125
-143
-154
-164
-181
-197
-221
-234
-246
-265
-282
-291
-298
-294
-285
-283
-295
-308
-322
-330
-335
-335
-333
-336
-334
-340
-333
-324
-317
-295
-271
-239
-202
-170
-143
-126
-102
-77
-55
-34
0
33
71
128
170
208
249
290
332
359
391
431
448
472
501
531
555
577
600
602
595
598
595
589
592
572
564
528
503
499
465
456
457
455
440
423
398
366
328
279
232
183
147
113
65
11
-47
-95
-153
-210
-246
-277
-310
-360
-407
-454
-492
-538
-577
-607
-620
-636
-668
-683
-704
-720
-745
-772
-792
-810
-827
-849
-848
-824
-814
-807
-787
-747
-700
-676
-640
-594
-545
-501
-441
-376
-305
-224
-158
-86
-3
97
178
274
375
492
598
661
743
809
880
935
989
1053
1083
1124
1170
1206
1246
1257
1264
1283
1292
1310
1322
1316
1294
1295
1272
1238
1176
1104
1052
976
916
797
633
537
486
476
473
301
281
237
183
222
88
-87
-269
-349
-415
-465
-563
-778
-837
-859
-835
-749
-1046
-1351
-1479
-1491
-1356
-1253
-1434
-1270
-1161
-986
-555
-776
-862
-1093
-1105
-1086
-1214
-1333
-2066
-2318
-2029
-1879
-2072
-2289
-2278
-1788
-945
-770
-898
-645
-898
-228
202
183
471
126
438
845
1456
1556
1415
1813
1935
2592
2591
2553
2751
2968
3204
3245
3424
3421
3763
3858
3883
4046
3611
3336
3442
3315
3149
2775
2205
1790
1385
761
100
-181
-630
-1243
-1760
-2252
-2144
-2308
-2709
-3062
-3350
-3632
-3973
-4201
-4467
-4470
-4847
-4916
-4648
-4300
-3885
-3698
-3358
-2930
-2594
-2560
-1962
-1516
-1171
-1032
-860
-298
442
583
585
1428
1119
1653
1169
1023
1811
1256
1176
744
793
1050
770
548
560
445
548
57
89
356
11
319
-103
42
347
363
504
685
824
1018
1508
1399
1849
2088
2267
2752
2635
2836
3396
3294
3749
3304
3552
3590
2616
2721
1761
2279
1639
366
473
-155
38
-368
-1370
-936
-1241
-2152
-2571
-3330
-2904
-3393
-4305
-4629
-4597
-4262
-4640
-4564
-4362
-3674
-3606
-3668
-3122
-2526
-2194
-1961
-2113
-1199
-1196
-1233
-434
-694
625
105
401
1058
1221
1693
1543
1703
1821
1826
1403
1330
1385
1348
961
1058
837
1571
1543
1354
1803
1614
1942
1706
1407
2059
1612
1562
1562
1640
1996
1529
2500
2035
2993
2552
2459
3170
2618
2695
2192
1559
1210
890
39
93
-600
-785
-1087
-1297
-1423
-1383
-1426
-2233
-1992
-2826
-2891
-3333
-3844
-3918
-4234
-4443
-4397
-3896
-3760
-3203
-3146
-2562
-2191
-2104
-2144
-1735
-1760
-1727
-1721
-1827
-1093
-1198
-1024
-421
-92
583
840
1001
1449
1703
1572
1704
1538
1581
1606
1452
1330
1828
2139
2339
2921
2596
3716
3822
3777
4418
3598
4464
3867
3566
3926
3178
3635
3231
3099
3376
2297
2360
2085
1431
1565
-184
76
-784
-1344
-1544
-2491
-2100
-2729
-2951
-3306
-3436
-3278
-3598
-3881
-4136
-4112
-3907
-4209
-4215
-3946
-3688
-3271
-3454
-2596
-2015
-1455
-1258
-1408
-603
-117
-283
24
-173
260
486
-229
486
590
905
956
712
1173
1494
1470
1379
1352
1364
1488
1239
1253
1393
1723
1607
1902
1600
2770
3102
2618
3795
3254
4137
4283
3530
4465
4182
4067
3424
2079
3070
1801
2357
457
184
685
-470
-45
-1290
-990
-815
-1853
-2302
-2720
-2582
-2870
-4101
-4632
-4763
-4381
-4866
-5576
-4820
-4820
-3930
-4670
-3954
-2911
-2709
-2209
-2987
-1746
-1538
-1284
-1481
-1714
-582
-1030
-739
-795
-449
622
114
352
884
1186
1879
1288
1593
1953
2068
2177
1629
2450
2398
2827
2652
2597
3935
3745
4236
4422
4308
5300
5581
4688
5841
4864
3618
4333
2045
2990
2124
-21
523
-620
-532
-798
-1192
-1682
-1019
-1884
-2589
-2072
-2808
-3255
-3693
-5431
-4653
-4822
-6047
-5384
-6000
-5210
-4664
-4975
-3838
-2844
-2585
-2350
-1307
-1478
181
-652
-852
363
-285
278
195
-189
911
939
480
1379
1583
1760
2067
1396
1674
2206
1409
1243
1216
468
1225
319
395
1153
774
1262
1530
1822
2929
3324
3263
4142
4386
4392
5309
4478
3333
4342
2306
3022
1910
143
1322
-60
-75
-207
-447
-236
243
-826
-995
-669
-1464
-1677
-2878
-4080
-3392
-4459
-5692
-5377
-6129
-4997
-5430
-5908
-4274
-3830
-3306
-3232
-2547
-1751
-824
-1666
-1686
-561
-960
-611
-1471
-1413
-149
-829
-602
-444
378
1208
962
1025
1821
2543
2632
2170
2302
2635
3027
2351
2188
2884
2647
3169
2742
3323
4564
4630
5157
4992
6017
6012
7089
4305
4805
4364
3088
3396
-238
576
-135
-757
-1868
-1951
-1992
-1239
-1594
-3058
-1867
-1864
-2431
-3249
-4605
-4362
-3602
-6298
-6385
-6516
-6186
-5465
-7221
-5687
-4501
-3360
-3922
-2596
-1579
129
135
-1030
909
974
1191
323
-310
776
1000
129
62
733
1493
1547
981
1424
2545
2795
1696
2016
2055
2893
2169
1245
1809
2203
2009
1646
1719
2867
3556
3681
3579
4412
5914
5436
6840
3359
5735
4674
3523
3546
-119
1929
153
-565
-1948
-1175
-1394
-897
-1790
-2571
-614
-1316
-2009
-2468
-3577
-2684
-3091
-6278
-5275
-6355
-5643
-6242
-8213
-5766
-5591
-4639
-5445
-3566
-2246
-837
-1396
-1443
589
948
373
-353
-743
277
-343
-1356
-1475
-855
-141
-992
-568
202
1553
2237
1022
2504
3044
3742
3205
2367
3265
3434
2620
2258
2253
3546
3482
3720
3328
5841
5335
7030
6185
4570
8170
4174
6287
2898
2098
2772
436
-932
-1617
-1701
-2453
-1889
-4358
-2688
-2275
-3188
-2765
-3677
-3585
-2277
-4852
-5190
-5134
-6411
-4743
-8212
-7008
-6758
-6198
-5809
-6275
-3923
-2923
-1597
-2059
-292
1102
1925
1388
745
2038
1497
1579
240
-219
859
-221
-336
-60
115
1911
1063
1219
2752
3028
4128
3103
3101
4119
3755
3030
2595
2663
2998
3054
1873
3508
3648
4411
5656
3093
5954
5214
4951
5548
2383
3532
2893
740
-62
-758
-1650
-1120
-3030
-3834
-2510
-3530
-2917
-3537
-4141
-2452
-3430
-4277
-4019
-5156
-3578
-5447
-6620
-6112
-6404
-5285
-6750
-6059
-4785
-3878
-3273
-2711
-1560
702
640
275
1604
1402
2585
1484
420
1000
691
-28
-22
-840
400
608
-270
1169
1371
2899
3182
2614
3977
4496
4544
4003
4147
3895
4879
3344
3252
3999
3459
4787
3783
4630
3670
5348
3862
4802
4208
2523
3867
1247
1426
518
-277
-1300
-1388
-3370
-2798
-3344
-4345
-3290
-4999
-4442
-4083
-4761
-4752
-4584
-5522
-4040
-5759
-6107
-4837
-5879
-4693
-5959
-4940
-4192
-3527
-3711
-2164
-1641
-436
-390
-433
1302
1096
1710
1083
832
1488
1215
691
661
482
1110
1052
478
1935
2066
3268
2991
3444
4691
5331
5065
5676
5487
6365
5975
5666
6477
6071
6807
4276
5848
4261
5270
3826
2371
2737
1673
1485
-22
87
-785
290
-2165
-2395
-2212
-2893
-2067
-4496
-4674
-3978
-5187
-5416
-5755
-6471
-4803
-7259
-6925
-6178
-6164
-4894
-6134
-5222
-4180
-3201
-3050
-1829
-1626
-97
361
-399
1403
1251
1975
1787
476
1664
1230
862
617
328
788
550
-122
378
1186
1289
1290
1246
1547
2660
2421
2396
2786
2387
3380
2439
3111
3326
3444
4266
3314
4215
5198
4708
4505
5149
3840
5645
3181
2779
3410
1955
1568
377
-881
49
-832
-2602
-1691
-3619
-2240
-2943
-4595
-3162
-4234
-4022
-4608
-5461
-4802
-4733
-6085
-5679
-6347
-5371
-5504
-6133
-4869
-4646
-3800
-3644
-3148
-2217
-1065
-1386
-559
-544
160
536
-168
395
13
302
18
-188
114
466
631
702
1464
2065
2851
3181
3796
4516
5179
5538
5725
6120
6333
7140
6338
6984
6923
5213
6874
4606
4918
4675
2277
2873
2080
360
946
-516
-1016
123
-2837
-1741
-2345
-3350
-1782
-4526
-4439
-3756
-5423
-4916
-6034
-6841
-5431
-7385
-6995
-6934
-6950
-5816
-6629
-5798
-4599
-4025
-3399
-2153
-1774
-39
100
372
1604
1741
2547
1683
1801
1857
2083
1378
869
931
787
1093
224
513
1310
1189
1296
1492
1531
2689
2278
2258
2783
2489
3101
2875
2651
3496
3459
2988
4185
3100
5156
4134
3389
5170
3201
5196
2975
2614
3115
2248
936
1017
-513
285
-238
-2786
-1243
-2948
-1865
-2748
-4397
-3091
-3548
-3943
-4238
-5051
-4230
-4185
-5728
-5034
-5699
-4385
-5227
-5442
-4785
-4144
-3682
-3369
-2963
-2309
-957
-1947
-170
-781
487
353
-376
458
185
393
-117
-184
-230
570
-236
423
863
1463
2162
2059
3154
3985
4731
4931
5722
5699
6975
6787
7180
7066
8004
6849
6254
6767
4616
6757
3499
3131
2954
1520
1594
558
-633
200
-671
-2461
-763
-3233
-1272
-2646
-4727
-3236
-4743
-4585
-5267
-6907
-5928
-6460
-7954
-6928
-7960
-6355
-6458
-7375
-5599
-4940
-3686
-2937
-2411
-1271
431
3
1636
1637
2362
3150
1695
2438
2386
2185
1824
1300
667
1493
722
556
1327
732
1738
1291
1408
2748
2502
2717
3189
2576
3579
3436
3156
3584
3460
3149
4148
3080
4153
5064
2478
5294
3017
4090
4782
2056
3446
2759
1430
2114
592
-88
1595
-2239
-690
-1848
-2846
-978
-4136
-3410
-3134
-4293
-3537
-4608
-5015
-3527
-5623
-5189
-5197
-5613
-4193
-5832
-5457
-4684
-4448
-4046
-3458
-3609
-1734
-2275
-1686
-709
-811
571
-336
-196
-97
423
-58
-21
-534
-253
139
-512
364
444
1227
1427
1712
2451
3575
4047
4428
5011
5580
6162
6550
6980
6665
7749
7399
5806
7091
5469
5905
5551
2336
3657
2242
1182
1624
-864
-251
199
-2812
-1044
-2559
-2708
-1465
-4818
-3758
-3785
-4966
-4007
-6495
-6298
-5222
-7478
-6727
-7284
-7425
-5594
-7750
-6666
-5484
-5110
-3627
-3823
-3085
-820
-801
89
1048
950
2632
2039
1582
2228
1995
1841
1234
43
452
697
-423
18
-376
164
912
375
1208
2322
2348
3181
3198
3482
4887
4321
5086
4349
4968
5290
5266
4822
5531
4288
4894
4585
3149
5233
2535
3425
2273
1626
2045
1139
204
661
-984
-1366
-1118
-3298
-1666
-3903
-3992
-4061
-5248
-4497
-5344
-5649
-5367
-6048
-6288
-5480
-6384
-4984
-5857
-5615
-4665
-4661
-3396
-3342
-2548
-1879
-1231
-992
-29
115
929
481
473
502
594
560
-341
-110
-709
-241
-657
-556
44
179
530
1060
1601
2459
3482
3074
4712
4183
5663
5924
5744
6697
6398
6874
7444
6243
6079
7402
4706
6636
3880
3854
4516
2004
2431
1369
203
1011
-562
-1943
-580
-3346
-1765
-3376
-4767
-3385
-5246
-4943
-5800
-6764
-5714
-6462
-7821
-6767
-7711
-6588
-6751
-7689
-5609
-5842
-4623
-4231
-3497
-2220
-803
-762
479
1237
1995
2890
2194
2706
2958
2872
2082
1743
1028
1578
608
-274
433
-18
601
308
463
1419
2156
2018
3144
2708
4027
4413
3889
5085
4345
5331
4948
5151
4522
6393
3973
5056
4706
3553
5781
2604
3527
3214
2282
2196
1907
-138
1922
-799
-1181
-419
-3271
-923
-3464
-3964
-3472
-4794
-4566
-4698
-6422
-4917
-5895
-6884
-5405
-7236
-5309
-6153
-6547
-5190
-5243
-4607
-3674
-3822
-2627
-1756
-2172
-522
-604
33
372
23
227
784
236
282
253
-502
594
-256
21
623
520
1129
1743
1712
3174
3539
3668
5096
4632
6166
6305
6317
7154
7261
6827
8401
5689
6990
6989
4591
6567
3019
3594
3567
1153
1526
750
-1248
764
-2265
-2288
-1171
-4177
-1737
-4285
-4516
-3516
-5215
-4938
-5261
-6816
-5333
-6670
-7592
-6211
-7961
-6252
-7289
-7335
-5899
-5891
-5094
-4331
-3840
-2401
-1341
-1133
428
674
1677
2018
2037
2187
2620
2049
1594
1315
517
928
-123
-545
-170
-517
-403
-9
-224
1099
1387
1332
2861
2377
3820
4369
3835
5295
4865
5322
6152
5213
5771
7069
4258
6391
5173
4303
6578
2614
4118
3676
1873
3144
1394
86
2337
-1403
-268
-503
-2987
-275
-3510
-3484
-2966
-4889
-3770
-4795
-6594
-4644
-6583
-6693
-5912
-7655
-5542
-6864
-6973
-5524
-5749
-4799
-3940
-4331
-2521
-1924
-1793
-333
-632
277
802
250
508
994
89
455
-408
-818
90
-1031
-740
-297
-673
417
561
766
2465
2247
3212
4176
4076
5486
6027
5948
6889
6626
7402
7669
7471
7811
6294
7896
5782
6449
5564
4227
4502
2845
2245
2373
353
581
249
-2215
-433
-2980
-2155
-2447
-4803
-3268
-4980
-5193
-4728
-6719
-6067
-6390
-8157
-6459
-8213
-7568
-6769
-8658
-6378
-6925
-6040
-4470
-4996
-3366
-2273
-2028
-155
25
594
1846
1357
1778
2235
1798
1863
1217
669
864
451
-127
379
-172
39
540
260
1370
1696
1791
2908
2892
3454
4776
4070
5570
5109
5397
6403
5662
6758
6409
7056
5491
6674
5608
5881
5699
3850
4155
3322
2580
2298
1483
81
1549
-1733
-446
-1336
-2537
-1172
-3868
-3598
-3574
-4781
-4225
-5195
-6814
-4912
-7361
-6923
-6589
-8139
-6022
-8021
-7258
-5947
-6399
-5034
-4384
-4693
-2313
-2476
-1314
-214
-641
1150
671
698
1563
1016
1201
858
-9
591
45
-103
28
-280
312
352
747
1355
2024
2369
2964
3497
3960
4772
5149
5677
5739
6263
6433
7457
6469
8078
6930
6247
7882
5172
7098
5278
3830
4725
2647
2209
2663
-415
1177
-315
-2430
-94
-3451
-1804
-2739
-4759
-3259
-4858
-5072
-4268
-6929
-5862
-6194
-8041
-6271
-8403
-7236
-7272
-8752
-6890
-7056
-6491
-5299
-5564
-4251
-2950
-3005
-955
-959
-58
860
688
1348
1889
1433
1634
1201
539
1254
266
230
168
-259
147
199
106
1224
1310
1487
2590
2493
3811
4045
4397
5330
5261
5744
6439
6091
7042
6429
7175
6533
5613
7191
4850
6141
4291
3475
4043
2404
2037
2184
-262
1249
-467
-1649
-8
-3176
-1401
-2863
-4306
-3000
-4848
-4673
-4537
-7074
-5413
-6398
-7642
-5941
-8359
-6554
-7090
-7992
-5795
-6673
-5602
-4521
-5050
-3147
-2670
-2171
-387
-1094
330
779
732
1493
1074
1415
1242
688
833
519
528
165
130
274
114
747
814
1309
1769
1914
3025
3372
3435
4819
4546
5572
5683
5787
6818
6572
6954
7095
7443
5828
7574
5629
6120
5764
3686
4476
3055
2027
2239
606
-232
619
-2707
-795
-2726
-3566
-2435
-5147
-4319
-4776
-5926
-5019
-6308
-7282
-5387
-8019
-6693
-7074
-8096
-6235
-8202
-6950
-6258
-6783
-5303
-4786
-4851
-2598
-3002
-1231
-368
-247
1365
1475
1953
2709
2645
2512
2601
1921
2070
1684
1034
817
721
153
486
295
380
1235
664
1639
2254
2163
3358
3210
3777
4533
4295
5055
5526
4988
6041
6070
5603
7511
4707
7029
5999
4972
6599
3903
4395
4246
2240
2943
1748
-328
1977
-1943
-898
-1680
-3537
-1801
-4514
-4414
-4049
-5600
-5089
-5428
-7035
-5172
-7171
-6766
-6446
-7906
-5981
-7409
-6965
-6334
-6330
-5437
-4832
-4772
-3212
-2824
-1721
-898
-235
565
1286
1525
1777
2368
2069
2075
1882
1503
1509
1135
594
1133
165
676
951
542
1612
1263
1969
2647
2545
3491
3984
3845
5188
4805
5459
6187
5574
7263
5987
7614
5970
6594
6698
5320
6260
4053
3897
3589
1980
1735
1247
-1189
744
-2499
-1951
-2030
-4281
-2184
-4801
-4770
-4109
-5776
-5019
-5459
-7438
-5202
-7642
-7143
-6573
-8809
-6333
-8214
-7712
-6456
-7288
-5685
-5102
-5525
-2918
-3208
-1691
-99
-489
1748
1681
2180
3292
2954
3257
3441
2419
3008
2242
1880
1761
956
873
734
549
580
806
518
1247
1252
1646
2160
2531
2684
3343
3055
3797
4410
3673
5158
4248
5239
5309
5642
4965
5599
5046
4996
5056
3422
4243
2765
2563
1817
1169
175
687
-1394
-1141
-1882
-2838
-1950
-4161
-3616
-4171
-4644
-4646
-5077
-6059
-5033
-6407
-6226
-6107
-7180
-5596
-6950
-6571
-5970
-6014
-5210
-4640
-4816
-2966
-2913
-1959
-687
-804
1030
1072
1338
2333
2402
2690
2854
1924
2527
2170
1621
1741
812
1015
873
421
592
758
582
1247
890
1466
2142
2190
2797
2852
3287
3979
4377
4257
5278
4826
5995
5577
5936
5924
5466
6269
4805
5318
4076
3907
3212
2472
1456
1474
-186
93
-1089
-2123
-1505
-3411
-2594
-3984
-4291
-4158
-4848
-5182
-4950
-6175
-5424
-6038
-6713
-5796
-7223
-6034
-6763
-6912
-6031
-6216
-5612
-4871
-4880
-3449
-2881
-2221
-618
-535
1173
1652
2253
3153
3547
3873
4218
3700
3898
3613
3048
2821
2046
1692
1136
750
273
336
-127
1
-89
-40
462
586
904
1245
1373
1953
2279
2356
2956
2953
3361
3649
3895
4048
4860
3796
4681
4427
3978
4828
3321
3575
3291
2305
2573
1826
683
1569
-464
-195
-632
-1979
-996
-2752
-2897
-2905
-3794
-3582
-3898
-5173
-4202
-5501
-5483
-5187
-6450
-5373
-6281
-6251
-5647
-5859
-5216
-4554
-4742
-3417
-2960
-2143
-853
-682
620
1159
1849
2564
2941
3234
3336
3328
2961
3007
2560
2102
1942
1087
876
787
174
501
-66
-105
532
-53
648
870
676
1711
1175
1939
2521
2377
3271
3398
3323
4607
4235
4934
5659
3801
6232
4380
4919
5162
3057
3968
2865
1612
2452
338
275
654
-2294
-514
-2407
-2429
-1894
-4190
-3270
-3758
-4669
-3793
-5238
-5453
-4640
-6649
-5420
-6375
-6488
-5654
-7054
-6084
-5840
-5668
-4646
-4476
-4001
-2571
-2387
-854
-298
649
1444
2278
2575
3371
4096
3569
4251
3556
3384
3642
2439
2347
2021
359
1219
-304
-509
-50
-1846
-656
-1417
-1710
-405
-1416
-679
49
-1000
1139
442
969
2294
1263
2889
2990
2836
4594
3843
4705
5547
3792
6393
4709
5325
5658
3730
4876
3898
3050
3651
1522
1688
1622
-790
518
-1655
-1441
-1831
-3667
-3072
-3990
-4393
-4177
-5539
-5389
-5089
-6235
-5239
-6513
-5729
-5627
-6304
-5325
-5624
-4763
-4402
-4250
-3514
-2717
-2104
-912
-878
451
963
1671
2344
2453
3497
2996
3395
3273
2876
3114
2122
1935
1500
563
851
-125
-451
-188
-1177
-410
-976
-903
-35
-738
147
253
181
1365
1022
1582
2369
2022
3379
3343
3548
4979
4171
5834
4962
5233
6175
4923
5856
4754
3964
4424
2927
2718
2244
229
1419
-712
-1012
-1073
-2753
-1786
-3312
-3795
-3341
-4365
-3978
-4211
-5544
-4221
-5365
-5162
-5032
-6199
-4824
-5916
-5783
-5263
-5588
-4774
-4635
-4759
-3418
-3426
-2295
-1717
-1525
-144
207
927
1527
1959
2491
2803
2620
3042
2864
2812
2594
2201
1814
1671
1245
790
626
-71
123
-324
-488
-346
-587
-409
-155
-408
228
381
512
1189
865
1836
1984
2111
2935
2809
3441
4143
3720
5017
4679
4372
5818
4147
5478
4863
3852
4660
3128
3056
3238
1164
1994
1032
-369
621
-1605
-817
-1409
-2936
-2081
-3339
-3485
-3017
-4674
-4027
-4413
-5392
-4397
-5915
-5315
-5344
-6376
-5577
-6008
-5809
-5150
-5526
-4838
-4195
-4040
-2701
-2513
-1633
-621
-148
686
1577
2022
2594
3080
2910
3495
3355
2985
3254
2377
2208
2125
1118
1347
694
75
562
-525
-137
-65
-799
78
-519
-356
468
-280
730
665
637
1738
1373
1978
2788
2401
3656
3678
4002
5185
4032
5545
4969
5007
5512
4439
4644
4350
3382
3662
2427
1947
2178
281
784
-579
-770
-995
-2323
-2311
-2916
-3453
-3453
-4377
-4695
-4591
-5671
-5232
-6199
-6024
-5945
-6695
-6186
-6479
-6018
-5650
-5584
-4994
-4374
-3974
-2802
-2564
-1389
-621
74
1067
1564
2534
3011
3370
3622
3934
3912
3837
3685
3303
2848
2436
1940
1425
932
255
9
-820
-998
-1303
-1622
-1698
-1923
-1943
-1743
-1761
-1329
-1136
-974
-333
-191
496
962
1374
2116
2400
3218
3616
4250
4727
5263
5678
5391
6233
5862
6130
5908
5246
5147
4780
3935
3986
2537
2363
2007
419
636
-733
-933
-1416
-2834
-2903
-3433
-4312
-4058
-5343
-5441
-5288
-6492
-5779
-6770
-6567
-6212
-7076
-6492
-6346
-6355
-5457
-5717
-5062
-4112
-4104
-2691
-2466
-1621
-509
-123
797
1684
2002
2979
3145
3284
4113
3543
3969
3700
3172
3141
2561
1947
2006
877
824
452
-357
29
-705
-623
-551
-948
-603
-499
-653
103
-249
178
692
505
1459
1363
1881
2486
2637
3262
3848
3959
4809
5053
4779
5773
5238
5738
5623
4752
4978
4419
3785
3748
2453
2097
1940
366
574
-727
-1134
-1328
-2802
-2984
-3429
-4309
-4241
-5364
-5830
-5560
-6681
-6377
-6996
-7334
-6799
-7565
-7272
-6912
-6953
-6146
-6064
-5731
-4556
-4318
-3193
-2463
-1938
-645
-16
765
1812
2280
3215
3707
3971
4633
4814
4957
5146
4732
4653
4513
3943
3732
3020
2324
2173
1273
830
487
-270
-286
-834
-1232
-880
-1423
-1159
-1123
-1401
-648
-737
-504
91
8
762
1126
1169
2231
2263
2888
3496
3489
4334
4614
4873
4868
5080
4878
5111
4573
4120
3840
3144
2636
2093
1103
694
177
-1086
-1220
-2457
-2578
-3030
-4243
-4223
-4877
-5263
-5097
-6011
-5862
-5681
-6431
-5584
-6243
-5788
-5143
-5750
-4816
-4681
-4364
-3310
-3491
-2699
-1884
-1920
-513
-464
208
1225
1265
2221
2728
2951
3981
3908
4181
4860
4362
5117
4748
4573
4645
4010
3944
3672
2799
2714
1984
1312
1173
168
175
-564
-1037
-1240
-1657
-1881
-1849
-2313
-2219
-2218
-2345
-1921
-2194
-1783
-1662
-1513
-1110
-868
-524
-59
180
581
1041
1409
1955
2310
2192
2694
2822
2750
3109
2522
2558
2429
1870
2019
1415
944
1198
137
195
-162
-701
-406
-1388
-1526
-1599
-2221
-2029
-2515
-3130
-2717
-3538
-3395
-3576
-4059
-3439
-4136
-4011
-3673
-3833
-3270
-3187
-3185
-2276
-2288
-1479
-954
-763
318
608
1198
1997
2330
3077
3434
3558
4186
4106
4417
4361
4083
3921
3682
3303
2902
2312
1670
1185
462
-98
-683
-1271
-1942
-2283
-3136
-3224
-3635
-4016
-4105
-4664
-4457
-4496
-4640
-4280
-4223
-3953
-3293
-3253
-2272
-1827
-1262
-174
60
1222
1989
2573
3570
4012
4674
5596
5599
6135
6503
6245
6800
6215
6044
5977
5289
5049
4452
3586
3577
2686
1982
1645
649
558
-236
-1009
-1180
-1937
-2281
-2603
-3407
-3368
-3735
-4264
-4190
-4757
-4551
-4580
-5018
-4617
-4684
-4587
-4090
-4228
-3701
-3296
-3164
-2382
-2193
-1622
-848
-706
56
541
815
1556
1659
2052
2443
2345
2781
2679
2567
2709
2324
2279
1988
1576
1488
845
575
206
-310
-433
-985
-1350
-1581
-1979
-2033
-2417
-2634
-2537
-2711
-2575
-2538
-2427
-2010
-1897
-1467
-1097
-685
16
327
893
1449
2003
2683
3115
3647
4274
4595
5153
5460
5795
6164
6243
6387
6179
6302
5997
5816
5298
4723
4299
3694
3004
2365
1438
841
107
-921
-1401
-2420
-2822
-3564
-4402
-4670
-5250
-5527
-5760
-6324
-6229
-6310
-6495
-6169
-6457
-5939
-5802
-5754
-5192
-4969
-4399
-3861
-3687
-2911
-2429
-1912
-1137
-880
-44
462
864
1586
1860
2407
2870
3010
3506
3735
3929
4277
4142
4326
4381
4220
4290
3932
3763
3648
3167
3005
2519
2061
1871
1164
784
364
-200
-414
-1121
-1484
-1733
-2217
-2298
-2725
-2917
-2857
-3130
-3034
-3069
-3046
-2675
-2730
-2421
-2091
-1882
-1316
-1187
-767
-296
18
590
873
1207
1775
1970
2458
2703
2967
3379
3467
3725
3669
3935
3889
3915
3714
3486
3369
3147
2670
2379
1715
1372
872
-57
-340
-1226
-1637
-2257
-3093
-3320
-3799
-4236
-4360
-4914
-4758
-4728
-4998
-4555
-4776
-4194
-3916
-3877
-3189
-2906
-2439
-1881
-1831
-1067
-680
-407
278
283
972
1329
1511
2103
2223
2581
2923
2827
3220
3253
3241
3387
3083
3122
3018
2704
2655
2202
1933
1723
1174
918
403
-27
-381
-995
-1446
-1807
-2386
-2638
-3220
-3571
-3763
-4070
-4102
-4265
-4290
-4075
-3944
-3724
-3326
-3071
-2488
-2169
-1682
-1102
-645
-30
415
856
1416
1891
2329
2803
3044
3540
3796
4061
4413
4581
4833
5020
5096
5291
5368
5374
5491
5276
5162
5151
4804
4653
4210
3633
3251
2537
1935
1317
312
-238
-1086
-2004
-2559
-3473
-3980
-4638
-5438
-5637
-6108
-6356
-6405
-6799
-6515
-6418
-6357
-5797
-5719
-5069
-4657
-4476
-3709
-3321
-2810
-2187
-2069
-1351
-951
-655
12
139
672
1116
1311
1939
2263
2665
3169
3278
3795
4117
4288
4659
4623
4737
4780
4643
4638
4384
4078
3871
3391
2987
2585
2073
1678
1013
483
4
-504
-946
-1466
-1989
-2285
-2642
-2970
-3196
-3427
-3455
-3608
-3685
-3598
-3528
-3439
-3276
-3225
-2932
-2721
-2479
-2226
-2100
-1722
-1428
-1149
-802
-446
-101
316
594
1116
1474
1870
2303
2539
2958
3300
3588
3870
3999
4216
4387
4375
4522
4413
4420
4177
3985
3778
3451
3156
2625
2113
1659
1146
628
-19
-638
-1057
-1769
-2205
-2723
-3122
-3381
-3859
-3988
-4149
-4165
-3987
-4076
-3908
-3608
-3497
-3020
-2948
-2557
-2174
-2099
-1613
-1362
-1077
-617
-568
-148
113
256
791
799
1102
1368
1438
1845
1951
2059
2315
2199
2381
2379
2206
2332
2032
1874
1676
1331
1224
848
455
211
-254
-535
-851
-1254
-1447
-1775
-2036
-2212
-2394
-2464
-2524
-2717
-2667
-2638
-2585
-2407
-2321
-2116
-1831
-1677
-1302
-1043
-840
-385
-291
49
318
463
828
898
1052
1340
1314
1579
1633
1605
1855
1724
1893
1929
1852
2067
1898
1916
1967
1786
1886
1716
1591
1633
1364
1380
1236
997
1054
784
722
587
379
359
117
13
-168
-330
-496
-694
-894
-1152
-1390
-1540
-1842
-2009
-2263
-2462
-2508
-2836
-2799
-2960
-2979
-2947
-3092
-2971
-2863
-2804
-2550
-2529
-2232
-1892
-1810
-1340
-1213
-781
-402
-264
227
459
810
1224
1317
1793
2072
2303
2735
2807
3200
3448
3485
3839
3815
3970
4080
3900
3998
3812
3638
3548
3111
2871
2537
2047
1742
1144
744
307
-261
-657
-1155
-1548
-1876
-2316
-2609
-2851
-3087
-3195
-3414
-3483
-3478
-3562
-3492
-3461
-3399
-3196
-3132
-2984
-2750
-2641
-2316
-2196
-2034
-1645
-1585
-1269
-1131
-983
-677
-637
-439
-240
-232
43
77
154
424
362
656
676
747
1033
1011
1219
1385
1406
1736
1782
1956
2249
2236
2609
2683
2844
3157
3185
3412
3557
3552
3797
3758
3812
3905
3705
3764
3583
3422
3272
2948
2651
2312
1858
1452
954
427
-57
-654
-1193
-1737
-2241
-2794
-3213
-3755
-4056
-4413
-4709
-4857
-5052
-5083
-5060
-5061
-4839
-4634
-4442
-4026
-3815
-3312
-2926
-2556
-1998
-1661
-1166
-716
-443
75
361
725
1129
1290
1685
1906
2071
2352
2381
2615
2726
2700
2832
2764
2798
2785
2617
2602
2488
2329
2281
2020
1969
1827
1622
1556
1336
1260
1130
896
781
612
424
347
35
-36
-185
-404
-425
-697
-750
-837
-1059
-1073
-1219
-1296
-1215
-1444
-1373
-1426
-1487
-1389
-1584
-1541
-1513
-1613
-1537
-1628
-1610
-1477
-1592
-1451
-1435
-1354
-1157
-1184
-996
-825
-691
-432
-333
-68
229
416
721
897
1175
1465
1603
1845
2033
2222
2450
2451
2628
2699
2775
2819
2731
2740
2655
2557
2390
2216
2044
1853
1575
1370
1074
898
557
265
-15
-328
-516
-861
-1093
-1339
-1579
-1787
-1990
-2189
-2292
-2495
-2604
-2746
-2836
-2837
-2942
-2912
-2980
-2910
-2836
-2804
-2683
-2568
-2440
-2223
-2144
-1878
-1639
-1471
-1127
-973
-620
-312
-139
205
366
612
870
943
1163
1265
1302
1417
1356
1398
1415
1302
1318
1210
1165
1136
1027
1006
956
907
880
829
777
802
707
695
616
593
592
514
485
426
423
410
402
369
420
438
482
513
501
583
576
561
575
543
566
557
456
426
316
240
176
-23
-54
-218
-337
-431
-620
-629
-742
-864
-898
-1035
-1012
-1044
-1140
-1067
-1130
-1055
-1025
-1066
-924
-925
-879
-801
-860
-744
-724
-778
-683
-786
-695
-676
-780
-671
-727
-684
-578
-618
-395
-298
-198
35
102
367
603
731
1036
1166
1395
1643
1722
1975
2098
2229
2411
2446
2581
2690
2676
2773
2726
2742
2763
2642
2640
2503
2389
2281
2020
1862
1600
1330
1083
722
451
150
-215
-530
-906
-1243
-1544
-1938
-2225
-2548
-2845
-3044
-3312
-3438
-3556
-3664
-3665
-3684
-3633
-3478
-3380
-3146
-2922
-2683
-2322
-2086
-1744
-1437
-1155
-850
-605
-370
-106
29
203
351
442
616
672
746
830
863
965
1037
1047
1163
1155
1207
1272
1238
1340
1344
1353
1383
1344
1381
1408
1348
1408
1379
1381
1434
1368
1434
1404
1407
1415
1359
1359
1341
1260
1200
1092
1010
929
756
673
482
373
195
17
-142
-329
-492
-665
-866
-1022
-1166
-1378
-1490
-1727
-1795
-1909
-2008
-2054
-2094
-2106
-2004
-2030
-1871
-1723
-1585
-1310
-1225
-926
-694
-515
-260
-105
99
377
443
676
778
904
1099
1077
1228
1299
1320
1393
1337
1349
1428
1318
1367
1289
1233
1276
1128
1130
1062
980
974
828
777
772
675
642
539
446
448
312
245
145
47
4
-110
-209
-258
-361
-437
-546
-647
-686
-801
-887
-985
-1080
-1147
-1217
-1323
-1390
-1435
-1473
-1494
-1547
-1521
-1506
-1504
-1500
-1453
-1389
-1320
-1267
-1204
-1102
-1003
-870
-773
-628
-494
-344
-206
-60
90
271
416
586
745
917
1097
1214
1361
1469
1600
1674
1723
1773
1766
1748
1670
1596
1500
1378
1235
1089
940
784
620
437
290
115
-27
-200
-365
-492
-645
-796
-958
-1111
-1220
-1339
-1484
-1543
-1661
-1695
-1779
-1840
-1832
-1851
-1835
-1843
-1808
-1734
-1641
-1574
-1435
-1340
-1163
-1006
-863
-660
-502
-292
-102
56
257
440
574
709
788
883
964
972
1008
1013
1017
1026
1001
975
966
914
908
891
866
899
881
885
879
870
891
872
850
842
833
818
808
785
776
751
732
703
659
636
590
550
486
430
365
280
178
70
-25
-115
-202
-304
-377
-447
-494
-537
-565
-567
-581
-582
-597
-603
-608
-618
-659
-701
-756
-787
-839
-886
-920
-931
-905
-906
-853
-796
-712
-622
-556
-469
-357
-261
-160
-92
-26
67
99
135
166
196
254
264
281
335
373
412
430
459
519
577
582
639
653
702
719
699
734
740
761
738
714
683
685
628
569
530
467
409
294
184
108
-5
-151
-283
-434
-509
-637
-765
-830
-901
-891
-912
-892
-855
-789
-743
-682
-648
-573
-507
-487
-430
-428
-345
-343
-328
-307
-297
-253
-227
-198
-133
-74
9
85
136
234
290
361
404
444
509
565
607
658
716
772
838
863
908
940
970
998
1000
1000
999
992
950
917
874
828
771
693
617
570
511
449
392
286
252
120
-7
-100
-241
-334
-501
-644
-747
-868
-973
-1055
-1159
-1176
-1199
-1219
-1176
-1153
-1067
-988
-919
-791
-679
-575
-466
-427
-325
-255
-212
-147
-142
-58
-24
1
78
119
210
263
303
405
448
537
587
612
698
731
786
837
856
925
956
983
1056
1087
1155
1197
1199
1227
1194
1182
1121
1044
968
860
743
625
497
407
277
167
70
-62
-128
-257
-327
-428
-540
-626
-746
-853
-973
-1114
-1242
-1361
-1482
-1551
-1641
-1682
-1694
-1711
-1675
-1641
-1547
-1452
-1343
-1220
-1076
-933
-799
-666
-528
-394
-271
-171
-90
6
72
169
223
281
363
389
445
463
502
567
594
634
704
763
865
924
1004
1126
1199
1328
1413
1523
1645
1718
1793
1855
1872
1911
1867
1796
1738
1591
1505
1318
1138
966
755
562
356
148
-17
-220
-440
-622
-847
-1019
-1225
-1432
-1621
-1827
-2009
-2172
-2318
-2419
-2474
-2525
-2504
-2468
-2371
-2243
-2092
-1901
-1692
-1459
-1225
-985
-769
-545
-342
-140
64
237
422
584
727
856
964
1068
1157
1189
1216
1240
1240
1216
1153
1095
1022
916
804
677
583
488
383
302
235
201
183
151
163
193
216
252
253
306
351
394
416
444
473
521
544
572
617
653
696
714
734
770
816
819
810
763
718
650
528
405
276
124
-58
-269
-495
-655
-866
-1056
-1248
-1420
-1557
-1723
-1876
-1984
-2066
-2147
-2192
-2254
-2242
-2251
-2247
-2215
-2153
-2049
-1907
-1771
-1601
-1395
-1212
-970
-761
-503
-224
29
292
541
786
1046
1294
1515
1772
1960
2180
2336
2466
2593
2658
2711
2709
2679
2631
2525
2366
2206
2008
1816
1591
1361
1130
866
608
348
108
-127
-364
-579
-799
-983
-1162
-1317
-1444
-1564
-1639
-1700
-1737
-1731
-1713
-1666
-1614
-1542
-1426
-1330
-1231
-1121
-1038
-928
-868
-788
-704
-656
-607
-565
-549
-498
-459
-438
-353
-315
-214
-142
-94
17
109
221
338
430
525
624
661
753
794
876
941
964
988
1026
1043
1056
1073
1055
1161
1098
1146
1104
1113
1072
1029
955
912
826
728
604
437
326
166
49
-97
-229
-324
-470
-588
-684
-741
-790
-836
-896
-893
-928
-933
-928
-919
-871
-822
-773
-695
-620
-546
-452
-394
-304
-221
-177
-136
-103
-116
-84
-124
-147
-173
-252
-266
-322
-375
-400
-462
-465
-454
-463
-393
-391
-350
-308
-299
-210
-179
-123
-83
-56
-7
52
80
163
205
270
363
409
542
611
713
847
951
1094
1211
1286
1403
1429
1477
1532
1510
1510
1419
1331
1223
1072
917
777
596
449
258
78
-61
-235
-354
-483
-576
-650
-729
-817
-866
-924
-961
-994
-1026
-1029
-1059
-1070
-1098
-1109
-1110
-1126
-1118
-1135
-1138
-1127
-1121
-1094
-1056
-986
-894
-782
-661
-511
-386
-238
-92
57
218
362
503
617
712
791
864
898
930
950
962
961
954
932
916
891
864
871
844
828
785
742
717
683
672
656
625
598
546
485
416
357
290
215
155
64
-11
-116
-191
-252
-315
-377
-404
-458
-490
-504
-524
-488
-484
-451
-404
-398
-377
-358
-366
-338
-351
-372
-382
-447
-489
-564
-650
-708
-799
-886
-964
-1034
-1091
-1123
-1156
-1113
-1078
-1022
-932
-846
-719
-599
-473
-322
-186
-43
107
224
360
451
551
647
730
819
916
976
1034
1074
1105
1169
1167
1218
1234
1254
1259
1238
1206
1191
1132
1088
1032
933
878
735
613
509
399
307
188
57
-35
-140
-255
-303
-408
-448
-511
-623
-659
-747
-767
-801
-872
-886
-888
-931
-922
-952
-912
-872
-862
-799
-759
-714
-658
-608
-553
-451
-405
-317
-282
-229
-130
-76
-9
43
105
159
196
214
264
297
347
364
381
418
429
446
431
448
465
484
461
472
476
472
455
408
431
409
394
371
333
331
290
243
217
186
150
140
69
66
36
13
-3
-33
-29
-22
-23
-39
-13
-16
29
38
50
75
59
58
9
-3
-29
-45
-103
-147
-170
-214
-238
-293
-321
-341
-368
-394
-398
-421
-404
-404
-399
-377
-353
-341
-334
-334
-318
-279
-297
-269
-262
-249
-238
-233
-219
-192
-197
-185
-151
-141
-76
-68
-22
3
36
65
98
111
138
147
138
170
151
186
161
153
144
114
122
103
107
104
115
118
139
136
160
185
184
213
234
268
287
286
297
345
351
397
419
453
520
528
569
625
628
673
651
668
677
673
596
579
495
405
371
181
160
-38
-107
-285
-372
-510
-600
-707
-824
-883
-978
-999
-1105
-1115
-1152
-1141
-1132
-1124
-1097
-1066
-1032
-987
-904
-826
-704
-620
-508
-384
-263
-99
6
153
292
438
586
706
834
953
1042
1113
1184
1221
1267
1239
1205
1171
1101
1047
936
816
720
588
440
324
159
78
-51
-172
-227
-337
-386
-456
-531
-543
-571
-594
-582
-603
-581
-572
-574
-544
-523
-508
-461
-463
-431
-403
-383
-339
-327
-307
-276
-282
-280
-278
-260
-223
-186
-175
-160
-131
-147
-104
-90
-53
-20
-9
-2
22
38
47
67
54
72
77
102
113
138
177
228
287
353
416
462
513
529
600
622
672
693
684
698
659
631
571
489
422
343
236
162
53
-24
-110
-185
-235
-276
-318
-370
-394
-430
-412
-422
-387
-378
-374
-364
-363
-337
-333
-319
-330
-291
-287
-234
-199
-175
-117
-84
-26
49
96
149
191
201
260
257
264
252
197
179
112
67
36
-27
-71
-97
-148
-127
-167
-169
-155
-152
-97
-69
-29
15
20
46
97
105
141
123
119
127
111
124
148
155
158
150
167
213
242
267
283
306
320
346
339
363
344
310
287
262
265
244
197
167
147
119
118
63
41
-1
-63
-99
-163
-223
-279
-346
-400
-421
-473
-493
-539
-572
-576
-587
-571
-584
-603
-604
-605
-593
-592
-604
-609
-619
-648
-635
-628
-609
-597
-598
-542
-473
-395
-314
-226
-128
-2
112
257
396
520
628
717
817
905
962
968
971
938
916
866
810
747
666
582
507
441
370
310
250
224
199
187
187
184
178
183
191
211
195
156
141
93
76
39
-1
-23
-84
-134
-156
-182
-175
-201
-229
-217
-229
-220
-216
-248
-253
-308
-335
-353
-391
-420
-471
-521
-564
-598
-636
-639
-668
-675
-673
-653
-622
-570
-516
-449
-367
-320
-227
-151
-60
43
136
242
351
415
496
552
600
653
655
681
671
647
603
546
493
435
357
288
212
148
112
58
61
42
48
77
81
123
149
172
216
234
275
321
325
351
338
329
326
316
314
314
286
283
258
234
246
226
228
185
143
111
59
-5
-65
-149
-226
-333
-452
-545
-665
-775
-877
-976
-1013
-1061
-1103
-1115
-1137
-1096
-1062
-1006
-911
-819
-716
-609
-505
-390
-278
-212
-119
-65
-4
39
60
74
90
98
108
137
133
146
140
145
190
242
309
376
410
452
489
534
593
620
653
673
675
673
671
671
661
629
603
578
553
525
501
487
464
464
433
407
366
317
273
223
150
109
27
-44
-99
-186
-226
-320
-389
-439
-509
-547
-572
-608
-628
-647
-667
-627
-638
-594
-563
-538
-491
-459
-386
-315
-251
-211
-157
-122
-64
-39
-9
30
45
45
36
18
6
-35
-89
-105
-152
-170
-191
-196
-170
-144
-103
-29
32
122
215
291
391
454
543
614
673
726
770
798
828
838
848
867
874
883
861
853
824
794
733
690
637
551
457
335
235
117
-19
-139
-263
-398
-527
-662
-767
-865
-964
-1047
-1124
-1164
-1177
-1191
-1179
-1167
-1127
-1085
-1041
-953
-861
-767
-662
-574
-447
-337
-215
-75
31
136
224
277
338
371
385
414
374
353
315
265
249
194
173
145
108
91
70
67
95
104
121
148
150
195
182
214
246
267
311
330
366
409
448
481
537
563
613
633
645
681
681
689
688
678
662
652
591
551
472
387
310
209
134
40
-75
-196
-322
-472
-582
-713
-804
-906
-1010
-1078
-1153
-1185
-1192
-1189
-1170
-1146
-1103
-1031
-962
-847
-727
-621
-497
-388
-273
-155
-64
58
167
255
370
452
541
609
660
719
750
781
809
814
802
782
743
708
648
596
551
480
405
331
251
195
150
96
57
11
-49
-96
-132
-157
-135
-148
-131
-117
-86
-43
-12
52
131
184
230
294
335
393
390
400
386
345
294
205
128
27
-102
-231
-352
-473
-577
-710
-797
-900
-997
-1071
-1126
-1146
-1155
-1154
-1136
-1093
-1069
-996
-930
-831
-746
-636
-495
-375
-232
-97
59
181
283
390
497
584
656
706
756
782
775
795
790
793
761
701
649
601
545
496
426
375
307
215
136
45
2
-52
-90
-100
-107
-108
-107
-86
-42
17
79
136
199
266
325
386
432
477
517
517
519
491
430
392
324
245
185
84
-2
-114
-277
-392
-517
-635
-728
-817
-905
-971
-1051
-1104
-1111
-1110
-1062
-1024
-950
-873
-769
-663
-533
-403
-262
-126
-23
93
186
283
385
477
559
651
687
734
727
730
757
759
753
720
682
641
545
438
415
297
304
194
87
116
-3
-64
-13
-39
-16
65
9
86
122
148
220
271
311
328
338
330
301
289
287
228
213
148
112
90
-7
-58
-85
-158
-200
-269
-351
-380
-463
-516
-544
-562
-567
-578
-597
-592
-583
-563
-520
-471
-390
-343
-301
-267
-225
-199
-148
-125
-112
-77
-89
-76
-71
-62
-28
-17
-15
-6
-16
6
26
31
77
76
87
89
51
61
48
28
30
32
45
59
57
91
115
146
209
257
331
394
442
487
533
593
639
671
700
695
683
652
623
617
579
542
494
413
338
243
181
125
49
-7
-72
-134
-187
-232
-251
-266
-284
-291
-300
