-30
-28
-30
-33
-33
-42
-49
-49
-48
-56
-66
-65
-63
-66
-69
-65
-57
-60
-66
-64
-60
-58
-57
-49
-47
-50
-48
-45
-44
-41
-38
-35
-34
-29
-24
-19
-21
-24
-22
-18
-22
-23
-20
-20
-25
-27
-24
-22
-28
-30
-28
-29
-35
-32
-26
-28
-25
-14
-3
-1
2
13
21
25
30
40
45
44
46
55
58
59
59
62
58
52
47
35
26
25
25
26
23
24
31
30
21
17
17
6
-2
-2
0
-1
-2
0
2
-5
-7
-6
-4
-4
-4
-5
-6
-1
6
11
15
18
21
18
16
11
3
-4
-6
-8
-8
-14
-18
-22
-30
-31
-31
-36
-48
-52
-54
-59
-60
-62
-57
-53
-56
-56
-54
-52
-51
-46
-42
-41
-40
-38
-43
-49
-48
-44
-47
-48
-43
-43
-53
-61
-54
-41
-41
-39
-27
-22
-25
-25
-26
-30
-34
-36
-35
-34
-34
-30
-28
-27
-27
-26
-25
-25
-21
-17
-15
-9
2
4
-1
-1
5
11
13
18
24
28
22
17
15
12
13
12
16
21
27
28
26
27
36
39
36
40
50
54
49
50
52
49
45
47
55
64
78
88
93
93
98
102
102
97
99
104
98
97
104
113
111
108
109
108
101
96
95
88
86
88
93
92
82
77
74
67
60
61
63
64
61
58
59
62
63
58
54
53
54
50
43
35
32
35
34
38
44
48
44
34
28
23
16
6
-2
-1
1
4
10
16
13
7
1
2
-7
-16
-19
-22
-29
-35
-38
-42
-51
-57
-52
-46
-49
-49
-46
-53
-55
-51
-49
-49
-52
-45
-33
-35
-32
-26
-26
-34
-33
-24
-22
-20
-16
-7
-10
-15
-8
-3
-11
-16
-14
-16
-27
-41
-42
-43
-51
-54
-48
-48
-59
-66
-72
-77
-74
-66
-61
-65
-67
-56
-51
-52
-46
-38
-37
-42
-39
-33
-37
-42
-36
-29
-31
-30
-25
-27
-28
-22
-12
-8
-15
-18
-18
-19
-23
-25
-17
-11
-5
1
7
16
26
30
29
28
30
24
15
18
23
28
36
47
53
52
47
36
28
19
19
22
15
10
12
11
9
9
9
6
-1
4
5
-3
-13
-9
1
0
0
8
16
19
15
22
22
16
15
19
17
14
17
10
0
-9
-9
-11
-22
-29
-29
-36
-46
-52
-52
-51
-62
-60
-52
-52
-52
-53
-52
-54
-59
-57
-55
-55
-54
-48
-42
-38
-29
-20
-15
-8
-5
-1
-1
-1
0
-5
-5
3
15
16
14
16
17
12
8
6
7
5
0
-4
-10
-9
-5
-7
-10
-6
3
2
-5
-5
-3
-10
-20
-19
-20
-21
-20
-9
7
10
10
16
16
13
6
2
4
1
-1
2
2
5
7
0
-4
-7
-12
-24
-33
-33
-31
-31
-33
-34
-24
-20
-22
-24
-19
-16
-21
-25
-24
-20
-22
-22
-17
-12
-2
9
20
29
38
50
57
53
54
60
63
55
46
46
42
36
36
42
41
34
33
35
21
11
12
11
8
4
6
8
8
6
11
8
1
0
-7
-16
-22
-21
-17
-17
-11
1
4
-3
-3
2
0
-7
-5
3
6
0
2
6
3
-1
-1
4
-3
-9
-7
-14
-22
-26
-24
-30
-32
-23
-13
-12
-17
-11
-2
-3
-9
-7
-3
-8
-11
-8
-5
-9
-6
6
9
7
14
22
19
14
26
31
29
22
29
36
25
22
23
23
14
6
7
2
-2
-6
-7
-7
-2
5
4
3
0
7
1
-16
-19
-18
-23
-33
-33
-31
-28
-29
-32
-22
-18
-13
-4
-2
6
7
5
-2
-8
-10
-13
-9
-8
-6
-7
-6
-4
-8
-13
-6
-1
-10
-13
-4
4
5
6
17
25
18
6
6
9
4
1
2
9
16
21
30
35
39
48
53
49
52
58
62
60
64
69
60
49
47
49
37
20
21
23
20
13
7
17
16
11
10
4
0
-4
-6
-8
-6
0
4
0
3
16
17
9
2
0
2
-6
-10
-18
-29
-37
-40
-43
-47
-56
-53
-47
-52
-53
-62
-72
-75
-81
-79
-80
-91
-90
-98
-98
-92
-86
-74
-66
-53
-45
-39
-37
-27
-20
-15
-14
-10
-5
-5
-10
-12
-2
-1
-3
-4
-9
-10
-12
-8
-2
2
9
12
26
32
41
46
52
58
61
69
64
67
69
71
77
73
83
81
76
81
73
75
59
46
30
14
-2
-24
-37
-58
-65
-85
-110
-132
-154
-161
-183
-202
-215
-222
-235
-256
-263
-267
-267
-270
-262
-246
-241
-224
-210
-185
-163
-145
-113
-95
-68
-39
-7
19
33
66
97
119
134
150
168
167
173
184
191
195
200
205
204
199
201
207
200
202
205
209
204
186
206
207
204
198
207
228
225
241
253
271
294
305
336
341
348
375
398
421
416
421
424
416
410
414
420
413
396
391
389
368
330
279
231
167
89
-3
-101
-201
-292
-335
-381
-439
-498
-542
-532
-566
-591
-593
-601
-622
-668
-648
-623
-630
-669
-633
-565
-543
-532
-487
-392
-347
-333
-274
-202
-176
-174
-129
-80
-65
-48
-2
45
32
44
86
123
100
90
122
104
68
42
64
55
-1
-21
10
24
9
5
30
38
17
22
21
-33
-136
-191
-155
-211
-248
-294
-311
-250
-299
-204
-159
-134
-153
-155
-48
-60
-90
-168
-122
-106
-158
-139
-108
-32
0
49
144
195
251
272
347
358
370
406
436
487
469
546
596
641
678
726
782
755
761
784
791
775
721
737
741
728
702
660
627
552
495
412
322
170
20
-79
-167
-273
-349
-437
-503
-546
-590
-561
-587
-640
-714
-722
-689
-693
-740
-745
-677
-640
-626
-587
-511
-433
-400
-366
-285
-239
-213
-188
-140
-94
-67
-53
-4
24
29
63
83
98
93
112
125
102
74
84
101
67
-13
-32
-34
-45
-87
-90
-61
-70
-77
-77
-17
-19
-29
-48
-61
-54
-77
-57
-101
-174
-235
-254
-249
-356
-318
-371
-343
-354
-414
-221
-249
-169
-202
-150
-57
-104
-78
-139
-81
-154
-194
-166
-190
-118
-143
-83
-25
19
108
104
177
175
242
245
247
254
249
334
317
377
402
501
554
574
633
693
778
766
794
841
900
962
991
1063
1094
1120
1075
1059
1014
866
798
615
467
269
122
72
-37
-89
-184
-214
-263
-335
-318
-361
-423
-572
-688
-692
-747
-800
-913
-926
-897
-885
-868
-840
-753
-719
-671
-646
-571
-505
-494
-429
-377
-276
-226
-172
-85
-57
18
51
109
116
98
150
132
119
66
76
87
25
13
17
45
4
-35
-26
-46
-109
-215
-230
-246
-383
-464
-510
-500
-536
-539
-529
-466
-409
-420
-271
-256
-218
-255
-258
-168
-152
-137
-172
-44
33
84
175
234
363
427
468
510
525
560
533
561
554
577
611
637
693
715
808
858
878
920
975
1027
1028
1037
1141
1180
1226
1233
1250
1308
1263
1273
1175
1036
899
689
592
389
201
32
-104
-128
-263
-305
-454
-542
-643
-734
-746
-868
-979
-1133
-1196
-1191
-1207
-1262
-1337
-1321
-1293
-1281
-1234
-1195
-1131
-1142
-1064
-1002
-892
-786
-724
-582
-485
-315
-213
-119
-22
33
135
196
247
256
249
267
226
235
210
193
176
132
159
126
107
47
11
0
-110
-159
-365
-447
-535
-618
-615
-703
-702
-737
-602
-545
-445
-387
-421
-373
-412
-331
-285
-297
-285
-245
-133
-72
41
157
246
402
424
591
662
728
754
733
818
762
838
795
830
858
867
953
967
993
1027
1065
1107
1147
1199
1259
1333
1366
1404
1457
1472
1489
1447
1379
1265
1053
809
628
352
105
-63
-123
-170
-347
-483
-571
-584
-718
-848
-892
-1004
-1192
-1382
-1355
-1253
-1347
-1496
-1542
-1413
-1387
-1422
-1415
-1370
-1313
-1377
-1325
-1227
-1117
-1037
-933
-756
-591
-406
-251
-125
-37
38
174
242
232
210
241
277
241
213
190
211
165
108
114
140
133
32
14
-45
-36
-195
-328
-447
-564
-561
-740
-638
-744
-613
-595
-620
-442
-502
-321
-446
-398
-404
-375
-298
-414
-248
-234
-113
21
57
329
376
546
665
742
884
845
990
899
963
977
1016
1072
977
1117
1195
1315
1286
1357
1539
1590
1657
1638
1753
1859
1802
1873
1906
2007
1989
1949
1951
1860
1696
1294
913
472
155
-14
-157
-352
-521
-641
-570
-674
-762
-822
-948
-1143
-1483
-1515
-1532
-1477
-1760
-1885
-1763
-1699
-1651
-1804
-1697
-1590
-1603
-1620
-1599
-1477
-1418
-1346
-1155
-897
-560
-356
-150
-8
96
260
289
299
210
240
276
303
292
262
365
354
329
308
330
307
222
122
39
54
-95
-195
-328
-355
-351
-445
-415
-478
-354
-416
-427
-441
-448
-357
-450
-426
-495
-385
-381
-415
-324
-313
-144
-67
17
159
245
415
464
551
620
651
712
671
704
694
694
702
630
678
739
834
867
878
1023
1075
1173
1158
1244
1334
1298
1324
1315
1462
1548
1586
1644
1726
1847
1871
1844
1803
1439
984
525
192
91
-368
-473
-660
-611
-608
-731
-568
-728
-782
-1248
-1289
-1367
-1493
-1634
-1995
-1807
-1848
-1791
-1824
-1895
-1651
-1641
-1530
-1450
-1410
-1213
-1281
-1056
-900
-545
-249
-163
86
57
307
319
353
347
254
419
394
513
502
532
640
501
515
412
386
313
142
127
63
67
-52
-184
-184
-214
-156
-221
-272
-246
-348
-346
-492
-479
-470
-522
-517
-633
-504
-532
-482
-483
-464
-337
-328
-186
-170
-28
61
105
201
212
386
418
361
454
432
547
551
504
527
530
630
565
727
738
856
911
851
1044
1018
1117
1092
1091
1188
1212
1278
1265
1370
1473
1585
1620
1729
1819
1876
1747
1405
1158
704
465
-161
-581
-761
-835
-768
-1061
-901
-900
-900
-1204
-1497
-1444
-1602
-1787
-2330
-2377
-2250
-2234
-2272
-2510
-2305
-2097
-2016
-1793
-1758
-1407
-1251
-1183
-1037
-953
-600
-566
-417
-364
-148
115
123
220
128
351
431
402
490
380
557
465
363
400
346
410
282
162
230
265
277
112
130
143
175
146
-33
126
10
141
-11
-43
105
-56
5
-198
-64
-27
-74
-120
-121
6
75
184
87
217
435
329
479
421
515
623
443
558
661
582
677
662
516
831
789
813
816
800
960
1021
991
1053
1081
1043
1177
1003
1083
1179
1196
1196
1082
1280
1325
1320
1393
1391
1551
1637
1747
1787
1415
1428
1054
1072
502
-319
-496
-1087
-794
-1291
-1314
-1131
-1224
-1169
-1676
-1410
-1485
-1586
-2070
-2408
-2136
-2283
-2166
-2458
-2387
-1985
-1997
-1678
-1652
-1348
-902
-993
-709
-802
-580
-484
-562
-350
-332
131
101
259
312
410
672
379
485
322
383
445
149
282
109
222
161
-44
36
-25
75
-93
-109
-191
-113
-153
-324
-261
-317
-194
-268
-364
-207
-208
-259
-360
-420
-345
-341
-336
-501
-251
-204
-106
-109
-89
170
94
356
289
457
564
463
772
560
767
804
709
777
719
816
879
975
916
963
949
1066
1068
1078
1216
1186
1244
1265
1248
1390
1308
1337
1342
1340
1355
1346
1252
1332
1380
1365
1513
1466
1732
1385
1344
1193
1152
1169
190
83
-559
-636
-901
-1580
-1244
-1566
-1381
-1767
-1793
-1604
-1732
-1869
-2392
-2141
-2219
-2160
-2317
-2477
-1959
-1832
-1598
-1528
-1570
-1071
-1078
-910
-819
-839
-372
-370
-224
-87
170
482
429
547
521
718
582
368
315
218
416
28
27
-11
-45
198
-108
47
-19
-90
-33
-201
-261
-113
-281
-227
-225
-333
-150
-328
-366
-359
-328
-459
-423
-716
-525
-500
-566
-434
-523
-316
-304
-178
-45
-135
75
93
205
376
406
290
450
431
572
536
486
707
383
621
423
744
469
907
618
740
967
749
1226
803
1226
951
1001
1290
1046
1053
1118
1091
1258
1218
1211
1236
1264
1421
1428
1508
1538
1880
1515
1362
1473
1134
1669
610
444
200
-273
57
-1169
-995
-1232
-1405
-1479
-2016
-1662
-1778
-1788
-2107
-1990
-1707
-1695
-1534
-1832
-1429
-1258
-1293
-1209
-1569
-1236
-966
-1033
-579
-678
-294
167
-43
453
392
703
692
471
521
516
644
320
254
108
268
173
-4
48
-2
41
87
-171
-58
-236
-168
-213
-489
-198
-459
-428
-536
-625
-462
-461
-523
-723
-505
-538
-416
-642
-560
-450
-389
-410
-555
-311
-422
-183
-380
-138
-248
-17
149
26
510
140
642
176
573
629
516
623
644
579
547
833
523
774
605
844
442
1060
489
1010
814
683
1120
681
1256
767
1003
802
1079
1074
1027
1148
991
1288
1160
1369
1372
1430
1641
1488
1171
1393
1071
1553
825
110
370
-414
51
-995
-1374
-1137
-1692
-1697
-2264
-2211
-1887
-1949
-2070
-1883
-1385
-1042
-877
-1245
-1191
-980
-1247
-1226
-1594
-1542
-950
-1015
-626
-491
-273
425
251
449
641
575
703
429
327
506
390
105
60
-120
57
175
-73
-1
-220
-143
-155
-388
-321
-286
-397
-205
-398
-402
-102
-393
-213
-488
-389
-113
-401
-328
-270
-145
-2
-113
-255
-209
-15
-203
-48
-523
-43
-220
-370
111
33
260
75
278
353
725
353
515
321
284
878
162
596
122
-163
450
-87
356
350
503
521
712
725
722
1204
755
736
717
874
1050
750
1015
916
1027
1290
1053
1303
1218
1466
1535
1493
1706
1748
1837
1279
1447
1132
1428
1269
-130
84
-542
-721
-1063
-2440
-1970
-2382
-2657
-2648
-3114
-2203
-1994
-2071
-1764
-1538
-1019
-890
-1393
-1604
-1437
-1326
-1288
-1566
-1732
-1010
-710
-469
-183
-126
683
797
561
1069
872
1275
938
408
774
538
487
199
-74
162
260
-34
-132
-269
-232
-101
-228
-307
-193
-223
-242
-252
-471
-206
-391
-664
-510
-672
-347
-413
-665
-373
-171
-141
-159
-227
-29
-15
-242
89
-310
16
-76
-335
219
-208
505
403
446
565
508
716
604
768
550
1139
797
723
946
282
1206
937
670
838
698
920
843
1082
837
1175
1043
1165
1082
970
1433
1177
1206
1248
1316
1246
1182
1444
1541
1839
1821
2121
2045
2614
2250
1550
1839
1133
1720
33
-976
-762
-1797
-1577
-3011
-3558
-3106
-3558
-3559
-3844
-3482
-2544
-2338
-2532
-1995
-1530
-1071
-1342
-1940
-1928
-1459
-1515
-1506
-1854
-1578
-381
-327
356
574
985
1933
1656
1922
2102
1870
2015
1116
916
1051
611
312
-342
-520
-283
-512
-846
-1125
-1240
-1037
-902
-1212
-1007
-889
-891
-770
-1062
-938
-935
-1428
-1340
-1540
-1369
-1162
-1621
-1124
-987
-431
-79
-256
138
281
524
568
378
338
386
245
240
315
228
509
501
518
861
1145
1160
1153
1123
1339
1363
1196
1011
767
1132
1020
992
897
883
1203
1172
1410
1488
1455
1618
1595
1758
1912
2123
2025
2157
2215
2483
2759
2884
2959
3045
3489
3591
4177
2434
2284
1703
1300
1319
-2200
-2447
-3433
-4054
-4001
-6520
-5544
-5564
-5334
-5054
-5046
-3465
-2565
-2518
-2770
-1767
-1345
-822
-1811
-2411
-1527
-1055
-595
-799
-967
730
1776
2159
3065
3061
4258
4432
3788
4438
3425
3220
2017
809
666
-155
-886
-1916
-2566
-2647
-2320
-2730
-2684
-2710
-2307
-1373
-1342
-1175
-1063
-895
-771
-1017
-1353
-1491
-1666
-2068
-1953
-1896
-1374
-1001
-829
-171
637
1281
1767
1548
1610
1694
1524
1209
294
-165
-423
-702
-1071
-1200
-1017
-667
-317
-16
720
1045
1275
1446
1472
1854
1803
1531
1220
1095
1134
1269
1036
1040
1276
1569
2206
2360
2758
3198
3524
4005
4041
4392
4530
4317
4270
4055
4620
4151
4489
2773
455
922
-937
-148
-4191
-6672
-5825
-7515
-5881
-8706
-8288
-6766
-6356
-5279
-5709
-3919
-2798
-2115
-3399
-2436
-1707
-1194
-1444
-2868
-1218
303
1486
1897
1713
3762
5802
5939
6632
6135
6301
6117
4392
4298
2484
1149
-635
-2138
-2697
-3448
-4157
-5003
-4848
-4857
-3596
-3460
-3186
-2948
-2646
-1434
-1348
-1447
-1529
-1507
-1334
-1438
-1258
-855
-1111
-585
-19
1004
1544
1528
2282
2358
2938
2488
2132
1529
633
22
-747
-1056
-1954
-2437
-2707
-2031
-1575
-1314
-796
-292
749
1333
1856
2018
2196
2465
2714
2460
2548
2512
2494
2495
2485
3122
3136
3413
3356
3692
4363
4556
4544
4325
4626
4747
4948
4113
4083
3790
3715
2964
-784
-1313
-2798
-2990
-5518
-9450
-8589
-9136
-8117
-8964
-8940
-6396
-5266
-4132
-4095
-2632
-1249
-744
-2156
-2454
-1414
-1128
-947
-2245
-1134
952
2681
3660
3888
5208
7123
7245
7065
6334
5273
4081
1871
743
-762
-2550
-4109
-5171
-5015
-4624
-4418
-4262
-3364
-2437
-1310
-868
-645
-521
-818
-829
-1013
-1038
-1207
-1316
-1296
-440
687
1391
1573
1948
3032
3663
3423
2584
1998
1521
696
-400
-1554
-1981
-2440
-2864
-2905
-2464
-1715
-1516
-1322
-616
422
944
789
609
1007
1708
1773
1636
1732
2362
3131
3271
3680
3973
4318
4314
4077
4000
3785
3465
2673
2343
2397
2730
2606
2282
2701
3348
3874
3675
3782
3763
4366
2739
-855
-1903
-3398
-3216
-6895
-10267
-9405
-9331
-7694
-8470
-7694
-4661
-3252
-2214
-2206
-1125
106
-567
-2625
-2892
-2463
-2036
-2446
-3178
-1293
1164
3401
4587
5009
6578
7727
7289
6467
4764
3109
651
-1620
-2551
-3630
-4960
-6096
-5658
-3913
-2601
-2238
-1767
-537
303
341
-332
-849
-1450
-2402
-2897
-2885
-2206
-1526
-1064
75
1328
3468
3947
3620
3453
3253
3364
1358
-392
-1494
-2055
-2455
-3310
-3313
-2451
-1720
-1385
-627
305
1088
596
-15
121
270
-94
-767
-972
-54
1018
1709
2534
3259
4780
5419
5636
5463
5107
4734
3590
2615
1970
1667
1256
1218
1386
2721
3615
4064
4764
5207
5961
5586
4947
4629
3715
-603
-3464
-4949
-5052
-6371
-11231
-10730
-9505
-6917
-6013
-6416
-3626
-2125
-1176
-2026
-2252
-1936
-2345
-4543
-5625
-4611
-3085
-1722
-1817
253
3718
6964
8175
7516
7505
7737
6219
3760
1171
-881
-3126
-5121
-4976
-4084
-3632
-3875
-2876
-491
1174
924
-117
-669
-1075
-2052
-3464
-4511
-4976
-4675
-3761
-2159
-92
2079
3627
4394
5254
6184
5462
3307
638
-724
-1418
-3022
-4511
-4909
-3482
-2138
-1058
-38
1601
2313
1940
1491
807
49
-2013
-3449
-3953
-3302
-2475
-1848
-505
1637
4174
5607
6196
6177
6122
5463
4023
2388
1118
178
-613
-680
98
1514
2535
3277
4581
6017
6730
6265
5217
4757
4124
3292
2010
1863
1875
3021
1465
-1447
-1289
-1824
-784
-5385
-7852
-7563
-7730
-7142
-9198
-7945
-6473
-5375
-5653
-4803
-3107
-1607
-2367
-3629
-2133
-868
465
-292
76
1991
4399
5564
5563
5284
5660
5117
3699
2954
1413
-128
-2630
-2922
-2178
-2080
-3088
-3909
-2467
-1093
-874
-1916
-2062
-1813
-2001
-2437
-2445
-1995
-1862
-1553
-662
1110
2658
3129
2784
3128
3971
3080
1388
-1009
-1628
-1985
-3265
-3577
-3864
-2122
-1376
-914
311
1483
1838
604
-6
104
-169
-1825
-2907
-2784
-1363
-239
191
1273
2957
4640
5077
4837
4623
4072
2886
1787
971
792
421
185
632
1995
3246
3478
3767
4247
5194
4932
4483
4212
3838
4147
3671
4012
4799
5276
6246
3019
191
-868
-2084
-2878
-8545
-10208
-9940
-8947
-7981
-8221
-5670
-3887
-3028
-3611
-2590
-2058
-2148
-4474
-5643
-3995
-2491
-1024
-927
1074
4217
6914
7874
7296
6190
4815
2394
73
-1581
-3399
-5394
-6625
-4904
-2399
-1222
-1473
-884
929
1626
436
-1202
-2121
-2815
-3541
-3444
-2243
-978
-6
1097
3025
5049
5730
4505
2899
1880
1678
-601
-3234
-4772
-4876
-3675
-3849
-2632
-1329
145
612
599
1352
1238
-302
-2470
-2660
-1981
-1603
-2180
-1644
235
2229
3369
3535
3876
3960
3544
2541
1733
1112
295
-450
-240
890
1887
2157
2098
2779
3754
3626
2822
2234
2315
2820
2944
3691
4710
5631
6220
6863
7264
7501
6640
5718
4936
108
-3842
-6557
-6153
-6947
-10652
-10444
-8825
-5351
-4378
-3736
-2177
-1453
-2310
-4469
-4534
-3608
-3610
-5512
-4900
-1706
1970
3786
4045
5308
7076
7640
5978
3229
610
-1792
-4301
-5109
-4993
-4916
-5363
-4615
-1903
289
448
-1137
-1558
-1193
-1372
-2253
-2578
-1820
-1081
-11
1877
3692
4230
3586
2885
2904
2527
910
-1409
-2679
-2315
-1623
-1651
-2393
-2079
-1467
-1307
-1436
-1604
-1515
-2232
-2613
-1545
-83
420
80
214
1495
2278
1555
269
-452
-618
-883
-1088
-756
-144
272
1033
2111
3066
3053
2130
1335
1211
1316
658
-1
166
1342
2793
3528
4355
4897
5381
5730
5669
5630
5433
4510
4612
4749
5071
5174
4462
5180
5106
1559
-3636
-6566
-7160
-7055
-10979
-11637
-9494
-6151
-3680
-2688
334
1793
587
-2423
-2636
-1560
-1736
-4474
-4726
-1096
2631
4245
4298
5320
6066
5337
3148
899
-1978
-5156
-7273
-6802
-4560
-3883
-3590
-2424
567
2545
2030
264
-814
-1156
-1526
-1559
-753
318
711
1639
3461
4740
3664
1360
-381
-845
-1462
-2660
-3547
-3212
-1985
-728
345
1254
1313
274
-901
-1213
-1205
-2159
-3066
-2844
-646
1130
1687
1788
2028
2171
1235
1
-1090
-2056
-2998
-2985
-1815
-314
319
433
1037
1817
2047
1288
489
194
439
979
1754
2616
3141
3543
3800
4107
3962
3005
2013
1851
2372
3022
3479
4228
5163
5958
5952
5796
4799
4065
3023
2682
1779
-3207
-6740
-8095
-5866
-5755
-8419
-7681
-5405
-2774
-2620
-1656
96
-457
-3417
-4788
-2251
-201
-1289
-3052
-845
2807
3754
2741
2379
2437
1349
-81
-276
-863
-3118
-4987
-4257
-1860
-1141
-1895
-1987
-574
708
869
530
153
-340
-569
282
1522
1579
586
6
727
1456
794
-567
-1403
-1259
-934
-490
-136
-4
-451
-631
2
667
94
-1393
-2155
-1743
-986
-1328
-1757
-1489
-979
-353
2
580
634
-152
-321
266
818
301
-735
-864
-160
195
106
-113
-87
158
554
1329
1863
1796
1742
2081
2760
2974
2388
1857
1431
1613
1400
1679
1714
1852
2342
2932
4010
4039
4058
4097
4794
4872
4735
4074
3993
3994
4010
4401
1517
-3775
-7562
-7699
-5894
-7151
-8986
-7242
-4453
-2615
-2348
-531
687
-1945
-5020
-4033
-324
462
-1224
-763
2596
4252
3057
2054
1379
-199
-2120
-2034
-1111
-2120
-3956
-3362
-1039
166
-600
-1443
-1328
-1233
-639
220
376
-339
-313
1061
2473
2152
1007
358
281
384
404
540
209
-360
-291
640
985
-55
-1627
-2241
-1764
-1297
-1374
-1757
-1502
-1285
-625
-301
-431
-1179
-2280
-1822
-732
203
-52
-256
429
1235
1211
552
39
-474
-944
-820
99
688
534
450
1161
1894
1943
1251
870
1069
1572
2070
2213
2216
1977
1992
2226
2150
1716
1351
1377
1941
2822
3266
3452
3426
3586
4445
4593
4362
3422
3033
3532
3690
4179
3955
1663
-3829
-8186
-8193
-6403
-6852
-9013
-6977
-2771
-575
-838
229
2201
244
-3477
-3499
-54
807
-1317
-1447
1245
2196
-60
-1631
-1251
-1351
-2229
-1678
51
161
-1553
-1844
-678
-468
-2151
-3426
-2736
-1429
-299
726
1418
1378
1181
1690
2107
1498
367
48
452
1000
1349
1214
356
-623
-776
-497
-817
-1773
-2161
-1781
-1041
-599
-434
-716
-1275
-1458
-1364
-1111
-1393
-1732
-1512
-531
459
716
374
-117
-254
-513
-508
-663
-872
-857
-365
697
1143
856
459
509
689
870
1090
1472
1693
1919
2454
2839
2575
1679
1128
1159
1452
1569
1564
1650
1973
2362
2696
2915
2683
2511
2497
3234
4066
4219
3940
3495
2997
2643
2075
1910
2296
2159
-216
-4682
-6422
-5068
-3149
-4219
-4505
-2156
-633
-1589
-2145
-185
-272
-3904
-5982
-3167
-260
-658
-1655
-182
1001
-560
-2144
-1597
-767
-1314
-1185
614
1850
504
-1386
-1422
-638
-950
-1972
-1532
-170
844
1102
1122
437
-758
-1468
-1138
-443
-96
244
832
1506
1840
1380
188
-1093
-1727
-1665
-1423
-1133
-792
-815
-884
-528
-160
-532
-1281
-987
-331
109
167
288
49
-900
-1296
-1358
-1430
-1857
-1715
-600
370
771
780
876
895
530
184
305
540
779
864
1256
1744
1670
1188
814
1047
1253
1344
1657
1977
2051
1867
1893
1789
1244
768
764
1150
1575
1745
1957
2174
1985
2272
2163
2557
2616
2481
2682
2678
3271
3279
3391
3796
2311
-2558
-6047
-5797
-3056
-3814
-5916
-3705
-1217
-1834
-4599
-3575
-1198
-2885
-5674
-4246
-469
410
-546
264
2121
883
-1487
-1156
1175
2156
1607
2035
2870
1917
-543
-1660
-1394
-1999
-3033
-2395
-266
747
143
-296
-616
-1322
-2020
-1867
-1167
-465
308
1209
1556
1067
334
-348
-500
-239
-7
227
701
1391
1208
116
-692
-974
-1301
-1601
-1110
-426
-262
-257
26
-214
-1210
-1876
-1870
-1416
-1024
-377
584
966
960
714
391
119
-18
207
679
1079
1234
1118
843
589
246
-250
-365
-12
716
1448
1834
2013
1754
1459
1197
895
662
816
1164
1543
1809
1837
1877
1665
1519
1426
1679
2392
3160
3786
4056
3924
3286
2619
2183
2079
2311
2620
1494
-2059
-4913
-4611
-2717
-3403
-4850
-3349
-1039
-1581
-3409
-2267
-523
-1998
-4039
-2756
-272
-453
-1423
-330
1263
175
-1961
-1845
-456
229
266
1057
1615
302
-1470
-1847
-1232
-1597
-2434
-1525
185
678
-261
-755
-921
-1581
-2076
-1745
-1059
-769
-123
994
1413
638
-456
-803
-565
-209
122
435
767
871
622
75
-384
-754
-888
-523
318
865
827
908
1179
1002
136
-495
-684
-912
-1079
-824
-354
-313
-351
-251
-349
-773
-1145
-884
-419
-181
20
258
413
602
745
804
693
510
632
848
1014
1107
988
905
851
686
508
327
461
813
1101
1322
1496
1682
1735
1631
1609
1679
1591
1594
2021
2627
2928
2795
2778
2867
2674
2411
2425
2809
2404
351
-1748
-1804
-569
-557
-1456
-1032
-52
-732
-2367
-2098
-1227
-2412
-4369
-4271
-2771
-2503
-3086
-2533
-1275
-1377
-1985
-1836
-1130
-860
-667
-411
-310
-464
-687
-779
-827
-817
-1055
-964
-429
-129
-241
-431
-468
-464
-611
-545
-484
-543
-528
-151
111
-83
-196
57
464
524
527
622
766
908
907
756
475
425
514
557
506
279
132
82
19
43
-69
-115
-237
-239
-123
-194
-258
-377
-315
-111
99
149
112
152
275
196
60
-28
-175
-183
-243
-438
-680
-756
-640
-579
-706
-808
-778
-639
-287
89
209
210
412
826
1100
1101
1012
1044
1127
1263
1389
1344
1279
1321
1511
1740
1794
1886
2038
2213
2313
2283
2280
2124
1894
1731
1727
1804
1805
1891
1788
1055
522
744
1508
1654
1264
1005
757
448
301
332
-281
-1178
-1550
-1603
-2011
-2348
-2204
-2102
-2721
-3450
-3667
-3679
-3592
-3262
-2982
-2985
-2802
-2233
-1687
-1592
-1681
-1686
-1587
-1226
-768
-601
-660
-617
-167
307
460
253
116
319
590
548
255
78
125
163
124
95
85
-26
-144
-101
-5
-12
-154
-49
192
446
480
483
524
545
650
659
636
461
333
283
176
95
103
121
-5
-103
-60
90
101
38
63
0
-181
-417
-451
-361
-420
-541
-464
-220
-67
-61
39
257
364
379
446
557
615
586
641
670
710
675
623
639
704
790
862
988
1109
1206
1351
1574
1806
1968
2007
2048
1939
2008
2065
2135
2042
1926
1287
360
194
718
1214
863
388
-21
-412
-750
-419
-529
-1336
-1904
-1637
-1463
-1768
-1707
-1252
-1130
-1637
-1801
-1710
-1544
-1310
-1046
-1139
-1385
-1191
-647
-472
-740
-1035
-1010
-768
-594
-706
-883
-899
-730
-535
-385
-456
-668
-599
-183
150
27
-19
202
487
612
640
586
398
263
360
356
67
-311
-468
-335
-248
-313
-390
-343
-194
-21
107
221
275
268
244
118
-115
-349
-403
-393
-443
-547
-597
-492
-250
-2
125
144
157
199
289
258
71
-56
-80
-51
-77
-114
-53
39
103
195
209
123
42
96
234
264
306
493
855
1133
1189
1179
1159
1043
819
635
525
397
261
291
327
315
202
308
468
616
728
913
1156
1264
1027
127
-263
150
915
908
739
814
741
358
461
813
152
-587
-442
5
-468
-906
-569
-319
-1003
-1657
-1693
-1771
-1855
-1575
-1320
-1644
-2025
-1748
-1345
-1346
-1616
-1704
-1367
-768
-307
-166
-43
106
300
489
642
457
151
169
447
344
29
28
293
455
524
616
586
490
530
714
603
312
245
448
552
317
102
97
89
-154
-404
-355
-242
-233
-253
-171
-240
-343
-244
20
193
113
127
285
441
409
267
196
231
230
237
294
297
223
233
447
528
358
236
408
616
693
691
667
488
212
-11
-262
-639
-1039
-1221
-1232
-1188
-1112
-920
-572
-278
-100
146
456
755
878
1051
1340
1520
1404
1259
1178
1079
859
853
1149
1465
1582
1799
1678
888
620
1098
1789
1509
1157
1153
931
470
572
668
-281
-1126
-1002
-853
-1481
-1734
-1144
-934
-1625
-1961
-1823
-1895
-1970
-1728
-1607
-1940
-1992
-1554
-1288
-1385
-1493
-1280
-926
-590
-448
-376
-305
-259
-242
-148
17
55
175
587
855
563
271
305
289
-109
-518
-607
-655
-815
-901
-847
-791
-801
-638
-230
67
129
205
580
932
852
604
599
705
727
674
757
763
699
846
1061
1126
972
899
980
1033
889
663
460
221
-9
-186
-332
-555
-798
-908
-902
-993
-1137
-1120
-918
-746
-706
-626
-508
-397
-239
-72
7
-97
-217
-112
47
71
-41
-16
153
313
460
616
849
957
1143
1366
1527
1526
1480
1558
1599
1572
1557
1763
2006
2141
2199
2261
2246
1838
913
323
533
995
943
669
652
505
168
139
288
-270
-953
-820
-492
-877
-1335
-1074
-764
-1249
-1816
-1897
-1871
-1805
-1445
-1034
-1115
-1390
-1363
-1209
-1306
-1784
-2178
-2074
-1799
-1799
-1958
-1809
-1518
-1355
-1211
-954
-899
-998
-749
-262
-75
-155
-53
193
277
243
324
417
393
363
532
840
1006
1017
1122
1305
1255
910
678
594
331
-43
-133
1
-28
-273
-394
-402
-428
-491
-508
-413
-403
-479
-434
-242
-221
-424
-567
-485
-400
-461
-500
-417
-353
-278
-191
-196
-323
-348
-228
-144
-155
-119
-14
34
59
85
75
13
35
154
362
504
563
569
607
709
693
642
634
614
628
747
1055
1283
1376
1461
1556
1553
1437
1434
1624
1764
1792
1919
2152
2370
2396
2560
2284
1684
1408
1838
2184
1768
1372
1134
768
185
123
-103
-756
-1202
-1067
-1210
-1654
-1617
-1236
-1448
-2046
-2113
-2044
-2087
-1981
-1626
-1645
-1855
-1676
-1143
-860
-945
-1030
-928
-590
-343
-355
-288
-140
89
219
366
403
103
-35
130
129
-305
-661
-572
-436
-549
-628
-622
-744
-1013
-1130
-1050
-1031
-1150
-1164
-926
-688
-654
-616
-372
-185
-264
-357
-216
-17
76
144
260
295
253
285
393
374
210
187
271
280
170
42
14
-66
-219
-324
-338
-340
-460
-547
-512
-421
-419
-408
-330
-261
-330
-392
-262
-96
-52
-68
25
145
262
404
637
709
703
828
1083
1361
1491
1586
1609
1554
1431
1278
1128
943
801
793
825
764
624
570
625
664
736
904
1136
1274
1351
1478
1453
1108
662
526
832
1109
1235
1264
1349
1379
1457
1482
1310
1013
783
662
475
270
177
47
-179
-380
-627
-858
-1094
-1102
-1135
-1350
-1583
-1774
-1803
-1779
-1849
-2074
-2292
-2168
-1905
-1860
-1953
-1966
-1871
-1833
-1798
-1769
-1869
-1925
-1794
-1635
-1582
-1567
-1346
-968
-616
-406
-271
-132
60
250
292
218
102
112
182
113
-87
-271
-249
-92
-8
-9
-106
-132
5
220
337
346
285
200
176
217
143
-140
-309
-266
-102
-49
38
159
231
299
352
407
387
396
493
619
668
545
336
151
32
-168
-489
-766
-932
-958
-927
-845
-739
-651
-588
-486
-338
-142
35
205
394
607
785
929
1092
1202
1240
1235
1330
1446
1607
1754
1853
1890
1922
2057
2178
2280
2348
2441
2501
2623
2698
2765
2552
2129
1748
1513
1395
1131
925
750
573
373
376
341
215
-73
-296
-526
-767
-983
-1224
-1487
-1812
-2151
-2555
-2768
-2734
-2573
-2513
-2390
-2168
-1919
-1749
-1599
-1475
-1374
-1329
-1332
-1375
-1413
-1373
-1326
-1279
-1228
-1153
-1034
-874
-700
-661
-715
-729
-670
-489
-335
-175
-19
171
387
535
597
584
510
402
332
317
283
241
267
375
482
478
485
568
681
688
589
460
296
162
0
-136
-313
-580
-726
-735
-684
-776
-867
-801
-644
-497
-408
-352
-330
-352
-363
-243
-89
11
48
123
176
150
39
-40
19
112
245
420
695
953
1090
1208
1326
1403
1389
1346
1347
1318
1285
1215
1100
985
958
1033
1074
1014
939
988
1179
1315
1331
1227
1152
1122
1124
1159
1174
1156
1125
1134
1146
1180
1236
1205
1015
888
818
747
534
449
352
98
-94
-71
-124
-506
-756
-771
-957
-1394
-1617
-1578
-1653
-1903
-1928
-1852
-1795
-1680
-1481
-1349
-1268
-1096
-940
-838
-799
-778
-843
-802
-664
-648
-708
-670
-547
-455
-385
-278
-308
-428
-446
-453
-532
-643
-684
-701
-788
-834
-778
-668
-540
-506
-488
-442
-392
-442
-495
-448
-384
-405
-414
-337
-270
-196
-111
-33
-49
-91
-88
-67
-1
48
-9
-88
-63
98
252
320
410
514
633
723
747
740
698
601
486
434
391
265
170
230
334
374
385
454
481
445
451
442
330
213
264
396
416
374
451
574
608
575
578
603
564
517
479
461
389
327
324
368
443
410
289
159
127
103
-27
-133
-179
-200
-141
25
244
340
468
734
1044
1224
1302
1326
1272
1182
1137
1107
937
720
599
593
534
480
469
540
528
409
189
-57
-288
-607
-879
-1104
-1294
-1564
-1739
-1689
-1608
-1639
-1701
-1685
-1620
-1601
-1659
-1757
-1825
-1788
-1730
-1717
-1703
-1573
-1351
-1114
-845
-680
-641
-630
-554
-516
-573
-594
-597
-520
-368
-142
-52
8
190
410
474
430
458
522
499
395
392
380
335
269
345
407
348
272
264
297
290
311
339
280
207
269
407
456
415
463
517
477
433
471
513
387
175
34
32
112
74
-12
-59
25
94
36
-65
-179
-264
-334
-329
-277
-273
-275
-198
-49
97
188
318
490
685
830
861
893
963
1072
1097
1093
1095
1090
1085
1092
1129
1092
1000
936
924
848
691
554
490
471
473
494
495
457
435
435
409
298
117
-51
-144
-208
-329
-475
-551
-577
-499
-407
-271
-178
-143
-121
-208
-404
-619
-715
-756
-842
-898
-840
-848
-839
-760
-627
-584
-618
-586
-590
-654
-737
-798
-901
-986
-961
-839
-776
-715
-624
-498
-424
-456
-558
-711
-786
-810
-748
-661
-573
-477
-358
-199
-100
-45
2
5
12
42
66
-12
-173
-286
-300
-264
-273
-314
-272
-192
-138
-186
-249
-282
-298
-277
-254
-214
-179
-90
22
130
210
248
266
310
381
418
430
459
524
605
709
821
858
854
883
895
769
578
459
413
349
230
215
332
487
559
544
534
526
488
536
609
635
595
534
519
440
367
344
311
261
264
355
409
353
306
348
334
262
207
269
335
294
269
291
312
238
171
193
206
205
276
400
489
421
332
293
268
223
184
192
168
130
113
161
205
140
48
-95
-195
-222
-234
-241
-320
-373
-388
-363
-352
-391
-434
-438
-413
-466
-583
-695
-779
-863
-902
-947
-995
-1047
-1025
-941
-896
-921
-1029
-1123
-1137
-1100
-1064
-1004
-947
-841
-664
-467
-331
-290
-209
-61
86
163
170
173
181
184
124
48
-9
-29
-27
3
57
56
-18
-113
-176
-229
-261
-256
-189
-101
-23
-17
-3
54
95
42
23
75
111
123
205
405
535
578
611
666
686
623
549
495
426
314
198
142
143
146
125
161
214
260
274
303
375
417
448
486
542
552
520
458
399
353
301
263
257
262
292
336
367
393
438
527
555
540
537
509
432
313
249
226
225
249
292
295
248
224
182
73
-85
-163
-186
-230
-325
-363
-368
-354
-296
-244
-242
-311
-346
-307
-265
-290
-328
-377
-374
-296
-214
-180
-172
-66
86
200
247
217
133
22
-22
-23
-79
-214
-275
-296
-290
-311
-381
-487
-586
-554
-529
-553
-642
-666
-645
-605
-537
-439
-373
-362
-313
-277
-303
-431
-530
-532
-520
-562
-594
-504
-340
-183
-35
96
152
124
100
116
87
-1
-120
-184
-155
-131
-146
-228
-243
-159
-17
149
248
292
262
205
195
221
217
114
4
7
65
78
60
127
230
268
303
371
428
488
633
812
897
948
1042
1117
1072
929
789
670
594
565
508
404
279
193
200
209
186
100
-17
-84
-118
-127
-178
-246
-286
-310
-282
-176
-40
33
70
155
260
273
202
161
145
131
172
277
397
440
457
477
471
418
326
221
109
-12
-161
-287
-335
-360
-433
-562
-624
-566
-496
-480
-455
-348
-266
-269
-276
-267
-303
-429
-513
-466
-393
-370
-398
-360
-288
-216
-133
-55
58
172
293
401
477
462
388
323
258
170
47
-93
-247
-380
-438
-444
-461
-518
-542
-454
-315
-229
-241
-270
-310
-376
-462
-523
-559
-627
-659
-627
-554
-515
-476
-373
-229
-139
-126
-83
25
100
67
-6
25
99
120
144
136
75
-43
-137
-215
-327
-393
-381
-342
-313
-240
-139
-72
-24
41
131
220
301
370
370
347
324
312
289
234
217
226
305
412
515
601
664
734
807
859
858
855
859
837
747
629
475
278
99
-31
-143
-234
-276
-284
-256
-179
-115
-159
-229
-230
-206
-264
-311
-257
-210
-241
-270
-230
-168
-132
-37
92
138
194
314
465
567
570
561
560
582
595
538
478
412
325
222
130
70
-14
-161
-277
-320
-306
-261
-226
-199
-204
-161
-49
40
36
3
10
36
29
10
44
85
67
33
30
29
6
-17
15
29
31
69
96
82
14
-85
-243
-415
-473
-497
-556
-629
-686
-666
-604
-517
-438
-450
-526
-585
-598
-562
-552
-554
-546
-508
-429
-324
-214
-172
-192
-180
-91
-20
-8
11
115
240
314
357
389
413
415
429
469
453
327
169
111
152
136
24
-58
-51
-31
-42
-96
-125
-136
-160
-184
-221
-238
-245
-254
-213
-108
-18
10
24
116
239
309
329
342
413
511
589
617
588
505
445
462
498
440
265
129
115
122
41
-87
-138
-108
-105
-151
-168
-162
-144
-110
-77
-54
-123
-197
-188
-97
22
94
180
280
384
493
615
743
785
745
661
585
554
512
473
458
476
488
432
381
327
271
165
45
-5
-44
-116
-210
-269
-298
-354
-435
-480
-491
-475
-471
-488
-485
-469
-421
-381
-398
-423
-419
-369
-340
-358
-322
-241
-166
-168
-213
-234
-240
-243
-259
-255
-266
-282
-304
-343
-428
-531
-618
-698
-745
-779
-762
-677
-505
-300
-180
-148
-97
-18
9
-35
-68
18
166
303
390
457
529
580
556
478
422
382
357
290
257
253
211
155
94
89
57
-31
-85
-95
-82
-127
-214
-265
-275
-237
-188
-185
-215
-221
-182
-119
-91
-114
-134
-104
3
113
149
142
192
302
370
334
249
230
323
463
548
596
618
638
648
657
668
611
489
394
332
262
138
30
13
27
51
65
96
92
75
72
75
89
90
117
150
196
252
289
314
341
374
403
378
300
191
76
19
-17
-23
-45
-98
-172
-259
-317
-386
-516
-678
-796
-839
-842
-875
-906
-896
-839
-745
-646
-523
-420
-360
-294
-249
-253
-305
-364
-375
-358
-327
-254
-151
-22
112
221
273
257
193
125
47
-41
-109
-118
-91
-62
-28
-11
-5
-3
41
100
99
25
-72
-100
-140
-248
-376
-457
-457
-434
-405
-373
-334
-262
-179
-121
-94
-66
0
88
156
205
270
329
366
392
394
335
239
207
237
250
219
193
196
192
170
161
170
177
177
180
158
118
81
28
-5
20
115
184
213
276
375
443
452
463
477
472
471
519
581
576
566
590
623
586
487
380
252
129
-4
-123
-217
-271
-251
-179
-103
-94
-101
-108
-98
-68
-61
-51
-17
45
112
97
-3
-87
-125
-119
-149
-222
-215
-170
-127
-142
-190
-215
-253
-266
-243
-179
-126
-103
-67
-25
-42
-134
-233
-307
-348
-367
-329
-242
-172
-158
-171
-147
-132
-194
-316
-373
-380
-400
-466
-525
-507
-508
-506
-445
-287
-117
58
257
423
510
557
637
681
603
438
351
363
318
209
102
71
54
12
-9
-79
-155
-175
-100
-7
32
60
78
71
51
53
63
32
11
59
128
138
93
78
98
137
145
144
140
94
51
22
17
-34
-120
-139
-128
-134
-153
-162
-174
-190
-146
-67
-61
-90
-40
87
173
161
143
144
94
59
94
136
110
55
109
231
289
256
231
270
315
321
299
289
287
275
240
182
119
54
16
38
96
137
141
170
229
225
150
23
-117
-298
-478
-611
-693
-736
-769
-766
-751
-717
-678
-607
-519
-423
-298
-149
13
146
251
319
310
236
179
227
328
407
487
539
548
517
487
475
400
330
281
238
203
184
192
138
46
13
55
113
132
141
150
141
104
89
97
82
46
42
66
43
-38
-143
-220
-289
-337
-377
-435
-490
-519
-505
-498
-482
-461
-453
-452
-440
-391
-363
-372
-395
-403
-361
-316
-276
-236
-205
-162
-127
-110
-124
-175
-191
-173
-140
-71
30
127
175
223
300
310
245
195
190
166
91
27
13
28
35
59
117
170
198
228
269
304
264
172
89
10
-84
-228
-374
-498
-548
-530
-527
-584
-684
-734
-720
-639
-552
-503
-439
-313
-99
97
194
224
236
262
272
247
200
151
131
159
252
352
410
442
512
595
593
548
508
507
512
519
544
546
565
610
668
707
722
747
781
861
902
849
734
640
588
486
383
314
290
269
232
173
65
-70
-202
-298
-366
-408
-435
-443
-407
-356
-359
-380
-395
-404
-453
-500
-485
-452
-421
-426
-434
-441
-459
-487
-506
-470
-384
-272
-184
-105
-31
9
23
5
-23
-52
-72
-61
-59
-63
-66
-56
-33
13
58
67
30
4
27
8
-91
-248
-367
-432
-483
-507
-511
-493
-455
-406
-358
-331
-326
-355
-386
-379
-386
-422
-437
-357
-226
-145
-89
-32
70
160
219
250
226
208
206
205
167
110
71
37
11
6
19
51
90
135
205
296
384
463
533
613
684
721
710
686
682
677
664
629
604
593
589
582
508
383
263
198
191
176
152
132
107
80
23
-69
-186
-293
-347
-350
-320
-272
-232
-210
-186
-187
-225
-282
-298
-267
-230
-174
-133
-109
-94
-47
21
19
-16
-40
-2
37
53
50
7
-14
-8
12
13
20
72
131
201
264
295
260
157
72
13
-55
-173
-290
-360
-399
-428
