-79
-84
-66
-79
-7
-23
-26
20
-23
31
-6
7
-23
-19
-6
-36
-33
17
-43
10
-30
7
-13
29
48
-3
66
8
8
51
-51
10
-7
-11
27
14
56
3
87
-37
35
86
46
74
36
74
38
125
16
100
26
41
72
25
74
79
81
49
51
28
22
49
29
16
43
-61
41
-33
-18
-30
14
-25
34
14
16
26
17
-19
9
-31
33
-8
-28
36
-49
10
-42
-11
-28
19
-15
1
9
0
-61
32
-105
-29
-40
-40
-50
-47
-48
-73
-61
-32
-33
-64
47
-105
59
-107
-45
-68
-72
-56
-74
39
-98
35
-11
-36
-24
23
-51
13
-71
-54
-49
-71
-89
-11
-104
-34
-45
-95
-26
-76
-1
-68
-96
-19
-46
-5
-57
13
33
-61
91
-46
39
-5
23
-80
-39
-15
0
-3
-1
52
-20
80
-29
-10
56
18
-35
120
-168
78
-44
-1
16
-10
86
30
57
46
-51
67
9
23
23
-18
34
16
-10
76
-27
101
80
-17
121
4
49
85
1
14
55
-1
51
-4
104
-75
101
-10
-21
70
-12
-18
19
-2
-27
28
42
-58
54
41
-29
70
-47
166
-7
60
41
4
-4
37
-48
46
25
15
5
40
-3
59
61
36
-27
137
10
22
88
-27
3
-15
-28
-19
78
16
48
-20
143
-164
171
-62
-24
82
-10
-7
-10
56
-54
94
-69
21
5
48
-54
70
-87
19
-73
-29
-121
-27
-105
-52
-73
-93
14
-177
75
-225
37
-109
-42
-117
-53
-19
-122
0
-95
0
-35
-42
-27
-71
-19
-89
-22
-94
-102
-9
-121
-22
-82
16
-92
-59
44
-57
-31
-46
-68
-91
-77
-31
-119
88
-101
110
-61
50
36
-74
128
-62
47
-29
-18
-24
-59
67
-5
47
89
60
118
21
90
9
94
-98
108
-100
49
-58
96
138
-21
161
5
180
-32
165
-20
124
-40
66
78
-28
126
6
258
-109
167
121
62
-51
236
-65
34
35
-16
137
16
152
11
140
14
105
111
-54
-20
179
-71
-16
48
28
113
106
61
-11
174
196
-82
160
-23
-73
138
-75
25
-27
207
-30
112
-110
179
68
15
83
-75
-26
-50
-36
-185
55
-62
33
94
-53
63
127
27
9
-57
-47
-28
-84
-66
-43
-40
-87
16
-18
-74
83
-39
29
-130
-94
26
-325
-207
24
-213
-76
-11
-92
-108
117
-63
-24
-147
-80
-33
-221
49
-302
221
-248
66
35
-181
181
-17
5
-129
46
-55
-263
50
-249
-189
240
-264
43
-54
83
22
-123
-74
-223
205
-251
-10
-83
-75
46
99
-88
23
147
-148
274
-115
-191
113
-7
-265
-86
213
-327
322
58
-227
345
6
-46
263
-292
125
37
-102
89
-47
275
-164
254
96
-99
324
5
154
19
-37
58
-25
-6
167
-180
255
95
64
202
-65
366
-157
231
29
-163
288
-168
118
22
21
129
-64
236
-75
129
201
-110
106
163
-124
-52
-65
-10
128
-39
152
0
85
98
31
82
-159
207
111
-70
-30
-143
194
-66
-45
162
-101
-31
207
-272
17
33
-143
-88
-111
-157
42
-23
-40
-24
39
146
-81
-46
-7
-62
-6
-21
-60
-128
15
-12
-59
38
-95
15
79
-125
-102
-67
-104
-47
-79
-151
-68
-132
131
-36
-12
103
-72
92
-38
-15
-24
38
30
-213
87
-105
-66
107
-91
-3
-36
131
-115
-48
24
-19
-60
118
-451
241
-159
-135
147
-82
112
6
44
-42
74
116
1
106
-134
43
-139
130
18
122
99
27
94
-47
95
0
-4
52
-276
166
-51
-73
142
37
125
55
124
9
11
46
-2
65
-175
131
-196
150
32
97
239
-86
339
-319
262
-322
5
-34
-28
41
-65
122
-76
469
-161
263
206
-142
225
-78
-24
111
-72
220
-196
178
-36
6
215
-44
253
2
-144
156
-345
81
37
-63
60
11
125
-186
157
-69
140
0
26
-67
75
-141
89
-14
-102
-2
-117
115
-54
-74
30
3
41
-162
109
-407
119
-50
-135
-48
-239
142
-262
197
-108
-12
14
-101
9
-130
50
-117
-33
-177
42
-116
-60
-91
131
-73
4
-4
-165
-67
-136
37
-218
-99
-36
-52
-119
135
-151
65
9
134
-153
-95
213
-300
264
-346
194
-57
-148
130
88
-29
-18
-28
57
-157
18
-29
-147
93
-203
32
-115
106
-52
92
-69
69
18
-33
97
-250
184
-229
172
-72
91
80
-237
313
-164
199
-152
134
33
8
-103
-49
22
-23
79
24
-13
-23
114
-45
356
-205
294
-170
59
122
-149
408
-91
-43
333
-15
43
-65
275
-18
65
60
-64
189
-141
208
-143
64
-40
161
31
78
-12
30
55
124
90
-81
-117
271
8
46
241
-110
283
-155
105
-135
86
76
70
70
-128
131
-124
95
-25
45
33
99
-18
-16
36
-90
138
-188
-129
24
-20
199
-197
146
76
-42
196
-216
-223
224
-114
-114
127
-338
51
40
12
-194
-33
-76
166
-113
-156
-268
3
-155
-50
111
-367
198
-58
59
101
-1
59
-317
92
-306
-118
-36
-14
149
-207
186
-248
371
-340
40
-150
-238
176
-396
4
-303
106
-234
184
24
-24
245
-247
93
-33
-2
-68
-143
-72
-192
-35
80
-146
523
-126
-124
118
-243
185
-193
105
-226
-68
-152
-72
187
-233
302
-52
-86
109
-101
213
-78
64
-40
22
-56
55
100
-125
209
25
66
-61
111
-105
48
-2
-188
162
15
-19
11
-66
69
102
-83
11
99
77
-109
251
88
17
344
-338
287
118
-92
244
-150
251
79
-61
153
243
150
63
-123
91
-19
155
11
-165
303
-186
281
-20
129
223
-1
197
-161
51
129
-74
-1
29
-133
305
192
166
36
-89
318
-162
38
-93
-197
-93
87
-217
280
-52
133
125
-154
-34
157
8
-187
107
-294
-171
-41
240
60
129
-90
82
21
-22
-36
-176
187
-173
-327
-8
-231
95
122
-134
-79
-153
-44
81
-450
120
-140
156
-249
-153
42
-134
303
-288
55
-54
-45
19
-212
65
-257
356
-333
54
119
-243
76
-145
-100
231
-173
-335
82
-309
278
-169
62
41
-294
311
-166
95
169
-159
299
-427
285
-194
-79
247
-316
388
-112
148
2
105
-44
133
-65
-137
44
64
58
-384
-144
343
-117
337
-20
-199
495
-404
306
-238
118
-50
-7
72
-146
328
139
-195
296
-11
-73
125
-188
-57
-93
104
-154
214
19
27
122
-100
-181
230
69
-121
52
-418
319
41
6
302
-123
298
40
-64
195
-106
-655
262
-133
-19
101
-26
198
-33
382
-160
-28
78
221
-125
-204
-252
243
-235
299
118
-26
154
-112
144
7
-72
166
-1
-335
39
-244
-151
101
17
-374
106
11
78
170
49
-287
266
-332
265
28
-167
27
57
-56
-127
151
-199
561
-323
307
43
-97
219
-25
-193
-291
373
-490
78
123
-71
129
26
-196
252
-334
332
-271
105
48
-128
405
-526
306
-194
93
412
-274
25
81
159
41
-57
-155
303
-293
93
-98
35
77
-51
156
-476
200
-150
-246
364
-220
44
-20
-11
-26
-179
140
-246
269
-190
148
2
225
-235
244
-110
-57
151
-140
168
21
225
-136
42
-106
222
-30
-171
166
-398
312
-103
-24
244
-78
90
-215
17
-112
77
197
-115
-49
1
-12
204
-370
485
-88
204
20
-225
-119
36
278
-355
93
-120
4
164
-19
93
-45
176
-420
159
-354
-117
265
-216
99
-39
195
-118
91
316
-363
345
72
-207
402
-414
417
-439
240
-62
105
269
-332
575
-395
372
-297
54
166
-479
194
-300
-21
-151
236
170
-128
281
-198
173
103
-90
-7
-44
21
-157
177
-330
410
-59
55
191
-165
192
-50
-70
40
22
-265
-149
-18
-52
19
129
-23
58
149
9
-310
33
-89
20
-78
67
126
-62
318
-149
222
-94
91
168
1
67
-53
-192
416
-632
253
-79
-142
351
-330
187
-120
329
-173
52
-317
119
45
-184
-58
-215
453
-313
15
361
-231
269
168
-36
-123
-300
395
-670
124
-239
-193
345
-142
312
-145
129
-176
219
-462
164
-208
-459
-92
-266
339
-279
538
-117
-29
541
-135
45
-221
-73
137
-389
174
-222
-94
291
-54
324
-276
169
-8
-422
17
78
-250
146
-191
-110
-47
-176
142
-293
237
54
-154
-6
-61
-54
389
-247
292
-30
121
-54
85
-40
-10
-106
-120
240
-263
472
-65
116
-21
-117
-9
-119
-24
-284
27
187
-242
209
-225
-25
384
-453
88
16
123
-72
175
271
-452
279
-155
23
178
-32
396
-215
-187
108
86
107
75
37
-142
183
-19
61
-152
-106
418
-104
-256
35
185
73
186
161
-499
382
57
-79
-7
-119
515
-270
353
-153
-138
545
-484
546
-542
328
181
-150
509
-457
454
-89
-298
396
-344
165
-32
-370
423
-320
186
161
-363
409
19
-441
322
-889
469
3
76
285
-242
408
-25
20
355
-411
213
-114
-509
98
-364
306
3
52
10
-142
204
-217
-71
36
-150
-279
-157
-521
-108
220
-219
524
1
-66
-630
-501
150
-204
408
277
-106
427
-217
297
270
-33
178
-148
-171
-516
-21
64
-55
274
-154
167
100
-65
222
-294
-14
119
-513
-43
-421
-157
245
-77
271
-52
137
54
-198
-148
79
52
280
-183
10
-199
134
0
126
51
-151
18
-58
-50
197
80
4
-109
-383
-57
-154
3
-12
-59
-83
301
37
315
183
66
125
-248
126
-169
-22
-155
-98
-6
120
175
309
217
-250
-295
-631
-206
30
-127
-72
-147
169
265
96
398
-101
459
-155
-37
-63
-90
234
-170
389
-89
183
611
395
218
195
73
-44
-96
-208
-212
64
107
146
118
19
140
82
-170
-76
-104
-197
-237
-201
-75
96
55
242
57
125
117
58
207
-39
153
-8
-139
-3
-50
-34
16
34
125
140
64
-16
-101
-256
-19
-452
-18
26
-181
282
-139
137
86
-208
187
-74
-82
-58
-211
-121
-211
259
74
102
224
81
208
288
-3
-28
35
-306
-70
-134
-177
139
126
266
197
155
3
10
9
-77
-185
-208
-264
-445
-4
-194
19
340
175
140
-44
31
-47
-73
-263
26
-60
19
-121
197
-47
292
297
-93
288
-37
293
171
-19
200
4
18
-150
-143
52
-162
151
-79
-10
124
-276
-43
-78
-254
-161
-277
-255
-56
-292
-77
-24
-121
61
-135
72
65
315
351
-134
204
-167
-238
-45
2
247
327
58
124
312
179
300
206
-28
129
133
-17
211
30
150
-5
-54
10
-175
245
247
123
324
79
225
214
-63
149
-25
-85
170
-111
-97
-29
-219
-100
-199
-3
84
18
69
76
-35
-34
-171
-189
-199
-22
27
-166
-12
-139
32
-13
-2
34
-241
-126
-131
-65
-73
-104
-229
-407
-339
-456
-445
-405
-334
-201
-309
-358
-341
-459
-238
-289
-202
-168
-182
-245
-80
-191
-192
30
38
307
415
279
347
332
210
276
278
238
248
380
300
272
305
387
459
323
257
251
264
451
519
681
715
640
621
763
853
857
997
722
886
743
592
662
501
550
443
162
93
-55
-350
-658
-924
-1108
-1328
-1663
-1897
-1930
-1962
-1982
-2147
-2109
-1966
-1958
-1920
-1874
-1753
-1519
-1363
-1238
-1048
-879
-635
-576
-301
-134
5
230
207
514
581
723
854
860
978
820
776
770
620
822
749
459
490
372
452
397
377
381
251
249
88
102
147
204
114
390
372
713
991
1101
1560
1726
1893
1916
2140
2233
2198
2539
2451
2783
2681
2678
2654
2916
2576
2060
2107
1351
1605
306
-473
-948
-1095
-1727
-2863
-3320
-3489
-3336
-3781
-4508
-3996
-3733
-3429
-3639
-3259
-2617
-2397
-2100
-1974
-1276
-868
-927
-808
-215
360
387
606
707
1454
1662
1458
1396
1518
1899
1305
1336
906
773
619
104
15
-222
-339
-1122
-1264
-1450
-1585
-1683
-2350
-2160
-1950
-1738
-1969
-1912
-1377
-1000
-689
-1176
-524
-143
341
454
785
1534
1492
1718
1764
2056
2157
1974
1919
2077
2254
2099
2084
2234
2722
3077
3091
3241
3406
3768
3721
3636
3755
3827
3768
3770
3749
3650
3139
2867
2386
1919
1003
-701
-1459
-2188
-3003
-4580
-5591
-6020
-6017
-6417
-7337
-7011
-6438
-6035
-5849
-5404
-4587
-3873
-3267
-2841
-1859
-1036
-612
-226
369
1121
1383
1633
1897
2366
3035
3061
3169
3170
3643
3544
3457
2951
2486
2388
1641
1032
236
-474
-1365
-2054
-2578
-3230
-3724
-4401
-4405
-4322
-4286
-4414
-4271
-3416
-2920
-2220
-1855
-1108
-209
564
1183
1635
2397
2726
3156
3430
3474
3678
3513
3538
3430
3568
3412
3158
3270
3257
3562
3512
3409
3531
3943
4057
4068
4046
4257
4276
4373
3930
3666
3037
2343
1819
640
-410
-2178
-2945
-3927
-4870
-6284
-7013
-7286
-7334
-7648
-7897
-7431
-6719
-6166
-5671
-4844
-4015
-3227
-2484
-1878
-1022
-512
-49
400
907
1529
1708
2068
2263
2680
3232
3211
3424
3494
3855
3954
3699
3447
3018
2808
2138
1195
500
-632
-1606
-2792
-3786
-4813
-5642
-6493
-6917
-6924
-6861
-6609
-6004
-5125
-4079
-2892
-2003
-906
188
1269
2115
2677
3181
3634
4006
4043
4134
4142
4164
3955
3882
3793
3615
3543
3264
3508
3495
3540
3528
3520
4123
4262
4397
4602
4658
5173
4959
4969
4488
4358
3696
2458
1891
373
-370
-2254
-3760
-4576
-5304
-6528
-7645
-8133
-7642
-7757
-7789
-8005
-6971
-5882
-5580
-4968
-4390
-3149
-2546
-2025
-1433
-853
62
108
781
1312
1879
2253
2369
3052
3452
4235
4117
4389
4761
5061
5148
4520
4328
3836
3453
2583
1423
376
-904
-2264
-3564
-4937
-6056
-7598
-8140
-8639
-8617
-8462
-8390
-7273
-5932
-4305
-3199
-1783
-306
1269
2726
3166
3823
4373
4840
5007
4778
4612
4450
4418
4175
4112
4103
4003
3931
3979
4451
4463
4468
4643
4940
5636
5690
5689
5698
6123
6204
6024
5281
4730
4043
2917
1791
24
-1205
-2982
-4688
-5849
-6780
-7791
-8781
-9358
-8969
-8668
-8324
-8799
-7639
-6437
-5748
-5037
-4877
-3602
-2693
-1968
-1623
-1194
-294
-36
657
1022
1494
2078
2482
3012
3710
4384
4750
4928
5419
5825
6082
5737
4995
4749
4075
3415
1700
565
-703
-2274
-3606
-5323
-6563
-7728
-8887
-9485
-9813
-9508
-9569
-8683
-7510
-5987
-4203
-3016
-1437
382
2029
3305
3787
4502
4950
5424
5327
4765
4686
4447
4235
3832
3678
3499
3567
3527
3709
3969
4205
4384
4627
5207
5474
5685
5936
6014
6303
6467
6121
5856
5161
4674
3323
2528
989
-469
-1600
-3829
-4723
-5832
-6760
-7835
-8698
-8364
-8297
-7913
-8367
-7859
-6467
-5976
-5480
-5226
-4312
-3341
-2999
-2493
-2344
-1287
-950
-623
163
662
1458
1793
2551
3195
4188
4645
4887
5560
6063
6426
6152
5742
5422
4935
4373
2746
1745
357
-943
-2170
-3998
-5036
-6872
-7734
-8555
-9311
-9553
-10309
-9825
-9016
-7925
-7095
-6084
-4180
-2541
-526
555
1492
3062
3974
4641
4645
4588
4583
4639
4302
3756
3632
3472
3480
3486
3775
4018
4201
4560
4878
5515
5838
5802
6164
6468
6918
6664
6526
6509
6252
6154
5010
4333
3153
2105
785
-945
-1966
-4141
-5160
-6252
-7162
-7783
-8764
-8810
-8748
-8277
-8421
-8255
-7197
-6747
-5899
-5412
-4968
-3860
-3399
-2600
-2238
-1370
-795
-436
576
915
1892
2389
3062
3850
4687
5519
5809
6413
6760
7038
7135
6549
6024
5344
4596
3309
1897
686
-940
-1976
-3625
-5217
-6083
-7483
-8109
-9171
-9483
-9701
-9464
-9176
-8869
-7565
-6328
-5085
-3741
-2435
-531
857
1945
2799
3619
4490
4662
4642
4575
4401
4328
3976
3685
3530
3642
3671
3924
4241
4532
4954
5195
5814
5953
6427
6347
6460
6723
6624
6483
6172
5972
5619
5104
4398
3522
2190
1526
-125
-867
-2507
-4262
-5149
-5807
-6704
-7768
-8586
-8434
-8373
-8217
-8933
-8379
-7402
-7248
-6774
-6362
-5782
-4728
-4513
-3715
-3029
-2055
-1491
-969
303
1014
1953
2577
3345
4373
5340
5734
5980
6436
6892
6915
6583
6009
5422
4941
3931
2500
1504
304
-1075
-2249
-3554
-4394
-5471
-6387
-7400
-7571
-7785
-8319
-8427
-8342
-7751
-6949
-6496
-5891
-4631
-3225
-1963
-1035
11
1159
2394
3093
3464
3888
4245
4415
4330
4405
4258
4287
4222
4285
4633
4665
4821
4902
5454
5760
5717
5883
5739
6106
6033
5761
5525
5415
5334
5130
4571
4282
3623
3603
2321
1237
722
-666
-968
-3295
-4374
-5033
-5597
-6760
-8243
-8268
-7995
-8125
-8597
-9206
-7751
-7223
-7267
-6793
-6299
-4636
-4332
-3706
-2663
-1604
-282
-200
1019
2147
2999
3562
3918
4929
5619
6061
5900
6022
6513
6425
6051
5237
4889
4295
3626
2316
1129
459
-752
-1981
-3032
-3969
-4445
-5537
-6318
-6577
-6832
-6802
-7687
-7290
-6889
-6258
-5867
-5834
-4605
-3464
-2347
-1553
-984
705
1627
2566
3126
3484
4392
4632
4665
4751
4723
4804
4546
4452
4566
4531
4476
4277
4566
4807
4732
4447
4524
4742
4829
4531
4206
4381
4530
4381
4214
3919
4186
3606
3540
2609
1736
1584
-127
-410
-2434
-3470
-4348
-5343
-6361
-7666
-8057
-8173
-8754
-8835
-9451
-8446
-7934
-8033
-7056
-6546
-5182
-4464
-3795
-2345
-1496
-188
199
1330
2505
2989
3635
3949
4693
5115
5332
5355
5357
5628
5348
5121
4615
4296
3692
3085
2350
1333
875
-244
-1124
-1799
-2692
-3234
-4144
-4731
-5170
-5582
-5744
-6333
-6307
-6208
-6339
-5670
-5722
-4986
-4382
-3469
-2398
-1726
-535
275
1526
2532
2957
3757
4187
4591
4847
4802
4711
4597
4522
4366
4202
4015
3886
3884
3897
3796
3677
3712
3772
3749
3834
3727
3809
3828
3966
3860
3981
3796
3863
3413
3424
2672
1751
1444
-71
-381
-2214
-3532
-4562
-5250
-6312
-7752
-8321
-8408
-8649
-8546
-9456
-8390
-7450
-7347
-6407
-5957
-4387
-3499
-2869
-1598
-870
636
778
1565
2656
2990
3553
3509
4045
4453
4581
4544
4308
4660
4762
4479
4173
3909
3614
3423
2744
1921
1555
825
-104
-782
-1687
-2212
-3294
-3996
-4692
-5233
-5369
-6660
-6532
-6661
-6725
-6236
-6570
-5655
-4933
-3849
-2891
-2256
-635
151
1562
2400
2777
3899
4122
4546
4612
4529
4574
4076
4011
3686
3532
3333
2895
3085
3203
3230
3117
3242
3651
3841
3928
3742
4058
4056
4305
3908
4030
4011
3708
3497
2926
2745
1535
975
-240
-1044
-1982
-3748
-4804
-5214
-6124
-7009
-7940
-7834
-7758
-7499
-8001
-7632
-6263
-6004
-5434
-4812
-3948
-2661
-2440
-1512
-994
151
502
701
1680
2010
2645
2703
3083
3645
4005
4400
4247
4583
4975
4898
4842
4456
4262
4093
3565
2672
1930
1389
374
-578
-1527
-2358
-3074
-3989
-4787
-5207
-5527
-5940
-6227
-6191
-6066
-5657
-5455
-4842
-4280
-3432
-2437
-1646
-695
218
1109
1957
2633
3081
3437
3743
3769
3861
3816
3495
3336
3261
3209
2999
2832
2792
2983
3117
2913
2993
3099
3277
3197
3103
3160
3126
3056
3052
2795
3107
2633
2887
2418
2366
2182
1000
1330
34
-145
-1239
-2536
-2913
-3640
-4324
-5470
-6147
-5908
-6595
-6281
-7362
-6801
-6018
-6421
-5648
-5728
-4610
-3919
-3716
-2510
-2213
-784
-584
173
1319
1843
2634
2801
3605
4111
4585
4710
4638
5072
5183
5085
4720
4499
4315
3927
3493
2542
2250
1628
657
80
-864
-1203
-2270
-2943
-3566
-4177
-4338
-5350
-5367
-5652
-5823
-5542
-5847
-5084
-4983
-4303
-3452
-2881
-1768
-1222
-204
747
1518
2226
2522
3149
3469
3734
3730
3442
3538
3495
3376
3021
2819
2808
2817
2735
2453
2584
2538
2590
2508
2425
2585
2460
2564
2608
2672
2912
2734
3087
3040
2909
3168
2066
2269
1602
858
267
-1408
-1966
-2788
-3560
-4802
-5988
-5757
-6562
-6480
-7229
-7403
-6137
-6448
-5848
-5459
-4742
-3429
-3495
-2070
-1627
-495
126
301
1539
1914
2384
2420
2812
3419
3591
3716
3644
3927
4373
4303
4159
4121
4157
3925
3733
3108
2675
2321
1359
878
-19
-542
-1546
-2453
-2795
-3817
-4060
-5094
-5480
-5388
-6022
-5769
-6086
-5449
-4993
-4809
-3717
-3315
-2020
-1233
-633
680
1174
2122
2465
2739
3355
3239
3508
3028
2911
2911
2530
2392
1878
1953
1912
1836
1766
1763
2044
2117
2191
2327
2634
2655
2974
2918
3417
3531
3638
3819
4014
4197
4011
3992
3151
3227
2452
1763
817
-483
-1214
-1822
-2876
-4029
-4888
-4892
-5488
-5675
-6419
-6324
-5542
-5828
-5462
-5196
-4604
-3808
-3853
-2701
-2514
-1551
-1307
-909
194
383
960
1088
1777
2402
2610
3019
3095
3594
4110
4053
4259
4193
4284
4243
3952
3620
3061
2759
1942
1333
595
-216
-1093
-2078
-2510
-3485
-4128
-4816
-5472
-5372
-5949
-6114
-6186
-5640
-5450
-5118
-4283
-3875
-2612
-1986
-1395
-138
431
1187
1647
1913
2497
2430
2701
2282
2357
2379
2029
2059
1685
1935
1872
1932
2084
2140
2637
2630
2866
3203
3437
3536
3630
3909
4029
4363
4077
4342
4297
4597
4075
4070
3557
2888
2832
1644
1138
-184
-1078
-1818
-2429
-3704
-4599
-5174
-5242
-5855
-6141
-6750
-6250
-6007
-6123
-5679
-5646
-4663
-4555
-3893
-3225
-2824
-1936
-1740
-745
-118
492
931
1396
2329
2784
3340
3599
3958
4625
4881
4962
4925
4908
4957
4579
4192
3530
2990
2263
1359
570
-328
-1214
-2282
-2978
-3572
-4204
-5114
-5403
-5656
-5606
-5763
-6066
-5706
-4998
-4740
-4294
-3739
-2930
-2054
-1325
-898
-103
671
1052
1527
1715
2065
2170
2153
2147
1976
2143
1814
1726
1760
1851
1888
1854
2162
2341
2749
2832
2874
3367
3464
3548
3514
3732
3788
3945
3827
4025
4078
4371
4064
4118
4135
3342
3560
2596
2340
1227
308
-532
-1053
-2253
-3363
-4242
-4436
-5284
-5771
-6791
-6628
-6524
-6908
-6753
-6837
-6066
-5719
-5424
-4452
-4113
-2998
-2642
-1635
-654
17
738
1215
2306
2798
3386
3659
3926
4512
4638
4692
4539
4422
4379
4059
3669
3158
2624
2167
1377
843
126
-480
-1349
-1956
-2305
-3082
-3514
-4221
-4399
-4469
-4833
-5084
-5045
-4583
-4573
-4243
-3870
-3414
-2537
-2318
-1738
-1101
-567
-125
97
420
700
813
912
806
968
983
970
989
1093
1446
1437
1837
2098
2514
3056
3212
3678
4131
4556
4679
4914
5097
5413
5359
5499
5424
5722
5550
5604
5343
5329
5050
3958
4094
2985
2508
1096
-129
-961
-1582
-3118
-4406
-5316
-5563
-6504
-7081
-8147
-7853
-7766
-8076
-7904
-7752
-6713
-6455
-5829
-4762
-4093
-2892
-2493
-1276
-225
623
1170
1615
2876
3315
3799
3953
4202
4872
4956
4887
4646
4679
4675
4226
3850
3313
3004
2457
1783
1294
667
220
-833
-1231
-1689
-1985
-3153
-3608
-3769
-4196
-4185
-5429
-5424
-5049
-5221
-5404
-5528
-5004
-4554
-4060
-3865
-3488
-2342
-2088
-1466
-968
-453
302
298
1093
1204
1864
2126
2146
2877
3201
3654
3576
4175
4559
4929
5188
5016
5557
5737
5737
5467
5399
5644
5266
5172
4894
4740
4846
4289
4283
3800
3838
2813
2110
2044
767
194
-1630
-2461
-3024
-4115
-5490
-6860
-6841
-7350
-8016
-8617
-8960
-8098
-8054
-7897
-7381
-6613
-5305
-5139
-3734
-2843
-1759
-955
-397
1024
1623
2402
2418
3163
4130
4132
4473
4346
4876
5198
5092
4994
4712
4988
4609
4294
3925
3423
3186
2249
1883
1071
480
-420
-1628
-1994
-2796
-3448
-4926
-5258
-5519
-6019
-6279
-7279
-6773
-6288
-6313
-6132
-5822
-4667
-4151
-3263
-2782
-1901
-696
-311
587
1161
1832
2283
2457
3237
3207
3686
3538
3680
4213
4239
4385
4086
4711
4831
4946
4913
4667
5070
4939
4748
4296
4208
4068
3556
3271
3050
2690
2671
2002
2245
2019
1996
1388
749
1292
317
20
-1421
-1856
-2193
-2703
-4117
-4932
-5128
-5217
-5924
-6393
-6798
-6213
-6228
-6274
-5931
-5434
-4569
-4516
-3525
-2609
-1858
-1257
-775
498
1161
1768
1671
2346
3239
3266
3456
3220
3769
3898
3840
3724
3417
3679
3263
3036
2759
2362
2036
1291
973
510
-82
-666
-1730
-1814
-2409
-2775
-3920
-4402
-4192
-4878
-4789
-5802
-5537
-5183
-5067
-5154
-4927
-4187
-3784
-3078
-2547
-1989
-1086
-649
124
774
1294
1614
1786
2635
2660
2968
2823
3043
3470
3483
3636
3258
3827
3892
3941
4006
3814
4092
3956
4056
3817
3702
3762
3312
3480
3256
3376
3049
3080
3125
3245
3269
3024
2584
2425
2469
1593
1036
-132
-779
-1297
-1988
-3556
-4172
-4916
-5013
-5825
-6358
-6799
-6577
-6334
-6452
-6101
-5745
-5033
-4700
-3692
-2946
-2378
-1705
-1065
-80
606
882
1024
1728
2328
2467
2597
2721
3117
3397
3553
3631
3661
3807
3730
3678
3674
3232
2792
2344
1870
1416
627
-156
-1134
-1585
-2256
-3007
-3868
-4718
-4894
-5267
-5601
-6242
-6447
-6211
-5916
-5837
-5735
-5286
-4561
-3761
-3062
-2515
-1743
-861
-1
740
1220
1661
2143
2789
3063
3222
3268
3418
3777
3898
4031
3942
4118
4429
4630
4768
4661
4728
4815
4870
4761
4356
4197
3914
3789
3437
3162
2879
2690
2661
2500
2534
2372
2274
1625
1689
1460
787
141
-1157
-1546
-1805
-3012
-4261
-5158
-5235
-5499
-6277
-6979
-6972
-6515
-6338
-6486
-6066
-5454
-4856
-4468
-3489
-2856
-2114
-1686
-815
229
958
1154
1467
2508
3038
3442
3349
3650
4157
4381
4510
4205
4312
4307
4006
3829
3352
2900
2326
1598
1089
346
-325
-1459
-2290
-2682
-3335
-4021
-5019
-5453
-5345
-5645
-5980
-6307
-6029
-5566
-5236
-5124
-4549
-3914
-3208
-2452
-1746
-996
-444
257
974
1787
2051
2264
2644
3185
3431
3410
3328
3555
3838
3969
3944
3864
4175
4297
4460
4406
4330
4325
4187
4124
3730
3533
3051
2648
2367
2075
1759
1501
1282
1415
1438
1558
1601
1865
1979
1500
1888
1492
1257
411
-657
-888
-1261
-2719
-3771
-4688
-4516
-5212
-6094
-6719
-6492
-6068
-6131
-6205
-5482
-4820
-4210
-3579
-2679
-1809
-1255
-716
85
937
1376
1209
1589
2136
2381
2340
2021
2251
2338
2513
2302
2019
2238
2020
1986
1800
1600
1442
1035
833
546
319
-156
-1027
-1296
-1607
-1985
-2860
-3424
-3838
-3892
-4044
-4776
-4711
-4607
-4471
-4003
-3846
-3333
-2865
-2222
-1325
-624
-41
438
1168
2024
2555
2605
2817
3169
3511
3544
3319
3256
3308
3431
3296
3252
3201
3178
3355
3314
3486
3339
3205
3244
3040
3126
2562
2227
1892
1613
1403
823
465
462
343
582
344
727
1053
1602
1699
1381
2305
1944
2129
1395
681
802
411
-958
-1751
-2576
-2519
-3597
-4548
-5215
-5299
-5289
-5868
-6119
-5642
-5377
-5214
-4862
-4124
-3437
-3180
-2680
-2025
-1174
-784
-1000
-263
235
650
621
627
1283
1297
1740
1613
1829
2340
2142
2465
2477
2762
2622
2381
2506
2246
2167
1647
978
862
387
24
-917
-1219
-1648
-2112
-2174
-2949
-2921
-3095
-3237
-3142
-2950
-2849
-2736
-2454
-1763
-1408
-1110
-832
-393
397
734
722
970
1378
1701
1685
1664
1685
1750
1859
1642
1737
1636
1529
1498
1489
1707
1417
1374
1427
1438
1654
1323
1288
1302
1487
1522
1466
1639
1927
2401
2714
3047
3483
4053
4468
4853
4360
4707
4597
3963
3534
2017
1345
769
-749
-2044
-3434
-4011
-4720
-5916
-6580
-7181
-6983
-7070
-7433
-6968
-6618
-6122
-5863
-5126
-4434
-3935
-3541
-3020
-2273
-1531
-1500
-1164
-459
151
653
850
1542
2143
2843
3478
3807
4662
5055
5464
5833
6067
6218
5894
5673
5338
4823
4263
3098
2270
1437
696
-386
-1478
-2186
-2709
-3270
-3954
-4117
-4429
-4297
-4457
-4469
-4010
-3734
-3835
-3483
-3022
-2503
-2465
-2321
-2021
-1458
-1224
-1375
-1198
-740
-502
-499
-311
-26
340
548
822
1189
1680
1916
2036
2597
2911
3131
3066
3214
3453
3349
3284
2853
2927
2853
2600
2394
2323
2420
2634
2613
2965
3176
3603
3881
4184
4345
3762
4061
3478
2952
2196
442
-234
-961
-2676
-3872
-5508
-5763
-6607
-7501
-8156
-8510
-7992
-7928
-8038
-7158
-6693
-5829
-5217
-4260
-3233
-2682
-1883
-1332
-255
528
500
1119
1718
2465
2852
2998
3723
4085
4930
5216
5457
6163
6257
6619
6555
6614
6349
5728
5347
4509
3831
2886
1438
498
-546
-1422
-2704
-3740
-4397
-4989
-5302
-5991
-6162
-5988
-5960
-5887
-5694
-5220
-4812
-4658
-4214
-3764
-3187
-2846
-2744
-2186
-1570
-1247
-1071
-742
-52
256
671
888
1387
1970
2255
2650
3030
3510
3770
3921
4333
4451
4556
4464
4345
4411
4150
3857
3331
3190
2885
2467
2166
1793
1849
1673
1762
1784
2090
2349
2525
2886
3246
3378
2682
2943
2597
2052
1316
-464
-953
-1444
-2986
-4133
-5580
-5504
-6085
-6833
-7289
-7285
-6714
-6415
-6464
-5534
-4835
-4237
-3625
-2869
-1782
-1444
-1047
-532
178
947
582
852
1332
1871
2170
1962
2526
2814
3385
3630
3718
4375
4374
4561
4494
4591
4464
3691
3246
2594
2068
1174
-170
-1083
-1849
-2528
-3605
-4482
-4933
-5141
-5347
-5629
-5654
-5238
-4995
-4708
-4290
-3872
-3250
-3189
-2675
-2176
-1869
-1572
-1607
-1118
-692
-562
-437
-331
334
536
728
978
1411
1930
2072
2438
2761
3195
3417
3462
3808
3953
3931
3796
3771
3754
3554
3179
2830
2675
2437
2151
1782
1699
1667
1652
1665
1995
2209
2624
2793
3257
3661
4051
3881
3208
3805
3067
2533
1445
-141
-271
-1121
-2815
-3747
-5056
-4635
-5526
-6160
-6308
-6328
-5656
-5602
-5548
-4582
-4382
-3916
-3570
-2961
-2259
-2574
-2178
-2043
-1252
-1012
-1423
-817
-334
588
802
1157
2224
2845
3854
4283
4902
5803
5823
6190
6104
6247
5843
4802
4285
3475
2669
1494
-46
-895
-1677
-2551
-3543
-4297
-4473
-4766
-4847
-5000
-5024
-4440
-4589
-4311
-4000
-4044
-3678
-3985
-3712
-3598
-3614
-3501
-3616
-3033
-2737
-2390
-1993
-1403
-466
165
888
1580
2483
3215
3723
4267
4760
5095
5138
5133
5163
4974
4574
4048
3681
3280
2721
2071
1616
1336
987
669
422
452
598
718
812
1275
1768
2062
2560
2738
3476
3496
3931
3341
2840
3363
1887
1733
175
-1206
-1162
-2625
-3588
-4649
-5593
-5094
-6126
-6040
-6359
-6336
-5486
-5667
-5296
-4662
-4620
-3983
-3860
-3123
-2675
-2733
-2042
-1925
-686
-309
-176
839
1414
2850
3185
3968
4893
5356
6515
6519
6970
7225
6786
6751
6000
5724
4637
3374
2504
1288
446
-829
-2163
-2944
-3643
-4171
-4888
-5299
-5342
-5437
-5293
-5126
-5070
-4852
-4526
-4357
-4140
-3762
-3920
-3818
-3173
-3199
-2630
-2522
-2095
-1246
-714
138
442
1342
2264
2603
3462
3656
4056
4293
4232
4269
3910
3798
3097
2657
2496
1847
1449
904
784
711
550
493
449
763
1106
1100
1402
1766
1816
2136
2218
2432
2596
2758
2762
2892
3099
3259
3158
3539
2760
2624
2887
1883
1942
355
-332
-419
-1427
-2298
-3400
-4078
-3776
-4766
-5001
-5486
-5646
-5088
-5539
-5372
-4987
-5067
-4541
-4475
-3751
-3234
-3095
-2377
-2037
-694
-189
181
1061
1607
2962
3192
3787
4199
4580
5190
5063
5044
5009
4496
4163
3487
3051
2346
1269
575
-129
-674
-1255
-2268
-2550
-2821
-3094
-3256
-3720
-3480
-3736
-3649
-3548
-3800
-3489
-4014
-3772
-3791
-3709
-3757
-4182
-3618
-3390
-2975
-2717
-2520
-1600
-862
-147
410
1074
1871
2439
2894
3338
3454
3570
3536
3282
3389
2954
2592
2105
2008
1993
1512
1459
1134
1459
1530
1407
1584
1558
1914
1872
1865
2170
1991
2139
2080
2179
2389
2638
2601
2865
3252
3598
4010
4176
4728
3627
4557
3913
3414
3182
949
765
56
-1475
-2188
-4309
-4237
-5074
-5783
-6199
-7039
-6818
-6436
-7089
-6381
-6362
-6103
-5496
-5562
-4303
-4263
-3605
-3231
-2765
-1118
-1037
-178
423
1255
2821
2931
4094
4312
5226
6013
5761
6406
6148
6006
5594
4873
4697
3664
2636
1741
704
250
-729
-2028
-2333
-3194
-3419
-3918
-4567
-4503
-5024
-4740
-5072
-5080
-4701
-5535
-4762
-5003
-4543
-4316
-4637
-3840
-3381
-2557
-2113
-1773
-686
21
908
1423
1898
2485
2859
2970
3109
3028
2895
2467
2080
2081
1563
1460
886
976
1283
1123
1558
1388
2153
2490
2712
3177
3198
3780
3607
3760
3791
3765
3810
3356
3505
3543
3655
3862
3634
4208
4228
4808
4611
5140
4504
3602
4079
2338
2119
242
-2058
-2451
-3992
-5680
-6709
-8636
-8408
-8951
-9416
-9179
-9441
-8362
-7567
-7848
-5754
-6006
-4739
-4101
-3849
-2113
-2286
-1141
-1224
-155
1245
1266
2605
2750
4161
5406
5888
6793
7135
7989
8286
7920
8121
7531
6638
5850
4393
3657
2355
456
-458
-2173
-2527
-3747
-5014
-5005
-6133
-5630
-6177
-6327
-5882
-6176
-5654
-5913
-5351
-4979
-5511
-4800
-4915
-4208
-3790
-3768
-3202
-2319
-1447
-593
-73
995
1876
2680
3546
3700
4468
4684
4394
4789
4378
4501
3801
3387
3389
2816
3126
2363
2334
2524
2421
2791
2424
2764
2713
2657
2713
2315
2360
1890
1417
1193
965
738
369
68
472
426
1058
1172
1411
2200
2519
3053
3283
3522
2284
2192
1700
232
-226
-2977
-4261
-4353
-6434
-6623
-8058
-8291
-7405
-7668
-6892
-6201
-5996
-4028
-4455
-3295
-2231
-2794
-1519
-2227
-1316
-705
-982
-59
-273
1386
2208
2831
4327
4597
6479
7112
7787
8284
8245
8317
7776
6712
6267
4538
3215
1760
-3
-627
-2338
-3318
-3930
-4987
-4449
-5312
-5091
-5000
-5384
-4567
-5087
-4886
-4917
-5307
-5096
-5524
-5303
-5229
-5285
-4776
-4400
-3558
-2472
-1790
-595
528
1682
3023
3674
4577
5000
5405
5666
5232
5225
4535
3932
3399
2585
2359
1431
1040
651
497
598
269
235
332
364
610
422
466
382
238
245
61
8
99
-189
-85
301
502
907
1024
1661
2241
3009
3242
3835
3914
4486
4427
4528
4169
2075
2655
892
13
-991
-3874
-3792
-4691
-6059
-5670
-7252
-6143
-5819
-5902
-4919
-4763
-4073
-2899
-4166
-2364
-2536
-2634
-1755
-2722
-805
-764
68
1118
1480
3863
4308
5847
6805
7228
8777
8351
8605
8162
7593
6698
5128
3666
2894
712
-479
-2048
-3361
-3553
-5223
-5306
-5888
-6366
-5700
-6857
-6092
-6477
-6539
-6106
-6916
-6148
-6271
-6073
-5635
-5403
-4247
-3647
-2619
-1357
-319
1003
2235
3112
4305
4756
5341
5662
5473
5655
4952
4555
3988
3172
3092
2023
1753
1261
869
1010
346
611
161
57
105
-327
-301
-792
-989
-1164
-1502
-1436
-1741
-1731
-1647
-1377
-1125
-616
-370
243
761
1309
2057
2358
3182
3378
4091
4614
4708
5335
4910
5612
5163
5640
4708
2992
4010
1744
1922
152
-2047
-1385
-3034
-3623
-3975
-5238
-4113
-4442
-4661
-3942
-4106
-3357
-2906
-4351
-2319
-3336
-2972
-2841
-3802
-1872
-2758
-1690
-1523
-1123
694
448
1960
2180
3009
3968
3725
4201
4119
4158
3649
2904
2214
2178
706
379
-664
-1351
-1329
-2755
-2335
-3221
-3393
-3130
-4327
-3331
-4181
-3896
-3891
-4396
-3587
-3666
-3411
-3013
-2887
-1913
-1377
-960
21
358
952
1758
1817
2553
2365
2502
2606
2226
2480
1796
1700
1387
976
1096
473
349
162
-74
-53
-451
-286
-527
-806
-680
-734
-777
-755
-828
-482
-325
-10
370
615
1127
1538
2022
2678
2841
3437
3689
3998
4451
4674
5019
5137
5294
5843
5583
6023
5661
5776
5492
5436
4922
2558
2959
1032
294
-1063
-4003
-4066
-5107
-6655
-6608
-8176
-7297
-7244
-7534
-6812
-6562
-6111
-4672
-6291
-4561
-4315
-4495
-3303
-4474
-2504
-2094
-1472
-197
41
2304
2947
4036
5194
5647
6882
6719
6706
6333
6342
5244
4259
2625
2373
881
-354
-1313
-2553
-2444
-3691
-3980
-4156
-4748
-4051
-5253
-4708
-4889
-5073
-4648
-5387
-4931
-4420
-4291
-4013
-3551
-2515
-1713
-1261
-2
712
1602
2515
2513
3608
3836
3712
3992
3281
3711
3233
2691
2369
1738
1933
1328
613
748
265
229
-263
-516
-429
-794
-839
-1011
-1063
-682
-840
-605
-385
49
732
774
1157
1756
2187
2725
2601
3153
3589
3552
3868
3672
4092
4386
4310
4485
4522
4589
5024
4237
4420
3990
4051
3247
658
1243
-564
-1399
-2711
-5697
-5164
-6237
-7361
-7078
-8440
-7004
-6621
-6738
-5691
-5261
-4348
-3116
-4753
-2649
-2672
-2818
-1914
-3282
-1174
-1117
-573
489
561
2750
3111
4202
4955
5427
6543
6130
5789
5573
5520
4381
3326
1805
1859
481
-459
-1211
-2082
-1599
-2764
-2673
-2782
-3077
-2302
-3509
-3093
-3257
-3337
-3227
-4120
-3810
-3317
-3322
-3112
-2752
-1886
-928
-906
264
864
1467
2320
1727
2346
2587
2272
2334
1213
1413
1441
892
574
151
603
569
4
254
326
399
217
-189
-3
-74
-145
-475
-824
-436
-293
-312
-359
-93
665
848
920
1368
1694
2236
1905
2014
2327
2146
2223
1863
1786
2031
2002
2308
1977
2561
3006
3124
3177
3272
3534
3658
3422
1162
1592
349
-706
-1458
-4298
-4324
-4821
-5933
-5886
-6781
-5702
-5009
-5112
-4472
-3520
-3075
-1770
-3122
-2278
-1315
-2303
-1150
-2518
-1144
-394
-233
1043
1295
3256
4193
4746
5705
6257
7193
6747
6154
5428
5438
4110
2939
1211
675
-200
-1538
-2130
-3087
-2825
-3449
-3931
-3870
-4059
-3459
-4388
-4697
-4542
-4679
-4386
-5195
-5045
-4358
-3781
-3300
-2717
-1511
-111
852
1483
2356
3639
4019
4139
3702
3815
3903
3344
2480
1981
1871
1676
1311
650
972
972
726
357
-159
370
-532
-1141
-1802
-2391
-2313
-3107
-3546
-3776
-3403
-2968
-2817
-2391
-1517
-419
206
750
1438
2574
2913
2940
3302
3581
4077
3834
3751
3879
4183
4478
4446
4473
5033
5233
5377
4810
4985
4931
4647
4049
1338
1685
214
-903
-1842
-4641
-4411
-5065
-5971
-5860
-6480
-5503
-4869
-5344
-4756
-3921
-3880
-2760
-4916
-3801
-3386
-4161
-3156
-4586
-2745
-2109
-1428
-195
448
2457
3357
3913
4553
5127
5844
5317
4339
3759
3682
2745
1755
306
357
-245
-783
-1181
-1541
-952
-1374
-1672
-1797
-2014
-1457
-2582
-3183
-3285
-3619
-3138
-4103
-3971
-3262
-2696
-1935
-1514
-465
731
1321
1775
1698
2353
2581
1837
1078
528
307
275
-762
-1022
-743
-557
-105
-401
107
753
736
708
16
330
163
-662
-1172
-1842
-1395
-1466
-1592
-1289
-617
428
1122
1578
2512
3492
3953
4012
3844
4236
4161
3526
3035
2490
2730
2384
2076
2154
2180
2827
2891
3116
3407
3856
3907
3662
3143
3127
2675
2155
1007
-1235
-779
-2510
-2798
-3897
-5710
-4764
-5383
-5294
-4974
-4881
-3754
-3257
-3584
-2813
-2608
-2266
-2046
-3901
-2790
-3187
-3090
-2630
-3476
-1699
-1138
-272
870
1496
3174
3741
3801
4170
4279
4712
3829
2742
2022
1837
1249
277
-602
-591
-792
-1135
-1303
-1546
-933
-1334
-1711
-2066
-2218
-1771
-2683
-3038
-3484
-3259
-2629
-3012
-2527
-1865
-1118
-252
213
1020
1970
2203
2402
2226
2054
2163
1610
896
254
-110
-108
-569
-561
-555
-401
-164
-258
54
23
-282
-546
-1186
-1589
-2033
-2417
-2844
-3271
-2981
-2604
-2140
-1419
-613
336
1146
1876
2724
3087
3478
3568
3567
3464
3303
3230
3170
3066
3116
3346
3519
3824
4149
4393
4355
4578
4720
4474
4257
3617
3430
2632
2211
1567
1297
486
-1420
-926
-2343
-1989
-3143
-4460
-4171
-4738
-4790
-5056
-5342
-5057
-4666
-5419
-5161
-5144
-4433
-4127
-5284
-4229
-3901
-3158
-2048
-2441
-439
348
1466
2629
2953
4590
5108
5181
5010
5066
5582
5111
4092
3303
3468
3090
2518
1593
1508
1230
842
259
-531
-455
-994
-1805
-2551
-3400
-3035
-3694
-4163
-4622
-4575
-3745
-3970
-3506
-3101
-2463
-1757
-1610
-1012
-480
-109
56
-173
-227
306
125
-76
-261
-422
117
-139
-60
193
349
579
386
613
761
658
492
-47
-185
-324
-560
-960
-1158
-1028
-828
-656
-355
326
992
1477
1820
2396
2956
3225
3186
3026
3085
2963
2681
2353
1978
1957
1848
1567
1531
1662
1786
1794
1501
1665
1876
1957
1753
1579
1540
1681
1337
1236
1099
1123
937
-773
-527
-1251
-1083
-1918
-3473
-3187
-3245
-3361
-3593
-3592
-2891
-2232
-2658
-2664
-2217
-1602
-1285
-2415
-2438
-1914
-1771
-1153
-1955
-932
107
650
1319
1318
2687
3470
3338
2999
2764
3282
3138
2120
1114
1045
943
546
-223
-544
-292
-473
-888
-1486
-1380
-1313
-2019
-2603
-3332
-3179
-3296
-3833
-3969
-3994
-3268
-3115
-2791
-2053
-1257
-543
-210
261
1012
1603
1803
1663
1881
2190
2410
2013
1719
2084
2048
1954
1262
1374
1621
1528
930
508
657
580
373
-401
-729
-616
-853
-1453
-2045
-1660
-1567
-1797
-1967
-2073
-1383
-1037
-1154
-1068
-729
-224
-28
-108
115
528
894
991
928
1479
1816
1714
1892
2111
2586
2757
2696
2570
2805
3124
3178
2948
3148
3224
3257
3105
2592
2885
2890
2857
1059
588
267
-198
-650
-2585
-2771
-2820
-3082
-3865
-4007
-3435
-2880
-3138
-4020
-3772
-3245
-3022
-3734
-4799
-4028
-3847
-3131
-3263
-2758
-1119
-169
797
1175
2270
3516
3606
3413
3102
3353
3275
2668
1671
1633
1670
1280
1115
752
1226
1077
637
290
9
20
-710
-1572
-2161
-2389
-2395
-2887
-2956
-2805
-1921
-1478
-1180
-450
376
1123
1244
1292
1499
1732
1626
1094
876
689
836
448
404
240
213
262
-270
-251
-713
-887
-1488
-1939
-2128
-2402
-2639
-2896
-2908
-2726
-2604
-2610
-2537
-2167
-2133
-1825
-1816
-1494
-959
-612
-117
353
1163
1913
2424
2930
3344
3816
3980
3942
3775
3570
3439
2997
2726
2496
2531
2554
2544
2614
2912
3165
3280
3263
3440
3240
3074
2464
2133
1720
1192
774
190
23
-1288
-1576
-2069
-2134
-2355
-3544
-3426
-3463
-3368
-3620
-3783
-3214
-2996
-2944
-3604
-3369
-3007
-2733
-2860
-3396
-2821
-2400
-1446
-1156
-597
596
1419
2233
2471
3106
3769
3698
3509
2964
3212
2992
2592
2055
1843
1911
1529
1390
830
773
431
-397
-1070
-1878
-2136
-2739
-3539
-4144
-4352
-4119
-4155
-3954
-3725
-2943
-2450
-2080
-1383
-902
-178
-36
28
468
779
1238
1274
1488
1903
2243
2515
2492
2716
2685
2398
1592
1134
739
-45
-670
-1719
-1805
-2029
-2212
-2110
-2121
-1514
-1370
-1249
-1258
-1149
-834
-1163
-1364
-1596
-1248
-1044
-831
-345
258
1170
1632
2237
2847
3299
3570
3367
3374
3160
3046
2696
2340
2241
2120
2261
2126
2345
2510
2668
2774
2585
2770
2806
2649
2427
2151
2044
1789
1585
1359
1198
1006
-197
-790
-1394
-1661
-2135
-3569
-3891
-4092
-4033
-4348
-4485
-3905
-3519
-3318
-3646
-3641
-3378
-3328
-3307
-3784
-3891
-3738
-3068
-2514
-1801
-843
104
1179
1762
2717
3452
3667
3835
3461
3428
3117
2843
2717
2305
1991
1796
1897
1693
1452
1151
834
557
-241
-824
-1340
-1807
-2237
-2875
-3178
-3321
-3064
-2926
-2699
-2448
-2006
-1553
-1334
-933
-588
-321
-189
-214
70
310
665
832
1026
1194
1382
1510
1428
1188
961
572
-421
-952
-1543
-1882
-2178
-2680
-2526
-2207
-1778
-1162
-734
-158
278
666
533
409
399
339
160
-201
-256
48
572
990
1529
2141
2638
3108
3204
3198
3132
2860
2443
1730
1172
850
638
400
174
116
315
451
479
512
521
485
563
320
326
482
685
976
1081
1421
1830
2197
2408
1786
1219
630
263
-165
-1505
-2229
-2599
-2541
-2600
-2761
-2436
-1958
-1350
-1284
-1488
-1560
-1581
-1510
-1896
-2349
-2389
-1874
-1551
-1145
-411
535
1778
2255
2555
2868
3115
3416
2958
2337
1762
1447
1298
780
356
240
233
39
-349
-863
-1138
-1392
-2072
-2861
-3578
-3949
-3991
-4183
-4300
-4081
-3470
-2782
-2233
-1792
-1239
-533
-122
-3
15
254
615
784
906
1132
1708
2299
2697
3034
3305
3635
3643
3204
2557
1875
1202
165
-915
-1914
-2426
-2839
-3144
-3241
-3104
-2483
-2056
-1684
-1428
-1233
-856
-955
-1204
-1530
-1694
-1635
-1728
-1590
-1329
-711
52
685
1301
1802
2378
2715
2690
2449
2262
2217
2039
1848
1601
1672
1894
2142
2319
2391
2581
2711
2671
2401
2088
1973
1838
1744
1599
1638
1892
2173
2409
2515
2699
2898
2495
1643
758
75
-193
-1089
-2013
-2638
-2808
-2443
-2314
-2191
-2104
-1814
-1497
-1712
-2135
-2753
-2913
-3115
-3586
-3913
-3784
-3046
-2193
-1436
-680
333
1400
2165
2421
2179
2034
1921
1673
1135
459
225
183
371
477
577
805
809
825
489
20
-380
-836
-1240
-1844
-2210
-2233
-1892
-1439
-1080
-632
-134
464
819
898
729
484
370
51
-218
-494
-625
-401
-161
232
634
955
1310
1541
1576
1427
1089
689
186
-463
-1268
-1923
-2410
-2666
-2816
-2991
-2892
-2730
-2346
-1901
-1621
-1293
-1216
-987
-842
-864
-851
-894
-652
-407
-143
223
653
1229
1668
2023
2212
2376
2430
2260
1993
1572
1331
1124
1047
958
885
914
985
1160
1215
1285
1195
1053
1030
946
934
805
861
1102
1421
1785
2066
2446
2767
3069
3209
3211
2811
2090
1212
440
57
-608
-1396
-2083
-2417
-2109
-2080
-2004
-2128
-2137
-1975
-2277
-2569
-3168
-3487
-3615
-3858
-3773
-3646
-3049
-2285
-1561
-788
-244
357
800
1033
901
524
260
211
405
464
506
662
1041
1612
2027
2173
1995
1714
1343
828
173
-574
-1112
-1530
-1713
-1749
-1659
-1218
-770
-197
210
469
750
781
705
422
91
-106
-250
-235
-200
-133
-6
267
653
943
1013
845
612
326
-21
-498
-1029
-1521
-1873
-2066
-2322
-2451
-2645
-2580
-2377
-2292
-2136
-2117
-1889
-1568
-1320
-1086
-977
-620
-343
-58
169
251
566
794
1153
1461
1627
1948
2267
2741
3093
3262
3379
3400
3440
3353
3121
2785
2391
2103
1735
1381
923
519
256
94
79
-11
-53
-70
81
306
526
735
894
1178
1344
1507
1605
1565
1688
1536
1127
518
-310
-723
-1125
-1638
-2137
-2632
-2648
-2425
-2193
-2115
-2147
-2152
-2090
-1896
-2045
-2250
-2515
-2665
-2294
-1971
-1451
-921
-348
539
1259
1905
2212
2285
2214
2065
1948
1764
1678
1634
1712
1895
2081
2199
2298
2368
2258
1988
1376
679
-12
-765
-1504
-2286
-2825
-3101
-3173
-3026
-2849
-2653
-2454
-2286
-2007
-1691
-1574
-1610
-1573
-1411
-1108
-808
-527
-89
405
964
1529
2007
2368
2428
2376
2263
2082
1833
1412
972
612
361
158
-91
-341
-674
-986
-1364
-1703
-1981
-2332
-2560
-2767
-2735
-2491
-2204
-1808
-1484
-1162
-822
-603
-404
-303
-241
-243
-184
30
367
783
1183
1620
2089
2554
2868
2989
2915
2621
2259
1914
1599
1321
1027
735
661
664
709
803
777
692
644
571
378
214
-45
-350
-494
-680
-727
-632
-621
-440
-210
-64
136
375
442
595
708
590
555
387
344
374
267
178
168
385
612
862
991
1010
1066
910
713
419
68
-241
-600
-794
-945
-951
-916
-926
-851
-861
-936
-1040
-1325
-1619
-1973
-2309
-2488
-2630
-2631
-2447
-2178
-1800
-1333
-934
-556
-362
-263
-126
-112
-156
-195
-208
-114
-15
112
299
522
736
811
879
911
812
713
492
230
93
-100
-226
-241
-296
-224
-152
-131
-15
-10
-50
-139
-244
-292
-356
-366
-364
-251
-70
136
414
716
1031
1251
1369
1396
1408
1326
1175
1065
902
827
742
665
689
696
722
695
598
478
337
137
-114
-386
-632
-805
-974
-1106
-1207
-1193
-1148
-1110
-1001
-930
-799
-693
-616
-464
-345
-191
-35
130
314
491
656
777
925
992
1057
1056
1014
1016
960
949
926
929
928
929
920
906
875
758
604
316
-6
-360
-748
-1106
-1522
-1825
-2075
-2237
-2297
-2335
-2262
-2176
-2008
-1804
-1620
-1461
-1330
-1199
-1077
-927
-801
-650
-477
-282
-35
184
379
592
769
926
1018
1082
1164
1209
1237
1233
1230
1276
1271
1264
1245
1188
1121
1003
853
717
520
292
85
-98
-181
-269
-355
-389
-399
-361
-296
-207
-105
-16
67
193
316
435
572
696
851
948
1066
1118
1132
1156
1127
1098
1000
831
696
504
347
188
1
-125
-273
-394
-502
-598
-684
-800
-884
-958
-1003
-1048
-1087
-1065
-1042
-999
-920
-827
-704
-571
-463
-291
-139
6
157
255
387
480
565
697
750
887
1009
1061
1154
1166
1216
1255
1178
1103
951
747
548
281
29
-241
-586
-854
-1178
-1440
-1609
-1837
-1907
-2012
-2082
-2037
-2054
-1977
-1926
-1828
-1650
-1538
-1324
-1164
-932
-668
-502
-264
0
263
559
811
1055
1385
1650
1848
2060
2177
2252
2303
2267
2226
2126
1952
1753
1556
1327
1114
833
518
261
-99
-397
-618
-940
-1026
-1183
-1303
-1218
-1301
-1237
-1224
-1339
-1265
-1322
-1254
-1206
-1179
-990
-848
-544
-288
-52
263
462
668
778
811
847
839
777
743
703
683
731
638
576
365
135
49
-138
-128
-402
-513
-435
-424
-174
-316
-354
-311
-391
-298
-465
-600
-636
-644
-488
-370
-200
-73
75
295
393
468
447
296
245
126
-10
-2
-313
-435
-534
-649
-507
-691
-631
-555
-366
-83
-167
-6
-16
192
498
495
760
841
1081
1406
1469
1576
1521
1543
1644
1627
1568
1283
1083
989
769
624
268
-9
-47
-174
-162
-355
-586
-672
-884
-954
-1105
-1212
-1214
-1210
-1018
-950
-927
-910
-958
-813
-721
-633
-462
-365
-136
73
198
333
362
462
543
582
568
430
362
227
152
27
-162
-245
-307
-222
-185
-203
-235
-285
-250
-286
-291
-360
-370
-297
-291
-251
-290
-259
-197
-136
-92
-32
75
180
266
211
178
88
40
-98
-388
-544
-817
-756
-850
-982
-1009
-1118
-879
-893
-945
-1039
-1123
-952
-986
-875
-892
-770
-495
-354
-42
17
196
378
515
686
631
703
746
851
958
997
1200
1386
1637
1772
1795
1777
1638
1541
1354
1120
867
666
644
705
757
816
929
1099
1305
1436
1473
1511
1496
1527
1522
1502
1516
1522
1597
1655
1745
1575
1123
547
-37
-382
-893
-1443
-1909
-2103
-1955
-1918
-1912
-1993
-1977
-1923
-2139
-2409
-2847
-3121
-3317
-3423
-3277
-3049
-2520
-1883
-1149
-450
2
481
811
1029
981
690
587
627
856
968
1029
1177
1369
1610
1575
1414
1172
798
430
-66
-526
-906
-1201
-1306
-1216
-1016
-779
-480
-262
-100
-130
-226
-225
-250
-236
-386
-410
-236
37
430
644
878
1065
1201
1319
1231
1101
809
515
268
10
-127
-289
-368
-389
-448
-470
-543
-641
-790
-1015
-1207
-1265
-1253
-1199
-1153
-1058
-911
-720
-566
-362
-238
-205
-217
-272
-207
-174
-185
-154
-80
195
420
607
738
819
969
967
968
903
808
747
635
593
584
592
663
699
746
754
795
844
880
824
713
614
565
558
520
471
476
522
610
627
632
595
584
558
527
541
521
592
695
837
993
1059
1145
1228
1249
966
401
-278
-777
-1085
-1509
-1912
-2218
-2083
-1753
-1499
-1318
-1264
-1049
-941
-1049
-1258
-1651
-1832
-1947
-1945
-1731
-1450
-927
-356
187
710
993
1259
1363
1284
1077
697
553
588
718
902
996
1199
1417
1520
1475
1222
917
529
72
-418
-881
-1213
-1432
-1503
-1404
-1236
-1043
-897
-807
-785
-876
-998
-1097
-1141
-1139
-1117
-974
-698
-292
153
507
765
905
994
998
908
754
584
458
405
419
524
685
888
1107
1267
1350
1298
1139
917
635
402
160
-25
-123
-220
-190
-215
-273
-291
-420
-448
-666
-947
-1203
-1454
-1484
-1573
-1580
-1521
-1423
-1176
-1058
-936
-922
-938
-964
-1078
-1105
-1164
-1061
-903
-651
-226
126
567
908
1197
1474
1510
1534
1429
1300
1158
906
779
719
758
862
920
1054
1169
1247
1276
1235
1164
1080
951
851
793
757
767
790
823
898
935
955
933
860
763
571
247
-168
-596
-911
-1156
-1311
-1355
-1253
-1014
-790
-631
-576
-592
-639
-790
-958
-1173
-1271
-1231
-1094
-791
-475
-76
407
858
1296
1499
1529
1452
1260
1027
692
392
243
285
501
700
849
927
895
738
393
-62
-545
-1009
-1398
-1687
-1860
-1895
-1857
-1743
-1608
-1477
-1354
-1316
-1299
-1308
-1330
-1321
-1321
-1189
-942
-599
-193
197
618
980
1248
1384
1372
1295
1151
1006
897
819
789
768
764
782
772
718
596
409
240
52
-134
-329
-526
-645
-736
-785
-781
-762
-691
-668
-669
-688
-721
-728
-783
-833
-850
-786
-662
-493
-295
-104
107
304
469
594
607
602
573
575
561
512
491
499
570
659
716
778
802
776
733
673
581
489
371
275
204
107
35
-51
-157
-257
-395
-514
-643
-764
-852
-935
-913
-834
-737
-579
-449
-270
-88
-5
85
124
140
152
118
120
179
251
334
395
460
560
648
726
753
757
747
683
642
557
463
360
233
168
87
5
-108
-223
-306
-364
-400
-443
-447
-421
-386
-381
-352
-309
-264
-249
-296
-278
-242
-183
-121
-117
-70
-22
40
108
158
222
270
309
334
338
353
336
310
289
262
246
211
136
89
38
17
19
6
31
50
49
64
59
85
51
-27
-99
-183
-215
-257
-289
-295
-327
-348
-377
-400
-398
-413
-430
-456
-444
-410
-384
-377
-386
-374
-339
-314
-268
-234
-176
-110
-28
81
203
325
402
471
543
599
645
616
590
545
477
390
271
191
98
1
-80
-167
-195
-247
-292
-327
-351
-320
-291
-260
-214
-168
-103
-48
-6
43
54
52
31
-1
0
-24
-53
-92
-132
-113
-107
-77
-52
4
107
213
326
413
487
547
605
647
653
629
579
543
492
428
353
256
186
113
42
-8
-59
-105
-138
-169
-166
-164
-183
-183
-207
-252
-308
-393
-446
-506
-565
-619
-675
-693
-716
-744
-757
-787
-794
-791
-785
-741
-712
-692
-643
-591
-488
-379
-285
-170
-29
131
299
458
602
747
890
1010
1090
1147
1173
1138
1084
999
905
821
705
635
553
425
332
240
167
129
55
11
-46
-105
-167
-257
-301
-351
-387
-423
-518
-555
-649
-724
-754
-800
-710
-623
-486
-314
-189
-42
41
104
115
107
84
115
88
44
112
33
147
-41
-214
-172
-276
143
64
65
117
-141
172
-140
-65
86
83
694
624
913
984
784
1043
666
665
526
279
503
270
305
218
25
222
70
27
-138
-449
-467
-731
-938
-1160
-1467
-1499
-1545
-1503
-1364
-1349
-1281
-1263
-1359
-1377
-1489
-1514
-1339
-1134
-741
-416
-154
214
422
672
841
916
1139
1259
1422
1606
1672
1886
2034
2186
2371
2348
2344
2233
2070
1991
1764
1589
1404
1196
1111
919
758
596
330
123
-221
-549
-832
-1160
-1335
-1502
-1615
-1654
-1779
-1825
-1887
-1973
-2007
-2122
-2137
-2126
-2104
-1950
-1797
-1499
-1155
-806
-359
1
333
571
720
918
1050
1182
1267
1313
1414
1476
1520
1533
1475
1458
1396
1303
1193
1004
870
721
579
441
257
123
-28
-224
-463
-765
-1021
-1254
-1478
-1676
-1827
-1858
-1781
-1659
-1519
-1394
-1241
-1091
-935
-801
-688
-559
-430
-256
-116
18
163
306
467
537
589
622
650
690
678
690
713
757
820
880
952
1002
1014
941
867
731
559
364
167
93
49
66
110
180
325
430
489
497
444
380
293
170
83
-13
-59
-56
-41
25
23
19
4
-33
-108
-284
-472
-649
-774
-887
-1017
-1100
-1152
-1105
-1059
-1013
-965
-940
-869
-828
-766
-704
-661
-574
-505
-388
-282
-167
-27
107
261
350
435
510
615
732
840
950
1038
1139
1208
1283
1335
1342
1320
1238
1151
1007
810
580
319
101
-127
-325
-497
-650
-746
-837
-904
-958
-1017
-1030
-1025
-991
-938
-900
-826
-744
-656
-574
-511
-402
-263
-100
52
191
327
478
601
702
779
841
913
957
983
992
970
949
905
864
818
744
666
547
439
310
153
-15
-218
-380
-537
-693
-819
-912
-909
-868
-803
-728
-600
-456
-330
-254
-229
-183
-191
-210
-262
-296
-265
-262
-200
-169
-105
-55
-51
-15
-1
16
-18
-66
-73
-61
-40
-74
-88
-104
-106
-135
-204
-239
-290
-317
-354
-360
-315
-283
-233
-188
-118
-43
-10
32
86
163
230
285
358
464
573
644
699
753
829
888
916
915
896
875
819
762
685
600
516
407
323
243
167
104
33
16
27
40
45
27
31
48
35
-6
-86
-168
-240
-324
-388
-444
-473
-453
-433
-372
-331
-292
-256
-253
-238
-258
-284
-298
-313
-293
-291
-278
-263
-245
-222
-215
-205
-192
-174
-158
-150
-153
-142
-109
-53
23
82
144
177
215
237
222
216
185
185
193
165
158
104
66
34
-14
-21
-65
-81
-93
-103
-82
-98
-103
-114
-133
-155
-209
-267
-325
-400
-491
-583
-675
-719
-773
-813
-835
-844
-786
-737
-656
-555
-458
-307
-183
-46
96
193
293
346
406
466
494
523
520
555
622
703
814
906
1003
1099
1145
1169
1138
1060
973
845
714
578
402
227
7
-208
-416
-642
-834
-1022
-1161
-1258
-1339
-1354
-1350
-1315
-1243
-1194
-1110
-1029
-945
-840
-773
-686
-587
-454
-272
-91
132
352
564
776
940
1100
1213
1272
1303
1310
1302
1278
1200
1115
1020
896
785
640
537
435
330
243
144
94
25
-33
-90
-154
-179
-230
-273
-316
-357
-380
-416
-432
-435
-428
-416
-412
-393
-361
-350
-341
-340
-342
-350
-386
-438
-499
-556
-606
-659
-698
-707
-683
-623
-546
-463
-353
-230
-87
69
220
356
475
585
680
773
849
900
945
984
1030
1052
1070
1070
1054
1030
959
900
825
723
618
472
346
217
85
-41
-193
-323
-456
-599
-733
-873
-980
-1078
-1213
-1300
-1388
-1453
-1454
-1511
-1496
-1431
-1361
-1166
-996
-761
-518
-325
-28
142
409
524
500
705
669
714
726
659
713
696
704
760
826
857
888
930
989
968
1000
1036
955
992
876
785
776
648
628
520
408
350
216
176
54
-60
-99
-216
-242
-329
-420
-451
-560
-637
-727
-822
-888
-986
-1044
-1045
-1046
-1012
-956
-871
-696
-563
-412
-259
-131
24
96
176
253
295
354
369
414
477
506
544
575
631
705
754
815
872
887
896
859
804
742
626
509
370
228
111
-31
-156
-256
-333
-359
-404
-421
-405
-395
-379
-387
-397
-383
-385
-386
-406
-420
-422
-456
-499
-535
-583
-614
-656
-681
-669
-684
-706
-709
-689
-638
-584
-521
-432
-335
-233
-128
-32
75
163
246
334
404
501
581
661
744
810
876
916
922
921
899
881
856
808
777
737
689
638
556
476
363
230
110
-32
-188
-366
-555
-706
-870
-1020
-1140
-1243
-1270
-1282
-1250
-1167
-1080
-955
-835
-693
-542
-422
-296
-190
-98
-13
36
89
154
198
251
289
324
374
394
425
441
453
468
464
485
495
512
523
503
504
501
497
492
461
438
413
367
313
242
165
77
-18
-99
-182
-230
-279
-318
-306
-288
-239
-182
-135
-71
-40
-46
-61
-99
-140
-219
-309
-386
-474
-510
-572
-619
-621
-628
-561
-479
-369
-208
-59
116
276
424
575
668
740
784
802
799
733
636
538
435
344
241
162
128
81
44
-3
-29
-19
-32
-43
-87
-125
-155
-218
-254
-318
-363
-401
-444
-440
-431
-410
-376
-336
-242
-131
-30
79
170
279
384
433
492
522
549
558
513
505
471
428
376
274
215
132
20
-78
-197
-290
-402
-519
-605
-684
-725
-766
-800
-786
-763
-710
-643
-587
-477
-366
-269
-162
-90
6
65
93
140
165
205
225
234
277
316
362
396
411
445
461
441
412
354
296
224
125
52
-21
-88
-144
-214
-278
-341
-395
-431
-472
-498
-505
-518
-499
-473
-447
-399
-379
-334
-281
-256
-239
-255
-277
-289
-329
-369
-416
-453
-460
-479
-468
-438
-408
-350
-297
-212
-102
5
136
265
408
545
671
797
905
1000
1066
1102
1125
1125
1108
1083
1042
1019
1008
1001
1002
972
930
868
786
684
542
382
190
-1
-200
-393
-565
-727
-855
-957
-1030
-1064
-1064
-1024
-962
-883
-793
-691
-583
-487
-406
-327
-251
-183
-119
-48
35
112
193
273
360
451
520
590
644
686
710
703
691
660
611
551
470
408
341
271
211
140
83
24
-27
-62
-105
-119
-142
-175
-187
-214
-215
-227
-255
-266
-281
-282
-283
-295
-282
-287
-284
-278
-281
-253
-237
-232
-203
-188
-144
-109
-85
-30
6
70
137
187
249
271
285
287
270
262
234
195
157
111
89
78
54
48
41
41
54
50
61
54
42
25
-2
-11
-40
-72
-111
-150
-167
-186
-179
-164
-129
-83
-37
26
67
91
94
65
31
-27
-92
-159
-224
-271
-301
-311
-303
-291
-267
-229
-209
-185
-175
-175
-177
-220
-263
-317
-360
-400
-456
-475
-495
-484
-463
-443
-394
-352
-304
-266
-236
-193
-183
-191
-227
-281
-335
-419
-516
-610
-700
-765
-838
-896
-915
-926
-901
-876
-816
-707
-599
-467
-344
-202
-54
57
168
252
337
421
464
519
563
608
662
686
742
775
787
783
726
691
610
517
426
308
230
129
25
-53
-139
-207
-294
-404
-481
-589
-701
-820
-964
-1051
-1151
-1231
-1272
-1300
-1251
-1188
-1088
-933
-770
-565
-371
-179
31
214
395
548
670
798
885
962
1022
1057
1101
1118
1126
1135
1134
1140
1109
1060
1011
947
884
789
680
576
443
310
168
35
-76
-195
-293
-368
-419
-446
-483
-506
-520
-537
-541
-550
-542
-517
-506
-480
-446
-390
-321
-261
-183
-107
-13
96
185
275
345
413
472
511
548
578
604
619
621
637
653
667
686
690
706
717
713
720
705
704
694
683
701
719
764
811
850
898
933
975
998
988
966
913
842
747
620
487
340
179
24
-123
-244
-352
-444
-511
-556
-584
-601
-612
-597
-574
-552
-532
-518
-499
-495
-505
-523
-529
-525
-501
-451
-383
-282
-173
-42
100
237
383
504
622
722
809
886
939
985
1026
1068
1106
1130
1151
1159
1158
1135
1100
1043
967
874
753
610
449
281
104
-81
-274
-470
-651
-817
-954
-1066
-1158
-1241
-1315
-1368
-1413
-1436
-1464
-1492
-1510
-1525
-1513
-1508
-1491
-1456
-1422
-1355
-1290
-1198
-1080
-959
-810
-664
-502
-337
-192
-52
66
155
223
249
256
254
216
171
103
44
14
-24
-43
-70
-97
-110
-144
-169
-211
-261
-318
-397
-462
-522
-587
-645
-707
-743
-763
-786
-810
-848
-883
-913
-947
-977
-1003
-1016
-1010
-998
-963
-908
-839
-750
-666
-563
-461
-371
-266
-173
-66
31
102
187
256
336
402
448
514
577
654
738
808
906
990
1067
1153
1208
1269
1287
1264
1241
1163
1088
977
831
702
542
401
265
131
50
-39
-101
-137
-180
-175
-195
-209
-211
-242
-243
-266
-289
-286
-307
-303
-293
-269
