-68
-55
-59
-62
-93
-84
-91
-74
-54
-81
-65
-65
-69
-95
-82
-71
-86
-68
-87
-76
-89
-107
-89
-75
-56
-49
-57
-55
-59
-72
-63
-79
-85
-94
-86
-83
-64
-45
-49
-47
-43
-24
-50
-55
-43
-57
-56
-86
-73
-73
-78
-56
-73
-40
-28
-40
-41
-32
-18
-27
-45
-42
-28
-35
-30
-17
-6
-1
-39
-18
11
-12
-3
-5
1
8
-9
-13
5
47
51
66
58
66
78
32
55
64
52
77
73
57
74
72
74
55
73
123
95
97
112
114
117
109
134
112
81
94
81
102
149
141
148
130
120
154
111
163
153
146
183
171
176
152
155
156
146
158
166
165
148
155
159
154
154
149
151
148
156
150
124
138
138
117
134
132
139
111
95
97
77
111
109
92
98
119
90
74
92
82
92
65
51
56
33
50
55
50
45
63
6
-3
31
15
12
21
53
21
15
38
1
29
33
19
38
44
79
47
14
29
24
56
64
77
98
100
97
107
78
92
101
76
102
73
44
24
33
37
17
7
-15
-5
-22
-19
-41
-88
-86
-85
-120
-116
-122
-147
-107
-173
-134
-145
-215
-143
-211
-204
-183
-208
-177
-227
-200
-199
-219
-198
-198
-218
-179
-150
-170
-143
-198
-164
-161
-164
-100
-122
-115
-132
-111
-106
-100
-78
-82
-61
-58
-56
-16
-3
16
21
38
32
28
60
50
82
84
99
119
117
144
144
178
183
204
226
209
219
161
156
137
125
113
114
120
84
76
39
25
30
8
9
-37
-37
-61
-110
-133
-168
-198
-199
-223
-258
-268
-306
-330
-333
-388
-403
-432
-478
-468
-519
-568
-562
-604
-639
-645
-668
-678
-699
-709
-742
-755
-768
-782
-781
-852
-846
-865
-875
-824
-847
-874
-877
-884
-891
-907
-891
-894
-871
-875
-872
-900
-936
-937
-913
-898
-889
-857
-878
-853
-818
-821
-748
-796
-741
-699
-728
-655
-687
-639
-616
-596
-566
-549
-523
-479
-409
-357
-324
-264
-237
-196
-183
-144
-143
-99
-69
-113
-55
-108
-100
-142
-170
-144
-204
-180
-225
-247
-352
-396
-431
-544
-543
-637
-684
-682
-769
-760
-798
-819
-769
-790
-780
-705
-663
-593
-541
-424
-315
-231
-119
-38
82
170
278
335
498
537
686
814
875
1079
1103
1237
1371
1494
1695
1776
1938
2030
2186
2288
2429
2631
2704
2900
2992
3144
3276
3409
3627
3735
3944
3984
4101
4200
4253
4437
4439
4530
4564
4583
4632
4608
4624
4606
4519
4452
4345
4287
4164
4060
3967
3787
3672
3444
3270
3116
2905
2702
2466
2207
1958
1691
1360
1111
859
563
345
50
-219
-407
-713
-904
-1182
-1364
-1554
-1801
-1883
-2216
-2264
-2492
-2528
-2565
-2753
-2729
-2904
-2856
-2907
-2925
-2873
-2926
-2824
-2897
-2818
-2773
-2736
-2547
-2568
-2399
-2347
-2240
-2108
-2075
-1868
-1920
-1769
-1696
-1605
-1446
-1421
-1229
-1243
-1106
-1075
-1012
-920
-895
-724
-781
-643
-625
-612
-490
-509
-412
-460
-443
-420
-429
-434
-479
-454
-498
-483
-580
-620
-586
-652
-569
-711
-725
-678
-768
-729
-846
-911
-922
-1035
-968
-1069
-1133
-1150
-1244
-1145
-1322
-1285
-1343
-1399
-1375
-1453
-1384
-1475
-1376
-1407
-1439
-1364
-1429
-1327
-1388
-1389
-1372
-1435
-1389
-1450
-1365
-1392
-1298
-1239
-1256
-1127
-1191
-1086
-1049
-1028
-839
-966
-812
-984
-1451
-1314
-1278
-1009
-933
-722
-566
-405
-178
-66
228
230
531
417
522
244
202
435
354
619
451
799
648
682
759
660
917
982
919
854
861
665
887
839
916
1082
1015
889
503
749
733
993
672
309
1010
449
1067
1100
673
941
979
899
927
1039
719
905
620
779
574
870
623
941
1150
631
1200
956
1166
1076
906
966
1282
636
953
780
583
1231
579
692
346
877
425
526
861
418
651
492
385
507
66
464
703
50
586
262
371
-2
-58
262
-32
279
476
160
243
380
-92
583
-79
481
270
-109
478
-284
334
236
-206
654
113
168
362
48
198
330
212
22
259
4
242
-286
-431
289
-294
111
263
-70
275
-280
-185
357
-125
-99
-127
-278
84
-227
-171
-69
-10
19
-93
-148
-90
-45
-197
10
-67
192
-106
138
312
99
408
-308
179
155
-133
105
-220
268
51
-152
-55
-328
81
-38
-9
-18
-283
19
7
-240
-130
-214
-90
-209
-75
-217
-214
-1
-301
-324
-347
-235
-263
-374
-263
-489
-261
-393
-379
-422
-462
-243
-476
-390
-542
-478
-542
-438
-535
-579
-243
-214
-420
-586
-600
-478
-531
-290
-546
-257
-355
-546
-571
-852
-400
-604
-509
-560
-416
-486
-399
-507
-649
-309
-680
-536
-847
-568
-427
-641
-322
-454
-543
-156
-417
-220
-488
-674
-283
-602
-325
-328
-502
-309
-388
-367
-516
-492
-446
-445
-330
-385
-315
-611
-389
-432
-499
-207
-308
-331
-425
-308
-190
-577
-412
-411
-438
-268
-500
-248
-304
-337
-268
-530
-476
-351
-342
-496
-182
-393
-344
-150
-331
-38
-334
23
-195
-362
-157
-480
-122
-359
-220
-206
-363
9
31
164
-42
162
54
-16
55
-105
60
104
85
146
-116
14
84
9
253
287
276
362
314
209
209
79
191
103
15
225
170
341
210
218
243
62
189
345
256
179
469
127
327
443
189
368
481
383
366
358
473
354
444
367
192
597
408
618
476
570
618
776
489
487
559
552
578
422
592
211
813
536
638
754
586
786
699
795
509
623
531
483
498
482
411
613
562
430
655
442
582
572
553
385
406
385
416
409
135
368
197
125
391
184
358
148
212
238
-13
284
-19
83
-7
-62
38
-77
275
10
109
-30
48
57
-156
133
-218
35
-28
-329
-28
-327
26
2
-230
69
-175
227
44
-163
94
4
-114
82
-80
127
143
-34
334
-95
174
-29
-14
254
-67
115
-155
216
211
121
160
274
406
25
323
162
-53
361
-40
88
115
107
259
-42
243
111
40
96
169
-67
184
190
-50
262
-45
-16
-10
-11
-126
5
-78
-22
-21
31
-95
-111
181
-418
-112
-55
-477
-27
52
-95
-43
-124
-384
9
-213
-170
-56
-364
-56
-241
-249
-243
-304
-56
-313
-208
-168
-368
-366
-247
-243
-276
-125
-152
-201
-70
-166
-344
-243
-141
-493
-377
-241
-481
-125
-437
-130
-335
-468
44
-517
114
-371
-109
-67
-316
86
-223
-40
-211
-456
-235
-63
-638
7
-354
-153
259
-540
234
20
-305
242
114
-313
361
-533
228
-198
-376
670
-474
224
161
-322
280
-79
-203
389
-303
147
186
-187
37
1
233
112
-161
108
-17
-35
191
-114
381
71
-168
308
-434
66
23
-397
199
-280
36
161
-97
403
-14
-195
362
-151
-222
415
-510
-217
261
-131
156
-168
91
65
-341
382
-211
278
61
-47
119
-191
238
-7
260
-208
258
-339
460
67
353
282
-313
507
-493
388
-392
356
140
-21
153
-238
183
104
77
160
321
-190
288
-306
-286
312
-166
240
164
-102
102
-473
477
-152
-400
405
-79
25
156
-172
-84
-211
26
-42
-528
320
-140
144
21
-120
310
-488
-246
-25
-295
218
-19
30
-80
-213
112
-505
370
63
-353
257
-312
204
-14
-327
279
-371
-124
-39
-111
308
-123
26
-228
-34
-14
-291
-290
241
-6
360
-68
-284
400
-187
-125
227
-349
-40
-220
-414
614
-369
479
-11
-298
715
-190
130
221
-535
130
395
-121
72
112
192
-113
83
75
-228
592
17
81
292
-219
356
-99
54
-22
-115
-315
152
453
-244
420
6
246
-301
-104
-147
-120
384
-142
110
45
91
220
169
-185
-86
-189
-264
16
173
-187
450
-199
-204
531
-316
326
3
-372
-58
-112
504
358
292
86
-457
-122
-67
-36
508
178
67
-78
79
569
50
68
267
-413
167
365
38
756
-389
343
388
-622
71
-77
78
549
224
-356
453
418
-42
342
-42
415
253
41
319
-8
63
134
-388
-95
-112
309
-68
181
108
-353
299
403
235
-246
-372
66
491
300
85
-124
-20
-189
-124
-82
-85
100
289
-288
213
-518
77
389
-311
754
-955
-470
289
122
321
94
-346
-301
383
-313
82
-299
-192
481
-191
-354
467
-40
143
310
-763
7
-93
381
-24
-497
-83
372
62
26
7
24
-224
183
638
-344
251
242
-220
77
-253
-204
400
-480
25
110
-689
638
69
-13
373
-146
422
-155
-762
222
-558
82
260
-430
292
-61
-216
-60
-87
133
-288
-107
533
-543
466
196
-530
355
-338
21
-133
16
-437
102
-309
-128
29
-649
-8
-452
-154
-404
260
352
24
236
-267
444
-16
-311
-36
-241
-72
-352
-284
-45
-202
176
-102
14
217
-463
195
-519
-264
238
-280
-212
-188
-15
-53
-478
-59
-163
282
-61
-685
71
-193
-117
-114
337
-313
-549
-177
-118
-407
28
-153
-327
-91
-157
349
-635
349
-120
-89
-98
-336
193
-183
-177
-175
-307
91
-134
-22
171
-698
737
-274
-345
840
-443
155
198
21
-241
65
-106
-225
349
-512
-74
236
-231
-77
-7
-275
10
201
-228
222
24
-5
181
168
204
212
-52
99
29
380
-715
-2468
-2585
-1489
146
467
1548
1531
1419
1042
522
326
-68
-248
484
-249
-436
116
-315
-231
124
-267
125
-112
215
1054
293
726
335
645
170
-220
314
-347
104
92
-326
236
-223
191
688
-316
-38
-300
-322
142
-117
357
131
-139
219
960
276
-326
748
-688
-167
62
-376
117
-434
-117
-363
552
-445
458
579
-510
433
39
-434
401
-345
2
547
-778
78
16
-326
287
-61
-178
316
-173
-38
-460
-451
-74
-17
174
-256
547
-111
326
189
-3
178
-141
118
-396
77
-445
-291
-73
68
73
-64
-214
-208
-4
-361
-115
-28
511
-40
203
346
138
95
45
-216
-372
199
-446
245
-156
53
-90
71
43
-134
532
-449
362
344
120
261
-19
-84
84
-380
-453
-1295
-1901
-1182
-1301
1
625
1539
1349
1296
1392
355
863
-354
-618
-533
-684
33
13
-22
479
785
13
498
176
369
362
29
798
129
466
58
-53
121
-22
-231
-221
311
309
230
-96
478
-115
29
-339
-606
-3
-218
376
209
417
579
-252
529
-61
-244
68
-595
100
-37
-370
-79
-221
6
-61
-271
-97
-464
7
-260
-217
46
-251
12
-258
-142
53
1
-61
-87
131
2
-100
-561
-59
-355
-328
-173
-361
-62
-148
-241
129
245
-86
168
-185
3
123
-333
68
-256
387
129
-122
331
105
634
379
48
879
21
-31
-23
-653
165
-580
-324
-272
-134
160
63
229
341
202
332
113
36
275
-475
-149
-348
-152
93
-328
280
82
80
430
-237
199
-98
-369
50
-246
109
139
71
-86
330
253
240
255
70
313
-18
257
-40
-73
280
-379
-56
-206
-195
145
-159
-33
79
93
154
293
27
-221
-104
-333
-54
-206
-218
-253
-226
148
-428
-236
-282
-503
-144
-361
-344
-212
-34
-106
-164
-312
-410
-262
-404
-374
-303
-486
-354
-328
-88
32
-100
388
-52
441
262
55
803
370
836
597
622
757
609
851
901
943
904
1006
853
961
587
868
1037
993
1319
1135
1305
1368
1402
1455
1309
1292
1427
1371
1451
1125
1196
1278
1141
1109
1153
1315
1210
1256
1162
1138
587
306
-138
-726
-1384
-2284
-2664
-3408
-3974
-4349
-4840
-4719
-4891
-4800
-4406
-4356
-3775
-3603
-3320
-2837
-2746
-2436
-2395
-2367
-2118
-2097
-1911
-1883
-1659
-1414
-1323
-1063
-634
-321
130
380
760
1191
1095
1401
1343
1819
1682
1604
1873
1721
1892
1737
2048
2063
2033
2382
2542
2769
2903
3117
2967
2950
3110
3309
3543
3589
3915
3928
4194
4322
4408
4760
4908
5283
5645
6403
6460
7027
5725
5258
5374
4090
3962
-77
-1199
-1736
-3991
-4987
-8745
-8385
-8227
-10460
-9494
-9758
-6990
-6579
-7075
-3975
-2249
-816
-1201
-1292
1154
797
-209
-492
-783
-257
-1438
-2388
-1048
-898
-709
-901
-269
1982
2507
2802
3380
4178
5546
5151
4228
4232
3389
2617
704
-1322
-1776
-3753
-5405
-6663
-7623
-6981
-7940
-7773
-6542
-5452
-3629
-3265
-1665
-139
510
1319
1218
1902
2071
1220
984
571
460
152
-757
-461
130
641
1150
1584
2850
4015
4807
5495
6272
7164
7503
7524
7574
7923
7610
7379
7055
6869
7350
6690
6826
7401
7392
8794
6513
5942
6236
4718
5103
-217
-1906
-2414
-5385
-7088
-11753
-12188
-11712
-14732
-15253
-15382
-12510
-11965
-12736
-10227
-6359
-4346
-4510
-3788
-892
1301
-601
-689
280
722
335
-2495
-747
223
-688
-822
-1091
2358
3291
3043
4111
5378
7712
7111
6396
6339
5915
4582
1711
-318
-1858
-4459
-8023
-10758
-11459
-12386
-14165
-15149
-13897
-11403
-10069
-8986
-6175
-3134
-922
-71
1326
3470
3458
2814
2044
2327
2189
530
-133
-89
660
1073
1031
2322
3899
5246
6473
7411
9267
10217
10441
10657
11130
11895
11207
10389
10454
10740
10870
9432
9318
9567
10361
8454
5444
5961
4494
4553
-805
-4836
-4111
-6715
-9217
-13723
-15890
-13051
-16279
-18095
-17614
-15089
-12426
-15067
-13032
-7866
-5429
-5049
-6255
-1775
1921
-195
-571
121
2764
2440
-1112
663
2578
2707
1162
780
4546
5995
5425
5082
6698
9373
8479
7243
6892
6850
5799
2196
-251
-1199
-3517
-7517
-11461
-12755
-12948
-15538
-18009
-18179
-15549
-14135
-14086
-11663
-7547
-3928
-2416
-467
3339
5422
5178
4654
5752
6121
4286
2078
1477
1867
1178
307
883
2605
4199
5229
6727
9057
11091
12247
12792
13658
14846
14721
13562
13090
12631
13261
11216
9933
10133
9296
10314
5883
4598
4766
2518
2708
-4273
-6028
-5185
-9230
-9939
-16047
-14897
-12972
-17373
-17238
-17526
-13242
-12382
-15579
-11443
-7137
-4784
-5713
-6037
449
2394
252
503
2539
6157
3887
1533
4927
6650
6477
3913
5339
9238
9176
8032
7494
10227
11344
9096
8000
7486
7710
5405
1682
21
-1205
-3706
-7089
-10679
-11955
-12259
-15251
-16439
-17270
-15713
-13986
-14560
-11636
-8480
-5491
-3068
-1437
2947
5189
5626
6236
7117
8216
6779
4975
4813
4337
3627
2706
2767
4219
4835
6114
7761
9686
11646
13227
14619
15404
16437
16870
16907
16239
14959
15673
14133
13268
11622
10592
11548
6383
5320
3131
2375
1493
-6694
-7422
-7675
-10205
-11836
-18856
-15693
-15001
-18302
-18834
-19167
-13794
-14506
-16893
-12929
-8942
-6472
-8663
-8041
-1559
-316
-1945
-1941
886
4652
2064
1015
4437
6232
5969
3740
6289
9488
9161
7794
7680
10417
10283
8110
7003
6318
5853
2923
-179
-1627
-3757
-6628
-9743
-12298
-13448
-15099
-17491
-18325
-18332
-17049
-16532
-15571
-12795
-9831
-7110
-4993
-1847
1439
3110
4103
5475
6767
6520
5194
4520
4695
3664
2239
2128
2939
3729
3932
5492
7853
9647
10666
12621
14606
15797
15900
15787
16652
16149
15084
14378
13195
13427
11099
10503
9652
5678
5371
1695
1740
-968
-7673
-7961
-10285
-11729
-14273
-20027
-16545
-17604
-19163
-19346
-18783
-13542
-15133
-15230
-10977
-7484
-5206
-7340
-4620
855
996
303
702
4232
6367
3371
4117
7442
8765
7445
6283
10063
12323
11354
10039
11275
13955
12196
10219
9334
9182
7556
3184
1358
-401
-2544
-6994
-10374
-11088
-13256
-14849
-18165
-18529
-16805
-17273
-16336
-15776
-12251
-8768
-7882
-4765
-1462
2239
3146
3285
6046
7303
6661
4315
3716
4986
3374
1097
726
2118
3128
2598
3796
6821
8930
9787
11068
13689
15403
15205
14875
14800
15382
14033
12719
11537
11316
10333
8623
8523
5053
4314
2107
11
-190
-7090
-8821
-10151
-13457
-13915
-20875
-19833
-19338
-22000
-22127
-23131
-18500
-17972
-19576
-16106
-12237
-8873
-9785
-9299
-3229
-1244
-1984
-1922
412
4364
2247
952
4253
6310
6047
3679
6293
9812
9754
8445
8547
12064
11767
9667
8724
8457
8003
4278
1113
500
-2079
-5449
-9256
-11976
-11760
-15153
-16599
-18346
-18779
-15801
-17036
-15052
-13018
-10172
-5563
-5398
-906
2521
4774
6260
6203
9278
9536
7720
6130
5863
6580
4406
2355
3313
4560
5243
5658
7727
11263
12561
13899
16003
18300
19582
18552
18715
18294
18283
16419
14640
13952
13372
12613
11066
11282
7741
7773
5895
4116
3899
-3255
-4619
-6218
-9936
-10379
-18199
-17452
-17534
-20631
-20866
-22187
-17819
-17449
-18907
-14953
-11021
-7514
-8065
-7497
-901
880
452
446
2514
6333
3617
2310
5318
6935
5837
3274
6069
9234
8880
7300
7742
11367
10767
8665
7938
7671
6857
2621
-237
-1095
-3710
-8251
-12328
-14350
-15322
-17726
-20657
-22076
-21625
-19950
-19138
-18414
-15788
-11954
-8356
-6136
-2889
1346
3829
4485
5340
7241
7985
5786
3290
3395
3618
1826
-310
139
2390
3119
3837
6302
9915
12183
12871
15297
17792
18836
17803
16637
16643
16273
13699
12078
10761
10368
10131
7997
9937
6848
5632
5889
3037
5321
-2125
-5872
-5321
-10445
-10049
-18494
-20254
-18061
-22571
-22912
-24543
-20748
-17684
-20690
-17001
-11985
-7543
-6351
-7682
-967
2656
2353
1988
2870
7284
5752
2648
4869
7249
7175
3803
4884
9285
10386
9016
8137
11851
13204
10922
9858
9012
9249
5380
892
-288
-2662
-5824
-11175
-13826
-15215
-16920
-18158
-20890
-20205
-19326
-17530
-15070
-14440
-10000
-6908
-3819
-642
1758
5822
6507
6631
7443
8084
8203
4783
3045
3385
2790
1785
372
2273
4383
5307
7284
10262
13660
15118
15900
17966
19407
19452
17178
15952
15370
13932
11340
10021
9179
9771
8917
8829
10307
6821
8883
6603
6704
5163
-2822
-2752
-6198
-9814
-13107
-21429
-19201
-21629
-25204
-25408
-25601
-20025
-20669
-20453
-14405
-9844
-5791
-6361
-3565
3019
3634
3211
2903
5433
7228
3347
2485
4999
6275
4573
2567
6245
9699
10034
8764
10297
14329
13523
11618
10286
9901
8366
2802
-839
-2756
-6122
-10113
-14830
-16782
-17560
-19973
-20471
-21146
-19830
-18003
-16931
-13569
-11045
-7780
-4646
-2398
882
3326
5019
5765
5557
6023
6073
4902
3083
1914
1961
1613
1092
1568
3398
5436
6915
9059
12266
14857
15845
16258
17703
18280
17254
14724
13314
12503
10820
8303
7782
7761
8411
8814
9211
12738
9293
9425
8986
8608
8513
-2272
-5058
-6575
-11390
-14985
-25400
-24410
-23752
-28315
-28607
-28131
-20845
-18473
-20242
-13736
-6821
-1569
-2234
-2454
4625
6519
4451
2255
3244
6204
2481
-880
1578
4751
4842
1866
4527
10398
12973
11721
11398
15491
16240
13511
10284
8511
6955
1060
-4898
-7616
-10440
-13943
-18750
-20557
-20143
-20404
-19627
-19321
-17040
-14481
-12257
-8704
-6801
-4350
-2183
-768
1281
1875
2779
3176
2567
2023
2034
2639
2040
732
1035
2520
3752
3879
4856
7503
9460
10363
11525
13589
15022
14016
12845
13141
13393
11434
8288
7719
8075
8053
6534
7723
9425
12438
13005
14467
17234
12984
14034
9905
9832
5354
-6218
-8621
-13381
-17032
-22696
-30434
-27202
-26993
-28974
-27009
-24172
-14942
-13741
-13225
-6665
-941
3048
202
-362
4189
3767
799
-1968
-883
1812
-1574
-2467
1067
6431
7797
6673
10644
16483
19594
17238
16110
17914
16633
11592
5815
2427
-24
-7076
-13207
-15731
-16654
-17562
-20957
-20256
-17858
-15607
-13487
-12635
-9389
-7200
-6355
-4719
-4030
-2321
-2584
-3128
-2049
-1362
-195
-147
505
1522
2608
4225
5068
5665
6046
6815
7911
8212
8218
8812
9382
9665
9351
9644
10663
10334
9200
8763
9359
9974
8854
8249
9323
10740
11586
12125
13043
16697
17314
17806
17191
12185
13255
7624
5713
-327
-10326
-12116
-17639
-20127
-23828
-28887
-25840
-25262
-24996
-21470
-19319
-11786
-10442
-9646
-5396
-2712
408
-1735
-3703
-1626
-1722
-1951
-3491
-2854
1092
1386
2562
5136
10807
14445
14238
15139
17801
21065
18601
14143
11527
9612
5997
-835
-6136
-7671
-10601
-14885
-18108
-17265
-14365
-14549
-15644
-13915
-10260
-7666
-8755
-9680
-7275
-6805
-7278
-9091
-8039
-5515
-5708
-5740
-4118
107
3156
3692
4030
6862
9520
9409
7805
6976
7773
6786
4404
3267
3963
4939
3867
3623
5377
8165
9188
8728
9641
11319
12653
11782
11094
11823
12331
12289
11155
12092
13632
15014
14776
15320
13678
10183
9467
5460
4424
-4104
-10562
-12938
-17362
-19655
-24843
-26116
-24127
-24965
-23908
-20701
-16473
-11763
-11522
-9052
-5056
-2781
-1120
-2278
-2406
-963
-1723
-755
-716
1230
3720
4199
6953
9741
13966
15921
16348
16688
17097
17624
15057
11533
7466
3817
172
-4762
-8452
-10805
-13187
-15085
-16616
-15779
-13412
-12457
-12130
-10564
-9426
-7033
-7764
-8016
-7183
-8049
-7143
-8227
-7022
-4709
-3532
-1921
-428
2904
6314
7493
7957
8762
9354
9031
7366
5611
4589
2954
1499
697
802
1941
2506
3904
5166
7416
9076
10380
11082
11266
11857
11147
10917
10512
10492
10694
10007
11380
11971
14345
15817
16836
16727
11317
11187
7793
6197
-893
-10135
-13245
-17578
-21053
-25385
-27257
-25156
-24427
-25106
-20994
-15969
-10613
-8893
-9086
-5157
-2964
-2049
-2255
-4489
-2657
-3716
-3544
-1984
-185
4763
5654
8363
11330
15790
19268
19066
18579
17077
16176
12770
8243
4116
-252
-4393
-9442
-12588
-13277
-13610
-14300
-15037
-14052
-11402
-9079
-8762
-7681
-7538
-7272
-8116
-9945
-8870
-9510
-9417
-9835
-8960
-4843
-2139
790
2862
5797
9311
10409
10797
10491
9999
7950
4740
2263
1065
121
-1735
-2616
-1967
514
2415
4344
6405
8787
10628
10784
11536
11365
11485
10039
7944
7598
7650
8407
8526
8841
11521
13435
16218
18050
20037
20725
14504
11870
7444
5348
-1789
-12348
-16972
-20894
-24090
-27776
-28215
-24697
-21945
-22376
-18587
-12827
-7285
-4924
-6560
-5002
-4245
-4807
-4691
-7457
-5828
-5578
-5012
-1993
697
8261
11703
14294
16362
19095
22110
21111
18396
14566
10859
6034
835
-3421
-6466
-8659
-11546
-13104
-13120
-10737
-8471
-8076
-7673
-7721
-6318
-7030
-8054
-8960
-10704
-12097
-14221
-13780
-11828
-9760
-7139
-5131
-950
3154
7006
9690
11200
12302
11118
9261
6844
5312
3097
-264
-3100
-4260
-3252
-2386
-1272
396
2833
4998
6655
8163
9280
9953
8949
7123
5661
5107
5476
4658
4035
4899
6648
9417
11665
14037
17438
19146
20782
21409
21511
21021
13362
8335
2880
-882
-6856
-16105
-19053
-20805
-22347
-25156
-24333
-19279
-15030
-15501
-15334
-10979
-7503
-6108
-8746
-9871
-8400
-9640
-8312
-9241
-6639
-2066
228
4479
6358
12508
17492
19085
18487
16731
16738
14435
10463
6251
3481
199
-3607
-5454
-5873
-4732
-5135
-5443
-5629
-5729
-4860
-6161
-7635
-10072
-11623
-13042
-15853
-15699
-14871
-12491
-11777
-11027
-6564
-2117
2344
4143
6180
8280
8892
8473
7363
6588
4981
3074
220
-1119
-790
-315
379
-394
923
2499
3149
3816
3577
4559
3847
2131
1193
1324
2245
1860
1291
2040
3928
6085
7690
9496
11561
14002
14931
15891
16539
18165
18668
17762
17139
16359
15483
8803
5277
1403
-154
-5567
-13846
-15815
-16813
-17470
-21575
-22766
-18916
-16250
-16112
-16959
-14006
-10583
-9196
-9230
-10082
-7863
-7796
-5413
-5168
-3760
34
2179
5691
6486
10307
14020
15150
14537
13229
14049
12705
9637
6397
4551
3501
214
-1937
-3964
-4035
-4272
-5912
-6871
-8878
-8536
-9269
-10931
-12058
-12839
-11734
-12696
-12767
-10864
-8276
-5776
-5580
-3073
-114
2482
3887
4076
5760
5893
5970
4989
4263
4310
3689
3143
1625
1257
1729
1865
1343
197
666
542
-189
-1264
-1642
-482
-934
-1027
-839
691
2760
3480
4812
6226
8139
9906
10546
11617
12719
13955
14256
14316
14550
15705
16230
15862
16128
15734
16285
10482
6143
2505
141
-2818
-12061
-15797
-17790
-17547
-20105
-23292
-20612
-17555
-15416
-16090
-15045
-11880
-10497
-9752
-10854
-9392
-8745
-7300
-6037
-5263
-726
2619
7305
8486
10210
14020
16341
17266
14003
12218
11245
8602
5577
2160
1127
-206
-1940
-3268
-3911
-2978
-3288
-4063
-6430
-7670
-8359
-9837
-11772
-14242
-14226
-13372
-12611
-11643
-9643
-6044
-2960
-1116
1054
3364
4887
5234
4756
4454
4183
3245
2205
1043
767
1498
1639
1591
1123
1251
1867
1598
599
-440
-1009
-1373
-2448
-3079
-2184
-743
388
1296
2784
5212
7545
8638
9709
10195
11371
11943
11561
11819
11909
12973
13500
13523
14503
15293
16840
17419
16651
16270
10819
7131
1853
-1749
-5312
-13270
-17037
-20320
-19827
-20750
-22374
-20027
-17401
-14348
-13586
-12672
-10444
-9508
-8818
-9706
-8723
-8151
-6253
-4901
-3446
274
3242
8559
10968
12347
13454
14209
15866
13839
10602
8204
5975
4541
1702
320
-217
89
-545
-1770
-2018
-2745
-2959
-5640
-8131
-10344
-12288
-12778
-14202
-14520
-13759
-11608
-8104
-5964
-3991
-1671
667
2520
2751
2218
1746
1475
594
16
-458
258
1185
1278
2064
2541
3657
4076
3141
1880
272
-807
-1585
-2969
-3796
-3798
-2995
-1361
196
2016
4295
6210
7975
8629
9098
9596
9400
9238
8815
9031
9851
10833
11661
12719
13885
15742
17116
17146
17428
16049
15757
11039
4751
439
-4833
-5573
-12359
-16639
-19036
-18403
-15541
-16914
-16569
-15389
-12170
-10065
-10538
-11172
-11868
-10749
-10882
-11007
-10686
-9422
-4862
-3460
129
1922
5782
10699
11704
12331
9918
10314
11035
8747
5879
2598
2443
3374
3231
2308
1435
2628
2734
2202
-593
-2654
-4355
-6900
-8833
-12199
-13228
-13044
-12321
-10650
-10530
-7779
-5028
-2214
-836
-1868
-1178
-1277
-68
-1235
-2675
-3029
-2374
-143
440
1379
1994
3080
4323
3788
3113
1414
541
-302
-2097
-2928
-3619
-2237
-1206
128
1282
2664
5228
6502
7046
6485
6144
6408
6130
5895
5406
5241
6564
8147
9885
10964
12106
13273
14139
14690
13782
13045
11817
11335
10351
9001
8308
3711
1715
-1800
-3191
-4407
-8517
-10039
-12833
-11974
-12403
-13587
-14371
-15131
-13931
-13100
-12380
-12383
-12779
-11654
-11019
-9254
-8593
-6746
-4678
-2817
59
638
2962
4537
6572
7319
6572
6879
6766
7176
6947
5332
5079
5349
6237
6445
5587
4501
2993
2296
681
-1208
-3809
-6072
-7330
-8435
-8961
-9799
-9933
-9002
-7855
-6376
-5652
-5062
-4576
-4894
-4968
-5560
-5829
-5539
-5176
-4463
-3705
-2562
-778
879
2297
2883
3265
3877
4177
3945
2969
1933
1301
1458
1738
1857
1948
2175
2969
3908
4363
4708
4447
4570
4807
4674
4876
4389
4560
5008
5539
6463
7161
7851
8746
9194
9906
10308
10733
11192
11671
11739
12225
12269
12695
12309
8747
6566
1574
-272
-3193
-7370
-9482
-12735
-12068
-11647
-11821
-11626
-12693
-12349
-11139
-10700
-10427
-12008
-13148
-13719
-12936
-12277
-11461
-10454
-8122
-4355
-1425
1713
3288
5034
6429
6849
7538
7482
7210
7452
6777
7520
7749
7783
8615
8377
8744
7872
6214
4611
2250
-250
-3017
-5895
-7617
-8693
-9280
-9529
-9571
-9565
-8945
-8520
-8031
-7646
-8041
-7714
-7703
-7093
-6452
-6304
-5228
-3995
-2199
35
1401
3040
3783
4280
4628
4075
3696
2921
2516
2731
2959
3347
3823
4264
4863
5115
5079
4885
4484
4015
3508
2794
2547
2246
2298
2874
3455
4386
5174
6111
6734
7101
6674
5615
4605
3539
2829
2301
1877
2135
2582
2945
3442
3878
4297
4140
4137
3193
1887
203
-1652
-2756
-4590
-5418
-6552
-6598
-5566
-5095
-3816
-3234
-2702
-1964
-2201
-2450
-3281
-4077
-4614
-5138
-4819
-4628
-3663
-2675
-1804
-557
-77
271
2
-690
-1232
-2503
-3476
-4310
-4954
-4846
-4684
-4156
-3302
-2539
-2004
-1537
-1598
-1736
-2153
-2690
-2941
-3046
-2588
-2189
-1368
-399
540
1602
1938
2203
2082
1744
1572
1134
1012
1149
1474
2205
2952
3619
4196
4432
4428
3999
3187
2280
1318
515
-175
-494
-442
-98
509
1135
1783
2198
2208
2027
1575
948
220
-605
-1171
-1558
-1647
-1507
-1287
-1031
-863
-763
-759
-938
-1233
-1610
-1927
-2155
-2234
-2185
-2063
-1890
-1665
-1515
-1541
-1633
-1843
-1947
-2072
-2197
-2121
-1750
-1244
-509
169
817
1515
1945
2375
2549
2504
2391
2230
2146
2119
2181
2342
2467
2622
2603
2583
2441
2024
1567
950
507
138
-139
-276
-381
-304
-175
-61
-24
-32
-99
-328
-560
-786
-852
-777
-706
-422
7
478
1010
1499
2024
2461
2714
2996
3196
3448
3599
3705
3793
3745
3720
3541
3240
2747
2124
1539
972
461
108
-145
-322
-437
-426
-330
-354
-520
-875
-1265
-1788
-2418
-3079
-3678
-4160
-4618
-4808
-4808
-4583
-4322
-4092
-3773
-3439
-3041
-2776
-2633
-2468
-2370
-2191
-2110
-2023
-1871
-1780
-1592
-1395
-1036
-539
-68
477
1023
1565
2064
2387
2722
2881
2918
2836
2616
2465
2205
1987
1845
1700
1685
1590
1537
1507
1349
1193
844
472
102
-282
-634
-1049
-1378
-1632
-1778
-1878
-1968
-2013
-2045
-2089
-2154
-2180
-2192
-2211
-2261
-2249
-2149
-1983
-1761
-1499
-1079
-694
-295
100
504
911
1151
1366
1554
1755
1933
2047
2200
2387
2579
2766
2954
3132
3292
3369
3363
3243
3086
2898
2582
2211
1787
1419
1135
806
519
152
-107
-365
-717
-970
-1233
-1338
-1501
-1602
-1638
-1685
-1650
-1679
-1658
-1638
-1639
-1603
-1609
-1642
-1624
-1619
-1451
-1253
-1002
-469
-21
787
909
797
823
628
1435
2060
2604
3292
3693
4356
4651
3871
2266
368
-785
-1189
-1027
-668
43
1294
2403
3112
2809
1408
-327
-1959
-3321
-4145
-4819
-4791
-4366
-3566
-3451
-3977
-4199
-4668
-3775
-3357
-3090
-2708
-2502
-1412
-1294
-1609
-2516
-3435
-2561
-1436
-334
1055
1529
2812
2902
1228
-395
-2521
-2576
-2281
-1839
-520
476
2765
3949
3349
3006
1686
1788
1938
1051
357
-619
-62
651
624
59
-643
-208
573
792
549
-156
-189
254
-53
-815
-1096
-583
608
930
614
417
551
1276
805
-100
-697
-491
442
840
966
1246
2136
3495
4382
4662
4595
4987
5466
5465
5064
3607
2853
1911
1402
627
-795
-1431
-1810
-1434
-1594
-2301
-2506
-2653
-2361
-2895
-4021
-4319
-4488
-4461
-4818
-5354
-5043
-4348
-3800
-3672
-3859
-3497
-2970
-2339
-1717
-1498
-904
-11
1004
2096
2759
3348
4269
4889
5066
4745
4540
4659
4274
3601
2697
2411
2578
2360
1896
1389
1005
416
-257
-1156
-1658
-2191
-2827
-3324
-3427
-3121
-3106
-2961
-2853
-2537
-2277
-2300
-2226
-2092
-2163
-2404
-2485
-2048
-1548
-1139
-762
-310
274
589
765
930
1108
812
427
371
602
996
1285
1669
2261
2667
2727
2742
2861
2799
2282
1801
1568
1808
1934
2153
2572
3169
3899
4127
4508
4686
4752
4527
4181
4165
4440
4688
4809
3942
2281
953
-183
-233
-1612
-3462
-4850
-5247
-4932
-5901
-6597
-6486
-5850
-5862
-6984
-7508
-6739
-6154
-6543
-7273
-6671
-5054
-3934
-3660
-3413
-2347
-823
21
544
1493
2200
2690
2726
3157
4328
5224
5787
6078
6320
6416
6276
6314
6069
5226
3920
2786
2349
1828
903
-42
-423
-622
-1298
-2135
-2637
-2742
-3147
-4124
-4892
-4958
-4725
-4855
-5102
-4951
-4396
-3930
-3827
-3723
-3446
-3186
-3550
-3850
-3856
-3382
-2732
-2537
-2072
-1418
-401
489
1012
1459
1532
1496
1294
987
787
444
111
-121
-204
-36
230
614
1139
1378
1502
1759
2069
2473
2496
2452
2602
2883
3205
3252
3336
3442
3330
2981
2614
2478
2489
2376
2189
2174
2457
2929
3267
3564
3873
4174
4463
4503
4570
4638
4619
4580
4599
4856
5305
5382
4370
3208
2316
2369
2381
1463
654
254
747
606
-78
-324
-69
185
-780
-2119
-2652
-2467
-2640
-3601
-4380
-4017
-3213
-3065
-3417
-3523
-2882
-2226
-2324
-2471
-2245
-1898
-1764
-1963
-1530
-687
137
532
485
779
988
1217
1234
993
759
357
128
9
-34
-107
-301
-526
-862
-1330
-1846
-2182
-2423
-2774
-3208
-3531
-3412
-3167
-3112
-3176
-2987
-2668
-2503
-2750
-3162
-3328
-3303
-3204
-3207
-2910
-2510
-1923
-1526
-1245
-864
-502
-193
-298
-588
-886
-1008
-1061
-1082
-1094
-926
-658
-566
-552
-612
-634
-590
-769
-953
-1145
-1218
-1022
-830
-407
-73
375
920
1282
1665
1803
1938
2048
2000
1994
1978
2130
2379
2588
2876
3088
3274
3307
3214
3094
2884
2646
2318
2128
2037
2024
2011
2102
2308
2515
2465
1668
562
-527
-1018
-1130
-1624
-2165
-2437
-1884
-1227
-1175
-1265
-1019
-394
-318
-1162
-1987
-2043
-1600
-1697
-2473
-2869
-2566
-2206
-2611
-3572
-3894
-3466
-3186
-3444
-3809
-3415
-2467
-1798
-1531
-1144
-289
503
612
247
56
243
524
359
60
26
358
854
1028
1225
1464
1774
1733
1324
1009
808
818
583
261
-24
-123
-76
-80
-191
-468
-728
-980
-1251
-1664
-2003
-2089
-2071
-2055
-2135
-1982
-1489
-934
-471
-199
246
812
1167
1296
1252
1444
1669
1673
1494
1348
1460
1557
1469
1312
1320
1461
1522
1321
1024
853
791
729
507
308
154
68
43
-14
62
186
354
527
761
1080
1513
2081
2578
3063
3452
3845
4218
4466
4580
4553
4493
4305
3930
3427
2941
2538
2088
1550
1038
642
352
47
-171
-268
-330
-352
-450
-420
-445
-524
-711
-957
-1225
-1664
-1969
-2306
-2414
-2523
-2492
-2262
-2033
-1758
-1582
-1182
-856
-622
-585
-552
-456
-368
-353
-428
-400
-430
-423
-495
-639
-762
-852
-882
-970
-1102
-1162
-1104
-973
-910
-828
-634
-365
-98
108
233
392
506
585
564
436
340
196
149
24
-94
-123
-175
-207
-279
-382
-395
-425
-480
-580
-783
-927
-1091
-1210
-1308
-1432
-1393
-1281
-1033
-698
-352
82
561
1053
1460
1745
1975
2164
2280
2277
2248
2271
2294
2207
1988
1774
1638
1507
1232
856
436
-8
-390
-738
-984
-1180
-1305
-1395
-1545
-1625
-1701
-1692
-1790
-1978
-2096
-2092
-1991
-2027
-2053
-1972
-1812
-1637
-1512
-1260
-895
-599
-316
-12
425
843
1032
1126
1119
1182
1151
1008
908
706
622
435
368
347
283
275
191
309
308
290
283
291
374
297
309
372
454
450
357
446
603
707
651
564
615
789
928
912
813
640
559
408
127
-164
-478
-589
-687
-860
-1013
-1071
-913
-736
-639
-559
-426
-193
35
185
356
507
708
806
832
915
919
992
940
865
843
779
755
635
489
380
207
115
30
-46
-138
-353
-485
-566
-634
-754
-955
-1101
-1159
-1301
-1427
-1589
-1673
-1689
-1762
-1708
-1619
-1456
-1272
-1071
-782
-591
-516
-474
-339
-191
-226
-421
-587
-532
-413
-383
-419
-379
-171
53
142
157
91
100
140
149
172
150
188
310
473
632
736
859
1079
1289
1463
1564
1686
1876
2039
2098
2042
1908
1761
1601
1371
1080
709
398
215
31
-170
-452
-667
-779
-891
-975
-1099
-1147
-1176
-1191
-1132
-1053
-971
-906
-829
-663
-481
-302
-149
-68
23
65
142
213
193
234
264
402
508
576
732
902
1144
1296
1334
1333
1268
1124
909
594
302
12
-262
-478
-665
-777
-887
-971
-1011
-1009
-967
-943
-950
-970
-984
-971
-895
-867
-839
-831
-856
-856
-953
-1069
-1215
-1370
-1510
-1626
-1651
-1622
-1543
-1407
-1168
-872
-602
-348
-101
173
394
530
629
735
856
953
1039
1170
1370
1614
1874
2137
2423
2660
2782
2840
2820
2728
2512
2155
1786
1369
881
389
-26
-343
-659
-964
-1160
-1198
-1187
-1179
-1184
-1167
-1148
-1146
-1138
-1197
-1254
-1313
-1281
-1216
-1148
-994
-761
-477
-235
-8
278
544
704
793
870
968
1038
1080
1176
1319
1467
1505
1486
1466
1388
1242
921
572
218
-159
-505
-831
-1022
-1143
-1218
-1164
-1022
-832
-650
-500
-317
-212
-227
-260
-332
-438
-658
-899
-1048
-1179
-1272
-1326
-1308
-1253
-1218
-1167
-1075
-1015
-1056
-1135
-1205
-1210
-1248
-1300
-1268
-1189
-1009
-837
-613
-260
90
427
686
974
1305
1554
1740
1928
2212
2478
2611
2699
2830
2952
2973
2892
2803
2651
2347
1948
1567
1179
734
237
-190
-514
-810
-1060
-1261
-1376
-1492
-1620
-1742
-1857
-1952
-2056
-2141
-2198
-2220
-2141
-2025
-1863
-1662
-1416
-1041
-648
-230
161
540
963
1325
1562
1715
1818
1939
1928
1742
1546
1442
1354
1182
929
753
655
472
322
159
40
-138
-376
-497
-583
-668
-805
-912
-907
-890
-875
-892
-910
-916
-934
-928
-925
-924
-962
-943
-892
-834
-759
-705
-605
-521
-424
-347
-292
-291
-391
-471
-528
-519
-507
-496
-389
-239
17
289
638
1015
1293
1584
1854
2104
2240
2203
2179
2142
2065
1954
1809
1778
1687
1588
1515
1432
1320
1069
808
562
289
-31
-372
-697
-1025
-1336
-1611
-1809
-2013
-2217
-2364
-2464
-2496
-2526
-2487
-2394
-2234
-2016
-1730
-1363
-944
-481
-41
368
734
1074
1323
1393
1380
1309
1285
1230
1098
984
871
823
728
629
541
444
346
196
77
-52
-191
-365
-538
-694
-871
-1020
-1142
-1209
-1245
-1302
-1321
-1277
-1202
-1077
-958
-787
-586
-390
-167
39
262
440
536
575
555
522
451
350
231
116
45
-30
-68
-106
-102
-67
-59
18
120
288
449
565
712
845
953
1002
1003
1023
1064
1060
1019
982
976
1049
1117
1194
1279
1375
1459
1471
1402
1251
1031
704
335
-55
-385
-678
-940
-1098
-1154
-1097
-999
-882
-735
-597
-527
-503
-506
-519
-557
-629
-605
-527
-403
-288
-122
133
338
473
542
623
688
658
532
372
217
45
-107
-245
-347
-413
-516
-568
-649
-716
-796
-939
-1080
-1254
-1407
-1524
-1648
-1670
-1602
-1481
-1275
-1061
-775
-467
-220
48
297
509
664
686
747
834
892
929
928
1005
1126
1159
1178
1166
1155
1092
886
677
464
236
-24
-282
-453
-582
-713
-794
-800
-756
-696
-661
-621
-547
-490
-422
-388
-356
-273
-150
-2
91
170
268
388
485
550
637
700
730
717
727
795
826
878
939
1039
1149
1173
1184
1159
1097
983
780
565
335
99
-151
-386
-565
-697
-786
-863
-855
-798
-711
-666
-689
-698
-676
-660
-733
-850
-899
-893
-898
-957
-981
-911
-811
-788
-802
-746
-669
-634
-664
-652
-544
-479
-446
-393
-246
-44
65
186
345
567
760
871
973
1071
1137
1125
1073
1013
995
949
913
945
1006
1067
1047
977
933
868
747
556
314
73
-183
-401
-590
-754
-878
-981
-1014
-999
-955
-879
-808
-772
-731
-678
-620
-587
-572
-507
-421
-317
-204
-122
-17
93
239
375
473
614
773
945
1056
1138
1249
1302
1290
1194
1073
940
719
496
271
73
-125
-338
-461
-570
-645
-692
-734
-744
-784
-816
-816
-838
-866
-909
-946
-940
-915
-864
-810
-803
-772
-730
-662
-576
-530
-468
-395
-276
-136
-41
1
-2
-25
-36
-76
-141
-238
-328
-399
-434
-393
-320
-201
-81
92
323
573
772
914
998
1050
1044
984
953
953
961
971
1008
1121
1209
1260
1289
1281
1227
1052
856
664
459
251
29
-126
-260
-409
-511
-616
-687
-772
-873
-921
-976
-991
-1005
-1004
-938
-829
-649
-458
-247
-29
208
428
601
717
798
848
858
850
810
781
777
762
708
638
586
552
475
352
248
174
44
-127
-300
-433
-577
-786
-979
-1109
-1222
-1332
-1432
-1488
-1464
-1399
-1266
-1083
-866
-628
-384
-122
128
314
449
524
565
566
531
511
480
479
469
506
572
598
614
607
602
577
505
388
262
75
-91
-232
-380
-500
-619
-662
-702
-755
-790
-734
-693
-688
-652
-504
-220
-187
-100
162
489
670
717
816
843
836
734
716
634
491
327
294
363
432
492
482
642
869
995
993
1018
1038
917
689
463
341
133
-179
-467
-642
-773
-925
-1080
-1171
-1178
-1216
-1217
-1097
-907
-756
-649
-523
-347
-194
-125
-120
-206
-299
-468
-671
-797
-877
-936
-1289
-1519
-1334
-1005
-810
-681
-431
-219
-34
110
324
405
296
140
62
-9
-104
-112
-88
-63
-61
-31
138
323
427
489
555
580
564
586
614
591
485
413
383
329
309
323
315
258
179
146
123
83
17
-36
-54
-52
-14
24
29
52
88
157
257
337
353
400
470
594
727
768
763
795
871
916
934
998
1069
1032
1014
1016
1089
1125
1060
983
809
611
362
103
-148
-407
-625
-838
-963
-1060
-1072
-977
-876
-812
-733
-668
-693
-694
-732
-791
-919
-1067
-1134
-1156
-1203
-1139
-977
-839
-695
-493
-238
-48
59
113
123
39
-117
-256
-385
-545
-707
-787
-777
-723
-670
-580
-407
-207
-3
142
285
411
462
535
572
590
557
493
463
438
464
485
525
615
682
729
775
808
813
708
536
403
305
186
44
-73
-192
-298
-387
-416
-369
-319
-275
-219
-73
102
289
450
661
985
1177
1247
1324
1509
1630
1516
1397
1325
1191
914
730
713
578
368
238
196
166
45
-108
-229
-365
-611
-908
-1089
-1265
-1484
-1627
-1666
-1734
-1841
-1850
-1742
-1635
-1589
-1514
-1388
-1213
-982
-666
-241
113
426
704
946
1240
1431
1496
1427
1312
1202
1006
815
605
373
159
-31
-120
-93
-27
-56
-155
-258
-241
-254
-398
-491
-588
-712
-810
-805
-763
-772
-763
-769
-706
-485
-256
-104
38
207
292
308
369
467
497
378
205
86
11
-17
-117
-255
-352
-406
-395
-354
-336
-330
-302
-229
-123
-48
45
176
284
378
505
686
848
865
890
960
957
902
841
764
639
556
564
605
697
750
727
715
783
803
670
390
59
-255
-601
-932
-1255
-1554
-1800
-1983
-1993
-1844
-1611
-1392
-1206
-962
-669
-420
-260
-174
-124
-90
-61
1
103
242
367
519
662
818
983
1065
1060
978
907
799
629
460
275
68
-121
-226
-264
-311
-406
-477
-537
-537
-541
-592
-599
-621
-615
-581
-475
-318
-180
-56
67
190
282
318
300
259
223
192
151
105
109
153
226
303
437
550
588
569
517
508
420
292
132
2
-78
-136
-116
-80
-32
29
99
210
292
326
331
340
366
390
410
459
527
601
656
660
629
561
460
292
88
-139
-410
-642
-827
-994
-1097
-1174
-1191
-1160
-1082
-973
-890
-788
-718
-659
-608
-576
-534
-481
-424
-378
-324
-233
-111
20
141
245
372
506
634
742
822
841
825
784
678
563
390
193
-5
-221
-406
-605
-735
-805
-804
-826
-835
-784
-692
-630
-565
-418
-299
-210
-190
-129
-6
99
184
261
368
481
559
658
794
905
902
860
875
892
865
809
714
598
442
314
176
-5
-250
-515
-686
-834
-913
-962
-946
-872
-734
-545
-343
-119
91
254
364
447
494
497
462
388
343
318
245
233
281
357
392
425
524
594
576
498
451
435
297
108
-55
-170
-277
-413
-542
-631
-667
-717
-727
-714
-662
-577
-484
-386
-252
-71
95
217
357
478
551
593
597
589
567
535
484
428
362
274
228
194
131
38
-20
