-45
-47
-52
-49
-43
-34
-31
-27
-18
-20
-15
-22
-34
-47
-54
-64
-72
-67
-77
-75
-64
-49
-29
-18
-14
-2
2
5
11
10
2
-4
-2
2
5
13
23
33
38
50
64
64
62
59
47
37
29
15
10
5
3
19
24
28
32
21
18
15
17
10
3
-1
-14
-12
-15
-5
-8
-3
12
20
34
43
56
63
77
80
85
91
86
90
81
82
72
67
55
38
36
21
14
11
-10
-20
-22
-21
1
-2
-2
7
7
22
16
10
13
7
0
-4
-1
-18
-32
-24
-22
-28
-20
-14
-10
0
0
16
24
7
4
-6
-9
-21
-42
-47
-59
-55
-45
-30
-18
-8
1
1
11
9
6
7
6
12
16
22
17
20
24
26
29
33
29
14
18
-1
-14
-16
-42
-60
-70
-76
-75
-80
-80
-64
-67
-61
-53
-54
-52
-64
-69
-61
-60
-62
-66
-58
-50
-54
-47
-42
-34
-27
-36
-26
-18
-27
-25
-29
-40
-31
-33
-25
-22
-11
-8
-1
14
11
13
7
8
11
10
12
15
14
11
8
17
21
10
5
6
9
13
4
-1
-4
-2
4
3
8
5
13
30
46
54
62
73
78
80
80
88
78
81
68
57
67
43
51
39
33
37
19
21
20
14
7
-2
-2
-4
-5
3
-25
-10
-7
-32
-15
-36
-38
-9
-23
-7
-4
-17
15
2
-2
0
18
32
17
16
29
16
13
3
-8
1
-26
-18
-16
-12
-18
-30
2
-13
-19
-14
-40
15
-5
-45
13
4
-12
11
-14
20
21
-26
15
9
32
41
3
42
22
16
8
-3
9
-33
-21
-21
-30
-31
-43
-27
-12
-70
-24
0
-49
-20
-60
-22
-34
-77
-34
-71
-38
-49
-49
4
-68
-32
32
-2
-19
-26
3
52
-33
-67
21
-2
13
-23
-25
9
51
43
-38
45
12
-52
-47
-95
-94
-95
-113
-67
-73
-76
-32
-45
-6
-3
3
62
-21
17
86
61
108
93
56
70
117
88
57
53
55
83
34
-28
-1
31
-28
6
12
-43
43
-1
6
-15
-46
40
-38
-36
-38
-3
74
28
19
51
40
53
19
-11
82
33
21
11
-7
62
-23
7
0
-20
15
1
36
-21
-24
16
17
-15
-81
-132
22
-68
-76
51
-81
33
5
-33
55
-30
-17
-29
4
131
136
86
88
57
49
87
47
97
-50
-31
123
119
27
-20
182
12
74
170
-414
-284
383
-187
-130
121
-296
289
-203
-138
180
-120
257
-231
-147
39
-7
145
-16
-118
201
-63
-21
152
-178
431
320
28
47
213
560
-1105
-375
234
-92
621
-446
-332
-162
95
410
73
-185
-418
-225
-7
-110
-455
364
1117
682
-1716
-1284
1219
557
-596
-1304
675
1299
-655
-295
255
-50
-34
265
186
-436
-220
411
-146
-337
362
274
51
-176
-379
223
292
242
-46
-125
247
134
-14
-118
128
294
-91
-66
368
137
-17
81
117
70
-200
-58
40
-217
-136
-44
89
47
-10
-13
4
-19
-149
-134
-50
-214
-48
27
73
-31
43
-19
55
-91
-78
270
-397
471
-505
229
151
1423
-1081
-2181
2398
-842
-80
1827
-1058
-352
1372
-152
261
-1258
4
1454
-1207
124
314
-358
484
-648
152
232
-485
116
-689
-306
129
140
333
-67
-434
136
-366
178
-394
-238
957
-708
-34
355
-408
227
-178
-63
89
521
5
-681
124
691
-385
788
-169
-2461
3001
-451
-1760
1342
-720
255
490
-431
-77
-178
-44
9
-401
-27
-90
-16
-98
-499
260
70
-416
138
-318
3
144
-73
-33
-233
160
125
-159
-21
32
-30
-11
-100
216
98
52
190
22
186
-9
83
239
-85
-14
87
-17
-51
-90
-42
43
17
26
155
197
107
-12
-304
-32
48
-27
67
-123
-82
70
59
33
45
44
64
96
85
104
106
19
-5
-13
6
-32
-6
-7
15
165
208
144
83
32
50
64
27
124
75
8
21
-35
28
-30
-78
-118
-149
-149
-178
-158
-175
-250
-237
-134
-194
-142
-135
-161
-90
-67
-43
3
-60
-54
21
21
78
71
62
95
116
192
219
254
269
240
227
117
244
264
230
339
229
278
-53
-116
-295
-165
-121
140
-94
-463
-2472
-3637
1560
1013
1090
-334
-1475
-704
-5607
-3854
-2589
-1227
1304
355
699
414
244
1518
35
-1763
453
1291
2317
-924
-2834
136
-5102
-128
-423
-1093
3211
589
2086
2331
3342
2064
2034
43
-337
394
653
1560
-1608
1785
-2316
-50
2225
-1603
1108
-740
12
1476
-2303
-345
-1230
-1957
457
-929
-634
-175
-3025
-1779
-339
-848
1290
-258
2074
614
-877
1961
-3970
-294
-551
38
2716
1296
-440
-1573
-268
-490
808
2077
1582
661
3540
2135
2602
3619
-321
1044
1156
3492
2122
1498
2629
-316
1845
2179
-252
1179
-1275
-351
329
892
1785
-494
-184
-768
-1915
895
692
-229
2712
-418
555
1894
6
981
-306
1003
57
808
2608
-30
1852
649
-588
2250
1516
548
2085
580
1801
448
301
1732
-472
314
-51
-1305
-301
1323
666
-1469
-858
74
-167
1326
-1839
39
3
-1284
1576
-471
235
818
-737
-974
-269
-1361
-139
-612
-1505
-586
137
1680
-2129
-1005
139
-3094
880
-1457
-2292
451
-141
570
-2000
-404
-1635
-2148
-553
531
-3170
-1202
1197
-2672
814
-1464
-694
465
-64
-1179
-941
-1250
-725
-2697
-1330
324
-3536
-1162
-2597
-1126
-889
391
1599
-2075
-516
385
-1998
238
-470
-1052
355
-656
-318
-1373
-1845
-1821
386
-2683
528
288
-1682
813
-2448
70
-143
-1421
-30
-843
-1745
1051
-1443
-490
155
-1678
631
-545
-408
-911
-2604
894
-779
-1316
742
-989
-222
-1084
-717
521
227
740
519
39
843
561
495
581
611
1215
759
1877
408
1083
696
1485
1689
-409
11
1017
1132
-548
788
-486
910
823
-1404
1383
-750
-344
439
-341
1144
-982
-818
-111
-566
1354
292
652
-95
-319
567
-134
570
190
-448
1417
533
290
2422
869
1096
1495
1058
469
1015
697
-839
261
1274
-777
368
577
341
-915
-914
524
-1338
324
-739
-320
-1391
625
661
-756
1243
368
68
609
1722
-77
1802
-162
508
-1139
759
-877
-162
2777
-440
-684
1466
-1342
-1538
1003
-2170
1694
-1370
-748
-174
-130
-409
-954
595
-776
1724
797
-481
255
83
357
-55
1349
762
-1714
-135
987
-1533
783
-1034
74
198
-1230
1481
-1874
1452
-1421
-146
552
-352
206
-95
1160
-132
313
-34
417
38
1012
273
-287
169
-407
-644
-234
37
1169
-443
643
-114
-415
-582
45
-1110
670
-474
-434
1825
-1585
-312
-1674
-780
-1055
-862
-7
-666
1307
1265
791
-573
-928
-905
-1342
304
-522
829
1434
-156
-78
436
-536
-128
-1078
-1620
640
-110
1185
497
-687
-202
-1062
71
593
-1258
-78
-866
-1452
-323
-1018
-1077
-723
-845
-830
-753
-989
-200
-912
-601
-103
850
1466
-659
-770
-246
-658
-619
1198
929
121
564
874
927
-918
552
-416
-156
640
-11
775
829
152
-726
8
-691
478
-7
-669
877
-319
-640
373
-395
46
-782
884
301
-1059
1933
-1202
-115
1971
-107
802
1247
460
-395
518
1106
518
-216
1628
1006
8
308
-359
-16
418
253
-364
801
655
-346
-158
651
-185
-280
-566
-176
443
260
1644
1081
733
654
518
-311
149
-304
-803
114
143
936
142
1195
236
-744
52
-540
1147
-753
25
1663
1101
101
-420
214
-667
-1359
-1478
2411
265
-1073
452
-476
277
241
-224
-412
327
7
-45
98
691
-154
-395
230
-111
194
-331
-899
194
-1345
-702
1422
-419
-801
-993
-546
600
40
-850
-312
302
293
-268
1043
1210
235
-638
-90
959
247
376
616
165
-665
-466
152
1394
-250
-474
183
-32
851
859
225
-664
283
-20
1135
1147
787
194
-869
103
-505
457
250
278
802
968
1162
682
281
-1266
-368
263
-508
551
925
-333
-790
151
-143
-242
283
176
332
266
985
344
495
1438
879
312
163
-230
333
635
-489
316
235
212
654
-209
-376
-651
-863
-326
-55
694
928
-862
-640
-502
-618
625
57
-1194
-294
-313
-287
352
-1413
-1234
-627
-1285
173
379
633
222
-879
-1010
-957
-58
686
-81
-26
1452
945
660
419
-875
-931
-1125
-1119
-144
163
576
638
-124
-996
-631
-679
-1041
-1685
-744
634
468
176
-492
-1190
-1563
-1039
-914
-715
334
691
641
659
60
481
695
34
-1418
-978
147
1183
2192
769
1211
1348
-208
-764
-912
-104
1744
2227
914
816
425
154
534
-1052
-816
-196
845
1915
-227
-873
21
616
-819
-1134
-861
239
913
253
677
684
435
797
573
7
407
-158
-929
-10
246
288
1789
955
-98
-254
39
-262
-1169
-773
-49
403
300
306
792
155
-1529
-1414
-994
-470
-343
-1059
-1828
-1439
-411
23
245
-562
-1563
-1409
-740
210
-370
-1392
-631
-546
-392
-504
-469
-876
-1102
-230
-774
-1714
-1477
-756
-71
-194
-5
-208
94
198
-971
-1246
-1017
79
-346
171
563
-182
-299
-1028
687
1181
-664
228
1094
788
1404
1112
1170
550
10
-175
305
209
-4
415
934
1730
1823
987
209
-299
-571
-218
848
826
-309
983
1216
1087
632
-701
-167
1237
875
-211
357
-103
501
1844
234
-412
113
485
568
137
-38
142
993
1722
686
271
0
-258
1219
1076
739
-59
-539
-494
-170
288
-1032
-578
-162
474
868
853
540
-1573
-1171
133
-447
314
764
150
21
42
-674
-1178
-1466
-2752
-1825
-822
384
1465
87
-627
-1627
-1588
-1300
-1837
-1442
-1725
-671
271
1148
4
-1446
-1401
-3103
-2482
-1470
-1837
-1084
-76
-118
1112
214
-1596
-1336
-2010
-485
422
-365
-776
-243
1137
505
-1070
-1
54
-292
597
-224
576
786
715
2393
1320
-314
-681
847
1870
-299
-74
667
205
-31
-415
976
1886
1758
1694
21
-1215
-227
1138
718
1299
1807
2536
1934
694
-1197
-2352
-548
1266
2034
959
1352
1944
2377
871
-1339
-1332
-896
381
601
482
1593
3673
3031
556
-1176
-2505
-138
-363
118
1648
1000
3451
2541
1560
-345
-2075
-1327
-2004
-1374
716
584
1245
2218
1651
2136
1649
-631
-3884
-3941
-2756
-978
-265
415
923
1432
1683
-1888
-3986
-4240
-3205
-1033
-911
-1023
290
1172
1353
-1113
-2714
-4343
-4309
-1617
-1370
95
881
-593
1895
2586
-56
-1343
-3528
-2896
-661
2062
2182
1228
1191
254
-317
-1080
-2496
-2030
190
-76
1947
2523
1674
1730
1155
455
-64
-531
-1578
904
1588
1348
2568
718
1404
1623
-461
-850
242
1363
2955
2840
540
459
453
2124
2587
30
392
556
434
743
459
1108
522
418
1315
1455
979
1034
635
268
550
91
-436
-673
1169
1798
2980
905
170
1116
-729
-280
-1006
-1216
1166
1369
1450
1418
609
762
470
-1629
-2169
-2013
-2158
1164
825
1708
927
-1170
-454
-4181
-3698
-2002
-2058
428
-140
-111
177
-2140
-2408
-2862
-3236
-2523
-1717
-1528
-812
-496
-1244
-1271
-2574
-2999
-1274
-1802
-2331
-1733
-1025
-102
-929
-1082
-865
-1413
-1218
-1317
-1424
-1610
-942
-151
-139
-198
-709
-1124
-1262
-329
-314
-619
134
971
278
-515
-751
-588
-395
288
170
-333
-85
-748
90
-158
-37
881
636
297
-761
-273
244
485
1044
-357
-269
293
-425
718
551
710
832
244
638
-54
40
648
797
1339
1080
123
323
-271
1596
2214
1507
681
-125
944
1177
1458
601
700
879
1146
1126
783
650
976
1243
1099
777
101
925
1194
907
463
288
762
1599
853
527
666
465
393
576
264
799
853
199
45
-834
-595
117
-197
-366
126
-548
-488
-746
-1094
-678
-657
-293
-477
-857
-1179
-1690
-718
-614
-956
-500
-1184
-1224
-1103
-1254
-994
-649
-394
-20
-496
-560
-1119
-1008
-299
47
928
-626
-1021
-875
-905
155
402
-11
-107
148
289
432
-533
468
816
1090
915
-120
403
1716
2405
1307
424
-43
1219
1276
857
650
518
2154
1758
1483
973
375
1829
1837
1726
1922
913
1137
1617
1070
1173
1655
1797
2412
1490
1228
1473
1346
1345
889
1449
1998
2571
1844
1353
1305
1757
2221
1538
1338
1407
1625
1938
2185
2119
2140
1343
1259
457
389
607
128
1104
671
702
859
561
470
-879
-1698
-2269
-2183
-2421
-3197
-2611
-2602
-2317
-2801
-3895
-5020
-5043
-4747
-4582
-3764
-4335
-4231
-4079
-4277
-3841
-4649
-4453
-4647
-4996
-4509
-4523
-2964
-2478
-2253
-2318
-2844
-2773
-2180
-1808
-1316
-667
-709
139
637
422
549
630
617
690
177
426
1040
1310
1501
1349
1614
1997
1854
1845
1439
1504
1947
1501
1411
1884
2018
2895
2768
2392
2478
2342
2775
2530
2480
2749
3612
3672
3631
3013
3835
4451
4402
4187
3412
3147
3873
4318
4032
4561
4184
5219
4069
3078
2588
2761
3371
3609
3490
3243
2944
2569
1478
780
-175
112
-176
-973
-823
-2882
-2116
-4118
-3970
-4288
-5601
-4550
-6814
-6789
-7321
-7367
-6438
-7013
-8090
-10468
-10045
-11009
-9293
-7492
-8610
-6198
-7245
-7298
-6420
-6780
-5331
-4167
-4146
-3002
-2705
-1770
-1095
-1087
-1274
-1186
-381
767
1565
1742
2555
2512
3479
3112
2294
2381
1956
2736
3343
2997
3266
2499
2368
2483
1756
1630
1862
2192
2613
3064
3578
4056
3895
3470
2333
2845
4038
5088
5946
5424
5306
5451
4966
5577
5481
6168
6986
6999
7554
7227
7008
7173
6771
6169
7273
6346
6556
6104
3421
4574
2812
2919
3307
1256
1004
542
-1488
-1610
-2916
-4849
-4168
-5967
-6448
-6246
-8101
-7622
-8196
-10005
-8371
-10010
-9418
-9495
-10729
-9322
-10001
-8917
-8424
-8432
-8094
-8407
-8900
-8495
-7238
-5874
-2845
-2210
-1558
-978
-2493
-1340
-1918
-1413
462
466
1756
1767
863
1117
30
-349
169
136
1306
2172
1956
2135
1643
981
1548
791
958
1160
1339
2363
2799
2885
3321
3212
3228
3160
3428
4063
4686
5822
6254
7223
7325
7221
7420
6991
7043
7475
7028
8230
8203
7591
7879
6751
7290
7534
6870
7584
6798
7092
7120
5273
5151
2717
2704
2263
1286
1869
-965
-1292
-2956
-4621
-4268
-6006
-5813
-6381
-7828
-7395
-7982
-8821
-8410
-10157
-10404
-10181
-10906
-9356
-9673
-10124
-9037
-9537
-8604
-7763
-8060
-6544
-6825
-6389
-5330
-4930
-2943
-1796
-1170
103
307
599
645
-269
232
546
1336
2086
1706
1368
1036
522
483
241
300
926
815
919
1569
1752
2303
1944
1256
1374
1188
1922
2113
2107
2648
2916
3493
4204
3948
4177
4256
4281
5073
5412
5641
5898
6046
5867
6096
5734
6069
5595
4780
4793
4860
5308
5080
4422
3776
4131
3878
4103
4250
4101
4265
3265
1425
908
536
1064
1799
488
-340
-1466
-2761
-2899
-3892
-3998
-2951
-3135
-3100
-4534
-6033
-6025
-6478
-5980
-6138
-6042
-5822
-6141
-6891
-7526
-7280
-6508
-5506
-5099
-5054
-4952
-4855
-4320
-4168
-3523
-2784
-2472
-1844
-1956
-1196
-342
168
743
557
429
554
729
672
632
734
815
1231
766
-231
-614
-908
-380
84
222
649
558
212
251
-60
-88
210
93
-182
228
891
1476
1568
1286
1054
1123
1528
978
1209
1818
2068
2372
2393
1880
2084
2080
1691
1836
1997
2430
2710
2422
2060
1918
1955
1910
1868
1997
2045
2223
2058
1754
1620
1752
1716
1572
1716
1773
1863
1894
1607
1383
1213
991
924
532
419
355
152
95
-178
-448
-805
-1168
-1444
-1784
-1932
-2128
-2456
-2615
-2943
-3006
-3113
-3170
-3166
-3360
-3238
-3153
-3084
-3036
-3099
-3090
-2936
-2909
-2824
-2858
-2660
-2315
-1973
-1691
-1474
-1266
-1365
-1286
-1415
-1479
-1345
-1037
-709
-321
-330
-451
-463
-353
-72
197
689
759
953
848
720
1035
1113
1325
1367
1357
1549
1614
1789
1869
2131
2214
2179
2196
2192
2247
2290
2377
2411
2714
2833
2735
2193
1749
1810
1900
1932
1911
1702
1717
1860
1376
1253
1391
1373
1576
1096
774
828
945
1339
1019
943
866
912
1287
1045
1222
1371
1064
1207
822
792
1004
869
910
368
377
409
149
-8
-262
-328
-136
-491
-939
-1287
-1636
-1799
-2224
-2371
-2464
-2499
-2576
-2980
-3220
-3227
-3124
-3125
-3457
-3644
-3585
-3257
-3015
-3003
-3100
-3701
-3334
-3354
-3035
-2712
-2270
-1377
-2001
-1802
-1866
-1532
-866
-1054
-1133
-827
-825
-306
-310
-705
-586
-1570
-1573
-1722
-502
241
346
1318
1699
2215
1988
1072
-824
113
1862
3169
4665
4334
4404
4128
1973
1005
1046
1878
4085
4525
4306
4797
4117
3582
1835
1449
1656
2149
3452
2868
2812
3187
3345
3094
2206
1544
1779
2255
3255
4020
5173
5766
5544
4569
3256
3798
3473
4632
3568
3127
2755
920
1683
-201
-308
-832
-1559
-2139
-3135
-3890
-4308
-4814
-5982
-6459
-7696
-7718
-8105
-8487
-9072
-9375
-9255
-8510
-8859
-8791
-8699
-8171
-6808
-6123
-4734
-4947
-4599
-5309
-4220
-2303
-762
1708
758
1268
571
429
1986
1492
2159
2185
1773
2696
2042
1535
1259
-44
307
573
1252
1942
1399
832
719
785
975
1296
615
764
1260
2333
3555
3541
3069
2841
2962
3694
4678
5620
6439
6783
7295
7616
8416
7728
7566
6802
6958
8638
8371
10147
8505
8697
8075
7238
8935
7009
8896
6804
5728
5656
1773
2910
-1545
-2783
-2932
-4854
-3180
-5071
-6531
-7452
-9851
-10814
-11027
-12200
-11251
-11841
-12176
-12059
-12743
-12934
-12938
-13765
-13165
-11981
-10839
-8511
-8045
-7065
-5902
-5510
-4106
-2847
-1571
-226
-77
752
2046
3496
4070
4126
3394
2896
2955
2914
3502
3352
2350
1776
732
329
43
-1098
-1663
-2784
-2941
-2108
-1614
-1587
-2114
-2504
-2192
-1530
-930
-38
647
1243
2338
3580
4693
5106
5467
5493
6377
7569
8898
10576
10824
11341
10964
10931
10870
10240
10546
10326
10840
10548
10923
10067
9700
8850
7366
8479
4235
5130
1527
769
958
-3163
-1840
-5462
-5788
-7034
-8235
-9390
-9475
-11559
-10950
-11575
-11995
-10873
-12396
-12277
-13260
-13015
-12209
-11195
-11812
-10411
-10226
-8662
-7560
-7097
-5734
-5018
-3885
-2125
-550
669
1360
990
1375
2013
3316
4041
4736
3448
3648
2981
2999
3331
1874
2192
1199
639
485
-367
-1056
-1941
-3100
-2706
-2371
-2149
-1914
-2657
-2446
-1988
-1288
-107
384
978
1839
2676
3804
4488
5178
6164
6651
7972
8590
9796
10270
10475
11020
10670
10967
10771
10899
11125
11310
10852
11255
10257
10731
9807
9709
7790
5947
3850
1536
1818
-1175
-1172
-3501
-5419
-6470
-8209
-9252
-9368
-11090
-11218
-11532
-12572
-11841
-12932
-13162
-13626
-13867
-13637
-12552
-13202
-11738
-11353
-10266
-8980
-8619
-7062
-6064
-4761
-3510
-1618
-1032
680
499
1883
3147
3678
5558
4943
4961
4552
3553
4327
3954
3586
3891
2389
2090
1120
183
-153
-1180
-1744
-1420
-1661
-1218
-1311
-2069
-1802
-2143
-1608
-710
-303
344
1195
1881
3492
3895
4456
4690
5082
6309
7711
9149
9726
10324
10135
10775
10768
10557
10590
10275
10634
11525
11602
12204
11052
9952
10098
7601
7663
4957
3643
2892
157
216
-1826
-2567
-4616
-6262
-8163
-8667
-9753
-10162
-10227
-11347
-11428
-12199
-12951
-13344
-13852
-13796
-12938
-13315
-12190
-11661
-10723
-9957
-9664
-8802
-7527
-6424
-4647
-3069
-2009
-927
-993
468
1413
3278
4529
5133
5098
4541
4320
4329
4207
3927
3732
3332
3151
2602
1909
1056
-13
-912
-720
-420
-91
-350
-1085
-1398
-1634
-1486
-888
-917
-473
-58
821
2071
2756
3256
3343
3446
4004
5355
6628
7899
8184
8266
8422
8550
9243
8904
9299
9143
9085
9542
9062
9604
8873
8804
7703
6623
5490
3646
2951
646
24
-658
-1693
-1656
-3609
-5082
-6391
-8456
-7842
-8417
-8327
-8596
-9715
-10016
-10766
-10977
-11064
-11174
-11542
-11017
-10450
-9464
-8350
-8127
-7450
-6642
-6444
-4565
-3824
-2547
-1449
-957
536
840
1237
1463
1854
2316
3277
3574
3926
3532
2452
2367
2299
2510
3052
2574
2509
1869
1227
1645
867
817
1009
868
1184
1559
1408
1341
1188
1463
1956
1665
2038
2195
2453
3101
3316
3701
3067
2945
3467
3669
3726
3346
2765
3040
3256
2909
3213
2384
2656
2468
2284
2147
1592
1585
1817
2366
2047
2058
1350
908
474
231
221
240
358
-163
-82
-90
110
-235
-560
-824
-1146
-1462
-1901
-2231
-2609
-2778
-3012
-3212
-3726
-4450
-4953
-5305
-5370
-5102
-4902
-4586
-4531
-4424
-4132
-3901
-3668
-3696
-3701
-3555
-3180
-2800
-2223
-2170
-2294
-2504
-2564
-2211
-1838
-1222
-611
9
72
247
92
11
48
137
544
603
927
782
524
544
544
772
1035
1185
1253
1205
1113
1371
1352
1619
1890
1822
1963
1799
1883
1866
1939
2033
1911
2020
1850
1915
1983
1858
2018
2134
2178
2293
2331
2305
2269
2198
2446
2816
3108
3393
3401
3665
3805
4032
4275
4129
3931
3499
3183
2922
2985
3006
2980
2803
2364
1849
1209
659
55
-547
-1046
-1574
-2208
-2757
-3444
-4143
-4891
-5493
-5910
-6239
-6533
-6742
-6685
-6460
-6103
-5652
-5138
-4743
-4348
-3990
-3658
-3335
-3050
-2756
-2424
-2095
-1807
-1584
-1492
-1078
-878
-417
35
273
821
875
1374
1382
1076
1151
843
932
855
1104
933
409
284
-51
367
627
724
565
49
173
339
500
869
618
251
715
1055
1453
1292
876
976
1288
1576
1956
2080
1622
1809
2194
2598
2951
3153
3594
3280
3127
3313
3694
4011
3880
4190
4485
5000
5090
4682
4206
3687
3203
2618
2329
2093
2123
1839
1440
803
106
-361
-1113
-2057
-2982
-3466
-3856
-4261
-4642
-5013
-5593
-6421
-7135
-7487
-7425
-7248
-6967
-6831
-6641
-6217
-5646
-5069
-4819
-4521
-3969
-3191
-2389
-1793
-1398
-1275
-1172
-609
-35
314
-210
-947
-986
-263
918
1558
247
-1238
-2058
-1095
770
1119
645
-898
-1192
-1464
-659
-120
116
-173
-776
678
1123
1484
578
-44
632
1912
2973
3424
2841
2668
3340
4191
5758
5569
5246
4431
4608
6079
6770
7455
6773
6562
6811
7536
8180
7834
7812
7294
8287
9048
9924
9136
8094
5640
3688
2994
1558
3818
2276
2611
708
-1592
-2154
-4386
-4820
-5852
-6664
-7418
-7424
-7790
-7881
-10148
-11694
-13355
-12839
-12094
-10889
-10636
-11392
-10809
-11014
-8710
-8306
-7624
-6956
-6166
-3948
-1246
38
1508
377
767
1675
1821
3458
2416
3866
3542
4484
4495
3684
2630
1198
1034
994
991
846
182
-683
-1436
-2777
-2905
-4186
-3914
-3691
-3107
-2509
-2700
-2057
-1825
-1528
-808
-157
1074
2086
3214
4886
5731
6541
7044
7571
8588
9164
10079
10790
11129
11611
12204
12634
12895
13054
12468
13273
12208
14172
12403
11599
8086
2078
3098
-1442
4215
1689
240
-1852
-8003
-7173
-9135
-9119
-9546
-11510
-12605
-10991
-12818
-11189
-14937
-16431
-17018
-16048
-13011
-11964
-11846
-13030
-12290
-11470
-8544
-6982
-5922
-5033
-3766
-2071
1801
2485
4443
3133
1993
3613
3513
7085
6715
6179
5343
3652
3765
4199
3101
2272
305
-372
868
366
-114
-2561
-5076
-5543
-4931
-3477
-2860
-3854
-4706
-4292
-3403
-1757
-783
-862
18
577
3119
5392
6301
7153
6944
7966
8979
10261
11794
12588
12786
13126
13309
14293
14080
14449
13862
15391
14170
13815
10199
4293
4788
146
6623
3105
1455
-1075
-7589
-6348
-8334
-8550
-8618
-11050
-12795
-10141
-13285
-11664
-15736
-17460
-16018
-15641
-12579
-11967
-13064
-13428
-12882
-11775
-8600
-8070
-6480
-5658
-4338
-1847
788
1619
1787
609
961
3099
5103
6459
6479
4690
3682
3321
3606
4611
3062
2115
1155
1139
1387
755
-1095
-2621
-4097
-3556
-2442
-2298
-2550
-3898
-4005
-3344
-2395
-959
-502
-266
699
1875
3589
5220
5439
6262
6868
7813
10209
11063
12044
12036
11767
12522
13774
14035
16045
15366
13962
12870
5717
7854
4279
8042
9209
3691
4050
-3588
-3581
-4144
-5328
-5570
-6827
-10284
-8175
-10365
-11145
-12278
-16746
-14810
-14826
-12146
-11108
-12569
-13885
-13725
-12951
-9693
-8269
-7221
-6476
-6336
-3904
-1552
317
537
148
13
2251
4129
5938
6268
4284
3456
3122
3948
5372
4510
3472
2212
1143
1781
1269
215
-1247
-2873
-2331
-1777
-1370
-1516
-3174
-3691
-3623
-2491
-748
-359
-475
187
661
2361
3855
4369
5376
5174
6747
8614
10085
11095
10823
10980
11704
12158
15338
13853
14015
8429
5937
7065
6938
12563
7530
6492
12
-1641
-1471
-1068
-2153
-3726
-6448
-7425
-6652
-9131
-8592
-13902
-13816
-14424
-11703
-10578
-11222
-13494
-14355
-13703
-11680
-8697
-8260
-7440
-8128
-6677
-4371
-1662
-364
-430
-1078
-55
2048
4395
5089
4412
3125
3273
4382
5857
6084
4653
3200
2208
2888
3222
2625
743
-1097
-1610
-1071
-514
-886
-2303
-3568
-3830
-2879
-1673
-936
-1569
-1756
-1549
-254
1542
2692
3352
3967
4127
6112
7002
8667
8876
9379
10469
11656
13726
12596
9926
5674
5646
7169
12115
10613
9059
3014
9
446
547
2373
-747
-2804
-5469
-5475
-6380
-6711
-10505
-12227
-13429
-11559
-9836
-10815
-12737
-15157
-14616
-13014
-10333
-9182
-8741
-9423
-8640
-6660
-3990
-2160
-1472
-1685
-811
628
2873
3878
3632
3300
3372
4526
5799
6481
5911
4693
3394
3827
4494
5016
3871
2233
1005
776
1051
1205
39
-1241
-2226
-1792
-901
-548
-993
-1808
-2166
-1503
69
1027
1899
1213
2338
3206
4983
6187
5960
6606
6578
8401
10352
12074
10304
6924
3812
3856
8485
10622
11123
7095
1923
796
601
2708
2375
16
-2085
-3643
-4097
-4035
-5742
-8776
-11602
-12040
-9735
-8658
-9674
-13206
-15058
-14699
-12393
-10150
-9727
-10314
-11058
-9769
-7527
-4675
-3361
-3226
-3319
-2527
-109
2444
3096
2435
1725
2369
4748
5980
7040
5800
4678
4120
4643
5817
5947
4913
3563
2795
2918
3583
3055
1755
-245
-834
-143
1056
1170
316
-962
-1559
-827
565
1638
1762
1257
1616
2851
4581
5537
5583
5332
5557
7142
9309
10688
7976
5273
1806
4322
7972
10077
10032
4371
1994
87
2224
3317
2804
501
-1584
-2582
-2846
-2820
-4634
-7245
-10078
-9827
-8231
-6682
-8552
-11435
-13822
-12993
-10856
-8955
-8961
-10698
-10951
-9980
-7377
-5146
-4901
-5341
-5601
-4771
-1713
239
1095
-67
-1284
-175
1677
3976
4445
3662
2726
2740
4054
5101
5203
3847
2999
2865
4013
4958
4570
3251
1384
885
1693
2861
3278
2437
982
681
984
2289
2777
2345
1803
1852
3493
4947
5735
5122
4446
4675
5853
8728
8985
7031
3797
1098
4165
6165
9148
7125
3302
1449
810
3233
2772
1736
-741
-1453
-1583
-991
-2053
-4160
-6983
-8524
-8075
-6933
-6585
-8181
-10426
-12030
-10925
-9925
-8391
-9377
-10435
-10462
-9578
-7225
-5700
-5565
-5707
-6415
-4969
-2969
-1385
-710
-1713
-1707
-1438
382
1568
1996
1293
986
1718
2958
3951
3599
2751
1945
2023
3318
4265
4132
3127
1805
1607
2028
2685
2944
2341
1603
1528
2132
2980
3144
2726
2514
3022
3841
4981
5510
5765
5264
5040
6179
7256
9624
8219
5920
2699
2113
5705
7431
9055
5516
2954
1555
2273
3825
2889
1430
-516
-843
-482
-95
-1427
-3808
-6583
-6992
-6246
-4890
-5656
-7679
-10026
-10613
-9051
-8013
-7363
-9153
-10177
-10069
-8377
-6208
-5240
-5855
-6663
-7025
-5214
-2943
-1454
-1481
-2725
-2792
-2066
-150
770
897
-106
-243
726
2480
3501
2525
1056
197
862
2757
3902
3533
1949
382
673
1784
2828
2666
1706
898
1204
2409
3523
3588
2709
2182
2957
4556
5939
6048
5576
5372
5403
7399
8674
10298
8517
5867
4077
3111
7196
8308
9816
6340
2921
2406
2812
5128
3599
1733
-535
-900
-226
53
-1640
-4557
-7409
-7691
-6401
-4925
-6005
-8500
-10997
-11968
-9833
-8486
-7331
-9417
-11029
-10919
-9199
-6511
-5366
-5966
-7095
-7434
-5215
-2253
-735
-1271
-3115
-3240
-1945
978
2194
2023
-132
-962
326
2448
4117
3103
1384
150
865
2982
4152
3186
1030
-407
370
2156
3246
2463
594
-773
-26
1816
3183
2810
1265
624
1860
3960
5938
5972
4936
4625
5053
7800
9299
10888
8828
5245
3729
3587
8994
10281
10704
6187
1916
2244
3732
6919
4771
2406
174
185
900
520
-1604
-4652
-7018
-6666
-4911
-3945
-5837
-9498
-12321
-13340
-10138
-7868
-6578
-9534
-12525
-12684
-10430
-6699
-5174
-5874
-7639
-8016
-5704
-2139
-1292
-2224
-4267
-3795
-1404
1269
2522
1080
-1044
-1722
635
3476
4845
3461
1133
47
1165
3717
5105
3757
1235
-140
851
2843
3707
2725
618
-391
599
2761
3874
3368
1438
1004
2381
4710
6595
6068
5138
4243
5971
8267
10891
8004
4253
1790
3490
9683
10414
10350
3438
751
1192
4751
7432
5029
2818
-85
-407
-974
14
-1086
-2874
-5672
-5795
-4918
-4143
-6226
-9059
-11678
-11455
-7726
-5873
-5757
-10309
-12530
-12105
-8484
-5160
-3932
-5516
-7558
-8152
-5573
-2110
-703
-1334
-2998
-2976
-1906
850
1528
1425
-1026
-1074
772
3018
3975
2003
35
-618
1103
3856
5029
3177
713
-731
730
2886
4176
3371
1598
243
1075
3135
4732
4772
3156
2807
3800
5994
7502
7452
6170
6063
7167
10819
10190
6010
3069
2143
8528
9980
10353
5225
409
554
2184
6093
4596
2963
-15
-1858
-3091
-2390
-1181
-1969
-4936
-7039
-6746
-5459
-6083
-8543
-10477
-11258
-8079
-6342
-5849
-9147
-11802
-11216
-8375
-4993
-3768
-4530
-6535
-7710
-6357
-2730
-480
-483
-2675
-3377
-3170
-895
477
871
-575
-1849
-278
1300
2338
897
-669
-1060
117
2035
3346
2040
-65
-1509
-514
1595
2981
2741
1324
-142
52
2114
4078
5050
3615
3487
3955
6247
7320
7941
7330
7668
8699
11438
9672
5699
4112
4451
11596
10396
10192
3975
1072
2157
3879
7308
4561
2839
-552
-1866
-3159
-1579
-1376
-2389
-6347
-7849
-7438
-6174
-7532
-10186
-11322
-11318
-7679
-7752
-7896
-11501
-12313
-10456
-6921
-4384
-4197
-5850
-7320
-7169
-4625
-314
847
168
-2412
-2406
-1123
1558
2741
2402
434
-342
1299
2934
3117
1495
41
-8
1455
2582
2997
752
-934
-1536
-43
1805
2312
1119
-584
-1650
-529
1791
3375
3369
2070
1936
3353
5733
6944
7457
6870
7673
9352
11354
7598
5728
4641
9304
13342
10817
8904
2504
3743
4927
8239
8313
5183
2757
-207
-1155
-808
1232
107
-3088
-7385
-7173
-6221
-5710
-9042
-10828
-11753
-9708
-7913
-9271
-10838
-13696
-12371
-9993
-6710
-5823
-6523
-8740
-8988
-7446
-3237
-131
-1000
-3174
-4442
-2212
614
2109
1648
521
-586
885
3054
3904
2305
562
375
1735
3040
3661
2717
57
-951
-62
2223
2902
1349
-655
-1488
-851
1323
2577
2593
1024
606
2142
4247
5718
5426
5341
5681
7019
10194
9103
4883
3320
4275
12068
12220
9855
4743
1144
4063
6528
10177
7714
4258
586
-739
-234
2084
2840
-166
-5144
-7510
-5626
-3466
-4884
-9230
-10858
-11104
-7728
-7524
-8644
-11236
-13057
-11346
-8267
-5376
-5613
-7792
-10003
-8988
-5881
-1137
149
-2573
-5733
-5148
-1504
2208
2446
940
-902
-1656
1368
4247
4962
2268
56
356
2613
4087
4511
2508
-241
-682
1359
4118
3837
1032
-1146
-1230
507
3111
3911
2736
499
276
2837
5460
6258
5052
4850
5225
7842
9448
4989
3730
2074
8494
11795
8845
5898
370
2879
4933
8457
8026
4795
1091
-1419
-837
1603
3850
1179
-3800
-7602
-6354
-4072
-3237
-7583
-9687
-10985
-8743
-7155
-8403
-9798
-12195
-11496
-9517
-6161
-5532
-6836
-9743
-9335
-6675
-2528
-453
-2009
-5098
-5933
-3236
619
2837
1153
-453
-2143
-288
2972
5050
3721
937
-261
1800
4133
4879
3864
947
-204
497
3071
4262
2594
-284
-1096
-31
2491
3929
3401
1427
380
1785
4787
6611
5706
5115
5084
7165
9995
6319
3589
2393
5915
12386
9653
7324
1469
1419
4634
7454
9202
5591
2567
-980
-827
1208
4628
2988
-2355
-7063
-6573
-3617
-2197
-5607
-9227
-10365
-9659
-6686
-7625
-8850
-11670
-12045
-10359
-7090
-5313
-6327
-9214
-10351
-7704
-3794
-898
-2090
-5241
-6524
-3699
-369
2391
560
-1255
-2408
-1074
2887
4899
3855
822
-170
1830
5002
5743
5029
2027
480
1563
4106
5653
4061
878
-349
783
2865
4476
3704
1850
651
1796
4472
6116
5178
4009
4033
5680
8985
8848
3299
1329
1830
9497
11923
7660
3249
-1324
2376
5914
9599
7717
3227
-684
-1895
616
4210
5464
309
-5543
-7722
-4095
-788
-1730
-7490
-10288
-10572
-7413
-5545
-7117
-9618
-12497
-11819
-8925
-5194
-5373
-8143
-11449
-10111
-6314
-2325
-1776
-4843
-7988
-7089
-2910
603
1197
-2426
-4091
-4335
-611
3229
3776
733
-2284
-1508
2514
5387
4863
2520
-387
53
2578
5765
5917
2843
-280
228
2883
5312
5585
3619
1668
1727
4285
7202
7551
5465
4331
5311
7921
11230
8821
2414
934
3173
12016
12152
6747
806
-2381
2922
7131
9942
5759
490
-3098
-2155
1809
5472
4532
-2431
-7592
-7556
-2288
662
-1929
-8478
-10749
-9605
-5197
-3808
-6197
-9534
-12179
-10381
-6414
-2838
-4415
-8170
-10940
-8158
-3713
-434
-1273
-5743
-8191
-5913
-1329
1453
293
-3663
-4836
-3730
716
3567
2264
-1422
-3280
-902
3470
5201
3442
486
-1846
-39
3087
5321
4162
552
-1255
482
3529
5143
4356
2055
897
2263
5217
7582
6816
4778
4261
6368
9311
12174
7916
1580
1428
5348
14324
11621
5486
-599
-1442
4842
8615
9814
3891
-1196
-3775
-1158
2898
5558
2273
-5252
-9359
-7130
-1425
180
-4418
-11253
-11833
-9387
-4578
-4590
-7636
-11277
-12732
-9629
-5047
-2581
-5437
-9254
-10680
-6449
-2011
241
-1845
-6065
-7360
-3648
676
2712
-456
-4358
-4555
-1923
2843
3929
1403
-2987
-3285
269
4870
4769
1686
-1171
-1981
858
3848
5058
2451
-1133
-1882
1554
4447
4881
2603
717
635
3203
5936
7317
5365
3467
4381
7163
10217
11345
7922
711
1533
5569
14661
12831
4944
-353
-1496
6013
9408
10267
3753
-1280
-3040
132
4269
5555
2324
-5313
-8397
-6353
-398
542
-4069
-11459
-12001
-8735
-4176
-4208
-8481
-11880
-13298
-9721
-5509
-3197
-6406
-10037
-11209
-6628
-2197
-604
-2645
-6466
-6908
-3809
875
2057
-501
-4183
-4056
-1087
2821
3884
1481
-2240
-2666
806
5067
5282
1809
-507
-1033
1554
4065
4793
2450
-782
-1331
1621
4369
4164
2178
361
711
2619
5317
6422
4889
3251
3692
6538
9288
10318
9837
2767
628
3894
10891
15446
7033
1705
-1830
3355
8735
9702
6645
-256
-2001
-1191
3451
4907
3649
-2528
-7765
-7452
-2862
764
-2017
-9080
-12937
-9989
-5931
-3623
-7079
-10715
-12927
-11157
-6955
-3854
-5033
-9108
-10939
-8605
-3436
-1613
-2147
-5558
-6979
-5421
-833
1863
364
-2484
-5331
-2631
674
3804
3189
-1049
-3133
-1725
2911
5473
3464
138
-1436
-264
2966
4609
3643
752
-1514
-407
2979
4568
3479
1206
226
1567
4374
6374
6347
3953
2981
4851
7815
10376
9879
9010
2358
1579
5737
12229
14732
5617
1264
-779
5102
9603
9681
5899
-728
-1497
130
4424
4780
2696
-3118
-7123
-6071
-1552
964
-3020
-9749
-12169
-8552
-4887
-3852
-7744
-11042
-12501
-10263
-6247
-4040
-5919
-9572
-10388
-7442
-3063
-2013
-2835
-5734
-6184
-4040
-207
1518
-361
-2673
-3775
-1025
1423
3087
1857
-980
-1921
94
3648
4516
1986
-374
-423
1070
3087
3545
2214
-200
-1214
320
2783
2826
1176
-326
-169
1572
3407
4446
3724
2333
2492
4860
6860
8230
7283
8815
4574
1594
4896
8938
14718
7428
2971
773
3515
8653
8713
7835
1513
-114
362
3389
4125
3072
-263
-5169
-6080
-3723
21
-2026
-7598
-11627
-9484
-6481
-5072
-7083
-10190
-11784
-11450
-8053
-5348
-5571
-8681
-10160
-8514
-4856
-3158
-3269
-4637
-6205
-4490
-1860
314
33
-1911
-1898
-1544
412
1770
2157
987
-718
321
2238
4002
2707
1170
632
1147
2315
2875
2692
1202
52
275
1659
1994
1232
535
435
1028
1983
3238
3510
3000
2456
3718
4998
6047
7119
7582
8574
2226
1815
5301
10722
13168
4807
2466
380
5220
9011
9313
6673
275
-3
1021
4661
4652
3693
-1259
-5787
-5422
-1357
1783
-2432
-8301
-10793
-7526
-4909
-4097
-6718
-10061
-11646
-10323
-6418
-4522
-6136
-9290
-9903
-7469
-4206
-3164
-3631
-5432
-6235
-3680
-877
96
-1138
-2347
-1763
-1222
423
1768
1684
120
-812
893
2669
3222
2078
1282
844
1375
2589
3144
2254
676
228
781
1753
1564
929
526
225
758
2006
2959
2706
2104
2451
3272
4858
5087
6663
6805
8029
4337
416
4361
7742
13211
7193
2186
482
2461
8568
9052
7810
993
-1127
95
3722
5166
4076
44
-5844
-6041
-2788
1682
-1187
-7112
-11075
-9163
-5279
-3870
-5413
-9410
-11619
-10949
-7304
-4423
-5021
-8139
-9855
-8254
-4732
-2866
-2957
-4485
-5814
-4443
-1312
-21
-357
-1458
-1643
-1128
170
1887
1499
308
-783
764
2211
2794
2074
786
654
1299
2907
2671
1445
369
468
1054
1868
1969
837
212
390
1451
2434
2851
2469
2293
3110
4118
5374
4956
6330
6295
8362
8176
1573
3238
5345
12156
11418
3516
1767
756
6501
8552
8716
4018
-898
-1095
1621
4845
3940
2071
-4303
-6917
-4903
-396
660
-4746
-10339
-11153
-7278
-4507
-4572
-7985
-11129
-11671
-9258
-5450
-4240
-6731
-9360
-9149
-5545
-2759
-2298
-3216
-4586
-4881
-2227
680
322
-321
-1011
-197
368
743
1994
1833
489
524
1573
2285
2162
1542
2069
1724
1242
1794
1739
1063
636
739
1186
929
-42
337
689
321
205
902
2003
2168
2190
3419
3290
3754
4219
6088
7307
7780
8198
1620
2336
5624
11591
12992
4034
1359
313
5800
9652
8951
4325
-1382
-1189
1304
5114
4068
1655
-4621
-7710
-4589
-940
267
-5146
-10854
-12208
-8115
-4789
-5029
-8689
-12457
-12307
-9974
-6292
-4896
-7378
-10103
-9830
-6303
-3174
-2762
-3926
-4864
-4735
-1983
958
409
-483
-827
178
1475
1722
2509
2203
1484
1726
2656
2997
2371
2170
2810
3195
2344
2098
2014
1675
1675
1879
1958
1035
60
251
1448
1482
745
892
1287
1866
2354
3517
4006
3202
3812
5374
7589
7891
8926
5711
953
4731
8596
14422
9292
1482
1341
3058
9486
10139
6999
949
-1836
30
4405
5643
2385
-1501
-7555
-6005
-2778
-184
-2427
-9276
-12954
-10903
-6193
-5242
-7475
-12143
-13408
-11699
-8580
-5920
-6932
-9775
-10831
-8504
-4803
-3324
-4207
-5021
-4941
-3731
-730
608
-1337
-1264
-712
1605
2360
375
1140
1001
1613
3120
2792
2101
638
1208
3546
3527
1815
1314
500
728
1784
1968
1953
-378
-1389
334
1916
1876
776
190
1086
2160
3289
4967
4095
3633
3977
6194
9058
8640
9928
5209
1555
5982
10129
15723
8542
1407
1767
4626
10547
10410
6311
533
-1088
678
5464
5239
1427
-2407
-7928
-5105
-2328
-779
-3896
-10570
-13261
-10132
-6140
-6066
-8906
-13460
-13427
-11463
-8662
-6277
-7855
-10342
-10838
-8184
-4480
-3517
-4746
-5098
-4875
-3402
-470
282
-830
-1284
-377
1707
2504
743
712
1381
2034
3709
2960
1910
293
647
3504
3970
2145
353
-185
294
1782
1912
1605
-619
-2426
-494
1630
1807
470
-455
180
1913
2946
5001
4450
3448
3660
5755
8387
9002
9235
9394
5448
2950
8227
12479
15012
6907
2158
4193
6938
11531
9718
5973
895
-17
2455
5942
4429
482
-3190
-7036
-4108
-2181
-1215
-5110
-11321
-12563
-9165
-5992
-6786
-10112
-13181
-12530
-10981
-8343
-6584
-8360
-10541
-10419
-7331
-4314
-4424
-5091
-4942
-4380
-3007
-726
-168
-1143
-1050
-290
2087
2100
535
672
1225
2364
3407
2297
1131
397
872
3408
3180
1054
-390
-808
750
1718
1091
312
-1562
-2480
-290
1535
1484
-51
-1392
-322
1926
3040
4283
3769
2298
3646
5389
8074
8993
7857
9298
6428
3538
8085
11470
14598
9062
2761
4674
7119
10729
10613
6637
2111
1009
2407
5736
5258
988
-1519
-5910
-4511
-2093
-1290
-3831
-9459
-11906
-9631
-6367
-6919
-8982
-11929
-12086
-10673
-9115
-6987
-7683
-9638
-9949
-7624
-5028
-4408
-4832
-4512
-3857
-3189
-1274
125
-245
-1200
-546
1314
2643
2280
803
677
1312
2799
3685
2690
463
-328
1384
3327
3208
448
-936
-1056
24
1177
1242
-71
-2526
-2927
-801
1043
544
-608
-1347
-1134
692
2565
3536
2884
1418
2693
5084
6818
7652
7228
8023
7428
3107
6095
10233
12588
10767
3388
4007
5940
8522
10208
7642
2849
602
1891
3779
5383
1396
-598
-4295
-5968
-2793
-1587
-2622
-7584
-11094
-10157
-6686
-6541
-8207
-10337
-11864
-10710
-9575
-7451
-7074
-9105
-9767
-7989
-5667
-4853
-4976
-4679
-4153
-3746
-2394
-620
-618
-415
-789
-428
1897
1734
1939
-141
-154
2323
2888
3424
1504
7
411
2615
3615
2755
15
-714
1180
1387
2378
1396
-419
-1510
-1196
1210
2214
1098
-729
-777
208
2572
3666
3621
3061
1746
3494
5743
7417
7411
6614
7433
7183
2966
5965
9551
10963
9314
1784
3595
5522
7751
9420
6187
1866
311
1811
3465
5273
839
-797
-3857
-5354
-2079
-1528
-2336
-6690
-10098
-9040
-5674
-5847
-7329
-9129
-10432
-9264
-8627
-6701
-6145
-8118
-8649
-7187
-5282
-4594
-4641
-4158
-3549
-3314
-2562
-1140
-1072
-710
-670
-185
849
1137
941
604
485
858
2530
2250
2015
708
783
2394
2619
2075
1079
781
1044
1600
1414
1385
148
-778
104
513
1243
915
313
30
426
1432
2870
2867
2468
2587
3195
4639
5320
5909
5873
6652
6834
7299
2568
4399
7869
9372
9767
2038
2626
3789
6783
8588
5855
1706
-666
1314
1948
4788
1051
-1087
-4194
-6105
-2407
-1447
-2328
-6788
-9762
-9235
-6024
-5356
-6880
-8749
-10742
-9342
-8201
-6516
-5978
-7918
-8389
-7384
-5590
-4674
-4652
-4533
-4045
-3750
-2909
-1277
-1277
-879
-266
202
1244
-199
1113
2246
2641
2744
928
1984
1743
2972
3647
3512
1619
286
1863
2961
3599
1323
914
217
307
1309
1915
1401
-1236
-1259
-65
1691
1332
725
363
239
1206
2816
4292
3316
2223
2631
5195
6482
7291
6835
7315
3690
2185
8132
10088
11412
4383
1068
4276
6593
8947
7425
3544
-566
1097
2252
4693
2953
-1770
-2890
-5513
-3376
-1921
-2540
-5856
-9614
-9942
-7026
-5199
-7590
-9506
-11014
-10136
-8682
-7930
-6725
-8161
-9485
-8463
-6285
-5067
-5320
-5241
-4400
-3464
-3240
-1561
-1031
-543
-193
748
1389
682
2004
1941
3957
1995
1575
2759
2548
3619
2799
3067
2037
1989
1968
3266
2217
709
1375
699
1565
316
444
223
-1092
-779
168
424
-649
-982
-724
961
984
1215
2131
1873
2004
3088
4433
5278
5143
5114
7075
7918
7358
2667
4999
8199
10000
10060
2633
2970
3693
6614
8470
5834
948
-989
802
1222
3680
-75
-2040
-5375
-7207
-3788
-2554
-3679
-8495
-10960
-10038
-6865
-6752
-7746
-9367
-11223
-9642
-8171
-6054
-5755
-7704
-7622
-5983
-4158
-3258
-2791
-2580
-1938
-1552
-234
1468
1101
1409
1803
3027
2964
2361
2944
3768
3684
2966
2400
2362
2729
2591
3314
2272
814
858
1612
2192
1088
-376
-501
-78
-357
-11
-141
-1217
-2283
-1840
-270
10
-777
-1348
-1016
-199
523
1584
2405
2045
1562
2810
4121
5091
4777
5000
5767
6355
7023
7591
3823
2840
6420
7574
9785
3175
540
2849
4217
6265
4559
1022
-1855
-697
-802
2104
706
-3080
-4703
-6931
-4008
-2917
-3383
-6110
-8726
-9026
-6434
-4699
-5668
-7113
-8967
-7573
-6045
-5042
-3903
-5106
-5732
-4781
-3339
-2120
-1855
-1908
-1479
-1099
-895
432
624
991
1132
1236
2214
2176
553
1413
3126
2720
3032
733
442
1672
1999
3469
2597
-263
-539
948
1681
2343
831
-596
-1034
-1433
578
1308
-331
-1646
-2418
-1297
244
249
-193
-966
-1934
-905
878
1613
1569
-34
378
1685
1982
3430
3684
3619
3170
3635
5474
6343
1897
2526
6246
6378
7715
1968
1894
3976
4621
6120
4971
1832
11
1598
1350
3759
1462
-894
-1533
-3462
-1361
-611
-1118
-4002
-6441
-6199
-3718
-3615
-5010
-5692
-7246
-6659
-6081
-5424
-4420
-6084
-6525
-5321
-4559
-4232
-3936
-3557
-2831
-2781
-2896
-1374
-932
-606
-8
319
1376
991
1235
1829
1337
3550
2834
2446
2372
1755
3379
3656
3196
2578
2001
1218
2815
2547
1579
1313
-408
-210
-610
-311
-652
-1952
-3063
-3407
-2930
-2499
-2589
-3621
-3676
-3622
-2897
-1958
-2162
-1595
-1399
-1236
-201
1077
1275
2259
2557
3454
4387
5850
6806
7163
5015
2870
8772
9222
11124
7262
3516
6316
7153
9844
8729
6257
2220
3763
3861
5131
5375
751
18
-3049
-1727
-565
-1346
-4070
-6864
-7616
-6301
-5018
-6649
-7439
-9149
-9622
-8116
-7828
-6535
-7272
-8514
-7460
-6337
-5655
-4887
-4091
-3889
-3097
-3189
-1731
-616
-314
657
1220
1789
2222
1914
3023
2946
2664
4251
3186
3818
2745
1989
2559
2986
2513
2234
793
-827
482
19
576
-790
-2842
-3116
-3030
-2528
-2423
-3109
-4573
-4972
-4955
-3237
-2579
-3179
-3606
-3912
-2716
-1286
-377
493
60
16
1474
3266
4705
5246
5355
5600
6942
7687
10104
9783
10044
6759
6568
11859
11197
12511
6924
5798
7578
8679
9557
7860
5077
1523
3721
2616
3952
2185
-1188
-2208
-4518
-2916
-2970
-3990
-6817
-8576
-8675
-7491
-7359
-8945
-9304
-10556
-10059
-9082
-8877
-7759
-8715
-8875
-7519
-6660
-6485
-5686
-4947
-4310
-3618
-3631
-2052
-1673
-1253
-356
338
1007
939
1122
1989
3229
1890
2143
3028
2868
3691
2541
1854
2231
2317
2740
2847
627
-61
1160
943
1016
-205
-1465
-1527
-1496
-986
-1097
-2061
-2829
-3105
-2618
-1557
-1468
-1829
-1887
-1955
-673
344
954
1287
1181
1503
3246
4289
4693
5489
5756
6300
7167
8442
8915
9839
8760
9858
6960
7832
11136
9997
11161
5679
5534
6564
7369
7062
5635
2646
430
2051
-178
1669
-740
-3669
-4921
-6454
-5164
-5541
-6796
-9240
-10350
-10810
-9679
-9428
-10592
-10789
-12095
-11071
-10117
-9955
-8839
-9362
-8869
-7443
-6559
-6196
-4948
-4396
-3528
-2423
-2238
-693
-247
491
1482
2429
2832
2936
2873
3974
4923
5183
5160
3302
4809
4924
5722
5686
3741
2789
2606
3698
3777
2989
726
476
264
316
715
-763
-1738
-2778
-2329
-1852
-1955
-2653
-3410
-3690
-3031
-1894
-1814
-2005
-2474
-1840
-375
227
1009
1323
1328
2196
3367
3954
5363
5327
5615
6559
6926
7833
8134
8458
8147
8975
4745
6891
8719
7733
8505
2709
3704
4007
4395
3873
2736
-524
-1645
-630
-2618
-444
-3665
-5115
-6314
-7567
-6110
-6586
-7564
-9035
-9637
-9805
-8559
-8776
-9249
-8990
-10038
-8591
-8129
-7646
-6607
-7238
-6143
-4698
-4524
-4270
-2937
-2394
-1235
-867
-634
851
921
1566
2848
3459
3764
3402
3744
4919
5696
5506
5711
5511
3612
5648
5878
6229
5863
2657
2825
3872
3838
4068
2937
-672
48
335
461
1127
-1742
-2978
-2968
-2876
-2055
-2078
-3729
-4540
-4836
-3695
-2570
-3126
-3440
-3664
-3346
-1662
-1138
-359
-197
-1083
505
2129
2686
3471
3721
3685
5076
5791
6662
7781
7068
7686
7575
8867
5743
6713
8634
7767
9000
3689
4499
4625
4916
4304
3683
1415
-507
160
-1779
458
-1999
-3646
-4908
-6407
-5139
-5794
-6205
-7549
-8491
-9087
-8212
-8003
-8490
-8445
-9551
-8158
-7805
-7513
-6563
-7072
-6144
-4888
-4410
-4166
-2968
-2498
-1515
-837
-474
867
753
1222
2323
3294
3666
3384
3373
4134
4843
4751
5096
5079
4990
4496
2877
4525
4892
4046
3220
1269
1298
1441
1108
1398
403
-2118
-1902
-1645
-1785
-1733
-3321
-3491
-4100
-4598
-3451
-3318
-4054
-4391
-4668
-3993
-3099
-2973
-2276
-2249
-2200
-794
79
816
1465
1334
2108
3378
3806
5027
5470
5763
6484
6948
7509
8233
7983
8547
8528
9170
8059
5085
8378
7529
9077
6349
3085
4407
3988
4211
3383
2444
-787
-95
-1917
-1583
-742
-3937
-4453
-6571
-6153
-5895
-6609
-7725
-8307
-8855
-9259
-8491
-8890
-8746
-9683
-9467
-7942
-8179
-7619
-7782
-7285
-5483
-5014
-5202
-4257
-3405
-2971
-1535
-1075
282
699
254
1679
3161
3617
3825
4075
4537
5322
5333
5780
6568
6303
5978
5647
6499
6366
4696
4595
4820
5507
3730
2446
1672
1277
1838
1107
595
-1485
-2732
-2263
-1847
-2105
-3277
-4602
-5784
-5049
-4695
-4150
-4489
-6023
-5969
-5542
-3962
-2914
-2914
-3359
-3234
-2154
-526
753
908
1225
1285
2562
3806
4645
5506
5344
5809
6593
7498
7796
8497
8088
8615
8536
8928
7766
4708
7323
7007
8502
5409
1997
2750
2435
2832
2096
878
-2153
-2197
-3981
-3302
-2036
-4957
-5863
-7826
-7588
-7274
-7929
-8413
-8520
-9432
-10308
-9143
-8900
-8578
-9334
-8939
-7295
-7395
-7147
-6886
-5533
-3830
-3531
-3367
-2139
-1337
-1008
568
1664
2904
2559
2139
3908
5581
5982
6205
6332
6459
6762
6909
7893
8738
7812
6868
6711
7438
7404
6461
6002
4301
3646
3243
3114
2743
700
-832
-1171
-2075
-2260
-2705
-4136
-4960
-5814
-6461
-6094
-6557
-6893
-7539
-8389
-7715
-7268
-7182
-6892
-7070
-6702
-5773
-4935
-3787
-3154
-2870
-1703
-706
505
1685
2138
3166
3932
4950
6037
7143
7612
8029
8428
9297
9948
10312
10479
10559
10396
10660
9496
6662
8552
8472
9300
6708
2808
3363
3205
3154
2137
559
-1958
-2382
-4056
-3962
-2713
-5506
-7068
-8736
-8342
-7727
-8936
-9622
-9439
-10107
-10787
-9567
-8830
-8655
-9677
-9283
-6807
-6238
-6338
-6122
-4787
-2965
-2617
-2176
-481
138
-174
1103
2756
4285
3873
3186
4805
6081
5846
6051
6600
6510
5910
5263
6180
7029
5757
4424
4340
4457
3766
2616
2670
2430
1628
-1034
-1789
-214
-1462
-2363
-3662
-4696
-5294
-5399
-5335
-4538
-6734
-8547
-7004
-6816
-5964
-6443
-7282
-6885
-6754
-6081
-4702
-4386
-4406
-3951
-3617
-1540
-244
-153
677
1225
2554
3776
4440
5743
6074
6075
7464
8586
9018
9550
9138
9837
10574
10503
11300
11157
10589
10315
10377
10381
10565
6996
5693
7573
7072
7269
3180
1444
1495
1080
884
314
-1606
-3694
-4434
-5891
-4231
-5114
-7454
-8441
-9455
-8583
-9090
-10322
-10188
-10224
-11110
-10777
-9999
-10089
-10014
-10602
-8682
-6656
-7147
-7257
-6573
-4756
-3322
-2860
-2004
-529
-715
-510
1452
3089
3637
2672
3117
5051
5505
5208
5864
6617
6347
5312
5338
6791
6737
5286
4988
5399
5246
3932
3395
3825
3598
1719
1342
1046
161
-1116
-1700
-697
-1621
-3186
-4774
-3854
-4276
-4225
-4656
-4973
-5073
-6292
-5623
-4641
-4351
-5193
-5252
-4920
-4040
-3603
-3396
-2101
-2102
-2053
-1171
86
1143
1331
1652
2765
3663
3869
4596
5384
5706
5901
6153
7235
7535
7363
7304
7880
8027
8085
7736
8193
7690
7154
7108
7317
5404
2330
4245
4414
5491
1850
-823
-1
-366
-638
-1408
-2127
-3996
-4997
-6630
-5177
-4427
-7354
-8277
-9176
-8340
-8746
-10032
-9330
-8786
-9907
-10323
-8638
-8227
-8441
-9187
-7421
-4743
-5142
-5343
-4458
-2734
-1568
-1072
499
2344
1984
1476
3576
5760
6609
5638
5849
7832
7968
7403
8234
9322
8724
7259
6922
8249
8248
6409
5922
6317
5719
3935
3172
3649
3161
1250
131
581
-161
-1607
-3143
-3422
-2739
-4944
-5588
-5726
-6677
-6694
-7454
-6923
-6637
-8482
-8844
-7011
-7029
-6953
-7148
-7239
-5897
-6217
-5543
-3784
-3862
-3815
-3374
-2457
-638
-43
91
1319
1840
2274
3416
4321
5351
5190
5305
6449
7034
7114
7556
8008
8289
8278
7855
8886
8678
8549
8369
8265
8237
8010
6509
3315
5405
5271
6386
3954
-188
512
323
660
129
-698
-2771
-3667
-5581
-4955
-2874
-5556
-6703
-8083
-7495
-7116
-8926
-8520
-7518
-8492
-9664
-8319
-7517
-7549
-8855
-7765
-4217
-4507
-5640
-5075
-3222
-1628
-1614
-478
1702
1354
-234
1679
4625
5660
4253
3620
5810
6275
5156
5936
7729
7326
5403
4897
6555
6829
4535
3909
5004
4628
2353
1135
2226
1969
-146
-1312
-550
-1318
-3378
-4501
-2938
-3021
-6728
-6606
-6184
-5469
-6668
-7696
-6463
-6333
-8050
-7260
-5306
-5334
-5521
-6112
-4385
-3008
-3861
-2933
-1468
-862
-909
-804
1219
2675
1956
2540
4508
4993
4825
4903
6324
7417
6502
6871
7915
7535
6778
6861
7647
8108
6869
6255
6978
6490
6150
5949
6213
5986
4658
4343
4587
4589
-122
353
2263
2928
2212
-3097
-2476
-1913
-1796
-2187
-1793
-3105
-4829
-6089
-5953
-2338
-4498
-6444
-7164
-6879
-5673
-7287
-7141
-5691
-6524
-8375
-6937
-5384
-5371
-6749
-7217
-3373
-2656
-4460
-4056
-2674
-1306
-1476
-889
1605
2228
-389
201
3182
4690
3789
2390
4087
5228
3845
4017
6131
6275
4203
3071
4793
6234
4282
2901
4036
4349
2606
1243
2437
3173
1081
-564
517
979
-945
-2610
-1689
-593
-2318
-4313
-3307
-3661
-5591
-6054
-4509
-2858
-5115
-7355
-6504
-4707
-4935
-4682
-4109
-4038
-4839
-5483
-2861
-1105
-2047
-3037
-2311
-827
-502
-554
730
1925
847
860
2621
3898
3620
2759
3952
5264
5011
4738
5363
5544
4961
5106
6028
6940
5433
4842
5582
6323
6312
5900
5680
5830
4980
5138
5233
2204
3652
3353
4880
3286
-396
350
1127
1194
292
-131
-1259
-1655
-3806
-2922
-424
-3131
-4652
-5613
-4412
-4012
-6312
-5982
-4810
-6307
-7805
-5887
-4875
-5427
-7678
-6998
-3350
-3909
-5373
-4572
-3082
-2814
-3480
-2020
727
-220
-2685
-1037
1713
2244
848
867
3137
2711
1039
2488
4773
4198
2176
2244
4365
4308
2078
2589
4343
3713
1539
1398
2987
2643
543
627
2191
1352
-880
-1057
579
388
-1819
-2111
-758
-1483
-3346
-4467
-2918
-1974
-4039
-3972
-3437
-4144
-5021
-4571
-2633
-2051
-4240
-4413
-2563
-2330
-2288
-2031
-1157
-948
-2072
-1164
679
909
421
426
1552
2673
2309
2629
3933
3844
3686
4226
5226
5842
4804
4541
5797
5920
5467
5628
5863
5803
5346
5143
6403
5727
4860
4667
5288
5324
1198
2186
3380
4445
2649
-1370
-383
-60
-649
-1279
-486
-1658
-3486
-5507
-4758
-1750
-4485
-5990
-6428
-5726
-5593
-7709
-6757
-5336
-6809
-8531
-6350
-4949
-5598
-7540
-6683
-2731
-3128
-4630
-3487
-1903
-1622
-2261
-626
2384
1616
-1062
397
3278
3770
2541
2425
4611
4177
2233
3529
5982
5253
2950
2881
4847
4953
2568
2659
4384
3675
1489
1312
2966
2444
-17
-137
1554
1114
-1174
-1600
-208
-315
-2418
-2515
-1081
-1750
-3687
-3804
-2096
-2037
-4001
-6046
-3864
-3104
-4035
-3590
-3933
-3788
-5194
-5072
-2201
-1666
-3519
-3953
-2928
-2102
-1830
-2257
-772
-993
-2452
-1321
-211
790
220
-476
1000
2199
1655
1905
2570
3007
3506
3463
4850
5394
3950
4267
5577
6529
6502
6016
6281
6906
6560
7033
7810
7677
6909
7393
5869
3949
5677
5579
7518
3934
1069
1718
1739
1432
859
552
-689
-2809
-5456
-3351
-2468
-4989
-6167
-7229
-6268
-7826
-10026
-7805
-7239
-9294
-9882
-8315
-7584
-8745
-10509
-7417
-4412
-6358
-6679
-5321
-3756
-3852
-3928
-725
1644
-696
-1766
1042
3278
3429
2568
4264
6034
4081
3436
6158
7634
6135
4517
5776
7374
5628
4097
5827
6547
4890
3177
3881
4702
2573
969
2390
3019
918
-864
-554
189
-1277
-2566
-1533
-1356
-3520
-4718
-3795
-2735
-3780
-5079
-4125
-4862
-6312
-6144
-4042
-2514
-4505
-5930
-4827
-3503
-3568
-3062
-2098
-1759
-2822
-3330
-1005
201
-366
-774
-119
842
429
451
1971
2752
1964
2251
3431
4082
3331
2798
4242
5263
4704
4348
4435
4916
4466
4602
5805
6123
4881
4107
4644
5608
5345
4768
4864
5365
3959
158
2339
3392
4516
2131
-1149
-182
-453
-1346
-1056
-130
-1339
-3694
-5888
-4470
-2370
-4820
-5441
-5602
-5351
-6028
-8234
-6027
-4683
-6454
-7275
-5159
-4140
-5103
-6803
-4695
-959
-2324
-3005
-1424
-291
-522
-1145
1519
4671
2860
823
2639
4609
4629
3819
4675
6593
4592
2538
4509
6210
5245
3206
3359
4576
3042
774
1953
3110
1783
-163
-199
772
-855
-2899
-1819
-541
-1978
-3992
-4156
-3132
-3733
-5113
-4069
-2946
-4373
-5740
-5166
-3577
-3434
-4333
-3627
-2489
-3466
-3670
-4010
-2811
-1659
-2062
-745
-1105
-2029
-1998
-862
947
1329
145
-81
659
329
1378
1930
2220
1621
35
1002
1888
2084
2041
1768
1610
2073
2115
2622
2817
2074
2350
2986
3522
3743
2912
2868
3638
3782
4625
4780
4560
4310
4010
4731
5778
5530
5137
5564
2215
2357
4127
5116
5789
921
213
1196
861
591
645
330
-1255
-3873
-4587
-1506
-2866
-4762
-5496
-5787
-4916
-7474
-7560
-5365
-6519
-8282
-7132
-5689
-5707
-7935
-8132
-4045
-3528
-5174
-4121
-3161
-2654
-3519
-2374
1561
1521
-969
-463
1732
2613
2410
2343
4575
4178
1939
3029
5088
5293
3844
3311
4737
4632
2535
2878
4147
3679
2401
1789
2577
2013
5
224
1587
1134
-218
-1034
-731
-800
-1835
-1420
-502
-1373
-2596
-2872
-2148
-1647
-2287
-2141
-1754
-2320
-2710
-2372
-1593
-1661
-2492
-2599
-1787
-1627
-1788
-1517
-1330
-1165
-1443
-1077
-252
-421
-798
-670
-164
69
-144
-290
2
-24
-214
189
430
492
259
411
1209
1680
1640
1572
1771
2047
2300
2722
3163
3251
2927
3044
3514
3999
4193
3954
4235
4045
4148
4096
4568
4455
4997
2437
952
3107
3204
4636
1126
-83
611
2
-363
-174
52
-1192
-3181
-4444
-1940
-2277
-4196
-4344
-4668
-3795
-5527
-6252
-3960
-4617
-6239
-5539
-3856
-3402
-5126
-6085
-3140
-1974
-3451
-2385
-1460
-1156
-2236
-2214
1242
2209
241
53
1375
1929
1833
1702
3742
4091
1800
1866
3318
3939
3159
2490
3570
3791
1889
1716
2816
2803
1958
1202
1883
1935
209
-127
776
795
115
-639
-456
-467
-1577
-1755
-888
-966
-1650
-2380
-2388
-2073
-2510
-2425
-1959
-2173
-2566
-2853
-2742
-1881
-1912
-1561
-2046
-2416
-2359
-2230
-1041
-814
-877
-1326
-1330
-986
-455
8
200
222
-153
16
181
510
772
619
922
651
803
960
835
993
1243
1446
1621
1503
1259
1382
1479
1922
2316
2293
1975
1591
1765
2439
2904
3211
2958
2818
2869
3054
3591
3872
4238
3869
4722
2079
1589
3229
3993
5212
1772
1132
1711
1237
931
1387
1914
789
-1486
-2612
-357
-811
-2142
-2305
-2807
-2426
-4915
-5138
-3111
-3944
-5462
-5069
-4019
-4080
-6192
-6738
-3887
-3579
-4766
-4096
-3603
-3621
-4645
-4139
-733
-529
-2225
-2219
-1224
-479
-323
126
2216
2058
221
871
2192
3163
2820
2513
3519
3360
2093
2629
3552
3732
3220
2438
2981
2743
1606
1806
2153
1848
1250
390
333
137
-730
-771
-576
-999
-1442
-2275
-2554
-2369
-2682
-2488
-2628
-2962
-3092
-3476
-3385
-2666
-2520
-2364
-2425
-2382
-1963
-1712
-2043
-1407
-836
-679
-217
-772
-333
40
225
1128
1427
1270
1061
921
1548
2205
1924
2022
1945
1519
1598
1388
2006
2137
1456
1403
1580
1510
1555
1482
1839
2284
1594
1569
1739
1813
2032
1794
2053
2296
1955
1989
2396
2454
2690
2564
2753
2809
2822
2681
4025
2085
619
2047
2283
4113
1004
-185
663
100
-299
-46
536
-159
-2404
-3906
-1630
-1563
-3125
-3270
-3800
-3130
-5081
-5716
-3306
-3872
-5419
-5244
-4113
-3510
-5069
-5816
-3165
-2573
-3850
-3183
-2462
-1810
-2571
-2862
-95
426
-813
-594
192
890
887
689
2420
2850
1415
1607
2218
3063
2998
2453
3238
3312
2171
2273
2727
3117
3058
2112
2268
2283
1506
1505
1517
1484
1361
344
56
117
-355
-578
-815
-944
-961
-1794
-2227
-1896
-2122
-2106
-2467
-2543
-2307
-2896
-3084
-2456
-2252
-2287
-2429
-2429
-1774
-2073
-1992
-1229
-896
-869
-1307
-1157
-725
-478
-416
158
487
305
55
164
989
1241
1062
1155
1181
1175
939
1009
1490
1458
941
760
930
875
786
679
1116
1275
869
944
1157
1363
1392
1525
1988
2064
1823
1827
2234
2488
2651
2675
3157
3126
2903
3059
3429
3801
3649
3890
3767
4407
1699
1302
2914
3590
4347
1150
459
884
227
-21
395
803
-623
-2953
-3698
-1766
-2259
-3593
-3561
-4022
-3915
-6144
-5976
-4150
-4955
-6003
-5444
-4618
-4740
-6375
-6164
-3391
-3204
-3865
-3299
-2666
-2249
-2721
-1830
832
800
-38
326
1141
2014
2089
2475
3898
3792
2886
3198
3457
4086
3834
3523
4175
3786
2726
2389
2207
2532
2417
1395
1127
422
-472
-718
-888
-628
-905
-2285
-2860
-2963
-3093
-3156
-3456
-3213
-3233
-4178
-4298
-3603
-3288
-3007
-3150
-2566
-2111
-2578
-2312
-1227
-403
14
76
422
932
832
1452
2649
3019
2927
2591
2701
3416
3072
3307
3459
2985
2484
2189
2118
2384
1699
1204
1240
615
179
-318
-599
-481
-1121
-1640
-1757
-2300
-2550
-2967
-2836
-2456
-2802
-3211
-2966
-2794
-2398
-2062
-1770
-1072
-1144
-860
-44
617
1270
1514
1776
2488
2798
3281
4006
4395
4725
4865
5117
5656
5778
5702
5752
6098
5989
6578
4383
3294
4333
4525
5380
2491
1479
1578
609
-88
29
315
-718
-3092
-4158
-2811
-3375
-4717
-4745
-4948
-4863
-6791
-7115
-5608
-6325
-7034
-6340
-5290
-5320
-6988
-7063
-4600
-3877
-3999
-3297
-3000
-2724
-3120
-2148
490
929
411
483
956
1933
2430
2821
3924
3927
3413
3646
3761
4533
4603
4223
4662
4524
3936
3523
3114
3607
3811
2873
2438
1953
1327
986
451
698
587
-730
-1421
-1565
-1757
-2126
-2714
-2547
-2608
-3648
-4029
-3753
-3673
-3793
-4151
-3744
-3419
-4124
-4120
-3539
-3089
-2857
-2840
-2400
-1950
-2148
-1858
-979
-508
-26
21
381
799
996
1360
2028
2327
2709
2624
1450
1959
1872
3047
3318
2592
2249
1486
1231
1727
2069
2099
1586
544
317
175
105
354
-4
-347
-581
-1297
-996
-1114
-1149
-801
-830
-549
-563
-1097
-909
-440
70
945
858
915
796
596
1369
2199
2691
2762
2477
2437
3067
3170
3783
3904
3748
3444
3575
3566
4231
2801
992
2304
2352
3640
1324
-185
133
-176
-624
-418
-223
-876
-2946
-4152
-2463
-2074
-3332
-3952
-4177
-3895
-4743
-5386
-3670
-4176
-5154
-4869
-3655
-2866
-4019
-4736
-3214
-2127
-2378
-1624
-1337
-978
-1464
-1441
623
1456
948
608
625
1412
1990
1966
2603
2676
2138
2121
2142
2784
2953
2161
2235
2472
2321
2075
1425
1679
2055
1494
1331
1392
1101
775
289
732
1236
318
-255
-230
-70
-146
-559
-458
-308
-1144
-1477
-1123
-854
-961
-1487
-1429
-1096
-1510
-1513
-1159
-1134
-1214
-1499
-1302
-895
-1043
-1077
-859
-776
-563
-609
-669
-461
-464
-345
-149
-85
151
-42
-169
33
320
374
466
-274
-922
-685
-485
247
-24
-727
-1127
-1487
-1285
-718
-529
-644
-1369
-1876
-1466
-1167
-890
-895
-1331
-1291
-1357
-1105
-474
-450
-421
-85
369
1097
1259
1273
1838
2285
2904
3610
3908
4155
4037
4121
5131
5801
5965
5660
5418
5758
6063
6252
6392
6271
5429
5352
4972
5702
3937
1997
2826
2758
3361
818
-465
-618
-1270
-2126
-1946
-1703
-3065
-5286
-6339
-4700
-4563
-5762
-6277
-6746
-6936
-7802
-7532
-5732
-6319
-7462
-7084
-5904
-5186
-5661
-5628
-4067
-3426
-3519
-2380
-1758
-1260
-1373
-966
988
1609
1416
1330
1441
2255
3061
3276
3819
3652
3030
3116
3345
4282
4347
3260
2977
2979
2942
2829
2453
2564
2410
1344
1211
1417
1094
556
-37
333
451
-434
-710
-739
-902
-1072
-1236
-880
-923
-1823
-1957
-1670
-1555
-1484
-1745
-1698
-1642
-2159
-1964
-1561
-1425
-1313
-1606
-1548
-1286
-1253
-1007
-796
-682
-376
-475
-434
23
169
383
536
754
1124
923
878
1268
1564
1697
1693
1658
1805
1498
1331
1660
1708
1482
994
324
30
-373
-446
44
-297
-901
-1745
-2254
-2055
-1879
-1868
-2018
-2650
-3164
-3267
-3082
-2527
-2611
-3063
-3194
-3196
-2680
-2279
-2046
-1548
-1274
-907
-310
195
747
1120
1580
2508
3131
3567
3938
4192
4721
5236
5707
6364
6471
6524
6555
6797
6989
7311
6957
7049
6448
6429
5679
3655
4474
4242
4944
2920
970
699
406
-437
-798
-717
-1642
-3556
-5231
-4300
-3858
-4969
-5591
-6069
-6309
-7027
-7608
-6109
-6285
-7171
-7028
-6221
-5593
-6123
-6337
-5096
-4133
-4115
-3165
-2884
-2519
-2400
-1944
-213
554
578
573
459
1081
2001
2408
2982
2861
2563
2483
2443
3220
3712
3044
2713
2557
2480
2411
1907
2126
2221
1413
1123
952
660
259
-177
144
269
-559
-981
-1193
-1334
-1256
-1378
-1097
-1231
-2001
-2044
-1812
-1562
-1327
-1502
-1483
-1523
-1752
-1343
-969
-866
-581
-663
-446
-241
-155
222
332
524
986
1024
1014
1178
1289
1585
1693
1831
2077
1689
1442
1645
1855
2029
1849
1709
1618
1247
1046
1285
1277
1021
647
306
145
-338
-388
-299
-531
-899
-1586
-2005
-2329
-2291
-2168
-2126
-2553
-2969
-3110
-3077
-2708
-2608
-2459
-2441
-2556
-2408
-2089
-1658
-1280
-1078
-931
-752
-490
-157
318
762
1180
1466
1777
2181
2418
2721
3029
3480
3815
3871
3872
3893
3918
3991
4256
4267
4198
3824
3652
3579
3584
3267
3165
2808
2564
2192
2004
1954
-51
18
194
1028
389
-1550
-1814
-1562
-1737
-1918
-1590
-1691
-2815
-4297
-3712
-2394
-2831
-3471
-3838
-3868
-3845
-4440
-3289
-2971
-3740
-3993
-3330
-2459
-2512
-2976
-2582
-1676
-1630
-923
-689
-581
-511
-515
538
1406
1616
1485
1089
1223
2192
2624
2851
2785
2451
2410
2239
2730
3404
2900
2333
2099
2167
2217
1908
1833
1912
1215
825
930
779
413
-225
-270
-195
-784
-1172
-1312
-1686
-1922
-2155
-1997
-1964
-2590
-2855
-2814
-2812
-2599
-2634
-2616
-2644
-2901
-2628
-2178
-2033
-1823
-1770
-1583
-1220
-1058
-577
-287
-99
388
667
921
1224
1480
1772
1963
2206
2691
2683
2532
2822
2846
3033
2961
2868
2915
2537
2338
2411
2389
2097
1704
1312
1168
771
513
523
74
-220
-548
-804
-910
-1135
-1345
-1351
-1542
-1627
-1767
-1863
-1717
-1743
-1720
-2024
-2062
-2086
-1701
-1554
-1436
-1329
-1424
-1322
-1214
-815
-418
-360
-334
-374
-166
50
308
434
519
498
381
584
599
835
755
801
973
1058
1032
967
1041
1143
1293
1217
1346
1269
1118
1056
1042
1390
1302
1137
895
844
966
1056
1065
976
865
651
944
972
1438
-93
-705
159
834
1412
-403
-799
-354
-533
-627
-282
301
-495
-1979
-2098
-298
-284
-1123
-1374
-1494
-1119
-2196
-1525
-619
-1215
-1889
-1585
-643
-427
-1354
-1527
-393
-302
-128
20
33
238
-356
104
1135
1289
822
155
44
859
1107
1078
1218
820
429
107
307
1212
756
-15
-206
-134
5
-285
-424
-208
-575
-1153
-883
-835
-828
-1276
-1394
-947
-1106
-1306
-1304
-1384
-1303
-1243
-1190
-912
-1116
-1235
-1048
-987
-584
-469
-570
-486
-521
-331
-150
-124
125
218
60
175
293
460
437
265
607
779
714
785
793
875
901
885
1190
1185
891
939
1021
1226
1382
1260
1316
1199
1087
1279
1339
1403
1380
1219
1181
1080
1013
1135
991
869
830
615
577
394
278
306
80
-74
-183
-372
-443
-502
-587
-577
-789
-900
-929
-1006
-989
-1001
-1037
-1010
-1219
-1224
-1191
-1106
-1003
-1068
-1020
-1437
-1303
-1288
-857
-759
-1056
-1225
-1274
-1015
-828
-703
-730
-862
-1016
-972
-701
-622
-633
-833
-847
-657
-664
-456
-528
-508
-578
-453
-120
91
15
-137
-9
290
792
894
982
922
923
1320
1757
2225
2218
2159
2165
2588
2884
3271
3333
3413
3398
3332
3392
3733
3780
3951
3668
2194
2653
2720
3513
2792
1398
1324
1347
913
664
580
405
-591
-1840
-1405
-985
-1947
-2580
-3077
-2921
-3276
-4248
-3700
-3866
-4452
-4546
-4219
-3736
-4076
-4829
-4399
-3606
-3468
-2973
-3173
-2832
-2664
-2693
-1697
-916
-568
-710
-973
-314
665
767
1030
1264
1435
1495
1263
1998
2509
2002
1942
2097
2455
2276
1834
2077
2290
1860
1826
1862
1662
1305
787
1152
1272
808
567
199
-40
-51
-169
18
-135
-682
-752
-918
-815
-537
-743
-749
-871
-991
-778
-783
-600
-352
-480
-440
-313
-266
-35
-113
19
329
221
354
442
437
599
553
726
914
725
722
703
652
831
802
776
755
471
459
416
407
539
354
181
53
-151
-56
-104
-241
-206
-509
-714
-770
-830
-665
-730
-862
-929
-1141
-1116
-979
-971
-927
-1014
-1086
-983
-1035
-943
-773
-803
-667
-658
-672
-556
-548
-394
-216
-174
-53
13
31
139
232
421
559
513
584
616
634
743
793
978
1036
923
874
811
826
1024
1015
1101
891
564
680
791
742
397
295
432
454
57
-116
-32
-98
-288
-476
-330
-515
-969
-1013
-824
-667
-923
-1161
-1133
-1078
-1211
-1128
-938
-922
-1107
-1210
-811
-493
-570
-690
-608
-273
-182
-166
95
329
321
429
682
1094
1112
1073
1339
1739
1869
2004
2054
2240
2243
2345
2612
2900
2598
1399
1694
2190
2993
2274
1217
1124
1208
985
887
1096
858
-230
-1190
-677
-196
-819
-1429
-1860
-1917
-2357
-2784
-2320
-2542
-3170
-3353
-2986
-2624
-2996
-3502
-3255
-2707
-2425
-2018
-2144
-1985
-1945
-1753
-948
-330
-6
-239
-439
122
979
1274
1467
1527
1588
1592
1630
2334
2696
2310
2088
2112
2374
2311
2144
2141
2006
1653
1567
1504
1275
954
529
563
391
115
-161
-619
-819
-835
-943
-1052
-1307
-1604
-1749
-1932
-1726
-1495
-1727
-1924
-1987
-1847
-1670
-1677
-1468
-1334
-1398
-1321
-1052
-785
-555
-483
-295
-19
45
286
476
690
967
1055
1215
1234
1183
1271
1333
1505
1641
1538
1410
1337
1291
1353
1296
1250
1179
915
788
695
597
550
430
302
129
-137
-274
-336
-428
-491
-633
-760
-906
-1033
-972
-967
-1024
-1054
-1185
-1222
-1211
-1166
-1085
-1100
-1121
-1057
-1107
-1068
-943
-868
-737
-752
-663
-523
-439
-275
-112
-28
78
201
371
549
608
743
867
953
1091
1186
1273
1317
1311
1399
1424
1375
1396
1348
1308
1227
1106
1064
929
768
689
494
388
261
105
-2
-190
-350
-484
-658
-782
-827
-944
-1009
-1115
-1219
-1208
-1224
-1190
-1175
-1247
-1160
-1024
-945
-859
-824
-724
-595
-591
-402
-246
-151
-39
-2
164
233
283
375
541
606
627
574
617
630
621
652
489
534
394
358
182
39
39
-23
-232
-395
-465
-534
-617
-787
-736
-713
-845
-895
-935
-850
-881
-950
-819
-715
-721
-677
-571
-373
-284
-299
-98
130
253
423
547
839
958
1047
1313
1485
1577
1581
1754
1855
1932
1915
2039
2107
2047
2032
2058
2179
2112
1880
1759
1861
1946
2020
1339
845
929
1230
1427
746
198
41
-111
-187
-149
-151
-555
-1237
-1517
-1192
-1201
-1425
-1616
-1879
-1970
-2279
-2062
-1934
-2191
-2393
-2330
-2075
-2014
-2225
-2339
-2140
-1967
-1653
-1566
-1636
-1502
-1570
-1293
-945
-589
-473
-691
-653
-178
143
290
414
507
652
658
916
1303
1275
1245
1356
1538
1679
1553
1576
1687
1723
1772
1761
1582
1469
1323
1332
1393
1252
1104
752
489
493
428
234
34
-230
-421
-645
-788
-724
-951
-1186
-1271
-1302
-1338
-1502
-1571
-1509
-1516
-1532
-1484
-1512
-1524
-1492
-1323
-1079
-1005
-992
-979
-874
-602
-348
-116
-20
-53
-16
120
427
729
725
652
655
722
893
932
1019
1057
926
851
856
938
998
866
785
786
704
638
577
562
587
460
337
337
271
261
223
232
303
225
179
242
224
248
305
364
423
325
308
403
431
448
468
513
528
448
449
487
486
427
429
484
462
326
236
232
225
183
51
-22
-121
-216
-265
-296
-352
-467
-578
-642
-682
-778
-849
-895
-975
-1062
-1197
-1205
-1211
-1254
-1267
-1317
-1345
-1426
-1427
-1314
-1223
-1253
-1294
-1294
-1242
-1167
-1122
-991
-903
-937
-927
-893
-758
-572
-453
-362
-338
-349
-249
-74
94
252
273
315
334
397
600
766
874
902
897
970
1056
1130
1245
1337
1386
1376
1297
1311
1337
1343
1376
1314
1223
1127
1047
1059
1020
922
846
750
615
490
405
355
240
110
16
-82
-197
-331
-375
-409
-493
-557
-587
-625
-705
-723
-622
-555
-600
-651
-643
-603
-547
-475
-368
-397
-516
-507
-410
-285
-259
-279
-289
-298
-305
-224
-143
-129
-164
-278
-287
-257
-233
-216
-286
-367
-360
-347
-292
-248
-309
-326
-299
-195
-93
-72
-48
6
75
164
269
390
441
444
504
678
789
808
877
995
1069
1041
1026
1157
1274
1235
1201
1188
1166
1119
1133
1168
1100
899
794
812
784
677
557
460
291
153
128
166
26
-236
-374
-407
-387
-477
-531
-619
-774
-887
-890
-795
-829
-960
-1104
-1116
-1102
-1090
-1068
-1089
-1124
-1168
-1127
-1041
-992
-1030
-1006
-930
-853
-803
-788
-723
-664
-576
-505
-454
-420
-407
-328
-223
-128
-117
-133
-75
6
77
118
172
200
233
236
309
357
417
431
515
456
142
243
491
784
567
172
166
319
418
429
473
430
183
-38
197
448
336
123
-14
130
110
43
168
161
81
59
235
460
342
113
241
504
673
692
592
641
547
620
921
1057
974
753
710
890
1032
1062
1109
966
859
777
847
972
850
728
732
664
701
477
194
205
208
430
260
-237
-440
-529
-332
-281
-434
-603
-897
-1139
-1003
-848
-776
-910
-1245
-1207
-1229
-1193
-1053
-1162
-1142
-1169
-1138
-931
-961
-986
-883
-781
-554
-456
-555
-500
-512
-288
-12
6
41
-126
-183
13
171
295
241
23
29
73
136
256
151
122
80
9
116
91
69
90
34
123
121
32
36
38
156
284
198
174
138
152
326
323
357
322
218
233
242
295
354
244
127
73
-14
1
-99
-182
-260
-421
-490
-568
-676
-779
-914
-942
-950
-1057
-1127
-1223
-1295
-1287
-1273
-1152
-1081
-1143
-1120
-1060
-890
-668
-521
-340
-200
-127
59
267
564
851
947
1093
1229
1432
1695
1832
1981
2083
2091
2187
2251
2306
2312
2158
2095
2090
2014
1893
1684
1508
1366
1130
1004
841
598
300
14
-114
-235
-474
-724
-921
-1155
-1316
-1456
-1535
-1631
-1845
-1921
-1907
-1925
-1963
-2001
-1946
-1878
-1845
-1719
-1579
-1520
-1452
-1308
-1068
-874
-773
-638
-476
-328
-134
85
320
429
436
546
704
883
1004
1042
1060
1050
1068
1173
1264
1223
1107
993
975
995
948
847
729
669
616
574
501
379
278
233
223
219
108
-44
-104
-107
-56
-52
-84
-148
-227
-248
-164
-57
-39
-93
-129
-140
-138
-113
-19
41
-2
-87
-108
-14
27
26
38
-22
-107
-169
-124
-65
-143
-262
-312
-319
-329
-388
-467
-528
-620
-659
-635
-647
-743
-866
-912
-874
-867
-886
-944
-1006
-1069
-1066
-1013
-989
-1004
-1020
-981
-1001
-1010
-963
-862
-776
-721
-657
-510
-511
-509
-343
-139
28
86
176
246
318
451
678
897
952
979
1041
1186
1311
1482
1642
1663
1667
1655
1723
1820
1845
1847
1824
1728
1661
1588
1573
1516
1431
1383
1266
1127
953
849
787
689
540
350
193
68
-47
-124
-342
-333
-660
-474
-754
-907
-886
-1120
-935
-1217
-1069
-1389
-1227
-1434
-1268
-1275
-1288
-1216
-1301
-1123
-1194
-1028
-982
-918
-817
-760
-656
-619
-451
-386
-191
-232
-157
-142
-11
52
140
227
181
212
125
239
219
332
284
281
216
216
204
227
274
230
273
-13
-22
-12
135
130
5
-116
-200
-161
-84
-2
-83
-189
-280
-225
-116
-98
-52
-120
-110
-86
-26
95
109
158
252
360
442
509
522
616
739
876
1019
967
936
960
1090
1225
1238
1246
1184
1100
1061
1172
1236
1222
1012
857
802
742
694
585
463
289
101
-245
-273
-296
-319
-604
-980
-1056
-1141
-1202
-1277
-1293
-1394
-1620
-1737
-1645
-1572
-1655
-1645
-1664
-1630
-1626
-1602
-1384
-1401
-1329
-1172
-984
-774
-709
-557
-367
-73
170
447
485
526
831
929
1318
1377
1485
1499
1456
1649
1766
1895
1820
1702
1622
1637
1558
1525
1403
1213
1076
815
696
526
347
145
-38
-215
-375
-584
-778
-912
-1077
-1142
-1279
-1332
-1434
-1582
-1637
-1650
-1581
-1555
-1572
-1557
-1483
-1415
-1280
-1100
-939
-855
-786
-617
-420
-242
-91
59
181
283
373
560
747
863
963
999
1049
1122
1183
1260
1260
1213
1144
1056
1026
985
931
828
668
559
427
323
243
135
40
-112
-256
-361
-441
-519
-588
-666
-777
-878
-938
-916
-881
-913
-951
-949
-910
-848
-786
-695
-609
-565
-507
-405
-286
-185
-100
38
177
320
398
482
604
710
832
900
952
989
1006
1039
1102
1107
1039
996
923
901
836
739
718
589
447
324
217
157
-1
-190
-309
-451
-529
-611
-778
-848
-942
-1042
-1053
-1097
-1129
-1169
-1254
-1224
-1151
-1092
-1029
-1015
-950
-845
-778
-649
-556
-483
-383
-281
-136
13
115
244
371
473
610
702
836
947
1011
1103
1146
1189
1243
1300
1325
1297
1238
1232
1220
1175
1151
1075
1017
940
823
761
646
504
384
301
183
73
-59
-229
-262
-422
-534
-573
-648
-737
-839
-903
-927
-927
-1030
-1047
-1085
-1149
-1151
-1132
-1105
-1138
-1159
-1132
-1080
-1072
-1024
-946
-872
-850
-805
-702
-639
-595
-505
-331
-200
-136
-49
113
291
389
462
589
717
773
867
977
1045
1037
1027
1125
1209
1195
1127
1109
1062
1042
1046
1021
981
827
701
655
634
560
440
322
180
37
-66
-118
-183
-290
-431
-546
-619
-694
-716
-704
-702
-734
-788
-769
-700
-634
-580
-534
-506
-474
-415
-345
-237
-168
-118
-38
52
128
177
222
271
368
398
409
442
438
437
435
428
413
309
184
145
129
99
-12
-132
-228
-307
-356
-399
-471
-571
-693
-782
-821
-843
-883
-933
-1021
-1073
-1024
-977
-916
-871
-868
-829
-728
-569
-379
-269
-180
-58
98
266
455
626
735
851
936
1132
1277
1367
1463
1525
1602
1624
1661
1710
1743
1699
1656
1576
1481
1376
1247
1169
1032
847
676
529
390
230
67
-53
-219
-415
-575
-675
-782
-930
-1087
-1185
-1275
-1353
-1410
-1446
-1448
-1506
-1504
-1455
-1396
-1366
-1342
-1317
-1253
-1165
-1085
-996
-938
-882
-814
-759
-673
-537
-413
-319
-255
-194
-97
7
132
239
301
301
326
406
478
543
572
580
586
618
669
737
775
787
828
839
840
863
861
856
844
866
864
803
742
726
751
734
681
615
570
521
484
471
454
370
252
184
165
130
43
-46
-113
-192
-267
-321
-344
-426
-569
-630
-621
-611
-680
-763
-827
-864
-910
-900
-887
-953
-1037
-1082
-1007
-933
-944
-954
-944
-896
-787
-687
-590
-549
-556
-486
-339
-208
-135
-100
-46
67
164
247
333
397
467
536
625
703
721
703
761
828
844
812
765
783
775
786
791
769
703
628
624
664
663
588
540
487
472
449
406
367
285
198
157
157
140
71
-16
-66
-108
-114
-127
-185
-287
-385
-434
-413
-411
-501
-563
-628
-659
-630
-611
-606
-632
-666
-676
-633
-590
-526
-510
-529
-511
-491
-407
-338
-289
-271
-289
-268
-182
-71
-9
0
-38
-22
43
110
191
185
158
152
188
246
257
240
240
239
233
242
235
254
263
266
268
235
201
184
217
257
271
245
197
150
174
233
276
267
199
173
164
190
225
249
229
164
125
155
224
215
175
116
80
92
97
118
100
53
-6
8
29
33
34
7
-11
-39
-30
-17
-3
-26
-58
-70
-67
-41
-41
-40
-40
-46
-34
-16
-14
-17
-32
-50
-50
-33
-59
-98
-135
-149
-166
-205
-226
-259
-289
-346
-343
-329
-342
-370
-405
-449
-472
-469
-452
-429
-467
-513
-480
-428
-397
-376
-340
-312
-279
-204
-114
-46
-18
22
103
201
283
353
417
451
491
564
642
690
706
742
766
773
789
834
870
829
773
751
771
766
730
704
642
573
503
451
403
300
200
140
70
-25
-138
-226
-256
-307
-384
-479
-586
-668
-684
-666
-684
-745
-837
-858
-814
-775
-766
-793
-781
-774
-717
-629
-569
-531
-530
-489
-400
-284
-222
-168
-132
-96
-38
42
143
201
220
210
236
281
321
344
357
335
310
367
433
451
385
315
304
336
368
354
314
258
209
231
299
331
307
246
221
253
316
365
351
284
238
221
243
251
230
188
125
92
103
99
83
46
-15
-35
-95
-157
-182
-262
-350
-427
-485
-528
-607
-680
-708
-748
-804
-808
-780
-743
-744
-743
-692
-636
-578
-517
-446
-409
-372
-317
-226
-140
-95
-20
62
139
202
251
297
357
441
519
567
568
556
585
614
636
610
534
470
448
459
470
440
358
298
248
233
244
223
173
73
14
6
1
-34
-62
-115
-179
-219
-230
-205
-193
-217
-242
-241
-228
-194
-139
-97
-88
-80
-102
-68
-27
38
90
98
76
71
98
131
142
119
74
25
-2
-18
-28
-91
-159
-237
-268
-323
-387
-443
-494
-536
-578
-587
-594
-613
-632
-613
-571
-558
-536
-471
-376
-284
-241
-175
-68
68
187
283
379
466
555
683
821
911
928
935
982
1056
1100
1072
1041
1013
995
1003
992
926
795
684
653
625
541
376
233
114
25
-66
-153
-266
-426
-575
-656
-670
-712
-799
-871
-916
-937
-962
-971
-958
-964
-982
-960
-895
-837
-797
-756
-672
-608
-547
-462
-358
-267
-208
-126
-6
111
180
256
331
388
416
433
483
516
526
517
517
504
480
439
435
443
409
381
325
286
242
196
178
154
87
8
-56
-78
-61
-65
-51
-60
-98
-116
-94
-31
9
4
-12
-13
-29
-4
53
107
135
92
92
113
160
223
273
303
283
267
282
316
357
358
343
295
248
253
274
270
227
194
127
70
35
55
79
2
-94
-170
-212
-256
-298
-346
-429
-561
-665
-694
-736
-805
-884
-909
-928
-986
-1030
-1039
-1054
-1084
-1080
-1027
-1008
-1031
-1028
-959
-837
-742
-667
-584
-507
-416
-264
-65
108
215
290
403
543
672
806
919
999
1070
1127
1236
1332
1384
1435
1469
1519
1531
1504
1494
1488
1450
1403
1330
1257
1170
1050
947
857
747
630
512
411
314
178
75
-6
-117
-213
-311
-391
-461
-521
-548
-573
-625
-639
-618
-604
-597
-602
-581
-548
-566
-582
-574
-565
-543
-546
-559
-573
-599
-607
-585
-574
-569
-607
-633
-632
-633
-633
-636
-661
-697
-755
-772
-758
-772
-767
-777
-761
-775
-778
-728
-649
-570
-520
-465
-407
-337
-252
-117
8
94
157
206
298
411
541
672
765
846
925
1026
1148
1253
1335
1384
1403
1452
1507
1528
1524
1481
1423
1379
1335
1276
1196
1090
1000
919
826
732
622
502
341
195
87
-28
-157
-283
-400
-484
-610
-674
-739
-799
-893
-934
-959
-979
-1015
-1047
-1020
-1184
-1173
-1134
-1097
-1152
-1306
-1253
-1136
-1134
-1057
-1096
-1098
-1148
-1108
-951
-819
-915
-965
-925
-843
-654
-613
-518
-547
-566
-404
-230
-99
-49
-46
17
141
258
417
432
422
473
542
682
739
766
768
768
844
967
995
969
952
986
1077
1082
1114
1112
1055
1064
1079
1130
1115
1034
1001
993
992
1001
1008
967
916
856
873
886
840
815
728
679
600
565
568
477
355
225
140
79
19
-58
-158
-315
-421
-466
-523
-601
-735
-862
-932
-1029
-1078
-1126
-1246
-1362
-1468
-1500
-1529
-1619
-1686
-1728
-1764
-1745
-1736
-1710
-1682
-1687
-1622
-1519
-1424
-1352
-1314
-1228
-1093
-999
-882
-796
-719
-629
-520
-365
-229
-155
-60
78
238
408
516
622
728
830
967
1097
1179
1234
1255
1347
1429
1487
1527
1520
1524
1526
1548
1584
1594
1558
1507
1448
1405
1386
1347
1281
1158
1015
914
844
810
730
604
490
381
313
275
227
163
53
-66
-131
-179
-235
-328
-447
-544
-632
-714
-764
-839
-930
-988
-1033
-1049
-1104
-1198
-1242
-1279
-1277
-1273
-1301
-1349
-1411
-1434
-1354
-1265
-1226
-1212
-1206
-1120
-1010
-886
-746
-659
-592
-494
-336
-124
41
155
289
444
612
796
971
1123
1231
1328
1468
1602
1686
1706
1725
1747
1765
1756
1713
1654
1583
1524
1468
1386
1243
1089
964
885
782
625
428
221
59
-77
-206
-352
-547
-765
-921
-1003
-1039
-1089
-1167
-1227
-1262
-1270
-1219
-1164
-1115
-1104
-1102
-1042
-971
-892
-832
-774
-714
-641
-558
-457
-361
-297
-218
-108
2
68
89
95
117
129
134
131
95
29
-19
-16
1
-31
-104
-151
-171
-179
-190
-203
-209
-245
-272
-265
-248
-246
-255
-249
-216
-181
-139
-85
-33
17
56
119
186
227
273
311
350
408
464
510
520
500
512
562
572
569
524
459
403
370
407
417
376
293
224
201
221
245
269
254
189
169
182
235
259
241
223
201
180
189
205
227
218
179
185
177
157
127
101
106
97
48
-1
-61
-142
-211
-241
-257
-319
-444
-551
-581
-588
-596
-625
-677
-739
-782
-767
-700
-653
-684
-720
-682
-590
-488
-412
-352
-268
-176
-38
126
265
367
447
556
713
835
902
967
1030
1100
1144
1166
1162
1130
1071
1036
1001
922
803
640
493
367
250
99
-82
-286
-482
-631
-740
-844
-953
-1095
-1218
-1293
-1327
-1355
-1390
-1425
-1431
-1430
-1401
-1323
-1257
-1178
-1076
-951
-829
-711
-592
-436
-272
-121
45
194
312
403
499
615
717
768
802
827
835
862
881
888
851
792
740
704
651
583
492
386
300
217
152
69
