31
36
34
34
28
22
21
14
14
14
10
3
-5
-10
-12
-10
-5
3
10
20
23
26
29
33
37
43
43
44
44
46
48
44
46
34
30
19
16
10
7
6
7
13
20
30
38
45
47
55
52
56
59
65
63
62
65
53
45
41
31
24
21
17
19
15
14
17
15
15
13
15
17
20
27
38
38
40
41
29
25
13
8
3
-3
-4
-13
-17
-23
-21
-14
-11
-8
-5
-3
-1
7
13
14
14
18
15
16
14
8
4
0
1
-1
-5
-5
-6
-7
-7
-12
-11
-9
-12
-8
-4
0
5
7
14
11
10
5
-1
-1
0
4
6
7
7
6
1
-2
-4
0
1
4
12
13
11
5
9
5
6
12
5
5
4
8
10
11
10
9
6
0
3
2
5
8
11
19
17
21
26
24
23
25
21
23
25
26
30
31
26
22
22
17
18
20
24
23
28
26
25
20
18
14
11
14
19
25
28
32
26
27
22
17
16
11
15
8
6
-1
-6
-6
-6
1
6
6
7
3
6
9
8
13
12
10
5
-1
-3
-5
-3
0
-4
0
-3
-9
-5
-4
-4
-1
-6
-4
-3
4
9
7
13
15
10
8
0
-4
-6
-12
-20
-22
-22
-26
-23
-25
-26
-26
-24
-19
-17
-13
-6
-5
-7
-7
-14
-11
-12
-13
-10
-13
-14
-13
-16
-20
-19
-18
-23
-22
-17
-15
-17
-8
-8
-6
-8
-10
-7
-8
-6
-2
3
1
-3
-4
-4
-7
-3
-6
-14
-17
-18
-13
-10
-5
-1
-7
-14
-20
-15
-11
-10
-7
-6
-4
4
11
11
9
4
-4
-10
-10
-3
1
1
0
-5
-3
-6
-12
-14
-15
-20
-27
-19
-10
-4
1
14
13
16
13
12
5
0
-2
-4
4
1
2
-4
-8
-10
-4
-2
1
8
13
20
21
31
31
18
17
9
3
8
14
19
14
11
15
13
12
14
12
13
3
7
14
22
30
31
34
38
35
36
30
27
33
26
21
19
14
10
-2
-9
-1
-5
-8
-4
-2
0
7
15
8
7
-2
-14
-19
-24
-19
-16
-18
-22
-25
-21
-28
-42
-46
-44
-52
-57
-56
-54
-54
-53
-50
-56
-49
-42
-38
-35
-31
-27
-28
-36
-39
-35
-44
-49
-56
-59
-59
-62
-53
-53
-53
-41
-39
-39
-38
-30
-25
-25
-28
-19
-9
-13
-12
-11
-6
-2
-1
-4
-2
4
7
4
10
21
9
6
19
33
35
41
42
45
50
50
57
51
48
37
35
49
49
49
56
61
59
62
81
97
88
83
91
89
86
87
100
101
88
81
79
80
93
82
72
77
71
83
81
69
71
76
67
62
89
98
74
76
80
64
56
69
58
24
23
25
20
26
26
25
16
-11
-21
-4
-8
-32
-40
-27
-39
-48
-29
-27
-49
-61
-66
-71
-72
-73
-81
-85
-95
-118
-117
-106
-126
-139
-132
-146
-156
-152
-151
-160
-163
-158
-167
-172
-167
-167
-168
-161
-158
-160
-161
-164
-154
-146
-150
-152
-138
-131
-134
-128
-116
-110
-118
-111
-86
-72
-70
-60
-45
-16
18
22
24
30
40
53
66
88
94
94
99
105
126
150
149
138
149
172
177
174
196
208
185
192
219
228
216
207
223
240
230
214
235
255
233
212
252
253
212
205
215
218
212
209
197
207
210
190
205
224
202
179
193
187
169
180
179
150
153
157
127
120
120
94
73
64
50
27
1
-25
-55
-70
-92
-130
-153
-183
-221
-245
-259
-295
-342
-369
-407
-459
-479
-492
-526
-561
-584
-600
-620
-638
-660
-676
-697
-709
-716
-721
-715
-713
-700
-680
-661
-641
-610
-576
-547
-511
-467
-428
-390
-348
-297
-247
-196
-152
-108
-57
2
53
103
157
198
234
281
326
366
409
449
473
495
524
548
566
587
591
583
588
587
585
578
570
552
536
529
520
508
496
479
459
456
447
436
424
397
373
361
356
342
337
329
317
313
315
322
324
327
324
325
332
331
335
335
335
336
340
345
352
355
354
354
343
333
318
299
278
254
226
196
161
120
78
38
-11
-67
-124
-182
-245
-305
-357
-412
-473
-536
-588
-632
-669
-714
-753
-796
-835
-872
-895
-905
-918
-937
-946
-942
-934
-923
-914
-891
-873
-857
-827
-780
-725
-696
-666
-620
-581
-541
-497
-455
-416
-384
-341
-290
-236
-189
-152
-114
-75
-35
14
63
111
148
179
213
246
283
310
328
347
371
385
399
415
430
436
437
447
458
468
479
486
498
506
512
512
505
493
475
462
444
432
424
417
409
401
402
410
417
411
416
426
433
440
449
462
469
470
474
482
488
489
496
504
509
513
519
536
549
558
566
571
571
563
557
558
557
543
508
464
418
366
306
240
170
85
-4
-79
-148
-221
-296
-370
-456
-536
-599
-652
-694
-744
-797
-839
-874
-910
-944
-971
-1005
-1032
-1049
-1050
-1048
-1046
-1034
-1018
-997
-966
-936
-903
-868
-826
-780
-725
-659
-610
-570
-533
-498
-464
-424
-382
-339
-300
-270
-235
-190
-144
-109
-76
-43
-6
33
76
117
154
182
209
234
259
283
306
331
344
362
372
380
398
411
424
439
451
457
467
488
497
513
528
521
513
506
497
484
467
447
430
412
394
383
379
373
364
365
365
357
357
360
362
368
381
394
398
403
421
433
451
463
480
490
498
510
525
547
562
577
586
581
570
558
550
545
533
500
449
401
346
277
206
128
43
-44
-127
-206
-282
-359
-444
-532
-607
-683
-746
-808
-862
-917
-974
-1022
-1067
-1105
-1144
-1178
-1203
-1216
-1217
-1210
-1197
-1184
-1173
-1154
-1126
-1090
-1052
-1003
-950
-894
-825
-750
-684
-628
-585
-541
-498
-452
-401
-351
-305
-265
-223
-186
-141
-99
-68
-34
0
32
65
101
135
171
207
236
263
287
317
350
388
424
445
466
489
511
532
556
579
604
626
637
651
659
665
667
672
676
673
661
649
641
634
627
610
596
582
568
552
549
552
548
555
560
559
560
564
571
575
581
578
576
580
578
581
583
579
575
574
571
572
577
578
576
566
559
550
540
520
485
451
399
337
260
172
88
-3
-99
-198
-297
-390
-479
-567
-648
-728
-806
-880
-948
-1011
-1064
-1105
-1148
-1186
-1215
-1251
-1290
-1312
-1331
-1344
-1344
-1338
-1336
-1335
-1317
-1280
-1228
-1177
-1129
-1084
-1036
-985
-926
-866
-810
-754
-701
-660
-619
-572
-529
-489
-450
-405
-359
-315
-272
-223
-176
-131
-89
-46
-15
20
58
96
132
163
200
231
259
290
329
365
403
432
454
485
524
555
590
624
648
666
686
708
731
752
763
772
781
787
794
799
799
792
785
783
784
782
788
796
803
806
804
800
801
800
803
808
819
825
824
823
827
832
829
826
829
833
834
836
842
849
849
847
841
830
810
794
783
775
746
698
639
568
493
406
319
228
133
40
-54
-136
-218
-309
-398
-489
-579
-670
-748
-818
-892
-964
-1026
-1083
-1148
-1207
-1257
-1300
-1343
-1376
-1394
-1409
-1425
-1430
-1422
-1404
-1385
-1364
-1332
-1304
-1265
-1225
-1176
-1120
-1076
-1038
-1001
-953
-901
-861
-819
-782
-749
-716
-671
-606
-548
-494
-446
-393
-345
-300
-250
-212
-176
-154
-131
-99
-71
-42
-22
5
32
66
90
110
151
186
217
253
288
324
349
370
396
428
466
493
514
527
539
549
554
569
581
588
587
594
614
637
657
670
686
693
699
713
728
744
757
769
781
790
802
809
818
827
845
852
863
886
903
928
951
981
998
1006
1009
1012
1017
1016
1014
1004
989
973
950
913
868
806
732
647
552
459
364
264
170
76
-32
-142
-250
-354
-449
-535
-619
-700
-788
-872
-948
-1009
-1069
-1130
-1190
-1251
-1293
-1330
-1349
-1361
-1371
-1382
-1396
-1393
-1378
-1344
-1302
-1250
-1206
-1163
-1114
-1064
-1015
-970
-921
-869
-813
-767
-722
-675
-634
-598
-556
-519
-484
-449
-412
-377
-336
-293
-256
-235
-217
-192
-177
-143
-111
-73
-41
-15
21
61
107
148
188
217
248
277
312
346
378
410
434
459
483
513
528
551
566
586
598
615
632
627
627
619
621
616
607
602
596
593
601
610
614
612
601
595
601
623
647
674
695
709
720
736
749
760
772
779
793
815
850
880
903
913
916
911
916
896
909
909
898
873
831
787
711
628
529
442
338
244
151
60
-35
-131
-233
-343
-440
-534
-622
-698
-778
-856
-921
-982
-1030
-1093
-1147
-1205
-1252
-1285
-1311
-1310
-1318
-1331
-1340
-1335
-1313
-1290
-1258
-1222
-1186
-1145
-1096
-1034
-971
-913
-874
-831
-785
-738
-691
-653
-609
-570
-530
-485
-428
-383
-354
-319
-282
-251
-210
-168
-130
-102
-74
-39
2
37
70
98
129
157
190
229
266
302
323
348
372
404
425
442
454
463
475
486
505
519
521
521
523
523
526
526
527
522
525
535
542
549
551
543
540
537
538
538
543
544
549
560
573
597
613
637
633
668
651
667
689
687
709
713
744
756
775
791
809
806
814
817
819
810
803
806
781
748
705
652
582
488
391
297
192
99
0
-94
-193
-299
-405
-513
-616
-706
-795
-876
-953
-1022
-1086
-1140
-1177
-1240
-1294
-1344
-1376
-1404
-1419
-1425
-1440
-1455
-1471
-1466
-1441
-1407
-1368
-1328
-1282
-1220
-1162
-1092
-1016
-950
-889
-837
-770
-711
-648
-580
-523
-465
-412
-355
-302
-248
-211
-164
-101
-46
6
45
80
114
145
178
212
246
275
287
310
338
371
408
426
447
464
486
504
530
558
575
587
607
626
642
649
658
670
666
668
660
657
649
648
648
658
674
666
668
659
660
651
641
630
616
615
617
623
638
654
662
674
676
683
690
701
709
718
729
731
742
762
776
776
784
803
817
812
818
823
814
805
779
786
767
735
693
620
555
471
387
303
193
86
-27
-120
-224
-348
-462
-588
-709
-811
-912
-998
-1072
-1154
-1248
-1316
-1357
-1436
-1515
-1580
-1634
-1699
-1754
-1783
-1782
-1814
-1835
-1830
-1806
-1777
-1746
-1683
-1635
-1568
-1520
-1442
-1356
-1284
-1213
-1158
-1082
-1008
-948
-888
-809
-750
-678
-622
-543
-443
-372
-287
-224
-147
-75
-14
52
118
180
234
285
358
398
425
466
510
557
599
648
669
705
729
748
774
816
852
863
880
892
908
916
920
933
922
905
872
876
875
872
899
892
886
876
864
863
835
833
830
828
806
832
863
844
858
846
877
839
860
864
870
887
871
893
900
906
884
907
890
941
914
920
922
930
917
899
921
945
936
823
834
772
828
716
675
655
544
474
330
234
216
19
-98
-150
-298
-738
-748
-331
-649
-891
-877
-719
-861
-1076
-1142
-1180
-1324
-1449
-1336
-1614
-1603
-1821
-1507
-1817
-1950
-1603
-1717
-1793
-2035
-1615
-1909
-1822
-1640
-1642
-1691
-1623
-1511
-1427
-1527
-1285
-1131
-1382
-1182
-1110
-958
-1077
-946
-767
-761
-898
-574
-475
-608
-633
-324
-215
-445
-165
-152
-79
-182
39
146
22
261
347
186
293
607
466
400
607
769
560
634
681
830
885
499
898
796
865
808
893
876
995
961
806
1132
910
1081
879
1002
904
1103
782
1168
750
931
1209
554
942
1023
997
425
1302
611
1274
537
736
1534
348
944
823
1225
620
913
853
1125
738
828
1141
798
941
975
999
831
854
1005
983
696
806
594
868
863
592
615
748
384
500
289
77
305
-8
25
-458
-39
-311
-577
-573
-767
-764
-1095
-1179
-938
-1191
-1406
-1479
-1572
-1263
-1638
-1906
-1620
-1620
-1732
-1978
-2141
-1159
-1660
-2176
-1971
-1410
-1399
-2085
-1714
-813
-1852
-1118
-1979
-513
-987
-1885
-368
-1519
-352
-1324
-552
-1012
-324
-621
-861
-531
67
-934
-40
-309
-412
-75
-251
84
-239
252
-732
789
-577
679
-160
-34
782
118
-39
715
76
697
647
-216
1452
-394
1292
252
1000
204
831
920
169
1312
283
931
820
732
574
1151
662
677
1225
545
721
939
899
814
325
1517
-58
1138
778
163
1828
-461
1299
771
719
638
825
1245
273
1065
1176
652
729
1046
1475
149
1193
847
1023
1354
-154
1791
943
427
1215
1067
662
744
1127
-127
1253
142
768
1085
-177
370
1183
-397
37
44
528
-317
-905
26
-361
-180
-1018
-1377
139
-1500
-1091
-907
-2165
581
-2829
-1076
-1422
-938
-2099
-1747
-518
-3301
21
-2509
-639
-2994
38
-1601
-2925
77
-2796
942
-3563
-880
493
-2476
-1012
-1124
376
-2124
-720
-843
-924
1085
-3693
1992
-625
-2521
3014
-4246
2315
-649
-444
-167
-1318
2957
-2131
509
-455
1021
330
-619
248
537
1503
-1317
1668
-855
1868
158
-1153
4189
-4030
4567
-1685
881
2118
-1909
3768
-1870
1786
275
1659
620
-1004
4110
-1531
207
2779
-2007
5042
-3640
1841
3476
-2677
2753
-1399
3967
-2433
2370
-461
2595
-1523
2166
1646
-2075
3267
-875
2383
-988
1413
182
2134
-1596
2555
-604
1621
469
20
1324
705
1523
-1963
4304
-2036
2222
-68
413
2725
-1792
1704
1075
49
-645
884
1034
-484
-372
1079
611
-1562
1258
-921
-204
472
-1321
-185
-1245
890
-2758
1210
-3143
-283
-506
-2424
-1268
-1029
-1397
-2369
707
-4783
536
-1562
-2111
-2003
-1789
188
-3759
154
-2833
-777
-729
-2813
-737
-2441
1655
-3777
-935
32
-1138
-321
-3559
3407
-4704
1982
-2053
220
-1022
229
-24
-1575
906
-1202
1337
-3027
3486
-3613
3844
-3850
2035
946
-1821
-17
1915
-853
756
-522
752
2254
-1382
688
-147
3950
-3502
3706
-1195
1670
1285
247
1094
-63
2602
-404
1573
-489
2825
620
194
2582
-818
2499
-900
2984
407
-137
2968
-1485
4172
-3903
6176
-3691
4241
-1429
2542
-945
1312
1974
-1541
3798
-4324
6169
-1985
606
761
2049
-1059
1341
889
2105
-2104
2713
682
-483
2010
-1106
3571
-1182
913
563
1986
-713
899
1704
849
-1246
1124
1739
-2558
1920
-142
139
902
-1238
756
159
-2107
1448
-1421
-314
-900
-1080
-177
-1530
-911
-1816
-985
-1271
-2582
242
-3226
-894
-1199
-1732
-2625
-1277
-919
-2102
-1430
-3555
1757
-4061
-1077
-813
-1685
-787
-3812
1981
-3231
959
-2799
-2036
3502
-4517
1037
-3482
2596
-711
-3752
1429
-296
2035
-6093
4633
-1355
-438
-2389
822
4495
-7673
5605
-4891
4556
-1192
-5302
6587
-1067
-1796
671
-185
4068
-5904
4144
312
-1020
3652
-4324
4624
-3531
4127
-1202
2810
-823
3955
-3087
2125
3051
-3974
5328
-2965
6576
-5323
7138
-1669
-1308
832
3993
3496
-6897
7517
-1492
5399
-7061
3618
3966
242
168
-3509
9299
-3805
-38
5556
-5001
4341
1180
-1355
4405
-5325
7879
-3273
829
765
-438
6216
-3683
1029
-140
5073
-5029
4627
829
-1533
3192
-597
1736
117
-873
2235
342
-311
112
-1373
1945
-481
-65
-1515
658
126
497
-3194
1456
258
-3708
-364
-578
-644
-2370
-1251
-86
-2879
-1889
-1356
-1081
-331
-3644
-1069
-1313
-2788
-1074
-827
-3044
-887
-997
-2128
-1592
-1541
-827
-71
-4018
-798
2259
-2299
-1256
-1453
-847
-293
1465
-5117
289
3067
-3099
-821
-2478
4129
-2453
837
-1657
805
847
-2751
1376
-2768
5775
-4905
3277
-3147
591
3259
-4190
2305
-97
587
-2443
-3636
-2049
680
-229
-2183
2509
2375
-925
1254
2255
-564
8100
-1722
-3508
10632
-923
824
-3595
4003
2859
363
2332
424
4894
-1114
1824
903
-447
4345
-19
1736
1538
1217
3073
-387
1447
1391
2049
-135
-410
3919
-813
750
537
-50
1525
671
-636
222
2125
1629
-2226
1945
1974
236
1241
-875
2588
2038
-264
1670
844
-221
4229
-1413
595
182
540
909
383
-1391
2924
-932
-1674
216
-1857
2302
-4655
178
-1110
-1852
-1286
-2578
-2442
-357
-2811
-4663
-897
-3211
-1670
-2730
-2692
-1652
-4162
-1984
-1455
-3623
-384
-3904
-608
-1922
-2562
239
-1432
-3354
-1701
1252
-1586
-2526
1106
-1498
191
-2406
-645
851
-2912
2576
-2631
3229
-1899
-605
1443
-1608
3235
-4136
1908
1300
182
-3006
3507
-777
-643
670
-2575
3007
-450
785
-722
1980
301
-1334
3130
-714
-948
1038
3654
-1782
-3161
5929
-1138
-402
3244
-593
3407
-1628
6760
612
-1718
5840
-1848
5450
-2419
3462
4723
-3165
2434
4433
-567
1107
-1641
3948
4633
-4077
2852
778
2832
-923
2084
3370
-4419
6017
3924
-3519
4933
-1720
616
5108
-2568
1670
3461
-407
3102
-3097
3571
1146
-392
3830
-1650
4735
137
-565
4956
-3227
-2217
3209
-1847
3724
-3936
1786
1061
-3654
-1972
-2372
328
-1914
-1847
-2814
-2971
-2848
-996
-6354
-2456
-2402
-4351
-2913
-4668
-2262
-2056
-4990
-3477
-2926
-3348
-2254
-3071
-1689
-1699
-2899
-1829
-253
-2615
-1434
-603
-812
-2136
1134
503
-2350
3242
-3344
-664
1290
-3057
2724
-795
4290
-3448
-880
2319
-1097
-473
-3084
2986
2896
-634
-942
1525
95
-1123
-1409
2718
1355
-334
1823
1376
-1191
677
-868
1556
1539
28
4151
-2842
3809
805
50
165
4270
655
1767
4789
-3127
5191
30
-188
2705
903
2869
4013
-1528
1068
1455
1952
4612
-3518
8630
-2095
449
4816
-1572
4363
-1500
4193
3118
-796
3501
3444
-173
31
752
3368
2064
111
4793
1205
581
-747
1208
4253
2197
-380
4157
1230
1765
2698
1370
-1645
-519
209
-503
1122
199
319
-2360
-3159
-4439
-1648
-3042
-721
-2378
-4700
-4641
-5086
-2535
-5479
-4752
-4727
-3426
-4744
-4722
-3709
-2876
-4689
-5887
-4623
-3879
-1521
-2375
-2236
-2697
-2231
-2689
-2122
-1350
1105
173
-1012
-987
-383
1779
502
-137
-557
637
-275
18
-10
1511
1594
-828
-900
15
53
1216
1029
-508
560
-302
-175
-1664
101
584
1540
-4196
270
1967
-1500
2504
-2850
2186
-472
808
-197
2626
2189
-324
3922
-3338
5145
563
4240
1653
1429
5490
-1683
4036
3660
2839
2185
1129
4812
938
589
3318
3508
2632
787
2881
3603
1201
2285
832
2124
1045
2260
2598
2898
486
1071
3016
1019
1386
2327
4963
2581
1211
1655
2471
4049
1950
2253
3859
3572
3926
1734
276
-185
-204
-22
2007
834
1172
-1675
-3525
-2384
-4641
-2795
-2944
-1889
-3520
-6422
-6072
-5208
-6690
-6495
-7131
-5314
-5237
-6719
-6246
-6487
-5791
-7244
-7003
-4774
-3128
-2732
-3373
-4067
-2221
-3023
-2744
-1272
465
1672
-125
363
79
1346
495
231
2057
2220
2096
1044
630
1310
953
1142
31
1414
2147
-149
736
-1349
-640
-505
-1001
-1271
-543
-29
323
-3214
-2368
-635
-1008
-278
-1049
1321
-408
-185
-2057
326
1839
2397
-724
3389
2418
2310
1886
794
4536
1380
4215
2924
6005
3353
4900
2528
1286
3878
5025
3311
4252
4377
3368
2980
-6
4921
2839
3848
2846
1641
3532
2876
2141
2871
654
3225
3642
2182
2593
2696
2842
4102
1789
2884
4916
3430
4169
917
2738
-222
-737
37
872
2924
-634
-2141
-2789
-3190
-3534
-4068
-3455
-2384
-3746
-6316
-7959
-6990
-6326
-7220
-7435
-7485
-6543
-6828
-8302
-8154
-7005
-6927
-7368
-6278
-4857
-3612
-3356
-4370
-4066
-2206
-1898
-847
408
1196
2212
1136
535
1559
3050
2021
2850
2725
3515
3500
885
933
1202
2203
1533
1450
1996
1459
314
-1521
-1223
-950
-1422
349
-1301
-1798
-2089
-3475
-3615
-3378
-2649
-729
-1625
-1955
-385
-1912
-1137
-1599
-563
1258
1218
1929
2545
1866
3327
926
2167
3822
3941
4733
5076
5188
3966
3840
3385
5822
5028
4612
6911
4097
5212
4279
4379
3916
2840
3689
4514
5245
3402
3652
2452
2818
1429
3074
3366
3227
3896
1498
1711
1944
2770
2740
2853
2524
1921
-241
-2806
-1502
36
1079
353
-2740
-2898
-3354
-3711
-5714
-5107
-2842
-2687
-4986
-8402
-8170
-6560
-6822
-8073
-7766
-5983
-5117
-7632
-9095
-7916
-5896
-6233
-6954
-5453
-2537
-2109
-4561
-4682
-2383
-691
-1085
-515
1530
3303
2194
212
845
3098
4351
3996
3655
4639
4270
2129
747
1515
3556
3251
2048
1552
1249
417
-897
-1146
-726
-100
-695
-1536
-2389
-2394
-2735
-4196
-4138
-2664
-1581
-1845
-2918
-2345
-2137
-2203
-2634
-1200
1431
1126
590
869
1026
993
2430
2827
3769
4733
4049
4280
3819
5148
5360
4492
5630
5703
6415
5250
6374
4960
5093
3974
4349
6253
4762
5972
4666
3384
3296
2748
3128
3777
3469
3882
2554
2232
2215
1520
2396
2770
1874
2442
1195
1268
-21
-5022
-1072
-1867
683
-365
-3231
-2378
-4965
-5524
-7280
-5176
-3846
-3306
-5937
-8156
-9542
-7653
-8519
-8140
-6982
-5996
-5214
-8784
-9349
-8597
-6650
-7008
-5931
-4997
-2516
-2383
-3625
-4086
-2410
-1110
-1661
15
976
3370
2300
1193
1636
3372
4291
4265
4267
4940
3968
2842
1500
2642
4243
2931
3237
1422
1532
400
-948
-925
-348
53
-1118
-2080
-2368
-2821
-3032
-3889
-3652
-2940
-2933
-2564
-2994
-2873
-2410
-2405
-2285
-801
372
1068
481
954
1100
1126
3280
3397
4662
5472
4204
4742
4224
5303
7390
6473
6120
6775
6040
5727
6291
6213
6653
6196
5984
5359
5121
5492
3600
3988
4131
3834
3713
3437
3545
3103
2622
2052
2009
2113
2499
2382
1861
1678
-15
642
-2202
-2381
-1647
-1551
658
-3203
-3655
-5143
-4241
-5562
-5585
-4738
-4270
-4379
-8243
-9912
-8479
-6876
-7371
-7333
-7683
-6356
-7805
-9623
-9331
-6516
-5209
-5933
-5821
-5103
-3239
-4239
-4635
-3183
-338
-211
-526
-206
1532
2558
1154
987
3067
5139
4329
4087
3772
4677
3258
2214
2695
4248
4727
2991
1690
878
1080
16
-137
-142
427
-998
-2490
-3462
-3190
-2989
-3294
-3755
-3475
-3036
-3744
-3863
-4602
-3047
-2297
-2312
-2400
-1373
-133
-232
-443
373
1655
2260
2716
3098
3936
4410
4502
4354
5568
5628
6071
6188
6283
6795
5970
5447
5399
5869
6203
5538
5193
5244
4836
4677
3159
3885
4117
3603
3494
2544
3086
2399
1995
1899
2359
2380
1840
2283
1220
1251
1241
-243
1255
-2408
-1732
-1779
-1713
654
-2687
-1996
-4827
-3510
-5174
-4811
-4102
-4050
-3580
-6689
-7933
-8021
-6344
-6128
-6052
-6686
-5852
-6850
-8093
-8550
-5993
-4682
-4794
-4977
-5162
-3257
-3669
-3462
-3099
-432
-173
-264
-190
876
2220
1514
1427
2145
3565
3839
4058
3547
4043
2619
2305
2158
3342
4070
3042
2541
869
1016
-292
113
164
824
-427
-1718
-2805
-2960
-2785
-2762
-2744
-2606
-2412
-3531
-3652
-3709
-2320
-2235
-1675
-1585
-954
-427
-267
330
578
1766
2220
2739
2990
3535
3973
3765
3977
4484
4987
5257
5277
5978
5554
4717
4456
4580
4928
5015
5015
4401
4296
3549
2616
2619
3125
3392
2755
2164
2121
1957
945
1368
2023
2094
1980
1753
1558
1612
812
1850
1489
1613
874
-1935
-816
-2175
459
-243
-1167
-1990
-2983
-2984
-5135
-3112
-3783
-2078
-4380
-6003
-7067
-6447
-5674
-6151
-5485
-5929
-5398
-7476
-7993
-7097
-5198
-5305
-4943
-5271
-4080
-3955
-4402
-3696
-2074
-670
-1060
-394
-213
1558
1353
1367
1657
2951
3385
3423
3814
4009
4407
3113
2700
3050
3913
3874
3249
2501
2066
1481
523
456
702
846
48
-1166
-2018
-2219
-2367
-2663
-2573
-2222
-2591
-3138
-3528
-3279
-2687
-2649
-2300
-1887
-1297
-1206
-944
-713
18
799
1197
1783
2109
2820
2787
2694
3144
3642
4036
4147
4158
4598
4428
4297
3802
3971
4275
4131
3995
3412
3459
3391
3069
2681
2717
2942
2524
1938
2142
2417
1748
1148
1590
1586
1387
1656
1735
1447
1329
1447
1317
2098
1581
1990
1742
970
-965
-1348
-1149
-631
494
-741
-1076
-2425
-2994
-4113
-4106
-3890
-2982
-3240
-5338
-6362
-6832
-6410
-6070
-5913
-5617
-5420
-6067
-7589
-7368
-6187
-5404
-4407
-4667
-3728
-3087
-3398
-3622
-2578
-745
61
154
219
1498
2092
1726
1789
2791
3794
3748
3500
3668
4607
4026
2655
2934
3213
3487
2889
1883
1916
1745
685
-455
-246
137
-205
-1514
-2425
-2347
-2383
-3110
-3488
-2888
-2493
-2946
-3864
-3480
-2619
-2379
-2353
-1727
-972
-435
-530
-265
687
1511
1919
1955
2526
3181
3484
3540
3426
3912
4186
4150
4034
4193
4627
4194
3503
3407
3775
3466
3298
3054
2998
3013
2215
2084
2062
2278
1909
1225
1366
1043
937
723
849
1443
1067
996
478
1501
1353
1085
1311
1121
1685
1900
1542
1652
2059
2330
1675
-1217
-584
-1075
428
16
-649
-725
-1683
-2753
-4092
-3360
-3097
-1996
-3781
-4889
-6058
-5717
-6057
-6054
-5312
-4455
-4500
-6424
-6848
-6269
-4999
-5082
-4210
-3957
-2861
-3200
-3468
-2906
-1629
-584
-663
-216
281
1715
1101
1296
1714
3036
3090
2977
2936
3944
3712
2629
2610
2086
3437
2254
2348
1120
1662
555
-83
-422
-439
-159
-1316
-1856
-2694
-2330
-3008
-2847
-3174
-2613
-2899
-2976
-3416
-2819
-2497
-2055
-1664
-1437
-567
-511
97
214
1349
1506
1937
1858
2315
2562
3259
3177
3283
3655
3799
3955
3304
3860
3482
3779
3467
3387
3324
2602
2683
2495
2661
2101
2081
1779
1566
1544
1659
1508
1290
2117
1173
1302
807
1590
1471
1226
1265
1585
2118
2107
2247
1517
2268
2284
2429
2019
2380
2889
2319
2589
-517
384
-628
-161
479
-948
-637
-2249
-1446
-4419
-3356
-3915
-2369
-3287
-5320
-5963
-6683
-5645
-6683
-5789
-5650
-4259
-6027
-7107
-7063
-5221
-5136
-5162
-4627
-3400
-2452
-3646
-3071
-2133
-268
-570
-126
263
2102
1813
1772
1756
2947
3852
3285
3479
3718
4794
3470
2686
1873
3018
2286
2441
1593
1559
1326
-427
-843
-1299
-615
-1293
-1647
-2688
-2677
-3264
-3826
-4080
-3555
-3165
-3322
-3565
-3596
-2729
-2614
-2505
-2246
-1280
-754
-175
-89
901
1492
1648
1933
2266
2934
3289
3212
3183
3512
3769
3754
3847
4033
4434
4626
3801
3396
3185
2817
2620
2285
2245
2147
1739
1762
1626
1841
1917
2074
1616
944
1054
1370
1206
1177
1400
1715
1284
1166
1725
2228
1824
1431
1698
2135
2314
1869
2875
2746
3104
2706
2957
2823
329
656
-664
650
306
-181
-807
-1230
-1549
-3327
-3108
-3371
-1937
-4067
-5348
-6255
-5743
-6116
-6445
-5877
-5465
-5342
-6525
-7005
-6872
-5588
-5863
-4985
-5208
-3631
-3395
-3157
-2738
-1612
-467
-589
-148
431
1933
1646
2085
2129
3300
3484
3651
3627
4411
4643
3644
2576
2738
2973
2133
2242
1287
2091
780
-446
-830
-778
-814
-1701
-2452
-2719
-2791
-3734
-4081
-3987
-3450
-3631
-3988
-4177
-3706
-3347
-3206
-2900
-2073
-1619
-1167
-894
-238
715
1219
1577
1730
2485
2972
3021
3173
3832
4049
4006
3846
3866
4068
4238
3977
3660
3754
3368
3053
2836
2681
2614
2407
1548
1256
1458
1372
1508
1017
820
1152
758
546
190
435
1019
867
1234
1591
1413
1715
1847
2144
2580
2251
2648
3113
3152
3755
3389
3758
3987
4034
4589
1429
1235
-84
578
613
-673
-694
-794
-976
-3388
-3158
-4348
-2513
-3910
-5439
-6837
-6980
-6571
-7744
-6923
-6401
-5431
-6249
-7237
-7548
-5613
-6067
-5592
-5839
-4049
-2907
-2944
-2303
-1176
345
530
573
819
2476
2078
2894
2836
4028
4054
3956
4181
4582
4837
3763
2815
2511
2340
1636
1202
488
533
-38
-947
-1842
-1968
-2744
-3091
-3933
-4227
-4700
-4911
-4992
-4779
-4603
-5067
-4709
-4546
-4125
-3752
-3276
-2602
-1882
-1520
-735
163
1025
1527
2331
2730
3135
3517
3894
4174
4633
4792
4686
4866
4809
4813
4700
4832
4575
3993
3537
3140
2935
3060
2350
1966
1355
1017
650
394
290
274
421
1
-47
-322
-53
33
568
760
836
1161
1348
1922
2244
2464
2735
3158
3767
3898
4136
3663
4194
4512
4750
4845
4563
4414
2787
2494
244
361
761
-75
-452
-1753
-2654
-3022
-3219
-3998
-3746
-4975
-5607
-6558
-7525
-7834
-7903
-7622
-7354
-6983
-6624
-6689
-6205
-5766
-5507
-4825
-5235
-4012
-3284
-2013
-1096
-314
492
1228
1631
2152
2658
2984
3369
3266
3577
3324
3699
3920
4234
4153
3720
3153
2627
1750
1391
724
-9
-599
-1712
-1976
-2438
-2476
-2683
-3301
-4014
-4472
-4695
-4867
-4697
-4512
-4488
-4339
-4161
-3939
-3183
-2473
-1899
-1335
-1051
-530
139
1008
1919
2435
2859
3143
3614
4072
4351
4619
4617
4470
4178
3876
3661
3568
3369
3388
3320
3078
2867
2519
2088
1558
1165
691
-309
-238
-96
-322
113
7
749
1087
830
507
730
-85
-59
383
66
938
1503
2162
3446
3758
3050
3311
3147
2998
3633
3040
2546
1845
1706
2788
3531
3992
4305
3547
1943
1329
-599
-1449
-1879
-2648
-2351
-2217
-2285
-2083
-2176
-2679
-2456
-2981
-3392
-4433
-5305
-5666
-5448
-4848
-3957
-3284
-3041
-2917
-2874
-2362
-2058
-2061
-2902
-3098
-3125
-2610
-1646
-600
-241
-337
-555
-485
-260
-89
-33
-611
-1147
-1734
-1457
-1000
-193
-120
-163
-682
-488
-406
-310
-101
-678
-867
-873
-939
-180
78
181
231
2
259
-175
380
172
205
107
-57
284
270
927
1058
1049
752
678
391
255
125
138
114
-273
20
-142
-193
164
-121
-150
-349
-780
-805
-1006
-800
-776
-784
-615
-673
-275
-179
-97
316
259
103
428
308
754
1021
1048
1604
1315
1719
1975
1926
2135
2107
2116
2079
2001
1982
1956
2121
2078
1906
2279
1868
1922
1875
1486
1646
1221
1149
1069
895
1052
1018
1098
1079
813
759
621
672
827
747
678
700
701
757
876
1080
1035
891
663
255
237
1
-73
-291
-500
-485
-657
-723
-666
-647
-740
-1066
-1526
-1928
-2350
-2519
-2631
-2612
-2539
-2491
-2453
-2341
-2206
-2063
-2094
-2234
-2163
-2231
-2181
-1993
-1592
-1188
-1090
-751
-422
-264
176
111
169
269
-72
-33
114
435
695
714
884
709
604
553
-57
-160
-277
-661
-693
-769
-657
-464
-608
-483
-631
-861
-1021
-1482
-1436
-1654
-1733
-1376
-1732
-1199
-754
-924
67
31
-188
413
-188
-98
290
212
826
1021
1086
1453
1768
1782
1917
1475
1580
1962
1515
1749
1409
1198
1339
1383
1669
1383
1803
1782
1553
1286
444
763
883
485
750
807
873
666
774
605
589
790
250
852
575
416
765
872
901
1127
1327
1349
1581
1413
1360
1361
1313
1187
1497
1330
1453
1721
1600
1702
1871
1636
1539
1449
808
204
-942
-1451
-1418
-1716
-1303
-1685
-1918
-1906
-2315
-2006
-2261
-2675
-2940
-3801
-3833
-3730
-3547
-3339
-3516
-3162
-2974
-2562
-2228
-2257
-1997
-2304
-2432
-2076
-1884
-1348
-959
-730
-132
212
471
710
593
590
394
289
260
100
189
295
659
908
722
995
765
602
362
-338
-473
-1519
-1516
-1721
-1858
-1164
-1291
-918
-959
-1111
-559
-786
-811
-1201
-1418
-1342
-1360
-674
-661
-345
46
170
1114
1262
1347
1633
1461
1640
1348
1405
1648
1743
2316
2306
2489
2731
2867
2677
2348
2088
1533
1309
984
903
1200
1536
1147
1463
1643
1871
2345
1662
1630
1162
728
888
432
664
1091
1092
1730
1931
2524
3041
2997
2843
2298
1820
1853
1718
2004
2109
2230
2571
2526
3078
3083
3092
2896
2165
2105
1568
989
964
840
1556
479
-37
-1372
-2806
-2026
-3028
-3378
-4199
-5654
-4959
-5385
-5077
-4599
-5235
-4692
-5489
-4905
-5320
-5739
-5649
-6344
-5564
-5451
-4878
-3621
-3599
-2299
-1915
-1811
-1122
-1015
-182
-89
85
264
185
1053
1482
2219
2721
2544
2766
2299
2391
2416
1601
1390
878
637
607
293
485
271
204
171
-299
-799
-2058
-2390
-3097
-3485
-3137
-3601
-2828
-2660
-2227
-1261
-1581
-810
-1127
-1028
-979
-1363
-1201
-1715
-1031
-524
91
1268
1354
2384
2403
2307
2665
2022
2221
1566
1616
1578
1532
2171
1935
2516
2562
2426
2568
1833
1627
1078
855
878
663
1275
1385
1878
2227
2360
2547
2393
2618
2718
2577
2319
1997
2013
2301
2544
3120
3676
4093
4251
4339
4370
4284
4081
3718
3393
2955
2800
2865
2822
2933
3071
3080
3295
3008
3115
1495
-78
-1905
-4177
-3951
-5206
-5774
-6073
-7179
-5942
-5814
-4980
-4662
-5343
-4993
-6510
-6091
-7192
-7773
-7408
-8239
-6352
-5861
-4445
-2617
-2168
-544
-700
-182
-221
-236
453
-248
518
381
970
2529
3032
4405
4357
4305
4269
3452
3351
2278
1544
591
-146
-207
-486
-133
-184
-248
-165
-763
-955
-1601
-2179
-2785
-3718
-4201
-4981
-4859
-4775
-4167
-3068
-2922
-2032
-1784
-1255
-623
-599
-472
-1008
-1011
-967
-663
-70
-137
608
980
1645
2445
2462
2841
2515
2496
2129
1737
1474
1105
1201
892
1048
1196
1315
1790
1810
1784
1474
985
883
722
873
865
1100
1457
1801
2678
3088
3621
3809
3760
3765
3636
3686
3394
3271
3338
3567
4079
4369
4976
4994
5106
5123
4832
4678
4068
3721
3280
2890
2524
2280
2282
2026
2096
2285
717
-828
-2930
-4675
-4692
-6069
-6954
-7911
-8822
-7685
-7211
-5886
-5839
-5436
-5149
-5657
-4574
-5827
-5869
-6279
-6963
-5301
-5211
-3401
-2406
-1128
501
869
2198
1950
3009
3061
2203
2505
1203
1838
2052
2455
2996
2762
3119
2744
3202
2856
2085
1261
-390
-744
-1517
-2237
-2578
-3228
-3058
-2935
-2512
-2202
-2034
-1780
-2073
-2120
-2742
-3088
-3151
-3782
-3424
-3657
-3280
-2560
-1803
-497
-252
607
560
1101
1422
1048
1300
369
367
68
-49
466
303
963
909
1417
1568
1414
1644
920
1056
307
19
14
-402
-12
-102
399
571
964
1446
1436
1755
1623
1900
1960
2030
2282
2427
2753
3021
3437
3848
4282
4562
5053
5030
4998
4841
4655
4711
4309
4319
4099
4126
4232
3998
4228
3836
3861
3742
3492
3334
2784
2523
1892
1526
1488
586
-1464
-2921
-4743
-4906
-5349
-6892
-7086
-8401
-7647
-6874
-6270
-5655
-6030
-4819
-5187
-4288
-4498
-5447
-4757
-5696
-4373
-4352
-3487
-2188
-1515
284
379
1911
1972
2887
3643
2665
2761
1769
2222
2228
2233
2112
1362
1862
1525
2174
1908
1071
771
-241
-376
-1185
-1912
-2531
-3013
-3051
-3353
-2991
-2874
-2334
-1892
-1631
-1378
-1471
-1234
-1049
-1059
-1464
-1583
-1540
-1686
-1461
-1274
-1135
-538
-262
183
514
396
779
797
707
342
48
-196
-520
-453
-898
-867
-843
-837
-571
-719
-432
-322
-116
-126
-199
-67
-40
268
390
532
752
1079
1471
1918
2163
2425
2712
2867
2988
3118
3214
3231
3422
3623
3773
3746
3875
4103
4163
4148
4098
4119
4019
3923
3777
3477
3370
3167
3005
2900
2581
2576
2578
2543
2495
2308
2043
1866
1840
1917
1576
-650
-2167
-3550
-3948
-4218
-6380
-6934
-7623
-7029
-6400
-6090
-5350
-5469
-3976
-3627
-3081
-3347
-4166
-3555
-3865
-3782
-4168
-3569
-2349
-1493
-601
-322
1137
2124
3297
3581
2986
2866
2666
2846
2327
1760
1014
836
1099
938
1073
754
808
787
688
313
-371
-651
-1400
-1790
-2527
-2810
-2679
-2489
-2146
-2077
-1622
-1168
-353
-158
-42
-125
-257
-183
-512
-954
-1694
-1602
-1576
-1379
-1367
-1425
-659
-492
25
183
256
163
-41
-5
-651
-895
-1360
-1438
-1449
-1624
-1412
-1139
-509
-88
292
376
720
1206
1197
1159
983
1004
1163
1146
1116
1375
1696
2001
2409
2656
2848
2916
3063
3082
3033
2911
2684
2712
2583
2491
2642
2789
2994
2989
3025
3120
3003
3103
2987
2976
2719
2615
2503
2364
2409
2212
2319
2295
2474
2426
2387
2587
2578
2869
2156
-68
-1431
-2376
-2433
-4126
-6567
-7196
-7320
-6821
-7396
-6808
-5834
-4771
-3922
-3938
-3038
-2600
-2515
-2991
-3355
-3190
-3074
-2727
-2561
-1739
-1009
-133
1031
1841
2785
3471
3737
3406
3259
2910
2541
2155
1353
882
426
125
-27
-163
-8
13
74
-232
-560
-899
-1170
-1421
-1948
-2288
-2587
-2518
-2530
-2167
-1778
-1301
-868
-444
76
331
616
462
258
-32
-421
-994
-1484
-1585
-1764
-1954
-2088
-1725
-1187
-888
-588
-231
62
31
4
-217
-544
-878
-1076
-1303
-1565
-1450
-1298
-943
-535
-34
454
773
1146
1399
1447
1370
1427
1502
1387
1320
1315
1443
1505
1612
1844
2088
2227
2215
2429
2643
2743
2685
2589
2458
2438
2420
2396
2472
2529
2614
2626
2695
2735
2782
2890
2908
2809
2585
2540
2527
2434
2292
2246
2370
2372
2253
2292
2414
2574
2530
2385
775
-986
-1805
-2223
-2997
-5876
-7208
-6955
-6468
-7218
-7816
-6179
-4589
-3822
-4080
-2984
-1341
-903
-1545
-2192
-1735
-1589
-1930
-2396
-1978
-1286
-1065
-640
100
1290
2115
2509
2464
2704
3025
2685
2095
1187
682
197
-361
-901
-1322
-1374
-1373
-1328
-1315
-1078
-754
-774
-1071
-1145
-1053
-965
-1214
-1565
-1565
-1378
-1206
-1087
-799
-369
11
46
165
383
636
180
-654
-1074
-1323
-1552
-2386
-2597
-2472
-2285
-2162
-2056
-1372
-822
-228
-138
-31
167
234
15
-541
-664
-645
-641
-765
-546
-44
501
910
1274
1814
2373
2515
2389
2367
2348
2150
1717
1373
1119
1137
1204
1218
1252
1436
1743
1934
1972
2155
2447
2240
1997
1789
1854
1898
1676
1745
1978
2246
2120
2100
2410
2818
2921
2919
3029
3157
3107
3023
2960
3002
2996
2960
2968
2840
2944
2893
2961
2894
3187
2259
401
-567
-907
-1412
-4065
-6138
-6388
-6053
-6852
-7907
-6901
-5469
-4562
-4695
-3770
-1999
-1032
-1279
-1954
-1624
-1391
-1496
-2183
-2395
-2101
-1876
-1587
-1166
-161
640
1377
1674
2235
2818
2993
2871
2152
1552
996
596
-232
-1129
-1543
-1745
-1721
-1993
-1859
-1481
-1229
-1316
-1428
-1149
-903
-1037
-1550
-1714
-1670
-1584
-1728
-1790
-1497
-1236
-1090
-1023
-635
-274
-265
-428
-754
-1111
-1170
-1514
-1831
-2151
-2145
-1828
-1751
-1410
-903
-108
361
673
1082
1362
1573
1521
1271
1014
908
775
568
405
554
881
1081
1260
1582
1912
2063
2038
1991
1918
1751
1427
969
688
559
436
360
344
505
729
966
1090
1331
1643
1802
1906
1883
2052
2167
2252
2265
2278
2339
2449
2528
2542
2610
2514
2544
2410
2442
2473
2474
2485
2462
2537
2528
2546
2604
2548
2521
2511
2507
2449
2364
2229
1088
-200
-834
-1252
-2279
-4341
-5453
-5627
-5769
-6439
-6770
-6021
-5146
-4499
-4067
-3025
-1798
-1171
-1309
-1626
-1399
-1199
-1389
-1978
-2218
-1958
-1866
-1602
-1179
-567
95
570
1022
1460
1946
2144
1869
1326
809
326
-151
-871
-1641
-2153
-2390
-2567
-2752
-2652
-2299
-2041
-1926
-1699
-1256
-872
-851
-940
-934
-699
-524
-638
-712
-616
-479
-237
-124
137
432
474
157
-146
-86
-21
-320
-849
-1050
-873
-681
-642
-434
-65
373
772
1053
1264
1519
1559
1183
826
720
610
283
-44
-161
20
204
391
552
811
993
1121
1154
1178
1168
1078
769
520
363
333
332
256
367
534
863
1088
1317
1550
1811
2052
2189
2234
2236
2211
2077
2025
1916
1841
1667
1671
1582
1509
1626
1725
1800
1722
1958
1989
2094
2155
2207
2300
2178
2216
2184
2292
2297
2245
2333
2479
2478
2462
2139
1405
445
-387
-1036
-2229
-3685
-4918
-5342
-5795
-6331
-6505
-6082
-5234
-4801
-4205
-3362
-2466
-1975
-1966
-1935
-1702
-1450
-1703
-2052
-2171
-2126
-2039
-1899
-1557
-1047
-312
175
655
1186
1749
1998
1913
1711
1370
1058
510
-120
-869
-1344
-1568
-1842
-1902
-1898
-1605
-1358
-1087
-711
-254
136
204
329
468
658
597
569
356
294
317
306
270
303
449
305
167
-85
62
51
-305
-769
-903
-664
-663
-832
-807
-436
-184
12
153
298
460
524
364
155
239
236
-26
-220
-208
5
165
225
425
713
996
1194
1277
1375
1437
1322
1186
1054
1002
917
689
495
436
567
785
913
1156
1340
1645
1891
2002
2111
2143
2123
1915
1825
1700
1561
1378
1080
933
874
979
977
961
1079
1133
1258
1177
1221
1258
1182
1089
977
993
915
873
894
1018
1195
1412
1571
1682
1835
1559
999
96
-345
-951
-1978
-3162
-4208
-4406
-4812
-5138
-5397
-4968
-4219
-3860
-3306
-2700
-1770
-1402
-1341
-1189
-867
-793
-1125
-1388
-1587
-1606
-1658
-1590
-1509
-1186
-804
-445
-121
319
781
1011
1058
869
829
621
293
-316
-735
-931
-1176
-1299
-1534
-1447
-1366
-1134
-804
-461
7
272
482
594
759
970
1013
854
677
563
510
379
189
127
43
-229
-472
-653
-605
-772
-952
-1098
-1031
-800
-729
-576
-402
-120
67
164
323
405
563
625
540
472
475
443
403
364
455
586
611
602
657
684
780
857
805
795
734
663
473
363
339
297
209
73
107
218
360
441
484
575
833
992
1123
1233
1461
1590
1574
1656
1689
1806
1667
1579
1473
1395
1378
1225
1137
1056
1247
1334
1324
1363
1406
1560
1567
1658
1732
1797
1823
1748
1798
1824
1929
1848
1817
1858
1930
1705
1250
647
-21
-477
-1290
-2084
-3038
-3616
-4095
-4535
-4953
-5007
-4493
-4326
-3994
-3666
-2959
-2467
-2273
-2124
-1951
-1579
-1587
-1696
-1891
-1786
-1747
-1822
-1767
-1402
-988
-612
-303
121
666
1040
1280
1267
1471
1423
1307
954
546
296
-57
-183
-439
-367
-321
-339
-233
-106
51
250
343
370
444
482
530
320
191
75
17
-34
-151
-213
-327
-437
-700
-980
-941
-1043
-1335
-1558
-1483
-1348
-1489
-1464
-1264
-897
-636
-401
-195
4
215
248
106
69
132
51
-149
-256
-246
-203
-98
47
207
508
764
911
1046
1311
1457
1442
1458
1377
1383
1198
1043
873
864
939
991
1062
1240
1485
1606
1816
1928
2074
2159
2216
2139
2026
1961
1878
1720
1552
1483
1386
1330
1211
1205
1218
1229
1270
1291
1387
1429
1383
1376
1309
1320
1214
1145
1127
988
896
807
788
692
664
663
683
709
513
154
-139
-510
-1019
-1776
-2376
-2835
-3438
-3979
-4355
-4401
-4457
-4457
-4267
-3787
-3284
-2802
-2369
-1982
-1529
-1206
-918
-762
-647
-603
-615
-647
-621
-558
-507
-332
-212
-21
239
559
768
959
1164
1312
1304
1082
894
569
256
-101
-469
-768
-1046
-1272
-1429
-1457
-1383
-1226
-1071
-932
-697
-442
-246
-126
-95
-61
-39
-113
-215
-294
-320
-402
-542
-641
-669
-574
-587
-802
-915
-815
-690
-830
-950
-759
-516
-360
-264
-118
111
356
536
645
744
954
994
800
735
754
744
609
516
534
664
826
889
1037
1224
1400
1457
1423
1583
1653
1587
1407
1259
1326
1185
1003
883
995
1040
962
952
1005
1164
1187
1223
1328
1398
1379
1296
1177
1138
1140
1006
755
575
545
456
303
257
332
272
175
126
227
357
378
346
459
672
764
843
962
1092
1228
1283
1261
1246
1204
1167
966
661
340
34
-298
-876
-1476
-1845
-2113
-2568
-3020
-3231
-3254
-3309
-3356
-3292
-3052
-2781
-2580
-2345
-2100
-1842
-1704
-1627
-1562
-1438
-1289
-1193
-1070
-928
-687
-492
-319
-78
189
536
785
984
1083
1134
1189
1162
1062
922
811
592
259
-28
-143
-238
-484
-753
-817
-731
-761
-799
-782
-613
-559
-529
-428
-358
-309
-373
-426
-460
-441
-563
-685
-828
-865
-867
-816
-872
-915
-747
-492
-234
-133
128
423
700
913
1195
1486
1533
1507
1435
1390
1258
1103
965
793
640
624
627
614
701
804
909
974
1080
1177
1238
1154
1107
970
820
655
465
331
231
213
178
109
149
244
372
530
696
790
821
909
976
942
860
820
787
621
495
435
359
261
191
113
65
100
114
113
147
229
366
409
441
489
529
592
538
530
488
493
471
404
398
406
279
154
235
236
119
-82
-117
-202
-443
-843
-1131
-1232
-1464
-1749
-1941
-2012
-1991
-2078
-2124
-1929
-1678
-1520
-1451
-1301
-1054
-901
-851
-794
-685
-635
-679
-679
-704
-709
-739
-851
-768
-673
-581
-531
-465
-340
-274
-194
-75
33
-4
-54
-193
-284
-383
-488
-570
-613
-633
-606
-551
-506
-396
-301
-140
-34
149
275
382
430
474
451
429
397
194
120
30
21
-283
-461
-531
-453
-436
-535
-378
-236
-66
68
247
312
508
618
677
644
625
601
429
335
263
251
150
116
110
201
281
342
432
547
651
672
688
719
717
634
616
502
412
310
268
222
171
168
130
211
243
353
408
534
557
566
586
566
594
511
543
530
526
450
420
423
417
414
453
482
505
536
555
619
709
815
788
770
849
909
874
816
780
800
713
652
569
563
558
485
449
460
474
415
385
358
242
151
42
-181
-455
-648
-872
-1091
-1400
-1650
-1744
-1885
-1939
-1916
-1810
-1667
-1586
-1401
-1224
-1052
-919
-863
-776
-709
-668
-701
-725
-804
-882
-837
-769
-694
-560
-443
-398
-325
-250
-74
-39
-15
84
53
71
-30
-111
-120
-132
-128
-100
-71
-66
-13
52
137
169
239
299
311
333
312
346
261
65
-16
-60
-120
-250
-315
-320
-374
-432
-415
-345
-282
-261
-243
-237
-196
-138
-158
-89
-1
98
98
152
210
284
393
438
491
518
567
548
532
482
475
482
403
354
307
288
280
202
160
125
56
26
-20
-47
-72
-99
-118
-121
-85
-12
15
100
214
291
387
457
524
600
679
753
767
747
786
859
862
839
881
908
946
893
917
998
1038
1010
1019
1100
1076
1072
1068
1042
1006
944
912
899
864
848
818
744
683
599
553
516
476
415
316
215
59
-94
-297
-444
-646
-862
-1091
-1323
-1535
-1696
-1850
-1884
-1938
-2004
-2004
-1940
-1771
-1678
-1581
-1467
-1246
-1095
-1050
-909
-786
-665
-622
-570
-456
-331
-285
-204
-112
-56
-23
7
89
125
105
38
-64
-134
-219
-320
-391
-475
-568
-621
-675
-749
-766
-689
-665
-655
-582
-502
-462
-439
-338
-285
-286
-264
-192
-153
-193
-122
-47
34
66
181
186
207
305
447
444
399
445
444
484
402
470
426
409
373
327
267
273
258
143
93
12
-15
-121
-144
-169
-144
-177
-192
-110
-93
7
75
158
177
248
334
312
378
419
503
495
495
595
662
683
755
783
811
844
850
901
906
923
873
839
801
828
812
768
745
732
736
688
701
703
683
701
724
721
693
733
682
587
563
511
459
339
289
210
72
-4
-120
-141
-144
-234
-277
-335
-337
-378
-402
-393
-432
-441
-505
-562
-604
-662
-762
-763
-772
-763
-780
-846
-821
-866
-910
-969
-946
-888
-914
-955
-977
-970
-952
-942
-960
-962
-927
-932
-952
-908
-837
-781
-753
-710
-641
-557
-444
-387
-294
-184
-119
-41
29
98
124
195
194
189
203
249
266
252
314
361
355
363
384
432
443
457
447
406
326
262
202
149
106
67
46
-13
-74
-107
-137
-124
-100
-104
-88
-66
-42
-1
16
52
78
90
129
170
243
343
407
495
546
615
688
762
831
891
916
926
935
889
880
817
755
689
594
534
448
377
327
307
227
187
146
128
124
119
77
5
19
-25
-53
-110
-143
-137
-167
-239
-248
-193
-160
-181
-171
-144
-104
-19
-4
64
89
152
135
110
145
129
119
65
50
43
87
97
59
27
45
44
-69
-76
-83
-120
-164
-243
-294
-368
-411
-406
-414
-405
-444
-460
-443
-458
-425
-399
-360
-403
-413
-390
-369
-311
-265
-190
-127
-79
-67
-46
-8
41
11
-72
-109
-134
-164
-279
-358
-364
-377
-400
-430
-412
-386
-414
-472
-477
-464
-535
-607
-660
-650
-679
-774
-742
-670
-565
-503
-396
-239
-120
-6
121
200
278
361
435
458
448
540
601
587
618
715
814
853
916
1012
1078
1103
1082
1045
1043
1004
912
804
686
600
471
282
124
-11
-146
-299
-440
-580
-703
-812
-955
-1050
-1104
-1146
-1228
-1273
-1183
-1180
-1166
-1061
-929
-808
-722
-571
-471
-372
-253
-104
21
131
255
376
460
508
624
710
794
863
971
1025
1016
975
972
912
799
724
638
624
553
498
458
461
470
480
470
489
504
454
440
370
332
283
192
124
120
99
102
127
140
231
262
298
345
433
431
371
334
299
269
148
83
-23
-66
-171
-239
-259
-292
-292
-305
-336
-392
-385
-433
-475
-570
-592
-623
-692
-772
-815
-815
-848
-888
-840
-745
-734
-669
-562
-493
-425
-309
-254
-227
-136
-56
28
103
173
264
304
332
337
401
424
386
362
314
249
184
116
38
-17
-58
-90
-142
-138
-131
-137
-177
-187
-201
-229
-301
-407
-461
-604
-662
-765
-810
-855
-925
-952
-1001
-970
-936
-924
-893
-853
-843
-860
-835
-779
-747
-705
-627
-572
-493
-398
-270
-181
-94
41
190
305
376
474
602
672
681
749
839
876
899
965
1005
1026
1041
1070
1080
1082
1090
1077
1059
974
895
850
749
628
569
561
496
418
456
463
446
458
483
543
578
591
597
582
548
492
497
439
371
321
279
182
132
81
-11
-41
-54
-86
-164
-185
-190
-230
-222
-208
-202
-189
-192
-222
-252
-234
-209
-271
-250
-230
-182
-91
-176
-141
-156
-98
-105
-86
58
31
107
83
-15
140
96
151
137
20
79
-66
-150
-157
-201
-296
-330
-352
-362
-459
-434
-521
-436
-456
-437
-360
-421
-430
-443
-475
-490
-524
-497
-600
-636
-614
-683
-613
-581
-488
-380
-316
-256
-179
-144
-96
-62
-76
-110
-126
-112
-222
-270
-283
-268
-307
-307
-303
-287
-267
-272
-268
-242
-234
-218
-217
-192
-125
-155
-103
-30
2
37
154
231
307
447
469
598
710
715
800
935
860
913
895
897
919
876
954
866
882
859
838
764
713
665
622
541
425
375
298
268
156
144
107
68
40
6
-24
-78
-113
-175
-232
-256
-353
-409
-416
-454
-489
-498
-477
-467
-436
-383
-293
-315
-207
-178
-185
-106
-119
-112
-104
-135
-277
-113
-119
-310
7
53
-137
82
44
-71
127
-18
-121
-77
-184
-255
-290
-218
-327
-230
-145
-301
-71
-100
-190
-56
-184
-126
-140
-196
-175
-156
-72
-171
-44
53
35
185
159
142
265
104
68
122
33
-35
-108
-94
-177
-119
-113
-161
-35
-22
-29
22
15
15
3
-28
-61
-38
-13
-48
12
21
64
110
114
162
239
236
208
217
223
232
243
267
282
336
335
341
436
441
456
469
476
462
456
428
353
312
249
206
170
136
130
164
100
48
111
120
66
54
65
12
-70
-111
-127
-109
-136
-183
-155
-149
-161
-129
-93
-114
-126
-161
-237
-296
-329
-363
-481
-517
-572
-574
-563
-532
-484
-479
-442
-422
-409
-446
-418
-442
-491
-505
-483
-458
-480
-374
-282
-220
-107
-11
117
177
220
224
240
207
162
154
84
77
30
16
35
109
140
155
220
273
306
296
296
293
261
221
158
130
95
58
61
49
39
45
127
135
164
160
138
121
99
98
49
86
21
56
-24
-35
-2
-40
-37
-105
-62
-107
-101
-126
-147
-122
-83
-48
-13
38
54
74
91
133
160
218
183
190
174
118
165
144
175
169
182
177
187
214
224
242
200
181
178
105
84
29
-46
-123
-185
-170
-224
-262
-294
-275
-289
-283
-264
-241
-211
-200
-205
-202
-179
-192
-160
-186
-158
-137
-116
-76
-95
-37
-4
42
94
106
139
145
153
117
129
91
74
49
-25
-79
-147
-150
-186
-218
-254
-301
-333
-391
-410
-453
-474
-494
-496
-486
-483
-448
-397
-333
-341
-278
-205
-131
-57
-24
48
120
192
256
320
402
453
461
480
477
475
478
429
396
402
361
348
335
315
324
303
327
318
361
382
354
366
355
375
356
345
372
427
379
369
382
378
367
382
416
400
407
315
290
273
249
208
166
175
115
51
-17
-86
-116
-163
-235
-303
-356
-390
-449
-541
-586
-568
-553
-589
-581
-546
-542
-570
-568
-483
-479
-439
-407
-338
-310
-279
-215
-134
-9
52
146
185
251
243
250
255
220
232
214
171
133
82
49
7
-20
-3
5
17
-57
-42
-44
-124
-158
-173
-158
-177
-253
-271
-306
-321
-319
-322
-253
-271
-281
-287
-307
-317
-309
-274
-263
-280
-299
-280
-276
-261
-240
-224
-196
-220
-222
-224
-253
-278
-282
-300
-346
-350
-334
-299
-303
-270
-222
-171
-134
-127
-43
-1
60
70
89
165
191
231
291
380
461
547
615
632
702
797
845
848
847
839
797
751
706
694
700
657
653
661
649
697
672
664
646
635
589
538
529
465
372
286
250
167
126
84
61
-6
-67
-117
-158
-200
-245
-279
-377
-407
-464
-518
-581
-607
-586
-551
-552
-557
-535
-499
-479
-492
-450
-407
-389
-391
-384
-360
-358
-358
-316
-256
-208
-187
-172
-105
-79
-44
17
33
75
79
113
72
76
100
98
133
104
118
92
68
21
28
26
-59
-142
-179
-197
-276
-327
-306
-241
-299
-315
-267
-225
-221
-251
-199
-218
-225
-266
-262
-249
-295
-265
-297
-283
-256
-218
-185
-208
-174
-158
-157
-148
-113
-69
-83
-100
-79
-40
-30
-35
-27
28
29
30
35
92
139
139
205
261
309
308
352
389
377
376
405
418
418
435
488
472
480
540
617
610
620
674
688
656
583
632
616
581
540
566
572
500
491
467
481
431
403
409
395
372
276
262
239
174
150
106
123
121
73
13
23
-19
-26
-28
-59
-70
-95
-141
-216
-251
-245
-256
-317
-304
-290
-285
-339
-343
-345
-371
-387
-436
-420
-474
-501
-533
-561
-533
-516
-509
-476
-453
-468
-475
-447
-391
-375
-372
-362
-327
-338
-349
-328
-307
-286
-264
-234
-207
-143
-105
-96
-146
-118
-64
-96
-115
-129
-124
-180
-218
-203
-200
-163
-151
-143
-153
-150
-129
-114
-94
-89
-65
-78
-73
-88
-87
-71
-40
-2
34
71
86
138
145
174
210
241
274
292
275
253
248
284
268
257
289
295
289
247
279
295
306
288
312
297
280
289
279
282
258
280
292
307
279
320
350
342
356
385
454
474
517
512
519
513
498
478
460
448
405
366
293
226
192
167
139
101
50
56
-2
-34
-58
-72
-94
-182
-197
-270
-351
-416
-450
-458
-501
-505
-485
-452
-459
-439
-408
-372
-359
-317
-313
-293
-274
-293
-261
-280
-273
-288
-278
-294
-310
-303
-293
-317
-338
-338
-339
-351
-383
-374
-381
-424
-437
-438
-443
-420
-408
-367
-376
-396
-354
-341
-342
-279
-248
-210
-185
-164
-92
-59
23
74
141
178
188
188
174
179
186
203
229
231
218
212
244
259
271
306
301
294
237
240
209
169
144
118
105
43
45
42
55
36
56
82
124
157
161
188
183
164
155
168
193
235
253
263
266
310
332
373
435
476
508
486
493
470
482
510
495
511
513
495
479
446
463
479
479
466
433
401
351
299
254
252
203
156
121
91
30
-17
-51
-110
-132
-193
-244
-252
-286
-342
-380
-396
-384
-388
-386
-368
-350
-326
-324
-307
-290
-271
-244
-282
-311
-334
-354
-391
-452
-459
-471
-517
-544
-572
-588
-606
-628
-644
-666
-692
-718
-739
-744
-735
-725
-666
-620
-530
-443
-360
-269
-215
-150
-121
-56
12
79
126
164
218
269
312
379
463
529
577
599
645
673
669
