-1
3
19
27
24
19
12
1
-10
-14
-6
10
24
34
37
29
15
-8
-21
-20
-22
-8
8
16
27
27
21
16
6
-8
-12
-10
-1
11
27
53
75
86
83
76
62
47
26
14
8
-1
-1
1
-4
-10
-15
-24
-26
-33
-47
-63
-71
-77
-76
-82
-88
-88
-87
-81
-75
-59
-49
-40
-30
-19
-18
-26
-41
-57
-72
-82
-89
-90
-78
-65
-41
-8
14
25
25
21
15
1
-17
-22
-13
4
22
41
51
49
42
22
2
-15
-21
-9
6
20
29
30
22
9
-13
-25
-28
-16
7
25
41
48
46
39
30
20
6
-10
-15
-9
3
13
31
53
69
80
84
75
62
43
27
22
16
15
17
29
48
52
46
34
20
8
-4
-17
-21
-27
-28
-29
-36
-44
-59
-68
-62
-53
-37
-13
7
28
43
44
39
38
41
41
57
81
109
139
157
162
145
112
75
40
-2
-40
-50
-42
-35
-24
-4
9
17
23
22
20
10
-2
0
7
11
3
-14
-33
-54
-73
-102
-125
-138
-136
-134
-133
-132
-136
-147
-156
-159
-156
-148
-148
-126
-90
-68
-56
-44
-37
-30
-36
-45
-51
-50
-44
-32
-16
0
20
40
58
55
42
17
-1
-15
-19
-17
-9
11
28
44
45
37
30
27
22
13
8
5
9
18
22
22
18
22
22
30
40
50
65
76
84
82
59
25
-5
-27
-38
-35
-18
12
51
86
107
109
114
116
121
120
121
137
151
171
178
176
164
141
119
101
83
65
52
51
60
65
63
65
72
67
51
36
25
13
3
-10
-18
-26
-32
-30
-31
-49
-66
-79
-92
-101
-107
-111
-118
-127
-136
-146
-165
-187
-196
-197
-192
-185
-177
-164
-164
-173
-189
-206
-216
-208
-198
-181
-156
-130
-101
-78
-60
-59
-59
-73
-88
-99
-108
-110
-106
-99
-100
-100
-104
-106
-119
-131
-128
-107
-69
-25
28
73
97
114
125
123
112
98
100
104
108
114
120
120
118
127
137
154
176
214
250
279
303
336
357
362
364
365
363
352
356
370
385
402
430
460
458
438
427
431
434
412
394
369
330
291
251
199
96
23
4
6
-35
-111
-167
-228
-296
-361
-378
-426
-500
-532
-518
-518
-574
-589
-571
-581
-627
-613
-574
-582
-595
-561
-511
-535
-553
-499
-441
-445
-428
-326
-260
-268
-260
-208
-190
-208
-158
-52
15
46
126
205
208
178
179
194
158
123
129
131
107
81
84
63
21
5
36
66
80
90
111
138
148
156
153
147
146
152
173
191
194
179
179
193
194
172
162
175
185
189
196
201
184
165
168
181
183
196
227
263
281
291
310
323
313
301
309
314
307
301
306
301
297
289
288
285
269
261
259
256
231
194
166
142
111
77
50
21
-18
-39
-55
-81
-123
-170
-203
-243
-303
-366
-422
-492
-552
-603
-642
-678
-710
-721
-735
-757
-782
-782
-771
-751
-729
-705
-671
-627
-576
-542
-513
-490
-448
-386
-326
-269
-224
-175
-128
-86
-46
10
68
114
152
189
224
250
272
289
292
282
278
282
279
260
250
244
237
229
228
228
219
213
218
223
220
217
216
210
194
189
211
247
282
306
332
362
385
420
466
517
573
619
657
705
748
762
776
794
832
850
851
867
875
873
834
813
776
704
617
551
450
252
90
54
91
1
-102
-168
-271
-439
-556
-523
-610
-809
-915
-860
-908
-1096
-1146
-1104
-1199
-1375
-1282
-1107
-1120
-1189
-1034
-825
-877
-894
-716
-593
-702
-709
-461
-325
-387
-314
-71
-25
-123
-37
172
182
105
236
373
313
195
242
274
136
73
152
206
152
155
229
221
132
100
113
61
9
-8
-2
-27
-52
-46
-72
-86
-95
-104
-107
-76
-21
-4
0
29
37
9
25
87
124
124
176
263
273
244
252
264
229
183
222
270
255
261
303
306
251
232
273
288
276
309
365
380
370
382
415
413
414
458
519
574
593
625
681
727
758
744
729
700
650
590
553
455
258
135
163
215
89
-41
-106
-178
-362
-473
-422
-524
-734
-813
-715
-773
-965
-981
-894
-990
-1139
-967
-751
-796
-899
-738
-557
-652
-690
-507
-395
-526
-483
-192
-98
-239
-222
-26
-35
-163
-63
162
156
72
212
341
225
63
121
166
40
-18
87
131
10
-56
-26
-74
-204
-244
-192
-192
-238
-224
-145
-119
-156
-177
-174
-167
-171
-142
-74
-14
6
9
52
75
39
5
43
109
131
178
274
343
332
333
417
484
507
560
666
719
710
742
797
795
743
757
800
802
789
820
883
893
908
910
898
862
846
865
843
817
756
686
575
478
320
79
-87
-100
-35
-142
-266
-387
-528
-736
-844
-786
-905
-1123
-1218
-1095
-1134
-1315
-1337
-1286
-1415
-1607
-1441
-1204
-1213
-1292
-1067
-808
-873
-884
-657
-487
-607
-556
-170
34
-66
-29
259
287
107
155
407
398
241
373
569
470
222
270
341
178
40
143
237
76
-17
76
73
-147
-267
-192
-183
-271
-284
-179
-182
-268
-259
-199
-209
-288
-258
-160
-105
-94
-50
29
60
71
106
184
231
244
293
391
477
515
562
621
637
605
627
698
733
730
763
819
813
767
767
787
743
699
721
761
750
746
796
816
784
769
800
832
841
875
879
862
825
776
670
515
371
143
-78
-157
-49
-60
-237
-381
-469
-623
-887
-927
-934
-1141
-1392
-1370
-1230
-1378
-1547
-1504
-1430
-1613
-1637
-1329
-1119
-1226
-1226
-880
-730
-864
-847
-595
-541
-662
-422
-26
24
-148
-19
198
67
-114
47
277
175
120
340
460
226
28
144
134
-62
-108
100
165
-4
-18
81
5
-239
-286
-204
-233
-330
-274
-126
-139
-193
-148
-64
-106
-178
-85
62
141
172
279
381
376
350
386
433
407
390
457
552
564
550
590
623
605
581
633
682
659
664
744
818
811
805
859
903
876
870
908
924
910
932
991
975
925
885
854
799
769
784
767
737
725
733
624
462
278
44
-151
-184
-27
-77
-304
-509
-569
-692
-906
-905
-924
-1112
-1350
-1263
-1103
-1253
-1457
-1463
-1416
-1607
-1608
-1316
-1114
-1188
-1132
-762
-613
-743
-753
-526
-474
-527
-265
108
142
-11
109
303
177
-36
70
240
191
164
391
481
216
-5
31
11
-257
-363
-227
-174
-319
-342
-203
-266
-482
-563
-468
-513
-639
-554
-362
-320
-413
-370
-289
-344
-432
-348
-186
-149
-108
42
178
167
132
223
326
341
373
523
652
671
678
735
750
669
641
687
713
689
704
773
763
696
661
702
700
648
647
701
741
728
751
774
764
729
746
814
814
835
908
1026
1034
982
985
986
929
771
656
431
143
-18
113
257
106
-81
-236
-314
-543
-636
-620
-805
-1087
-1218
-1043
-1083
-1285
-1432
-1450
-1566
-1706
-1528
-1345
-1328
-1360
-1109
-864
-885
-904
-817
-732
-786
-604
-275
-128
-168
-107
78
85
-1
37
134
104
134
343
485
355
161
122
92
-35
-138
-109
-89
-125
-126
-64
-93
-240
-345
-335
-310
-357
-364
-267
-183
-165
-154
-105
-136
-231
-231
-90
47
91
163
279
322
260
238
279
267
234
317
486
554
545
583
627
566
472
496
560
542
527
627
725
718
683
723
724
635
592
639
669
627
646
728
742
694
689
759
789
761
788
866
920
912
962
1065
1119
1103
1028
948
678
392
265
417
524
367
182
-16
-152
-442
-549
-619
-882
-1243
-1428
-1293
-1375
-1567
-1737
-1760
-1895
-2032
-1843
-1660
-1629
-1685
-1448
-1197
-1219
-1247
-1136
-953
-967
-779
-433
-255
-305
-299
-68
-59
-168
-125
40
38
-13
245
476
401
179
188
247
74
-38
46
126
-7
-56
79
78
-84
-208
-151
-225
-369
-358
-239
-180
-222
-129
-59
-121
-238
-223
-122
-113
-59
84
224
226
211
274
299
276
290
436
546
583
640
757
853
828
812
830
810
761
772
855
875
830
801
820
778
686
667
689
697
681
730
801
816
819
860
942
946
950
1000
1071
1123
1140
1169
1182
1148
1111
1041
914
630
297
128
211
402
364
199
-80
-276
-510
-666
-766
-1033
-1337
-1597
-1542
-1538
-1649
-1836
-2024
-2157
-2290
-2176
-2059
-1994
-1978
-1805
-1534
-1410
-1329
-1327
-1267
-1236
-1020
-692
-487
-390
-323
-176
-163
-171
-118
-20
-30
-74
64
268
366
318
302
240
103
-11
46
158
147
138
199
243
168
81
41
-67
-225
-273
-160
-70
-25
42
107
88
33
81
133
131
128
260
398
435
431
468
508
477
503
595
669
664
696
816
890
894
874
907
900
858
846
846
806
748
780
836
808
716
673
679
652
633
657
684
661
668
761
851
860
830
880
956
991
1014
1047
1090
1067
1075
1076
992
671
208
-46
-48
120
52
-94
-350
-585
-790
-922
-948
-1240
-1553
-1787
-1702
-1668
-1792
-1914
-2091
-2184
-2282
-2113
-1982
-1968
-1926
-1720
-1387
-1277
-1166
-1131
-1106
-1095
-915
-573
-407
-320
-224
-23
5
-58
2
92
122
85
231
366
379
343
381
388
180
9
-21
31
-23
-60
-17
-35
-107
-144
-65
-142
-323
-425
-367
-289
-260
-152
-71
-67
-112
-21
102
98
79
161
310
365
421
525
604
614
638
718
727
662
637
705
766
769
798
826
811
753
741
739
689
671
739
844
865
858
844
821
759
722
733
716
697
717
815
890
913
935
959
994
1020
1097
1173
1202
1208
1228
1293
1246
1097
792
368
48
3
236
267
109
-163
-361
-560
-771
-842
-1094
-1427
-1740
-1699
-1635
-1754
-1880
-1997
-2040
-2176
-2081
-1946
-1929
-1899
-1697
-1311
-1147
-1018
-940
-870
-844
-706
-376
-223
-147
-50
158
216
160
242
360
407
332
371
436
388
323
301
311
127
-60
-109
-88
-133
-261
-240
-262
-316
-376
-319
-309
-473
-554
-531
-447
-494
-459
-360
-335
-338
-283
-116
-88
-73
39
209
275
265
374
468
498
488
565
625
573
568
652
732
717
737
808
803
721
645
636
597
552
587
665
703
689
740
771
750
697
679
691
666
709
780
866
872
893
951
982
987
994
1085
1127
1140
1177
1229
1256
1160
1033
695
271
30
125
330
234
98
-93
-239
-509
-647
-748
-1106
-1468
-1664
-1539
-1626
-1726
-1759
-1816
-1949
-2078
-1892
-1863
-1892
-1841
-1516
-1230
-1167
-982
-908
-882
-935
-695
-408
-324
-216
-43
172
121
160
314
408
342
245
341
347
320
314
363
289
53
-33
-61
-92
-257
-320
-295
-321
-340
-329
-238
-348
-460
-477
-424
-434
-490
-393
-321
-277
-261
-137
-47
-71
-37
53
162
147
196
309
372
383
398
486
475
464
502
584
625
621
707
771
754
675
648
611
515
456
470
531
539
558
627
662
643
629
679
707
702
720
780
837
864
938
1015
1051
1056
1140
1266
1327
1349
1397
1446
1447
1379
1222
854
431
261
409
531
405
234
12
-219
-511
-626
-833
-1247
-1621
-1734
-1688
-1852
-1957
-2035
-2117
-2274
-2285
-2133
-2163
-2149
-1996
-1646
-1478
-1374
-1171
-1081
-1000
-892
-529
-335
-255
-122
72
187
96
205
328
416
394
419
463
371
358
358
345
156
-42
-116
-157
-195
-291
-287
-322
-341
-316
-259
-234
-362
-440
-461
-418
-431
-418
-332
-282
-216
-120
31
77
68
122
243
347
366
449
528
563
579
625
692
675
675
711
781
783
787
837
831
767
679
658
596
525
504
537
557
525
552
587
565
481
434
446
460
496
550
602
631
691
826
918
922
917
1019
1127
1191
1253
1324
1371
1340
1285
1052
563
63
-98
77
143
91
0
-159
-389
-640
-686
-961
-1412
-1778
-1790
-1762
-1923
-1900
-1885
-1902
-2054
-1943
-1793
-1938
-2024
-1876
-1514
-1466
-1331
-1080
-943
-895
-751
-332
-228
-249
-202
6
51
-57
144
361
493
464
585
653
535
454
444
511
317
179
156
190
165
91
144
48
-36
-112
-34
-7
-142
-184
-162
-91
-175
-175
-119
-105
-108
-67
112
168
204
285
440
499
459
504
526
511
464
540
613
617
631
702
766
702
664
644
601
500
438
463
443
430
450
505
513
486
496
511
517
467
462
495
549
607
644
732
764
748
806
861
927
885
1025
1155
1218
1203
1311
1709
1515
1385
1118
723
79
-402
-325
-310
-405
-479
-309
-391
-843
-882
-968
-1555
-2220
-2388
-2202
-2418
-2420
-2225
-1944
-1983
-1955
-1630
-1684
-1826
-1794
-1360
-1184
-1148
-738
-420
-229
-266
26
235
207
112
150
313
159
152
239
405
377
265
214
62
-131
-298
-280
-364
-555
-633
-583
-502
-553
-549
-536
-538
-583
-523
-353
-293
-279
-214
-57
13
28
60
103
126
152
239
318
377
426
558
630
603
596
635
645
567
547
544
538
488
509
626
666
651
642
694
611
447
362
369
386
367
456
551
604
643
753
839
798
781
815
860
802
782
822
844
867
955
1093
1122
1115
1180
1298
1387
1424
1446
1526
1580
1539
1481
1278
763
-134
-951
-1016
-708
-901
-1096
-663
-319
-553
-977
-1070
-1331
-2117
-2748
-2429
-2151
-2500
-2182
-1300
-994
-1215
-1070
-711
-805
-1139
-988
-411
-469
-613
-2
545
379
228
577
684
400
147
194
28
-401
-405
-18
32
-285
-261
-190
-502
-904
-1006
-1125
-1411
-1436
-1071
-761
-875
-844
-488
-352
-557
-642
-528
-560
-550
-337
-74
-86
-136
100
274
152
-10
98
140
51
86
242
289
169
249
459
454
245
212
338
315
290
394
571
574
614
747
837
525
-43
75
420
509
456
447
625
850
982
1120
1130
1149
1346
1643
1580
1430
1600
1678
1635
1667
1805
1788
1714
1938
2116
1993
1867
2084
2151
1817
1682
1819
1625
1064
352
-1107
-2691
-3268
-2690
-2760
-3468
-2864
-1189
-605
-1543
-1774
-1408
-1937
-2576
-2179
-1415
-1598
-1446
-187
671
362
-22
286
161
-305
-333
-146
-344
-502
-47
96
-353
-741
-843
-899
-855
-534
-634
-915
-685
-37
181
-7
185
350
171
-74
-136
-430
-885
-746
-398
-438
-587
-373
-198
-454
-618
-570
-759
-1034
-860
-444
-341
-315
-56
140
92
53
73
-101
-263
-151
4
-11
2
165
217
175
166
145
52
54
253
349
319
379
526
522
452
397
352
298
340
454
468
512
593
683
693
727
828
910
1066
1262
1460
1504
1602
1716
1670
1573
1602
1754
1784
1848
2018
2223
2184
2081
2052
1889
1772
1650
1784
1760
1690
1616
1164
-301
-2950
-4550
-4588
-3932
-4336
-4495
-2822
-753
-276
-1199
-1287
-965
-1478
-2230
-2129
-1367
-975
-365
521
936
596
265
320
-42
-809
-1287
-1021
-431
-277
-568
-928
-858
-642
-760
-794
-544
-88
136
495
906
938
679
771
1166
1045
509
134
139
-39
-420
-770
-956
-932
-778
-605
-666
-783
-776
-688
-689
-706
-637
-445
-95
171
270
196
209
220
1
-322
-524
-506
-501
-519
-467
-308
-145
-66
-63
-79
-6
230
514
625
574
597
799
945
863
628
523
648
715
689
601
554
565
596
563
505
516
644
934
1122
1222
1294
1441
1585
1627
1664
1706
1918
2090
2147
2035
1913
1870
1792
1659
1578
1592
1705
1830
1835
1896
1618
834
-1630
-4464
-5672
-5082
-4492
-5040
-4171
-1747
337
344
-248
-60
-370
-1454
-2060
-1378
-612
-514
-268
383
883
641
-133
-956
-1527
-1639
-1428
-1174
-1235
-1409
-1112
-600
-300
-842
-1180
-559
514
914
587
655
1079
1310
1030
804
603
274
-118
-303
-264
-394
-781
-1312
-1609
-1534
-1245
-1106
-1235
-1155
-713
-135
98
12
-49
129
392
442
207
-81
-155
-56
-77
-335
-615
-707
-663
-602
-477
-284
-111
53
251
499
679
739
752
814
980
1222
1277
1109
914
942
1044
933
710
523
580
707
804
746
668
676
800
949
971
971
1015
1169
1251
1419
1548
1548
1573
1530
1650
1692
1714
1589
1546
1738
1724
1732
1630
1707
1595
1637
1596
1541
1472
929
-505
-3478
-5643
-5878
-4877
-4892
-4926
-2978
-337
923
624
544
455
-588
-1599
-1381
-599
-708
-987
-159
988
1105
18
-1003
-1301
-1479
-1734
-1898
-1561
-1282
-983
-477
32
-41
-575
-420
300
859
688
649
836
888
734
734
636
-69
-776
-869
-534
-682
-1242
-1584
-1333
-941
-898
-1114
-1320
-1155
-916
-609
-335
-118
9
66
237
236
-124
-719
-1061
-969
-727
-627
-710
-736
-524
-142
91
-13
-199
-81
297
600
685
725
809
970
1123
1107
978
809
747
819
964
1026
937
815
766
852
852
699
611
693
786
786
781
778
743
828
1024
1235
1322
1366
1426
1408
1411
1310
1300
1246
1363
1524
1759
1982
2054
2136
2026
1994
1806
1708
1619
1599
1767
1884
1625
-702
-4225
-6187
-5586
-4671
-5167
-4641
-2113
754
1664
1451
1482
850
-684
-1545
-945
-561
-1110
-1039
172
1184
705
-425
-960
-1246
-1878
-2416
-1861
-1158
-1204
-1319
-632
367
233
-383
-139
951
1354
854
644
870
782
331
216
230
-174
-915
-1215
-1035
-996
-1412
-1766
-1630
-1234
-952
-842
-728
-709
-825
-975
-749
-415
-400
-575
-412
-41
-83
-589
-1051
-1155
-1046
-926
-787
-680
-702
-591
-230
69
-1
-177
-124
216
587
810
888
929
1008
1056
1057
938
696
486
530
824
1009
895
655
522
494
379
155
-61
-159
-18
271
585
731
782
862
1055
1225
1207
1096
1037
1156
1292
1453
1525
1686
1849
2028
2224
2295
2248
2104
2044
1985
1918
1884
1862
1862
1994
2098
1862
-401
-3931
-6234
-6083
-5000
-4673
-3575
-1354
1470
2962
3120
2458
993
-758
-1702
-1623
-1517
-1508
-1105
-186
621
808
238
-607
-1569
-2338
-2342
-1614
-1107
-1149
-890
-25
773
620
173
218
651
764
645
708
462
-21
-276
102
187
-434
-1271
-1494
-1271
-1259
-1547
-1710
-1439
-1020
-578
-123
178
39
-345
-396
-94
-2
-536
-1026
-867
-378
-196
-315
-464
-633
-804
-747
-508
-510
-731
-699
-108
408
484
317
253
315
370
418
451
431
356
393
612
744
538
222
145
272
292
82
-72
-117
-86
-64
20
45
-44
-27
245
663
850
829
758
918
1181
1310
1270
1189
1139
1168
1306
1472
1440
1399
1538
1917
2338
2441
2272
2077
2071
2105
2006
1987
1987
2147
2301
2346
1315
-2066
-5730
-6933
-5529
-4810
-4980
-3809
-614
2299
3063
2548
1792
634
-777
-1399
-1287
-1241
-1356
-939
-84
698
699
-170
-1320
-2114
-2118
-1672
-1364
-1540
-1496
-715
266
695
425
252
497
974
1110
968
480
-71
-225
268
464
-170
-1032
-1367
-1277
-1361
-1524
-1587
-1451
-1183
-587
221
596
415
243
610
1036
951
499
0
-163
-264
-295
-469
-691
-958
-960
-652
-487
-669
-854
-714
-256
122
239
257
245
262
339
574
558
202
-55
47
351
359
106
-122
-93
-20
-42
-78
-210
-351
-333
-102
63
40
-44
136
521
857
924
951
995
1104
1187
1261
1232
1107
1059
1129
1202
1066
1009
1056
1184
1291
1390
1556
1828
2101
2248
2363
2435
2475
2402
2387
2305
2331
2195
2082
1095
-2109
-5831
-7184
-5721
-4748
-4788
-3727
-523
2589
3476
2905
2165
1051
-408
-1229
-1244
-1160
-1282
-1083
-496
288
333
-580
-1760
-2419
-2288
-1861
-1453
-1398
-1260
-782
-100
294
109
-142
-10
468
709
557
90
-397
-599
-417
-500
-977
-1514
-1611
-1444
-1206
-911
-793
-804
-740
-151
603
946
771
632
859
1039
884
500
120
-346
-687
-737
-818
-1283
-1752
-1636
-1086
-669
-605
-513
-143
292
494
579
557
474
378
411
478
401
141
-113
-128
-112
-165
-209
-224
-283
-258
-33
82
7
-58
108
368
534
643
789
933
1010
1094
1160
1105
967
879
890
944
980
1020
998
1010
979
923
764
697
701
822
1189
1553
1930
2238
2601
2659
2485
2182
1917
1754
1896
2039
2117
1972
1944
1328
-1554
-5458
-7468
-6203
-4737
-4379
-3647
-836
2721
4283
3625
2203
945
-247
-1217
-1761
-1731
-1461
-1299
-1176
-519
15
-562
-1923
-2795
-2463
-1779
-1438
-1672
-1702
-1286
-581
-42
-24
-79
125
737
1119
1142
725
104
-315
-241
-75
-312
-797
-974
-797
-521
-341
-408
-609
-661
-213
396
726
527
296
321
582
768
693
393
187
206
-25
-539
-1314
-1705
-1686
-1296
-980
-666
-256
111
436
601
547
327
12
-140
0
208
253
124
162
255
358
313
176
107
68
233
473
661
528
319
305
402
450
269
151
131
288
511
702
790
778
843
1050
1186
1153
1004
1043
1127
1144
994
669
475
503
826
1151
1515
1795
2066
2343
2366
2258
1885
1695
1675
1897
2070
2072
2081
1920
1766
107
-3455
-6656
-6953
-5128
-4172
-4000
-2592
602
3046
2969
1754
676
-302
-1301
-1949
-1795
-1464
-1332
-1460
-996
-238
-346
-1353
-2448
-2558
-2015
-1402
-1227
-1268
-993
-486
200
460
406
418
795
1273
1444
1194
492
-171
-411
-359
-460
-878
-1266
-1331
-1147
-896
-791
-907
-1135
-890
-197
372
408
190
244
597
900
789
410
94
-60
-145
-432
-1072
-1741
-2079
-1980
-1690
-1406
-1125
-765
-224
404
902
1011
799
642
676
760
790
749
653
509
434
415
297
-42
-411
-504
-354
-220
-257
-275
-128
94
319
519
737
931
1144
1409
1581
1604
1510
1436
1407
1409
1394
1356
1305
1262
1255
1200
1030
802
700
803
1107
1513
1865
2205
2501
2740
2849
2858
2667
2392
2111
2031
2027
1934
1758
1530
1118
-1139
-4816
-7467
-6882
-5048
-4368
-4080
-2004
1392
3391
2972
1699
711
-177
-1080
-1542
-1302
-1137
-1172
-1208
-689
-295
-828
-2026
-2786
-2498
-1776
-1148
-994
-1000
-773
-289
166
197
179
334
899
1321
1376
881
103
-628
-938
-1024
-1283
-1665
-1831
-1677
-1423
-1123
-1047
-1225
-1356
-958
-241
299
418
466
699
1060
1138
842
366
3
-119
-183
-318
-887
-1600
-2124
-2195
-2014
-1814
-1583
-1184
-329
682
1302
1410
1215
1060
903
681
449
213
-26
-289
-326
-271
-365
-644
-835
-691
-329
12
146
264
470
792
1109
1300
1422
1541
1812
1990
2058
1954
1748
1465
1246
1139
1058
943
792
769
862
928
835
801
878
989
1170
1536
1955
2216
2340
2416
2351
2194
1893
1658
1495
1399
1367
1310
1323
1212
985
-796
-4353
-7251
-6974
-4663
-3464
-3219
-1587
1683
4030
3631
2112
815
-201
-1185
-1570
-1107
-808
-879
-1073
-688
-319
-801
-1944
-2759
-2578
-1772
-886
-497
-519
-431
-117
251
229
58
10
423
891
1003
553
-299
-1106
-1431
-1355
-1375
-1544
-1547
-1301
-956
-620
-479
-657
-912
-717
-130
390
534
549
651
867
964
748
302
-156
-352
-401
-474
-751
-966
-1188
-1541
-1812
-1978
-1965
-1868
-1393
-525
403
1079
1402
1530
1345
889
508
135
-270
-654
-687
-493
-381
-523
-715
-617
-412
-221
-11
341
821
1337
1708
1772
1677
1533
1336
1166
1201
1432
1579
1495
1324
1201
1029
710
367
146
132
278
520
733
808
949
1198
1472
1557
1615
1823
2043
2205
2198
2142
1986
1885
1893
2050
2200
2282
2337
2212
1820
-184
-3916
-6901
-6582
-4252
-3056
-2784
-1198
1808
3690
2892
1362
245
-558
-1422
-1456
-699
-308
-599
-1104
-1019
-1013
-1671
-2779
-3293
-2845
-1837
-824
-367
-496
-787
-907
-769
-603
-417
-132
494
1342
1878
1577
569
-484
-946
-1107
-1299
-1429
-1268
-1005
-681
-255
-120
-599
-1232
-1288
-756
-44
402
702
931
1185
1311
1127
562
-147
-552
-624
-575
-597
-640
-753
-878
-831
-620
-718
-1383
-1835
-1491
-625
121
639
1062
1383
1577
1504
1048
311
-421
-681
-548
-330
-189
-175
-263
-367
-291
-225
-265
-251
89
748
1422
1742
1598
1261
940
772
699
599
501
572
782
848
632
166
-330
-589
-406
144
720
1079
1226
1437
1638
1688
1676
1647
1795
2125
2628
3015
3085
2804
2364
2137
2068
1893
1656
1502
1591
1643
150
-3598
-6936
-6903
-4417
-3123
-3244
-2046
979
3120
2443
920
-210
-1097
-1941
-1713
-592
35
-389
-1118
-1231
-1215
-1719
-2762
-3369
-2973
-1683
-270
381
75
-616
-1067
-1060
-874
-709
-383
434
1686
2394
1982
731
-412
-987
-1296
-1454
-1366
-1049
-874
-615
-113
120
-465
-1319
-1427
-728
155
685
929
1028
1152
1166
908
316
-210
-370
-211
62
267
285
-47
-421
-526
-424
-504
-746
-811
-411
-55
-210
-461
-362
7
276
541
729
705
593
309
118
-8
-191
-465
-549
-307
23
159
-18
-137
21
267
446
689
905
952
938
916
778
494
178
96
344
651
876
996
1070
1009
858
738
678
792
1031
1286
1511
1656
1671
1546
1460
1527
1709
1902
1963
1890
1773
1644
1512
1384
1386
1568
1886
2173
2268
1352
-1888
-5965
-7513
-5559
-3578
-3645
-3440
-1107
1699
1968
361
-922
-1469
-1683
-1512
-334
637
591
-330
-1009
-1097
-1406
-2302
-3096
-2789
-1501
-48
604
204
-752
-1466
-1575
-1217
-781
-286
559
1747
2623
2468
1362
-11
-824
-989
-706
-271
98
180
54
67
20
-575
-1506
-1700
-794
415
1126
1320
1316
1184
916
596
293
51
-10
246
762
1135
1006
340
-496
-1078
-1320
-1403
-1448
-1180
-640
-198
-105
-298
-648
-905
-759
-148
596
1101
1307
1375
1311
942
298
-348
-740
-742
-515
-258
-147
-176
-298
-358
-287
-214
-174
-85
179
653
1103
1250
1062
798
667
678
708
718
716
784
867
918
890
692
498
493
706
916
1057
1180
1324
1621
1976
2227
2319
2292
2298
2119
1885
1535
1401
1475
1579
1784
1873
1744
-309
-4435
-7686
-7275
-4463
-3328
-3577
-2555
70
1726
866
-476
-1334
-1520
-1360
-352
1022
1446
625
-719
-1435
-1627
-1899
-2516
-2790
-2112
-628
675
805
-253
-1514
-2026
-1589
-744
77
978
2043
2910
2916
1973
500
-798
-1217
-720
202
834
937
550
-23
-556
-1172
-1907
-2301
-1790
-567
717
1392
1302
678
55
-269
-315
-170
140
657
1253
1646
1477
692
-426
-1334
-1688
-1498
-1116
-821
-494
-161
-108
-583
-1285
-1652
-1472
-798
127
1049
1656
1640
1221
670
232
-180
-545
-578
-227
283
526
360
-156
-734
-1096
-1037
-636
-137
245
618
1006
1194
1012
584
269
330
763
1311
1706
1831
1697
1334
884
490
248
192
312
616
1036
1322
1314
1131
975
1075
1341
1661
1871
1996
1992
1872
1865
1858
1763
1611
1626
1865
1500
-1083
-5153
-7206
-5517
-2958
-2489
-2644
-1347
483
730
-368
-1072
-1454
-1473
-936
537
1779
1763
414
-1223
-1927
-1746
-1472
-1586
-1495
-751
477
1147
495
-1177
-2640
-2942
-2149
-1036
6
1032
1833
1907
1314
648
-69
-779
-787
312
1614
1947
1241
176
-751
-1451
-1884
-1961
-1596
-867
11
791
996
454
-438
-855
-538
159
899
1488
1765
1586
1044
293
-475
-1260
-1778
-1650
-869
-105
73
-153
-537
-1066
-1624
-1940
-1862
-1330
-377
764
1635
1967
1672
1028
514
334
344
352
457
638
695
449
-4
-521
-939
-1044
-726
-98
529
851
868
813
801
712
544
544
841
1287
1610
1684
1554
1209
714
327
254
416
616
784
960
1097
1051
879
694
728
988
1386
1790
2030
2062
1842
1705
1639
1693
1809
2006
2169
2168
1200
-2010
-5766
-6817
-4516
-2488
-2637
-2661
-1326
-47
-598
-1509
-1678
-1550
-1302
-481
1188
2109
1444
-448
-1802
-1873
-1316
-988
-841
-557
-365
-297
-492
-1185
-2636
-3933
-3691
-1906
-68
832
1237
1625
1531
817
123
54
473
1073
1686
2073
1900
904
-632
-1921
-2199
-1749
-1133
-647
-230
46
-36
-487
-1092
-1394
-1096
-269
901
1955
2458
2190
1432
588
-113
-498
-674
-613
-456
-175
-64
-338
-961
-1650
-2064
-2192
-1701
-723
314
940
1076
1045
916
771
626
655
982
1238
1266
933
438
-92
-652
-1021
-1020
-601
-184
147
418
548
391
99
-35
77
372
703
1025
1283
1410
1355
1136
836
599
544
697
825
887
852
765
692
700
772
818
997
1257
1471
1520
1519
1590
1690
1840
2052
2262
2298
2134
1855
1359
-490
-3751
-6031
-5027
-2337
-1476
-2222
-2252
-1318
-1316
-2262
-2373
-1506
-600
-78
666
1570
1721
589
-1252
-2162
-1613
-541
-42
-39
-135
-575
-1255
-1871
-2229
-2565
-2609
-1772
-356
818
1087
832
383
-94
-312
-76
517
1034
1345
1332
953
311
-438
-1105
-1342
-1031
-408
17
99
-134
-537
-841
-979
-826
-390
381
1139
1597
1606
1242
690
192
-73
-51
208
387
371
61
-235
-654
-1083
-1485
-1747
-1550
-980
-152
193
180
69
152
389
594
771
836
964
1085
1041
755
391
1
-250
-272
57
329
349
133
-132
-236
-280
-140
14
365
759
1138
1305
1266
1195
1087
1062
1073
1234
1302
1263
1174
1220
1221
1080
881
853
1150
1434
1606
1495
1447
1355
1332
1443
1591
1712
1760
2080
2359
2320
1909
1384
-190
-3010
-4984
-3976
-1457
-927
-2271
-3120
-2533
-2141
-2319
-2078
-1364
-764
-528
-147
195
162
-653
-1805
-2163
-1127
183
485
10
-447
-773
-1281
-1561
-1600
-1547
-1592
-1241
-483
155
330
-52
-541
-859
-509
171
814
1079
1076
883
555
305
38
-85
-156
29
111
24
-176
-399
-659
-998
-1049
-894
-626
-531
-409
-226
-14
-3
-191
-326
-384
-344
-369
-255
-186
-170
-385
-775
-1262
-1607
-1593
-1344
-971
-884
-852
-777
-390
60
379
604
737
890
854
856
837
878
824
800
884
1074
1184
950
605
270
188
143
228
356
568
768
881
1088
1248
1320
1069
916
1040
1414
1737
1869
1921
1801
1577
1208
971
856
891
959
1166
1544
1760
1728
1533
1529
1609
1656
1744
1913
2094
2019
1822
1358
-245
-2763
-4096
-2719
-705
-812
-2390
-3187
-2853
-2656
-2412
-1522
-604
-377
-605
-635
-463
-271
-528
-1097
-971
323
1558
1405
376
-474
-912
-1195
-1161
-964
-1013
-1324
-1392
-1023
-555
-250
-386
-769
-1018
-622
96
588
761
690
514
150
-36
-66
-113
-301
-448
-413
-398
-427
-549
-703
-923
-1028
-1026
-934
-797
-632
-493
-364
-161
-51
-137
-376
-444
-404
-342
-450
-561
-835
-1184
-1217
-939
-577
-666
-757
-796
-605
-279
97
526
671
770
685
662
648
684
661
567
702
851
932
698
416
209
95
35
-72
-74
-77
11
176
463
831
1092
1282
1351
1456
1480
1447
1407
1414
1464
1345
1103
801
595
451
428
609
909
1196
1388
1617
1957
2249
2361
2330
2333
2406
2418
2293
2036
1699
452
-1824
-3478
-2798
-992
-996
-2640
-3799
-3448
-2806
-2207
-1102
-322
-436
-1200
-1360
-987
-435
-143
-463
-595
-38
970
1064
337
-299
-503
-359
-135
82
-366
-1240
-1778
-1598
-954
-380
-124
-509
-1063
-1152
-686
-148
140
270
194
41
-35
-12
-21
-13
108
204
166
72
-22
-199
-376
-394
-269
-189
-243
-357
-511
-625
-665
-565
-418
-284
-182
-119
-9
24
-111
-553
-869
-779
-452
-276
-400
-473
-536
-433
-194
156
446
397
191
-95
-30
227
422
347
196
360
535
619
477
294
51
-134
-73
-1
-21
-141
-86
217
615
956
1067
1021
983
1072
1223
1322
1413
1484
1427
1284
1105
1046
1066
1143
1261
1380
1626
1793
1905
1859
1834
1879
1963
2130
2167
2097
1858
1634
1482
844
-866
-2784
-2964
-1176
-232
-1585
-3335
-3468
-2676
-2361
-1823
-1017
-867
-1649
-2325
-2119
-1599
-931
-793
-1171
-1309
-714
-102
-409
-665
-406
55
296
462
498
-115
-783
-997
-775
-512
-476
-693
-1266
-1492
-1020
-315
-19
-203
-453
-730
-803
-448
147
611
802
914
907
740
634
651
707
674
639
644
520
291
4
-163
-134
-62
-156
-448
-634
-513
-226
61
200
110
-228
-588
-550
-337
-235
-314
-296
-68
102
314
447
434
209
-81
-127
-85
104
242
415
646
840
895
650
427
319
297
267
208
180
120
76
75
146
278
397
499
584
688
811
923
965
976
992
1076
1231
1421
1578
1648
1704
1744
1746
1631
1464
1420
1528
1708
1798
1756
1680
1485
1255
1051
1077
700
-1154
-3213
-3277
-1007
52
-1816
-3983
-4236
-3151
-2572
-1854
-989
-1314
-2592
-3397
-2605
-1496
-956
-1205
-1845
-1870
-1187
-443
-391
-438
-165
66
201
490
648
179
-258
35
598
680
330
-136
-743
-1022
-650
37
219
-209
-789
-1184
-1037
-497
113
386
413
405
414
605
999
1375
1418
1174
898
825
860
872
763
545
289
-51
-411
-781
-936
-834
-576
-438
-459
-510
-689
-738
-600
-216
-92
-340
-508
-440
-111
104
299
403
317
180
-8
-46
9
177
352
530
751
839
728
594
644
688
646
594
597
586
624
798
903
828
597
337
127
101
317
634
910
1065
1141
1115
1085
1090
1128
1241
1481
1885
2243
2369
2322
2250
2265
2196
1983
1660
1498
1415
1262
1006
846
415
-1210
-2895
-2740
-838
-431
-2701
-4554
-4175
-2887
-2481
-2125
-1492
-1997
-3227
-3597
-2460
-1361
-1189
-1701
-2207
-1927
-981
-280
-365
-412
-148
-30
-78
202
568
332
156
520
873
578
39
-57
2
141
364
484
128
-518
-1035
-1263
-1140
-737
-430
-477
-518
-356
-141
19
366
760
736
429
310
537
844
973
994
857
613
327
25
-155
-199
-134
-150
-214
-291
-329
-274
-162
-179
-616
-995
-962
-581
-249
-148
91
261
380
388
351
366
260
233
226
346
528
585
509
418
436
421
371
341
398
445
584
842
1008
942
707
634
625
495
312
237
402
609
765
828
850
859
844
815
829
893
999
1271
1627
1974
2176
2336
2376
2229
2056
1850
1829
1592
1408
1294
1224
618
-1076
-2130
-1363
309
-217
-2749
-4006
-3256
-2242
-2207
-1988
-1808
-2731
-3656
-3155
-1690
-1143
-1551
-2167
-2367
-1906
-989
-251
-233
-225
-126
-35
147
544
724
342
404
934
1076
571
220
397
436
323
339
387
59
-391
-686
-825
-908
-1032
-1150
-1358
-1340
-1151
-924
-643
-305
-75
-157
-230
-13
399
733
866
872
833
705
604
572
569
545
416
314
244
173
122
31
-142
-539
-973
-962
-681
-464
-599
-703
-427
-98
134
131
120
182
177
267
361
537
591
420
240
265
400
331
169
133
291
416
500
580
599
551
450
431
407
346
348
420
661
857
846
594
278
170
268
411
528
620
788
1119
1473
1752
1790
1736
1703
1832
2074
2284
2326
2217
2297
2330
1971
587
-796
-719
343
368
-1598
-2977
-2499
-1603
-1541
-1805
-1746
-2588
-3771
-3731
-2408
-1631
-2016
-2433
-2380
-1793
-1119
-459
-274
-240
-24
86
293
521
730
481
211
453
452
77
-205
159
443
257
118
255
256
-114
-286
-294
-372
-665
-934
-1101
-1320
-1463
-1527
-1483
-1334
-1128
-946
-845
-604
-214
54
179
358
726
1022
1125
1151
1174
1096
899
736
686
752
807
815
703
546
322
-2
-466
-828
-868
-775
-586
-580
-597
-615
-496
-139
72
104
-150
-308
-287
-116
149
263
282
117
3
-24
95
236
261
246
190
326
538
772
860
761
705
662
715
792
925
1011
975
889
894
994
1029
994
923
978
1088
1226
1340
1410
1580
1687
1771
1742
1860
1968
2098
2104
1782
1144
104
206
1081
1530
88
-1906
-2107
-1401
-1159
-1720
-2030
-2346
-3208
-3502
-2797
-2060
-2356
-2917
-2891
-2233
-1755
-1260
-917
-886
-396
-241
53
394
701
905
679
819
767
318
-101
89
727
683
345
238
339
237
79
14
-195
-467
-720
-669
-583
-627
-893
-1249
-1368
-1354
-1248
-1192
-1073
-693
-296
-26
186
344
448
503
611
762
851
798
802
943
1086
1095
1036
950
834
563
274
16
-264
-505
-886
-981
-879
-621
-608
-927
-1079
-1066
-834
-627
-538
-434
-430
-322
-182
-26
-21
-121
-268
-287
-143
-30
68
34
80
127
251
468
566
662
707
804
947
1014
1107
1157
1193
1280
1383
1375
1291
1097
1027
1055
1015
1010
957
1052
1178
1252
1354
1510
1710
1834
1736
1786
1824
1694
1286
597
757
1259
1342
83
-1479
-1585
-976
-853
-1483
-1899
-2137
-2689
-2996
-2591
-2031
-2357
-2748
-2784
-2329
-1825
-1435
-998
-911
-677
-482
-309
-93
142
452
426
375
400
361
279
383
587
505
292
119
214
166
132
241
286
320
188
109
-26
-237
-462
-668
-797
-789
-743
-739
-663
-534
-408
-440
-407
-165
74
197
228
297
453
610
800
940
930
869
762
666
571
411
233
46
-109
-207
-382
-654
-1016
-1268
-1115
-882
-870
-1211
-1442
-1164
-691
-298
-239
-389
-628
-752
-628
-308
-66
-133
-306
-397
-170
122
244
200
72
128
368
746
1097
1306
1389
1364
1327
1289
1314
1329
1332
1277
1284
1381
1383
1334
1238
1180
1033
796
746
998
1383
1584
1636
1647
1774
1832
1932
1829
1507
1033
339
369
829
1100
135
-1289
-1409
-795
-837
-1799
-2327
-2263
-2475
-2702
-2361
-1854
-2253
-2758
-2697
-2198
-1924
-1917
-1670
-1513
-1271
-1074
-821
-481
-157
140
176
226
390
522
579
848
1165
993
520
267
581
744
618
484
332
176
-27
38
230
194
-92
-325
-365
-247
-227
-445
-614
-577
-312
-206
-271
-250
-155
-61
-21
65
183
156
153
362
614
639
433
235
210
200
176
65
-53
-86
-58
-49
-340
-509
-376
-200
-445
-862
-849
-433
-109
-55
-84
-212
-401
-471
-418
-248
-192
-180
-218
-147
68
202
232
177
170
98
105
292
477
471
378
501
713
800
758
829
966
936
820
748
867
907
844
891
1033
1185
1128
1085
1204
1357
1340
1190
1221
1378
1552
1588
1552
1370
1218
966
489
364
519
526
-560
-1598
-1205
-368
-534
-1509
-1808
-1705
-2011
-2300
-1909
-1572
-2118
-2546
-2388
-2014
-2022
-2044
-1699
-1473
-1334
-1219
-867
-425
9
408
560
697
768
698
571
693
853
647
271
134
303
239
161
305
399
227
15
171
414
363
133
80
75
-19
-230
-393
-369
-342
-384
-515
-558
-411
-287
-232
-173
-124
-157
-328
-349
-135
17
68
204
467
622
535
391
410
372
285
148
146
106
-139
-152
-117
166
205
36
-119
-318
-246
-198
-183
-243
-290
-264
-249
-67
-1
32
-239
-396
-355
-336
-258
-328
-226
-163
-67
14
-10
15
-32
-12
-4
70
180
290
440
556
669
667
748
845
960
1052
1084
1229
1373
1549
1618
1549
1424
1352
1278
1223
1150
1061
1023
1090
1294
1373
1265
1156
1130
739
363
421
711
152
-1047
-1200
-368
-256
-1213
-1830
-1459
-1522
-2146
-2400
-2094
-2223
-2660
-2545
-2065
-1781
-1826
-1561
-1229
-1045
-1003
-969
-777
-535
-317
-275
-263
-114
-93
-138
-14
381
481
263
229
615
886
844
925
1089
1044
723
638
838
849
587
336
221
129
-21
-192
-279
-341
-380
-455
-591
-661
-617
-529
-478
-405
-312
-250
-174
11
211
243
169
166
241
294
416
618
721
509
284
230
313
259
-167
-263
-79
255
254
7
41
141
245
234
269
248
96
-17
-90
-61
-242
-449
-730
-868
-831
-852
-793
-808
-790
-849
-817
-530
-203
58
145
247
335
487
708
953
1181
1222
1235
1153
1112
1082
1077
970
699
451
362
491
638
709
720
753
796
861
1001
1226
1412
1481
1464
1559
1636
1309
733
251
101
90
35
-114
-606
-1225
-1363
-936
-776
-1169
-1453
-1317
-1192
-1389
-1439
-1348
-1568
-1979
-2075
-1951
-2020
-2119
-1969
-1714
-1683
-1738
-1606
-1350
-1076
-872
-693
-527
-266
77
392
752
1082
1250
1239
1282
1474
1552
1421
1357
1444
1433
1228
1039
940
732
343
28
-148
-343
-573
-679
-615
-595
-655
-683
-618
-502
-388
-312
-262
-188
-96
8
37
24
13
-61
-157
-212
-150
-57
41
121
226
356
487
631
510
426
680
1067
1102
746
673
946
1014
725
444
277
36
-152
-268
-297
-458
-623
-660
-662
-614
-571
-468
-344
-243
-254
-184
122
444
498
276
92
41
37
77
169
187
44
-61
-4
154
205
186
185
175
171
226
359
458
532
612
726
823
812
765
769
852
898
913
983
1107
1085
843
576
426
476
656
674
243
-365
-540
-242
-113
-509
-925
-1084
-1242
-1556
-1707
-1618
-1722
-2060
-2230
-2108
-2069
-2150
-2091
-1872
-1715
-1652
-1457
-1143
-815
-508
-196
117
342
516
718
1038
1343
1474
1446
1448
1529
1507
1303
1061
927
759
535
404
380
279
20
-142
-132
-177
-381
-563
-537
-404
-274
-240
-300
-405
-504
-579
-672
-757
-833
-911
-923
-798
-580
-392
-277
-121
90
304
536
824
1040
1051
1006
999
994
735
571
884
1112
863
285
225
654
804
622
345
228
9
-133
-77
-17
-73
-330
-362
-372
-422
-541
-601
-458
-422
-545
-690
-563
-365
-287
-188
-65
51
-115
-216
-100
4
-35
-113
74
334
451
394
394
431
390
367
443
627
717
727
837
1089
1291
1284
1266
1328
1431
1462
1548
1690
1556
1076
708
743
785
422
-225
-633
-788
-868
-871
-873
-975
-1262
-1461
-1513
-1608
-1807
-1985
-2018
-2119
-2202
-2142
-1905
-1630
-1489
-1397
-1283
-1061
-823
-621
-415
-172
69
163
273
467
668
706
634
679
763
780
713
732
834
828
681
500
353
239
162
122
88
-23
-172
-236
-253
-269
-327
-385
-437
-498
-494
-403
-259
-222
-247
-244
-181
-95
-87
-78
8
143
253
334
496
671
787
816
824
634
360
584
1059
1142
516
32
216
444
399
274
300
104
-242
-331
-264
-273
-558
-629
-523
-461
-491
-574
-406
-209
-103
-167
-169
-95
-139
-145
-101
8
-139
-322
-264
-134
-110
-271
-257
-108
69
231
381
511
527
612
804
1014
1040
946
1035
1262
1433
1455
1444
1462
1417
1328
1330
1280
999
515
213
396
729
613
-74
-664
-623
-310
-312
-592
-779
-957
-1190
-1233
-1031
-1026
-1491
-1866
-1793
-1592
-1570
-1559
-1354
-1166
-1073
-918
-679
-581
-602
-427
-86
86
-53
-203
-47
267
447
416
360
334
224
110
175
402
509
456
485
643
664
443
254
239
210
14
-238
-342
-348
-348
-334
-271
-202
-199
-201
-144
-67
-47
-69
-70
-5
70
131
196
256
260
142
35
46
161
271
318
260
-28
-159
-3
268
221
-122
-164
-29
172
317
426
410
95
-123
-190
-129
-258
-473
-577
-601
-438
-409
-378
-418
-542
-584
-530
-287
-202
-263
-329
-182
-33
-89
-135
-223
-236
-314
-291
-100
41
158
229
385
521
599
611
681
815
872
961
1112
1352
1525
1573
1599
1568
1476
1384
1374
1267
1020
778
762
925
878
624
354
221
143
17
-26
-2
-118
-420
-632
-642
-615
-744
-959
-1100
-1245
-1402
-1466
-1388
-1279
-1259
-1237
-1128
-987
-913
-855
-734
-599
-489
-396
-283
-193
-224
-297
-259
-89
85
82
-31
-104
-88
-18
64
161
212
179
97
27
16
67
175
294
356
333
274
275
353
448
471
387
257
129
57
14
-53
-158
-254
-285
-290
-305
-337
-345
-327
-280
-166
-5
158
239
237
160
146
190
206
198
174
177
8
-155
-217
-214
-323
-522
-643
-720
-761
-781
-679
-540
-439
-339
-283
-152
-29
37
21
-17
-27
-105
-213
-333
-372
-460
-605
-718
-712
-586
-467
-331
-169
22
167
287
481
733
993
1134
1187
1174
1137
1153
1192
1211
1152
1123
1155
1255
1366
1474
1582
1572
1462
1259
1090
1014
988
998
1028
1105
1130
1034
838
682
573
429
218
-37
-250
-438
-597
-716
-818
-955
-1151
-1310
-1401
-1397
-1395
-1417
-1428
-1450
-1465
-1490
-1458
-1374
-1318
-1326
-1291
-1169
-1035
-958
-940
-886
-806
-753
-705
-626
-492
-327
-147
81
320
456
510
585
664
696
693
742
820
847
837
875
862
723
554
442
369
170
-91
-213
-194
-167
-183
-197
-166
-172
-248
-303
-264
-156
-91
-103
-179
-216
-226
-218
-220
-270
-334
-402
-418
-411
-432
-509
-584
-594
-578
-521
-438
-285
-149
-83
-35
-36
-65
-149
-220
-303
-402
-493
-511
-439
-361
-286
-252
-176
-62
54
153
203
268
355
537
773
975
1066
1068
1079
1078
1082
1108
1187
1244
1267
1349
1511
1648
1635
1539
1377
1215
1074
979
952
934
986
923
741
574
554
562
375
74
-214
-410
-504
-435
-334
-437
-701
-927
-927
-896
-964
-1080
-1177
-1246
-1348
-1407
-1356
-1237
-1202
-1244
-1293
-1263
-1159
-1047
-877
-667
-524
-513
-516
-373
-176
-84
-75
-22
85
161
218
291
342
295
257
328
455
515
515
561
647
661
598
575
610
596
475
335
254
160
23
-100
-141
-177
-260
-332
-315
-218
-172
-153
-123
-81
-52
-32
55
162
157
92
61
105
117
2
-139
-253
-348
-429
-428
-343
-296
-373
-449
-428
-421
-493
-588
-594
-584
-648
-651
-567
-443
-415
-462
-506
-521
-513
-460
-371
-330
-323
-329
-239
-74
39
60
4
-5
64
203
384
570
731
823
916
1004
1078
1112
1123
1160
1195
1233
1292
1364
1393
1364
1317
1325
1355
1294
1171
1011
892
828
852
964
981
855
692
645
650
593
451
272
39
-261
-492
-632
-714
-856
-1085
-1273
-1428
-1549
-1681
-1773
-1786
-1774
-1783
-1722
-1543
-1351
-1224
-1168
-1059
-935
-855
-777
-662
-540
-493
-458
-353
-196
-75
8
147
328
466
514
532
586
654
678
657
651
675
698
658
577
471
324
177
80
50
23
-27
-60
-81
-108
-151
-187
-227
-263
-231
-135
15
164
297
320
263
169
82
20
-60
-64
-141
-271
-360
-355
-328
-428
-567
-639
-611
-586
-522
-419
-327
-274
-314
-240
-110
12
45
-29
-109
-213
-284
-297
-233
-215
-260
-311
-314
-235
-216
-188
-112
63
322
571
815
1001
1132
1168
1176
1175
1198
1251
1255
1257
1232
1231
1233
1179
1027
757
461
244
194
230
335
418
413
380
409
585
718
685
523
338
89
-232
-465
-571
-619
-796
-1014
-1152
-1207
-1216
-1235
-1289
-1438
-1594
-1613
-1382
-1032
-800
-760
-783
-685
-489
-325
-235
-184
-137
-81
14
130
199
182
129
151
261
396
510
600
689
743
717
676
668
684
707
735
753
717
616
484
327
119
-79
-198
-246
-253
-258
-276
-298
-322
-325
-284
-206
-111
-30
-5
7
40
95
133
96
14
-53
-90
-91
-69
-95
-190
-356
-475
-546
-558
-519
-390
-254
-246
-301
-351
-305
-217
-121
-84
-161
-328
-467
-456
-441
-497
-668
-824
-834
-784
-672
-580
-524
-519
-482
-329
-86
122
212
308
407
513
558
539
525
496
490
484
488
483
458
411
355
323
296
344
449
578
685
744
828
928
1003
1045
1096
1169
1229
1229
1205
1181
1077
889
684
533
439
332
208
87
-35
-154
-234
-287
-360
-502
-666
-764
-790
-794
-827
-873
-929
-988
-995
-926
-854
-823
-820
-788
-740
-710
-637
-532
-411
-300
-198
-122
-90
-36
65
189
286
370
455
504
488
429
386
350
315
219
101
48
48
63
28
-6
-60
-157
-252
-267
-216
-222
-292
-350
-329
-313
-317
-309
-289
-273
-312
-335
-331
-333
-338
-362
-381
-407
-393
-307
-207
-202
-237
-172
-24
124
205
286
362
403
389
425
512
564
572
558
629
724
764
749
766
833
865
885
947
1093
1158
1109
1048
1064
1076
903
710
545
476
346
280
331
248
-14
-282
-297
-305
-474
-727
-908
-1115
-1381
-1432
-1370
-1358
-1492
-1545
-1415
-1359
-1298
-1208
-1105
-1120
-1114
-951
-679
-495
-473
-472
-504
-463
-386
-277
-130
-41
-27
-62
23
163
170
32
-27
96
152
137
238
507
661
591
531
624
745
745
761
832
863
796
742
787
780
642
455
416
492
540
488
394
338
289
267
292
334
268
95
-25
0
96
117
119
121
105
57
-7
-10
-9
-51
-126
-169
-162
-101
-28
44
74
1
-103
-181
-208
-215
-221
-194
-182
-257
-368
-387
-334
-337
-430
-494
-435
-335
-247
-182
-121
-112
-139
-157
-140
-141
-177
-155
-73
24
22
-45
-66
-17
29
-38
-178
-295
-328
-303
-229
-119
-67
-71
-114
-108
-99
-120
-130
-91
-7
56
109
129
120
65
16
-67
-237
-462
-600
-531
-365
-213
-102
21
157
254
358
510
641
679
688
742
812
813
747
677
594
464
290
166
89
32
-19
-39
-6
-29
-119
-214
-203
-94
-28
-19
6
111
257
367
436
441
378
279
229
204
145
65
19
67
119
149
180
244
320
350
385
391
366
318
336
406
404
335
259
212
142
53
-57
-154
-244
-318
-318
-328
-353
-428
-520
-572
-602
-609
-629
-641
-642
-638
-644
-647
-667
-743
-868
-977
-1038
-1078
-1090
-1061
-991
-930
-890
-820
-721
-615
-518
-438
-387
-378
-332
-200
-28
103
140
112
82
118
188
266
306
286
257
226
231
259
267
278
295
337
384
440
513
580
600
575
544
564
631
679
710
708
664
547
422
355
323
265
203
208
279
350
421
549
711
830
896
972
1040
1062
1077
1105
1138
1112
1026
927
808
680
556
499
490
554
455
191
-12
-83
-24
-93
-108
-178
-403
-659
-682
-482
-453
-614
-757
-862
-1117
-1317
-1268
-1236
-1382
-1620
-1551
-1359
-1246
-1128
-1030
-981
-1073
-1108
-997
-777
-630
-610
-669
-692
-594
-524
-480
-424
-361
-391
-416
-197
121
273
227
206
268
267
226
294
404
348
229
245
409
495
418
328
257
173
77
61
123
128
45
-3
95
234
300
284
237
166
47
4
111
246
274
212
200
247
246
195
176
157
110
95
182
326
393
406
470
579
639
646
671
728
679
561
476
455
418
295
178
114
75
-7
-61
-23
22
-61
-238
-264
-237
-208
-400
-542
-382
-407
-405
-272
-73
-75
-193
-134
6
35
-50
-65
-23
-127
-169
-111
-44
-5
17
18
18
106
175
208
231
270
243
166
204
255
221
156
130
180
153
107
159
211
178
158
212
341
440
486
510
478
401
281
178
110
32
-90
-212
-275
-306
-334
-349
-357
-391
-465
-525
-497
-437
-391
-371
-354
-310
-281
-273
-264
-243
-231
-246
-295
-327
-323
-314
-301
-304
-312
-310
-345
-360
-310
-218
-224
-284
-297
-215
-116
-67
-49
-93
-160
-245
-302
-345
-410
-486
-553
-590
-587
-550
-528
-496
-435
-375
-298
-241
-164
-81
30
139
225
300
360
404
385
344
328
384
469
549
635
698
685
627
613
672
726
721
699
726
803
860
863
832
801
752
687
654
646
595
468
352
329
322
289
253
250
233
187
185
223
253
222
168
157
139
92
47
15
-30
-141
-270
-344
-351
-371
-419
-498
-577
-637
-688
-709
-725
-733
-734
-685
-582
-473
-395
-375
-392
-445
-541
-629
-640
-581
-534
-543
-579
-606
-609
-567
-481
-390
-321
-280
-228
-164
-106
-66
-28
7
40
89
123
152
182
193
187
172
152
149
199
277
319
304
247
231
271
312
318
322
342
358
369
395
453
514
533
498
447
388
332
276
205
114
61
37
27
35
67
130
176
200
198
196
187
192
243
333
395
402
392
383
365
298
222
186
191
222
232
235
221
174
87
5
-20
-6
1
-35
-89
-131
-168
-204
-232
-253
-305
-418
-550
-642
-707
-795
-903
-962
-918
-852
-808
-783
-735
-644
-554
-470
-388
-328
-308
-274
-197
-93
-30
-30
-7
36
70
66
71
113
174
207
192
183
200
228
249
258
284
332
372
395
361
253
138
54
-7
-25
16
89
111
86
93
121
117
78
54
33
-10
-62
-104
-142
-178
-165
-130
-125
-159
-214
-261
-267
-248
-219
-177
-146
-90
-20
37
95
133
152
135
115
177
284
394
516
614
673
681
680
717
733
747
787
829
822
774
764
752
689
582
500
483
530
476
281
113
68
95
21
2
16
-150
-441
-565
-457
-461
-695
-860
-857
-932
-1063
-1054
-996
-1085
-1296
-1332
-1182
-994
-863
-772
-644
-569
-538
-470
-298
-118
-82
-124
-40
185
327
352
331
302
211
119
210
319
306
206
186
293
369
364
331
313
250
179
172
224
211
57
-86
-114
-64
-66
-101
-99
-118
-189
-202
-88
21
7
-37
-1
81
94
48
8
-21
-99
-176
-159
-63
20
39
71
147
227
275
332
420
457
391
338
383
444
415
334
270
200
126
87
86
38
-84
-164
-139
-37
23
15
-16
-23
-15
-14
7
3
-50
-146
-167
-62
44
73
42
35
8
-34
-35
26
92
74
59
131
227
232
180
166
179
144
60
10
9
5
-7
25
93
122
92
66
79
86
35
-37
-34
26
14
-71
-116
-102
-108
-181
-247
-259
-268
-286
-273
-224
-226
-272
-296
-272
-260
-283
-269
-205
-145
-121
-101
-77
-75
-113
-167
-218
-268
-279
-222
-111
-25
-29
-91
-120
-87
-39
-13
0
9
-27
-69
-80
-93
-152
-232
-243
-190
-140
-125
-66
39
131
160
182
231
252
231
220
242
225
143
72
72
129
181
215
225
201
168
146
166
208
239
275
345
464
539
503
402
297
204
116
69
61
41
1
-34
-46
-80
-131
-157
-138
-98
-68
-25
16
40
12
-39
-64
-46
-13
-9
-5
-13
-43
-76
-76
-18
32
41
40
88
148
146
98
58
47
10
-36
-42
8
57
59
50
21
-23
-57
-46
6
54
62
32
34
48
23
-49
-91
-72
-78
-139
-226
-292
-368
-455
-488
-467
-425
-435
-449
-437
-418
-416
-434
-457
-476
-477
-445
-395
-356
-345
-348
-350
-335
-274
-172
-55
45
125
189
229
281
327
373
426
462
475
472
477
472
409
303
195
140
147
201
281
348
359
304
222
158
118
56
15
22
46
15
-73
-129
-150
-147
-129
-98
-63
-40
-17
11
35
56
98
170
260
330
387
417
421
409
359
290
232
173
128
129
152
166
130
95
88
79
57
39
57
74
52
8
-15
-36
-92
-161
-184
-157
-123
-91
-74
-55
-39
-56
-75
-87
-85
-115
-233
-327
-364
-381
-432
-450
-348
-265
-237
-220
-157
-122
-173
-226
-228
-193
-166
-121
-72
-31
-24
-33
-1
33
84
96
84
63
55
112
192
272
321
338
337
318
298
295
280
212
130
70
84
118
121
108
105
117
97
57
50
73
92
99
127
175
166
105
49
-20
-101
-190
-253
-272
-285
-308
-355
-405
-431
-436
-436
-442
-432
-376
-311
-265
-235
-226
-238
-277
-288
-269
-258
-264
-282
-281
-269
-257
-240
-215
-187
-151
-96
-34
39
106
167
199
207
214
223
246
265
262
250
232
214
202
187
182
172
149
127
116
113
78
0
-100
-172
-178
-146
-108
-85
-77
-88
-91
-69
-23
5
26
83
174
278
331
335
336
337
313
260
225
233
230
203
198
231
261
273
308
354
373
381
396
417
433
446
448
415
371
334
299
263
255
270
268
222
160
127
100
85
86
90
58
-8
-40
-27
-25
-78
-164
-213
-226
-235
-228
-211
-208
-235
-280
-322
-365
-397
-405
-393
-375
-358
-358
-387
-438
-506
-589
-676
-711
-708
-696
-668
-614
-533
-476
-448
-438
-454
-475
-469
-431
-390
-360
-339
-331
-326
-287
-215
-157
-134
-124
-81
-21
57
149
237
300
337
374
417
458
458
452
455
475
495
495
503
530
559
576
581
599
625
662
712
753
746
663
565
494
442
369
262
158
80
33
-5
-36
-49
-40
-19
-12
-13
-24
-46
-51
-23
54
130
182
207
227
215
131
7
-121
-231
-335
-390
-365
-289
-242
-231
-208
-210
-243
-281
-270
-233
-237
-268
-280
-243
-217
-237
-283
-332
-384
-434
-421
-353
-298
-285
-281
-258
-250
-275
-291
-271
-210
-143
-79
-17
31
64
65
75
105
130
119
89
88
95
91
77
71
74
59
61
78
87
90
91
88
55
6
-37
-55
-66
-77
-65
-44
-34
-43
-55
-46
-60
-84
-109
-139
-171
-206
-208
-185
-134
-74
-15
38
90
163
234
277
274
248
237
266
317
332
307
281
287
321
355
393
437
488
531
559
567
565
571
567
567
575
567
515
425
316
199
83
-12
-82
-152
-238
-323
-388
-415
-432
-442
-429
-402
-403
-439
-465
-470
-502
-567
-621
-640
-636
-622
-601
-566
-529
-504
-490
-464
-414
-354
-310
-243
-145
-43
9
30
31
-15
-85
-122
-104
-75
-54
-10
57
98
107
121
147
161
195
272
344
364
351
331
302
256
240
258
265
244
218
211
225
269
328
347
317
269
239
239
260
272
243
201
169
132
88
53
47
32
2
-46
-117
-178
-206
-195
-173
-155
-136
-115
-91
-64
-44
-64
-129
-192
-210
-198
-194
-210
-235
-259
-289
-318
-304
-240
-166
-101
-63
-49
-43
-16
30
100
175
247
266
219
210
236
280
324
425
466
350
330
449
556
511
504
581
535
471
470
473
384
297
302
196
40
-12
2
-46
-112
-85
-76
-140
-193
-239
-343
-453
-475
-486
-534
-516
-422
-401
-479
-498
-454
-443
-453
-404
-330
-311
-321
-326
-343
-363
-373
-379
-395
-396
-380
-368
-342
-290
-241
-236
-243
-226
-196
-162
-121
-61
8
90
158
181
158
122
88
56
62
109
150
156
150
160
190
222
263
329
372
378
368
385
420
420
386
343
301
231
145
55
-4
-24
-34
-60
-98
-109
-119
-155
-181
-178
-161
-159
-149
-90
-17
17
15
-6
-23
-34
-22
19
73
130
159
174
179
181
183
160
136
138
184
241
292
359
434
482
453
379
318
292
280
298
353
359
272
169
129
94
19
-55
-104
-173
-248
-278
-292
-323
-366
-369
-324
-279
-242
-206
-148
-88
-67
-65
-46
-34
-65
-96
-44
53
90
76
76
108
97
29
-4
4
-22
-106
-146
-86
-29
-61
-150
-198
-193
-209
-257
-298
-353
-454
-556
-607
-605
-612
-651
-678
-668
-625
-605
-591
-570
-541
-495
-439
-356
-276
-216
-165
-90
48
216
342
395
422
458
495
521
546
585
609
607
600
610
665
720
734
724
712
699
660
618
579
548
496
423
352
311
297
257
185
115
75
35
-31
-95
-154
-198
-252
-307
-338
-359
-376
-406
-415
-398
-394
-414
-433
-412
-367
-337
-345
-379
-415
-440
-449
-435
-373
-293
-227
-187
-143
-93
-41
23
88
135
157
182
213
224
205
185
171
146
120
94
92
110
128
160
200
231
225
227
272
298
279
269
296
312
281
258
244
231
217
207
233
264
270
226
184
172
152
114
81
95
107
93
64
35
-16
-118
-192
-186
-120
-91
-111
-131
-185
-253
-303
-330
-403
-528
-592
-586
-557
-530
-469
-411
-407
-427
-406
-345
-307
-294
-241
-141
-63
-28
3
38
41
1
-16
35
92
82
52
71
137
182
208
246
280
285
259
271
325
346
303
247
255
283
271
221
179
142
104
85
79
63
24
-22
-63
-95
-121
-150
-159
-143
-114
-100
-89
-56
-23
11
40
69
94
77
43
27
35
26
-22
-61
-69
-48
-27
-10
11
51
102
141
160
145
99
43
17
20
-10
-89
-178
-233
-263
-287
-283
-278
-289
-303
-277
-233
-222
-240
-253
-241
-208
-163
-126
-111
-92
-66
-22
47
124
174
201
245
318
374
383
370
369
384
402
400
396
394
375
336
292
266
235
180
134
123
119
85
20
-55
-126
-201
-279
-337
-381
-401
-387
-348
-314
-321
-368
-428
-456
-448
-436
-446
-440
-386
-290
-190
-111
-55
-32
-25
12
92
200
288
339
387
449
516
548
542
513
485
477
504
539
543
520
484
447
420
395
367
310
246
200
173
146
101
22
-100
-211
-270
-304
-365
-447
-507
-548
-574
-607
-653
-678
-660
-622
-585
-530
-442
-347
-284
-236
-189
-164
-159
-152
-126
-81
-39
-10
10
24
33
24
4
-9
-3
28
57
67
61
62
86
108
112
95
77
56
31
8
-14
-66
-142
-197
-204
-181
-156
-133
-119
-114
-117
-95
-43
7
40
71
118
166
204
234
250
247
230
202
163
113
87
102
128
125
116
133
160
177
175
176
180
189
222
273
294
250
188
159
147
114
42
-25
-54
-62
-92
-146
-180
-189
-187
-176
-128
-60
7
68
115
160
207
255
279
277
277
297
319
332
333
316
279
223
169
142
152
183
222
265
293
301
309
341
351
309
240
184
147
105
68
20
-35
-101
-172
-238
-308
-387
-485
-556
-570
-544
-533
-555
-557
-513
-437
-374
-338
-305
-242
-164
-109
-96
-116
-167
-239
-287
-305
-328
-366
-387
-364
-336
-322
-304
-278
-247
-202
-137
-81
-54
-41
1
61
121
132
86
11
-65
-114
-139
-140
-134
-111
-58
14
71
104
110
127
180
256
324
366
403
435
442
425
399
363
297
222
184
181
173
145
124
129
152
153
132
106
89
89
97
114
127
125
94
37
-30
-82
-110
-107
-101
-119
-163
-227
-263
-281
-298
-322
-344
-347
-332
-298
-258
-214
-172
-138
-129
-126
-122
-103
-85
-70
-55
-25
12
19
-17
-56
-57
-28
-5
36
94
156
195
235
274
309
361
421
470
474
465
446
408
365
336
333
329
310
274
234
209
200
175
134
109
108
115
108
95
88
91
103
108
101
89
62
20
-16
-40
-61
-89
-118
-147
-201
-252
-281
-292
-286
-265
-213
-158
-141
-179
-223
-244
-242
-257
-289
-331
-376
-411
-436
-437
-445
-464
-493
-509
-473
-390
-286
-205
-146
-131
-140
-147
-135
-131
-160
-170
-154
-128
-134
-163
-180
-191
-193
-181
-126
-52
23
77
103
122
130
135
131
142
151
174
211
242
252
237
217
197
200
227
267
306
347
383
416
439
431
392
326
274
264
271
274
268
242
200
153
109
64
38
44
69
108
134
135
109
70
33
10
2
-3
-12
-18
2
31
43
32
22
34
57
83
107
131
167
216
248
250
218
179
171
196
228
229
205
172
143
116
83
50
15
-27
-86
-126
-121
-111
-141
-200
-233
-234
-239
-271
-304
-311
-311
-316
-337
-367
-379
-379
-365
-349
-345
-355
-359
-332
-293
-283
-315
-362
-403
-429
-438
-425
-391
-355
-327
-306
-281
-247
-207
-149
-76
-4
57
107
148
171
169
143
86
15
-40
-61
-53
-37
-22
-8
14
53
92
119
138
166
200
240
271
276
263
229
192
155
104
55
25
33
67
114
162
211
262
304
347
385
416
422
418
422
437
440
420
393
355
307
