-137
-112
-127
-116
-115
-115
-146
-149
-137
-126
-103
-65
-43
-26
20
23
13
11
4
-1
-11
-47
-74
-73
-64
-56
-49
-36
-16
5
19
26
15
23
-6
-41
-57
-97
-115
-112
-98
-70
-24
12
60
122
172
188
180
169
130
86
12
-44
-66
-70
-46
-50
-10
54
106
136
157
171
167
170
141
132
106
79
65
14
0
-1
-9
-18
-20
-17
-55
-61
-79
-150
-134
-150
-145
-131
-152
-118
-116
-138
-149
-142
-126
-115
-109
-25
-2
-23
65
104
118
131
100
130
103
38
40
-8
12
-17
-80
-9
-24
-32
61
28
-15
33
29
-1
-34
14
28
-47
-31
-54
-167
-104
-107
-81
-32
-51
-11
27
79
93
122
125
101
96
69
71
88
44
43
40
-13
3
19
-21
51
48
-15
12
-34
-2
-9
13
-8
-87
0
-32
-29
51
-110
-107
-10
-114
-141
-48
-1
-67
62
101
86
139
123
172
128
17
69
30
16
11
88
78
26
182
150
186
102
103
135
105
80
-102
58
2
-61
58
-99
54
0
-7
159
3
38
28
78
1
-7
60
-142
-6
35
-30
-98
-28
29
23
-128
-24
15
-17
77
-88
84
86
-5
27
-34
46
20
-141
22
25
-45
49
-37
88
40
-85
85
-54
-19
80
-158
33
-4
-92
1
-62
6
-135
-43
-74
-39
-74
-33
-99
-94
12
-118
58
-110
-54
11
-97
-23
-83
53
-47
22
18
-74
39
-40
55
-70
-30
-85
3
4
-202
156
-159
4
42
-168
259
-61
42
108
-44
207
-207
38
115
-224
58
-66
-75
53
-77
53
149
-100
103
-5
6
126
-220
23
70
-106
7
-12
-4
-10
-29
90
-91
92
80
-15
86
114
-35
73
58
-51
81
-122
30
62
-31
12
-65
10
-53
-6
19
-111
119
-76
36
16
-4
167
-160
210
-73
9
252
-161
195
10
123
74
-62
217
59
12
22
-31
50
-94
-104
37
-151
-123
-99
-122
-152
-93
-185
-47
3
-164
-58
80
-81
-37
-16
162
-145
-147
348
-126
-74
151
118
-5
-70
213
-27
84
-6
17
244
-149
122
23
94
66
-141
158
96
-177
37
142
-177
-92
28
-92
27
-217
142
104
-336
215
67
-154
29
-56
70
-58
-153
150
131
-211
33
136
-119
47
-45
139
55
-227
175
41
-171
36
-18
24
-179
35
193
-40
3
171
73
-61
99
-37
70
-61
-86
45
-111
-79
24
-40
-78
-59
28
-198
-82
-176
-72
-79
-177
-23
-80
43
-164
15
55
-171
-5
-41
-134
-27
-86
38
-134
-2
90
-197
163
1
150
136
61
369
132
247
183
51
284
-53
77
95
70
63
-55
198
47
-4
104
139
-30
75
111
-10
54
79
69
-201
204
11
-285
255
-106
-141
-9
11
-139
-160
75
-88
-235
134
-67
-175
226
-80
64
89
-100
273
-139
39
122
-114
288
-175
153
153
16
274
-155
279
124
-199
65
8
13
-135
-94
292
-119
-128
178
-137
247
-181
-150
109
-110
-158
-298
103
-66
-363
118
-74
128
-104
288
114
-52
585
-305
43
420
-179
-114
272
21
-162
220
251
-135
299
246
67
147
299
48
-48
368
-144
-113
296
-117
-139
190
-18
-190
36
136
-272
158
-122
-92
201
-409
79
112
-234
-86
5
206
-476
43
215
-359
-89
0
-37
-384
140
-112
-496
409
-382
-392
474
-386
-291
188
-17
-431
-37
140
-436
-230
238
-338
-346
227
-280
-213
16
-191
-226
111
-163
-336
187
80
-405
243
279
-423
184
321
-179
-126
378
-172
-301
271
170
-407
173
439
-346
-62
492
-180
-197
419
-16
-292
244
307
-664
277
438
-707
126
472
-617
76
290
-266
-184
253
283
-747
513
296
-680
399
257
-393
75
196
-73
-269
271
11
-276
473
56
-78
268
400
-176
219
109
-1
-382
236
-42
-782
361
-180
-364
-111
234
-228
-224
204
36
-405
21
169
-528
-143
45
-346
-285
33
-126
-244
-135
332
-435
111
188
-137
119
-61
273
-323
324
72
-161
178
222
54
-178
367
191
-394
295
449
-394
260
295
81
-229
264
205
-295
69
255
-289
-45
291
-111
-122
219
67
-276
33
187
-226
-288
350
-236
-319
203
-2
-240
125
350
-220
45
549
81
-32
404
390
-70
69
443
-75
-170
255
-94
-56
-69
106
75
-136
352
88
19
235
261
-95
120
306
-236
-53
38
-36
-179
-165
314
-521
228
-1
-190
245
-305
461
-461
225
446
-630
525
-6
32
22
84
382
-613
464
37
-338
111
107
1
-503
863
-367
-56
748
-428
423
25
287
-368
201
549
-887
418
320
-379
-107
508
88
-527
632
118
-267
40
458
-298
-242
581
-141
-348
687
-104
-87
426
-212
248
-113
326
-411
-31
608
-639
-41
475
-343
-128
163
-81
64
-219
214
-149
197
95
-502
641
-138
-313
128
222
-538
189
-130
40
-356
-27
635
-1170
835
-14
-757
1165
-868
224
463
-649
512
-503
604
-405
-431
962
-843
241
272
-363
277
-19
-198
95
-1
-226
193
-558
692
-786
43
654
-1078
879
-828
598
-252
-644
1409
-1627
1004
-3
-806
1144
-826
475
-145
13
300
-470
621
-158
-220
714
-565
370
221
-146
321
-58
393
-103
60
573
-530
492
-70
-196
390
-570
633
-651
153
164
-224
59
-219
229
-425
441
-367
-247
698
-809
213
-126
109
-223
-485
693
-915
146
-6
-548
450
-594
248
-215
6
309
-445
412
-50
84
-22
84
-102
191
-258
-133
242
-526
293
-478
101
235
-842
739
-383
-16
507
-851
872
-472
-14
88
-244
418
-744
341
80
-281
-66
-17
-171
-179
244
-552
413
-256
-161
476
-740
728
-659
285
126
-894
1019
-1077
374
-120
-412
302
-797
654
-805
230
130
-875
953
-847
432
-309
-270
556
-991
796
-838
462
-294
-10
372
-971
1397
-1188
451
223
-1053
1171
-1399
721
-257
-728
967
-1298
1004
-844
352
1
-572
902
-1284
997
-709
-172
652
-1388
1309
-1057
489
59
-515
991
-1092
1224
-948
741
-82
-458
1106
-1314
1352
-905
508
302
-712
1222
-952
932
-402
106
500
-656
955
-934
837
-218
-161
721
-814
1112
-596
260
182
-185
180
-66
80
-272
351
-295
236
-7
-42
233
-137
189
63
-178
233
-15
-376
375
-110
-116
179
-53
357
-184
178
346
-321
508
-240
215
-78
95
-32
-280
584
-645
524
-75
-159
582
-404
510
-109
31
163
-58
-72
17
26
-155
-110
-30
259
-643
472
-151
-89
414
-313
405
85
11
381
216
-159
524
167
-149
657
-338
516
138
-273
586
-92
-90
317
-231
405
-201
-107
692
-417
138
419
-162
-223
771
-901
414
11
-669
855
-986
386
154
-648
632
-342
-184
517
-132
-355
664
-360
153
187
-419
944
-797
325
514
-664
500
143
-468
341
41
-531
448
-625
140
95
-776
893
-398
-368
1027
-1009
455
287
-765
412
-293
-47
11
-292
18
300
-592
468
32
-369
926
-631
320
411
-277
270
-12
173
60
-207
253
178
-384
622
-237
-162
465
-90
-327
494
-193
176
136
-72
239
81
-83
229
-111
-196
604
-865
468
158
-724
599
-323
76
148
-407
415
-3
-483
619
-301
-406
782
-898
403
42
-624
643
-360
-165
300
-379
89
197
-826
707
-472
-258
252
-205
-342
422
-694
321
25
-990
1121
-1475
549
-306
-891
1092
-1609
833
-131
-1140
1288
-1179
220
352
-1251
1288
-1125
269
266
-1077
1003
-613
-423
942
-836
338
427
-943
1415
-1255
778
119
-1042
1325
-1113
79
667
-1224
864
-369
-327
683
-1089
817
-564
-362
801
-1088
281
390
-896
646
-445
110
334
-795
936
-528
-132
775
-908
559
-7
-573
756
-1056
937
-538
-632
1630
-1916
872
436
-1641
1766
-1593
558
385
-1801
2111
-1858
206
834
-1945
1635
-1241
-235
1077
-1872
1430
-1023
-388
1454
-2140
1439
-292
-1078
1890
-1980
1377
-231
-1196
2423
-2485
1536
119
-1673
2567
-2272
984
705
-1977
2403
-1902
858
621
-1674
2428
-1443
102
1381
-1591
1873
-1318
595
842
-1960
2546
-2018
736
675
-1760
2101
-1164
113
1007
-1315
1811
-1211
415
928
-1485
1852
-1351
744
453
-1096
1470
-657
-195
1252
-1410
1538
-1015
489
723
-1325
1895
-1333
860
366
-514
753
88
-483
1074
-1139
1087
-772
-28
503
-855
599
-303
-223
798
-728
420
547
-1132
1830
-1872
1305
-332
-798
1213
-1195
572
135
-953
1454
-1201
808
-137
-308
820
-622
116
214
-388
555
-672
408
300
-618
1164
-888
938
41
-39
451
0
362
-174
-235
1142
-1385
974
-406
144
80
-272
583
-278
-89
700
-840
614
-72
-526
943
-1132
1173
-895
290
716
-1418
1077
146
-1118
1645
-1493
1481
-843
399
1075
-1611
1906
-473
-206
1167
-1070
1161
-341
-452
1332
-1690
1440
-733
-334
1019
-992
468
366
-862
1343
-1621
1373
-686
-823
1535
-1827
887
-357
-640
1198
-1813
1196
-154
-966
1446
-1674
1450
-624
-478
1231
-1406
960
31
-1020
1577
-1406
1042
-397
-241
1139
-1565
1389
-665
-495
1529
-1921
1148
-394
-287
1014
-2009
2293
-1652
188
900
-2000
1996
-1428
-146
1034
-1773
1642
-1549
666
420
-1516
1867
-1580
802
134
-1157
1497
-1541
965
-361
-831
1388
-1736
1602
-843
-215
1357
-1736
1821
-1369
577
573
-1280
1150
-624
3
-85
-564
893
-1366
515
-169
-742
630
-1352
628
-602
-208
-101
-635
536
-537
-713
1159
-1271
797
-829
578
-53
-607
808
-807
529
-141
-417
517
-275
58
259
-457
997
-1149
1116
-1041
923
-671
506
-343
-167
692
-1318
1007
-864
63
303
-843
507
-136
-564
933
-1726
1980
-1982
1211
-443
-138
405
-524
351
1
-166
256
-322
782
-507
-25
1052
-1500
2083
-1837
1690
-844
450
465
-648
940
-62
-532
1383
-1643
1476
-478
-697
1274
-1512
1187
-1027
-100
897
-1658
1014
-22
-1195
1888
-2022
1478
-459
-319
999
-1287
1482
-729
-80
1195
-1376
1466
-847
608
112
-965
1869
-1883
1417
-552
-362
1437
-1534
1096
195
-682
1182
-886
613
453
-1042
1534
-1242
1251
-815
135
390
-185
-77
100
-117
835
-1050
382
909
-1168
732
198
-358
179
279
-411
776
-974
1516
-1547
1274
-80
-924
1411
-306
-725
1126
-440
-62
-81
63
138
-135
-337
719
-454
-48
499
-462
412
26
-330
257
-391
552
-757
-41
599
-867
254
244
-494
352
146
-368
919
-1052
1193
-979
356
264
-569
212
75
-626
1004
-1200
430
773
-1533
1893
-1476
295
1141
-1767
1358
-765
424
443
-1476
1974
-1153
161
515
-1195
1942
-2102
994
306
-1250
1622
-1724
711
733
-1664
1251
67
-638
834
-988
1297
-827
-312
964
-813
166
255
-456
637
-560
228
142
-38
-161
336
24
-56
168
-158
535
-399
205
465
-661
1097
-1144
808
357
-1682
2192
-2183
1420
-615
-927
1901
-2362
1351
-393
-285
63
0
303
-910
801
-236
-584
584
-911
934
-1480
1320
-801
-663
1697
-2231
1824
-1255
731
314
-1758
2586
-1989
451
822
-1483
1076
-552
228
83
-718
1471
-1018
-44
1200
-983
319
244
-718
1134
-1855
1261
-321
-1219
1259
-966
-178
607
-853
732
-1152
1420
-241
-1415
2290
-1369
64
1065
-1058
411
25
333
-643
619
77
-632
684
-158
-397
500
17
-588
737
-189
-378
878
-1427
1313
-709
-889
2253
-2995
2081
-427
-1198
1374
-1314
1200
-1325
-128
1645
-2444
1349
208
-1603
1208
-251
-987
721
-376
515
-1171
590
1349
-2768
2451
-1245
-41
634
-1239
1374
-1106
-534
1809
-2232
1212
-84
-926
906
-314
-287
271
-206
1023
-1715
1047
499
-1393
1029
-759
881
-671
-504
1801
-2056
1584
-761
143
606
-1033
1650
-1429
503
998
-1184
793
127
-282
522
-778
1590
-1387
796
552
-608
-126
1532
-1491
793
157
231
28
-538
1814
-1354
88
1592
-1614
899
399
-756
697
-823
1820
-2039
396
2152
-3285
2033
203
-1630
1500
-810
103
-494
476
-125
-1241
1564
-1121
228
-69
38
-255
-168
369
-878
875
-316
-462
865
-859
1089
-1059
842
-217
-88
572
-943
1174
-1025
127
149
-603
595
-1023
465
405
-1361
1349
-559
-173
120
199
83
-1031
1297
-429
-635
932
-368
-479
727
-139
-209
688
-166
-339
757
-21
202
-743
740
419
-1155
1124
-918
1108
-374
-412
1887
-1883
1691
-94
-668
1474
-1313
921
-8
-435
697
-1036
1009
289
-1111
763
93
-377
264
116
-497
948
-1049
534
223
-703
775
-360
135
205
138
202
-755
1268
-630
-249
730
-309
-320
924
-940
15
1078
-741
-271
-100
852
-777
-241
844
-920
585
139
-925
1155
-562
58
523
-680
559
76
-698
351
816
-1351
882
196
-966
646
-389
368
-642
1178
-431
-491
1640
-1177
322
421
-298
459
-104
-235
829
-506
123
288
-311
-243
943
-645
218
292
650
-1360
1132
149
-1158
1032
-844
669
-860
1187
-1412
154
739
-1357
644
-497
432
-403
564
-416
-184
1482
-2321
1529
137
-1538
2157
-2262
1478
-1180
667
-405
-1244
2052
-2104
1074
-248
-372
1006
-1125
685
-704
629
-68
-1062
1359
-1449
1004
-824
-171
372
-492
288
-828
1160
-734
-442
904
-1277
788
-477
-32
193
-278
677
-773
756
-150
-410
1193
-1375
1209
267
-1034
893
-177
-45
-231
905
-1114
715
749
-1197
938
-211
-400
70
87
666
-1188
939
-144
-236
600
-995
949
-290
31
109
-455
874
-448
-201
283
110
-226
-481
1134
-1000
364
630
-1007
814
-100
-144
-416
682
23
-1168
1473
-882
-521
1243
-799
-223
29
586
-954
496
600
-1201
865
-226
-284
494
-805
610
-625
212
323
-580
432
-390
356
-665
237
70
-599
305
-14
-350
-258
91
-5
-595
323
12
-364
224
20
-43
-126
477
-336
159
368
-246
313
39
204
127
-128
274
53
454
-268
171
227
-357
722
-157
-204
490
-337
-108
448
56
-235
-268
606
-287
-163
313
-533
308
-36
-378
247
-300
-84
-412
-180
80
-165
-80
-457
194
-215
-235
-131
102
-445
-326
373
-471
94
-12
-729
195
-118
-453
260
-475
-31
-222
-116
209
-546
17
-65
-295
273
-337
210
199
-420
500
13
-54
298
-65
213
353
-30
351
33
150
161
190
528
4
393
256
294
440
330
96
251
47
320
367
16
140
123
184
71
118
94
6
47
-19
76
230
-295
-135
-43
-164
-111
144
-37
-224
273
-240
-73
66
-309
27
-97
69
-234
13
-61
-469
92
-323
-99
-81
-337
36
-195
-207
-234
-270
-277
-127
-253
5
62
-384
33
-286
-55
-129
-110
72
-236
303
-193
-107
88
-84
-18
91
435
65
351
179
162
275
268
148
0
553
62
308
195
267
115
-82
528
-47
511
156
254
367
-189
370
-312
252
53
108
349
172
264
-229
300
-50
-43
221
57
170
-84
337
-67
17
95
-240
157
-41
49
-358
-64
-286
-481
-370
-476
-374
-451
-375
-453
-449
-338
-606
-459
-551
-580
-525
-650
-480
-653
-628
-501
-579
-555
-442
-652
-455
-427
-410
-411
-307
-322
-323
-182
-137
-64
-15
15
56
64
182
135
192
136
101
284
121
245
132
210
398
424
668
730
855
846
756
1050
1063
996
1227
1354
1404
1618
1405
1863
1740
1665
2058
1737
2512
2051
2103
2247
1782
2075
951
229
73
321
1159
189
-537
-704
-1103
-1750
-2451
-2098
-2050
-3075
-3332
-2463
-2231
-3541
-4677
-3797
-2905
-3110
-2946
-2003
-1330
-2188
-2608
-1221
-463
-979
-991
-312
248
226
985
1845
935
349
994
2034
2088
1217
1338
1349
628
701
1109
745
-769
-1332
7
-65
-830
-1277
-1026
-1182
-1809
-1190
-621
-1179
-1849
-1219
46
-65
-140
338
588
601
971
2278
2361
1993
2196
3345
3864
3794
3910
4294
4373
4301
5272
5513
5093
3981
3918
4255
3354
2004
1021
1250
1266
556
-274
-1384
-2071
-3226
-3866
-3603
-3319
-4355
-5615
-5568
-4954
-5401
-7005
-6578
-5548
-4937
-4963
-4315
-2928
-3403
-4071
-3210
-879
171
-418
327
1955
2746
2366
2873
3990
3901
3720
4218
5580
5395
3601
3137
3336
3562
2734
1224
1209
414
-489
-651
-1084
-1394
-3274
-3855
-3396
-3402
-3976
-4870
-4855
-4528
-4654
-4586
-3868
-4103
-4215
-3567
-2142
-1365
-1722
-1101
-424
106
982
1743
3018
2633
2938
4253
4667
4848
4232
4844
5266
4996
5378
5582
5195
4468
4373
5169
4804
4189
4127
4490
3889
3237
2500
2479
1594
-953
-1574
-996
559
-607
-2817
-3692
-3549
-3711
-4993
-4774
-3431
-4275
-6113
-5658
-3553
-4597
-7427
-7034
-3582
-2120
-3901
-3665
-1831
-1540
-3369
-2139
1506
2268
279
106
3235
4198
2328
2158
3843
4595
3432
3842
5245
4672
2050
1229
3036
3592
2215
420
630
306
-1180
-1633
-1688
-2953
-4948
-4543
-2193
-2125
-4231
-5995
-5305
-4547
-4232
-3595
-2730
-3280
-4286
-2542
-801
-1209
-2821
-1922
350
1031
1163
1911
2078
1237
1324
3593
4975
3835
3029
3917
4903
4562
4366
4791
4253
3178
3758
4949
4699
3202
2696
3627
4094
4130
4161
3447
2404
1625
2598
1526
-749
-992
356
1208
-1042
-2504
-2577
-2885
-4289
-4242
-2069
-2332
-5413
-6686
-4440
-3844
-6195
-7018
-4646
-2887
-4765
-4817
-2644
-2102
-3960
-4198
-253
1709
-9
-1286
755
3012
2022
2064
3892
4504
3081
2673
4541
5285
3331
1981
3035
4007
3108
1539
1373
1277
-97
-429
-228
230
-1474
-4138
-4031
-2828
-1921
-3456
-4452
-4229
-4266
-4190
-3894
-3224
-3546
-4079
-3161
-1297
-993
-2449
-2718
-1350
115
288
1055
1467
834
1042
2308
3826
3502
3006
3700
4370
4509
4290
4729
4504
3782
4072
5167
5380
4163
3725
4044
4814
4812
4984
4475
3217
2466
2750
1935
-580
-843
485
1658
-879
-3250
-3270
-3257
-4220
-4970
-3120
-2650
-5903
-7888
-6065
-4060
-6482
-8337
-5962
-3299
-4887
-6480
-4228
-2318
-3286
-4759
-1044
2150
343
-1907
-288
3939
3442
2334
3716
5116
4150
2321
4447
6291
4892
2504
3026
4909
3952
1711
924
1940
1133
-216
-284
166
-1223
-3575
-3342
-3133
-3772
-5084
-4613
-3348
-4347
-5417
-5507
-4502
-4383
-4444
-3050
-2318
-2778
-3173
-1760
-821
-1163
-912
542
1721
1165
1670
2833
3399
3160
3469
5080
5091
4456
4379
5057
5284
4630
4908
5058
4464
3739
3940
4609
4266
3677
3882
4351
3817
2960
2499
2441
1870
-979
-1522
132
1602
286
-3371
-3949
-2968
-2898
-3870
-3899
-2506
-4256
-7041
-6226
-3460
-3944
-7409
-7288
-3434
-2436
-5496
-5524
-2735
-1701
-3480
-3185
1105
1466
-1471
-2019
2116
5075
2684
1474
3510
4423
3015
2548
5186
5718
2781
1391
3378
4756
2583
404
1030
2252
678
-730
-467
-276
-2127
-3406
-2918
-2030
-3571
-5283
-4305
-3178
-3311
-5020
-4613
-3828
-4008
-3709
-2816
-1832
-2567
-3097
-1670
-608
-363
-799
185
1145
1138
1564
2479
3175
2396
2871
4179
4683
3948
3754
4646
4528
4272
4288
4701
4054
3385
3735
4536
4315
3454
3730
4166
4182
3337
3052
2899
2255
-43
-1237
520
2380
1630
-2015
-3535
-2542
-1792
-2734
-3340
-2057
-3234
-6236
-6664
-3577
-2858
-6714
-7784
-4799
-2618
-5399
-6652
-3551
-2046
-3779
-4804
-921
1088
-1778
-3151
208
4096
2446
276
1957
3892
2975
1896
4209
5830
3379
1340
2871
5203
3901
1553
1748
2933
1985
284
582
1222
65
-2143
-2004
-786
-1909
-4059
-4587
-3036
-2460
-3794
-4257
-4142
-4040
-4322
-3255
-1941
-2357
-3715
-3301
-1654
-883
-1105
-1054
-7
176
467
1571
2497
2148
1662
3066
4202
3939
3558
4012
4570
3869
4026
4860
4768
3754
3139
4429
4693
3997
3434
3702
4267
4008
3991
4047
3215
2380
1560
-124
266
1582
3039
791
-2722
-3143
-1674
-1284
-2387
-2468
-1868
-4392
-7046
-5459
-2419
-3668
-7535
-7071
-3928
-4246
-6876
-5902
-2853
-3354
-6074
-4861
-770
-811
-3682
-3157
1012
2282
-228
-62
2509
2865
1347
2050
4858
4857
2130
1972
4194
5050
3352
2265
3529
3357
2055
1370
2170
2257
172
-1030
-136
546
-1538
-3292
-2827
-1480
-1890
-3286
-3254
-3553
-4168
-4202
-2915
-2159
-3834
-4673
-3578
-2148
-2282
-2711
-1979
-1750
-1870
-910
798
874
-111
466
2042
2685
2438
3174
3655
2973
2873
4071
4972
3939
2952
3775
4408
4192
3869
4238
4212
3508
4062
4961
4981
3815
3352
3311
3262
1673
331
1432
2483
2605
1
-1821
-1630
-1349
-1320
-1813
-1289
-2053
-5087
-5830
-3830
-2342
-4751
-7246
-6224
-4742
-5759
-6303
-4543
-3677
-5781
-7016
-4015
-1324
-2250
-3993
-2872
-205
-419
-719
832
2115
1247
227
2072
3965
3431
2177
2590
3954
3739
3224
3420
3884
3359
2220
2591
3120
2838
1296
567
1369
864
-38
-742
-634
-928
-1890
-1944
-1777
-2300
-3346
-3182
-2679
-2902
-3665
-3558
-3200
-3626
-3654
-2852
-2307
-2918
-2907
-1744
-1234
-1396
-960
265
471
149
1026
2052
1990
1803
2495
3347
3276
2958
3593
3987
3622
3719
4361
4338
3749
3439
4129
3898
3614
4040
3929
3694
3166
3205
3135
2205
839
1111
1807
2536
1437
-353
-1120
-881
-336
-518
-953
-1512
-2789
-4221
-3658
-2308
-2813
-4916
-5881
-4864
-4333
-4767
-4355
-3729
-4270
-5592
-4715
-2470
-1613
-2689
-3324
-2168
-1318
-885
-285
457
455
-83
200
1650
2553
2207
1819
1762
2300
2608
2829
3088
3058
2883
2164
2468
3131
2980
2287
1561
1291
1002
1121
1351
944
-350
-1433
-1388
-891
-901
-1305
-1974
-2979
-3402
-2848
-2192
-2518
-3497
-3517
-3288
-2921
-2467
-2014
-2015
-2622
-2190
-791
-71
-59
13
408
772
1404
2343
2614
2180
1827
2272
2790
3064
2915
2836
2487
2397
2878
3000
2839
2160
2151
2061
1839
1838
1667
1310
854
943
1241
1116
770
600
398
-158
-434
28
459
599
-129
-513
-639
-503
-245
-23
-102
-494
-1081
-1301
-890
-587
-894
-1681
-1863
-1712
-1750
-1659
-1553
-1704
-2213
-2603
-2098
-1621
-1332
-1602
-2135
-1869
-1628
-900
-779
-740
-828
-1141
-799
-276
525
588
147
2
427
834
1029
1098
1064
777
508
955
1355
1257
671
211
469
581
607
525
212
-315
-568
-323
-168
-209
-513
-647
-873
-708
-526
-581
-804
-971
-803
-544
-529
-551
-457
-657
-520
-244
177
143
-205
-10
77
513
519
682
755
473
659
750
1111
956
1017
929
917
1015
974
1048
807
912
814
987
909
843
937
716
732
768
785
658
644
736
829
725
726
826
671
489
309
522
743
616
525
197
128
-20
50
116
33
-66
-472
-553
-468
-402
-548
-825
-974
-1000
-1157
-1060
-1140
-1130
-1343
-1466
-1178
-1005
-969
-1275
-1400
-1299
-1296
-1039
-1090
-1115
-1295
-1581
-1414
-1210
-953
-1058
-1185
-1085
-1046
-1043
-889
-761
-649
-604
-486
-250
-267
-303
-189
95
329
434
527
667
528
649
874
1069
1036
946
1008
992
1047
988
1097
997
772
753
666
673
539
391
384
348
261
83
99
14
25
75
-59
31
-169
-127
-68
19
124
131
165
340
333
392
592
554
748
758
848
1065
968
1037
1035
1098
1233
1029
1218
1111
991
1116
939
1078
888
924
955
868
788
699
688
479
335
202
204
-97
-236
-304
-487
-550
-881
-926
-1030
-1230
-1313
-1552
-1446
-1567
-1726
-1797
-1953
-1886
-1998
-1891
-1733
-1668
-1509
-1529
-1351
-1191
-917
-872
-546
-399
-250
-209
-140
250
122
427
435
637
794
647
953
959
1176
1033
1011
1111
991
993
740
915
636
495
299
182
262
-180
-129
-398
-277
-484
-663
-475
-711
-483
-824
-611
-681
-731
-646
-770
-378
-610
-405
-428
-354
-184
-272
112
2
246
121
224
529
434
732
605
889
786
736
886
773
928
704
872
756
756
787
567
718
437
764
606
562
587
349
459
106
268
206
217
105
-191
-77
-344
-368
-493
-453
-478
-702
-661
-852
-648
-934
-963
-864
-924
-731
-933
-826
-863
-861
-722
-565
-392
-263
-320
-279
-65
-78
160
298
475
585
483
590
560
662
753
749
817
739
709
703
682
652
637
644
634
424
423
211
89
128
39
90
-171
-248
-391
-572
-521
-663
-637
-660
-930
-901
-1006
-1012
-1001
-1064
-933
-965
-811
-776
-706
-600
-600
-392
-363
-139
-38
110
226
321
527
566
793
878
1010
999
1118
1143
1116
1231
1148
1307
1158
1160
1090
1024
928
600
616
437
365
317
146
-46
-366
-634
-638
-704
-740
-862
-1074
-1146
-1269
-1201
-1126
-1151
-1108
-1192
-1180
-1081
-1048
-940
-868
-737
-503
-400
-184
-74
66
270
415
651
768
865
922
964
1057
1178
1204
1140
1152
1034
1160
1010
960
936
673
802
601
720
507
355
334
170
245
2
20
-148
-192
-341
-438
-370
-590
-513
-621
-482
-464
-631
-506
-572
-443
-360
-400
-331
-388
-395
-375
-281
-137
-223
-239
-223
-186
-142
17
25
134
93
137
152
256
348
176
301
232
244
280
212
329
216
173
137
83
103
-17
-38
0
-83
-224
-314
-348
-240
-349
-408
-398
-464
-450
-547
-477
-358
-502
-401
-452
-376
-322
-435
-266
-235
-186
-142
-135
-28
-22
6
118
171
166
112
200
236
221
243
289
224
229
280
317
379
261
279
237
193
190
176
348
229
164
132
25
109
-7
169
195
76
123
-112
160
-36
-13
180
79
234
-60
70
36
-36
-23
-177
-24
-207
-303
-352
-303
-353
-465
-389
-372
-269
-438
-333
-386
-340
-185
-237
-39
-121
-130
-109
-51
96
44
178
153
191
217
203
290
226
358
341
484
410
316
259
167
199
68
136
-46
-82
-218
-362
-225
-384
-301
-392
-446
-299
-362
-185
-266
-282
-201
-274
-96
-110
-67
20
41
124
266
250
285
332
388
633
579
647
608
580
730
647
826
807
743
693
611
657
575
535
451
403
219
136
25
-1
4
-187
-172
-280
-276
-350
-410
-288
-394
-368
-457
-473
-450
-565
-546
-545
-510
-601
-584
-575
-524
-490
-515
-423
-368
-259
-191
-51
-18
26
81
108
306
233
350
270
327
384
218
388
269
440
347
311
419
243
288
155
195
148
38
-79
-191
-248
-465
-515
-672
-629
-803
-989
-919
-1023
-914
-1096
-1044
-1053
-1024
-915
-946
-654
-722
-622
-631
-471
-311
-391
-76
-149
104
117
184
415
442
704
637
887
903
941
1095
1174
1241
1235
1259
1156
1228
1065
1038
1025
932
948
741
733
549
419
386
187
190
-35
-149
-247
-408
-415
-609
-640
-750
-820
-848
-948
-938
-1052
-989
-1060
-1056
-965
-950
-914
-851
-777
-704
-475
-475
-247
-123
-114
181
128
400
532
527
807
643
946
966
929
1096
943
1133
1076
1069
1063
954
890
757
750
711
561
345
158
-76
-155
-391
-485
-621
-850
-875
-1035
-966
-1079
-1213
-1164
-1261
-1093
-1139
-1100
-988
-992
-904
-767
-612
-539
-392
-347
-32
111
297
395
502
775
838
1057
1186
1202
1280
1278
1447
1441
1480
1407
1247
1329
1213
1261
1162
958
934
794
635
592
372
341
142
28
11
-223
-335
-541
-637
-637
-763
-861
-976
-1055
-1127
-1151
-1162
-1158
-1172
-1167
-1031
-1006
-799
-829
-810
-677
-638
-520
-481
-364
-357
-310
-192
-202
-8
-32
40
204
244
373
278
449
390
518
566
471
524
400
440
318
456
312
258
190
26
121
-54
28
-213
-249
-292
-434
-333
-506
-427
-600
-545
-600
-476
-446
-562
-467
-620
-440
-519
-377
-308
-243
-166
-210
-7
70
239
301
429
576
603
634
606
780
720
771
854
790
857
681
755
733
790
792
669
840
658
625
565
530
541
321
289
194
183
96
-75
-41
-181
-299
-318
-315
-312
-488
-570
-643
-561
-620
-598
-573
-606
-666
-736
-590
-590
-501
-519
-458
-395
-522
-428
-433
-267
-204
-116
20
-21
151
58
332
380
314
474
349
559
428
418
518
437
464
365
451
440
371
229
284
239
89
83
-32
33
-235
-316
-286
-374
-411
-661
-499
-526
-580
-550
-633
-445
-553
-486
-410
-327
-250
-305
-126
-41
12
31
139
287
352
316
274
448
416
492
483
467
572
305
419
414
437
445
267
384
279
258
171
119
206
68
91
78
73
29
-59
-4
0
-10
-30
-50
-41
-48
-129
-19
-29
-5
-47
-45
-54
-130
-128
-233
-143
-250
-257
-277
-313
-268
-395
-320
-364
-246
-287
-239
-155
-292
-184
-259
-76
-75
-51
-43
-115
4
-129
64
72
121
128
60
197
171
273
245
302
325
249
253
191
198
38
16
0
-57
14
-110
-27
-70
-33
50
-14
147
31
95
170
89
137
68
159
168
126
166
66
107
82
66
159
70
47
-17
-67
-9
-81
-61
-76
-167
-139
-197
-198
-136
-179
-182
-190
-203
-183
-134
-84
18
80
126
117
161
255
312
293
379
294
239
292
223
359
265
221
150
121
108
20
83
-41
-123
-208
-338
-331
-416
-522
-567
-588
-591
-662
-658
-761
-723
-729
-696
-608
-629
-640
-673
-560
-474
-387
-345
-276
-177
-99
-47
46
178
178
312
470
457
544
496
584
618
611
712
668
803
665
672
657
674
688
646
778
694
627
517
477
500
453
374
258
210
57
-49
-152
-210
-224
-342
-361
-410
-491
-596
-699
-619
-570
-594
-576
-570
-603
-614
-581
-466
-344
-408
-311
-273
-174
-57
-68
159
191
325
421
460
523
480
560
616
660
631
582
480
422
361
357
349
188
214
88
20
-33
-222
-126
-252
-252
-363
-459
-488
-649
-553
-652
-660
-733
-777
-783
-718
-708
-726
-677
-580
-417
-354
-221
-189
-103
-12
73
245
376
324
294
394
371
509
413
492
555
483
621
578
653
604
517
586
599
639
590
445
433
327
312
345
303
291
126
29
-73
-134
-158
-277
-271
-338
-449
-559
-587
-594
-617
-584
-648
-596
-641
-700
-717
-671
-540
-501
-409
-367
-325
-173
-151
27
191
236
383
364
491
561
598
722
791
856
825
779
785
829
739
673
574
543
461
324
312
196
67
-22
-211
-185
-284
-482
-574
-663
-720
-750
-841
-850
-897
-1006
-951
-1037
-898
-917
-903
-759
-731
-617
-598
-520
-354
-228
-62
14
108
172
234
299
412
542
632
632
682
739
819
907
908
1075
1088
1036
976
1023
965
885
827
781
713
568
471
394
345
168
46
-28
-109
-216
-395
-489
-620
-731
-818
-889
-873
-1048
-1091
-1101
-1072
-964
-1017
-952
-900
-886
-687
-613
-488
-368
-372
-180
-64
173
307
388
493
533
711
786
876
1000
1035
1096
1042
1074
1017
971
915
870
807
640
564
383
257
124
-18
-58
-200
-284
-473
-587
-675
-794
-731
-837
-870
-1020
-1062
-1092
-990
-944
-920
-833
-883
-761
-718
-539
-514
-420
-315
-298
-129
-139
36
94
134
245
283
446
404
549
575
674
739
700
830
780
801
812
794
815
686
732
701
716
672
504
524
436
370
323
237
137
33
-76
-129
-247
-351
-462
-531
-497
-657
-665
-779
-869
-796
-810
-720
-713
-725
-686
-637
-527
-454
-359
-322
-296
-207
-135
-19
5
112
162
348
472
419
598
537
640
689
732
804
612
557
527
596
610
494
432
400
353
307
346
271
220
81
25
76
30
-90
-201
-248
-309
-298
-327
-313
-398
-401
-498
-417
-324
-480
-409
-469
-414
-422
-410
-379
-436
-366
-471
-352
-362
-389
-367
-388
-305
-342
-237
-182
-103
-60
-79
51
52
136
224
279
355
287
377
390
482
556
542
679
598
598
656
614
610
458
444
409
322
275
96
100
-40
-104
-82
-77
-150
-240
-309
-339
-315
-389
-399
-363
-373
-434
-458
-389
-424
-394
-344
-274
-134
-197
-89
-102
-16
9
13
142
124
137
98
152
161
169
186
205
293
226
231
198
149
168
125
219
176
169
44
5
32
-11
79
-9
-40
-87
-189
-128
-169
-81
-104
-203
-128
-202
-43
-67
-70
29
-105
-18
-63
17
78
-36
-13
-44
18
26
0
63
69
42
33
115
158
236
106
174
244
220
276
231
417
311
345
322
354
436
237
300
249
296
236
222
266
156
223
49
207
128
67
56
-76
31
-201
-163
-232
-231
-163
-341
-210
-269
-254
-199
-258
-113
-191
-140
-116
-102
-72
-182
-156
-108
-102
-92
-110
-118
-106
-142
-110
-52
-105
-59
-129
-89
-55
-86
-48
-107
-42
-57
-46
-59
-101
-133
-127
-135
-95
-45
-107
-96
-117
-98
-12
-9
0
-2
-3
-12
47
68
21
65
58
135
182
171
185
140
218
250
247
305
213
176
135
129
228
195
162
114
73
103
68
113
128
56
20
-35
13
11
-50
-18
-64
-10
-44
-17
81
61
46
54
59
96
89
34
117
-8
1
-31
-82
-12
-152
-86
-71
-99
-1
-121
-24
-60
-62
-3
-15
5
-78
-29
-82
-32
-92
-62
-58
-120
-65
-127
-53
-106
-116
-95
-153
-130
-188
-177
-222
-266
-275
-298
-327
-377
-382
-369
-364
-372
-360
-359
-327
-313
-222
-135
-146
-97
-66
-67
-9
44
72
157
69
131
111
164
223
176
343
288
375
333
356
387
306
344
251
323
225
159
179
53
80
-54
12
-12
-44
-49
-110
-112
-208
-168
-153
-108
-134
-133
-153
-145
-136
-93
-2
-23
-36
-82
-65
-54
-15
-8
-23
6
-81
-56
-113
-80
-72
-98
-26
-132
-69
-175
-155
-151
-177
-80
-169
-104
-170
-163
-116
-99
-19
-9
2
14
57
94
68
82
75
135
130
170
170
92
79
20
84
161
120
155
107
75
110
70
171
163
125
174
110
156
58
26
110
47
123
53
30
56
-25
81
90
171
118
119
162
105
170
145
183
162
200
136
199
200
187
252
175
257
172
229
246
205
314
193
247
244
163
175
65
109
30
4
-44
-53
-102
-172
-232
-252
-241
-326
-284
-373
-345
-332
-346
-251
-310
-287
-344
-290
-209
-219
-126
-262
-170
-154
-99
-2
-42
86
8
55
116
114
187
46
176
200
175
191
123
150
112
92
83
127
18
-42
-97
-98
-159
-229
-223
-275
-239
-324
-315
-333
-370
-373
-348
-278
-285
-260
-313
-289
-260
-238
-219
-156
-52
-107
-10
-15
13
82
74
202
229
215
175
181
227
279
276
349
359
349
370
395
415
384
376
378
440
400
426
354
321
331
249
298
236
195
113
3
-2
-76
-34
-142
-102
-156
-161
-171
-194
-130
-175
-96
-133
-102
-91
-160
-120
-177
-137
-145
-106
-74
-87
-15
-76
-45
-54
-2
19
7
55
7
38
-3
-23
65
-11
19
4
34
14
-50
-17
-119
-71
-143
-130
-153
-218
-230
-301
-205
-320
-276
-394
-408
-360
-426
-304
-411
-326
-395
-380
-276
-318
-176
-263
-166
-119
-100
17
23
209
171
269
285
341
379
377
456
484
519
505
566
522
539
498
512
579
514
522
436
456
390
311
348
282
282
153
126
51
21
-93
-86
-97
-197
-226
-371
-299
-378
-445
-461
-516
-466
-595
-557
-579
-604
-602
-639
-557
-566
-535
-523
-402
-360
-292
-263
-187
-144
-138
-5
-12
134
85
128
214
196
271
240
327
299
282
321
310
368
312
324
289
263
203
125
139
11
-28
-77
-86
-79
-131
-207
-225
-211
-277
-271
-245
-272
-258
-286
-152
-91
-115
-72
-19
136
240
240
332
328
328
362
393
551
495
474
482
527
518
530
493
505
476
386
368
271
319
242
199
303
214
256
153
86
99
-31
-4
-98
-137
-178
-266
-186
-166
-85
-49
-19
26
-54
-93
-182
-270
-281
-407
-406
-567
-880
-723
-771
-479
-173
288
754
927
1097
935
559
170
-270
-557
-637
-587
-464
-161
107
210
367
485
472
283
229
-42
-287
-602
-748
-832
-999
-685
-588
-186
-18
163
151
41
-25
-293
-436
-503
-449
-353
-131
16
175
222
247
308
295
276
203
102
138
-24
103
174
285
449
414
506
320
262
175
106
118
19
-12
3
-148
-148
-184
-192
-164
-226
-62
-210
-244
-230
-298
-228
-365
-191
-146
-142
8
14
221
185
252
336
367
421
415
445
577
533
498
602
537
543
375
358
218
72
76
-132
-113
-237
-231
-123
-147
-9
-104
-85
-12
-55
-79
-273
-833
-1359
-1594
-1778
-1476
-1206
-724
-84
307
747
628
570
182
-261
-549
-803
-530
-657
-342
-164
71
323
405
801
854
1096
935
821
642
415
147
-16
141
223
239
217
150
7
-131
-166
-160
33
76
326
301
388
374
22
32
-269
-211
-397
-340
-232
-285
-76
-68
192
271
335
310
219
197
-14
-124
-188
-180
-165
-94
107
197
258
261
281
252
192
205
193
277
239
283
291
218
237
185
161
131
12
46
-83
-147
-135
-228
-163
-248
-205
-208
-234
-221
-357
-301
-399
-456
-381
-471
-433
-430
-406
-339
-322
-300
-175
-229
-143
-90
-80
-8
-125
0
-2
8
-25
22
40
21
110
75
147
189
119
190
211
175
276
241
259
327
145
342
335
194
409
248
406
345
309
311
144
49
-245
-212
-391
-336
-385
-251
18
20
236
297
381
258
110
6
-219
-296
-392
-397
-468
-570
-434
-499
-240
-108
-63
168
194
282
366
247
94
9
24
71
156
283
296
277
341
295
156
268
99
191
205
-101
47
242
111
-11
99
145
12
-135
-310
-914
-1116
-1514
-1660
-1365
-1342
-756
-572
-159
519
238
475
227
-191
-277
-327
-695
-658
-219
-209
176
675
993
1231
1121
1147
940
571
366
37
165
128
528
335
677
813
674
865
168
-30
170
-286
-465
-319
-420
-274
-23
182
191
51
-343
-517
-639
-443
-788
-1085
-307
-501
-304
258
122
83
-26
-499
-240
-591
-875
227
-266
-122
622
444
411
679
447
190
438
167
250
-15
4
255
367
1110
906
389
617
348
139
-296
-339
-128
-279
-517
420
250
-563
615
-799
-67
214
-1149
-458
-786
-834
-862
-697
-686
139
93
-419
655
-273
-558
-7
-1070
232
-501
-3
247
55
931
293
620
363
462
555
-1
626
-196
354
580
110
1320
353
1024
769
-389
608
209
-350
356
356
-154
791
-147
-176
354
-510
-84
-501
-284
253
-728
534
-793
-200
-568
-1122
551
-1297
352
288
-1018
720
-255
-995
396
-1279
-305
239
-267
752
-700
747
174
-611
448
-8
177
284
333
158
-101
1288
-614
-142
1024
109
242
-266
894
-246
48
-238
320
-749
-54
-212
-487
856
-723
-414
-103
309
-63
-1360
355
-105
-1470
219
-372
178
-687
510
-60
-296
-409
23
-230
-956
907
-850
725
162
-110
298
491
-211
131
572
500
44
-326
763
776
-808
498
518
45
194
259
825
-304
850
-398
-23
183
443
-287
-437
457
54
169
-114
30
12
-184
26
-1116
234
-22
-683
480
135
39
-508
-381
571
-269
-401
824
6
-395
373
-304
-565
165
-15
295
-13
603
191
-82
429
-1120
363
360
-730
786
-233
19
316
-782
192
-324
-460
196
338
-551
66
607
-717
1
75
66
50
250
-290
604
-548
-388
800
-894
442
-97
-1079
2007
-1098
-477
1839
-1208
425
-199
-318
867
-770
-283
1044
-1061
449
594
-932
675
-52
-299
151
86
-130
486
278
89
63
-173
111
-567
-479
320
288
-1113
954
430
-519
484
-740
351
127
-669
442
150
-444
1060
-901
69
1032
-896
462
-304
624
-482
153
-123
-102
-156
-757
826
-683
104
595
-793
492
-934
-248
119
-942
171
-339
-237
813
-662
-138
723
-628
-462
622
-264
-88
517
-539
822
-321
-257
998
-727
556
71
87
383
-68
306
-917
947
138
-317
958
-533
690
-140
-70
-12
-473
284
-593
345
-153
754
-524
-231
341
-563
185
-418
129
111
-668
712
-84
-239
425
-703
552
-340
221
249
-5
462
-148
61
745
-569
531
-168
-104
1196
-1174
1041
-38
-63
-95
-129
375
-350
119
53
208
119
92
-542
-75
520
-513
204
-87
14
28
-762
488
-562
-332
192
-791
277
-646
247
-172
-552
367
156
-70
-304
576
-355
-17
-20
-302
614
-390
334
725
366
273
-167
356
170
50
-95
228
552
-267
-271
252
362
-487
238
-337
-31
127
-552
-46
-1018
300
-681
-401
327
-584
58
-810
74
-270
-553
-184
-205
-344
-26
-45
-705
699
-747
220
173
-236
481
-650
742
-294
123
531
-69
852
-166
682
276
107
584
-32
297
646
252
149
821
416
220
62
581
92
109
536
-158
98
298
-190
218
-108
195
-238
180
-179
73
-380
-284
620
-1286
452
-307
-234
-203
-200
-37
-692
363
-179
-399
189
-470
-106
96
-157
-238
30
291
-228
348
-311
578
41
-316
959
27
-339
852
134
-112
565
-217
298
1
-58
25
59
-480
162
-473
-630
307
-563
-224
245
-779
-103
-167
-226
-469
-513
183
-753
-19
-348
-86
-224
-217
8
-265
-169
509
-275
260
-274
340
244
-778
1389
-253
114
962
-499
615
394
-434
1061
-67
494
452
26
774
395
-121
233
246
-74
335
-293
-189
512
-850
665
-910
77
532
-1245
826
-801
-226
59
-828
-78
-240
-946
357
-600
-60
-67
-384
-29
-302
74
-680
-36
28
-538
203
-112
-343
792
-888
571
-188
-177
650
-659
426
400
-221
588
409
116
487
306
224
456
-124
58
589
-855
981
-608
308
-86
-339
604
-970
399
-122
-809
490
-610
-541
92
-660
-376
-118
-101
-781
135
-232
-584
114
-763
451
-504
-328
732
-506
351
-45
132
216
-108
101
98
354
-3
152
348
840
-62
-27
1442
-332
776
224
302
764
-568
1004
52
328
334
-363
1082
-254
286
57
270
317
-369
404
-20
187
-406
-17
420
-426
-142
59
-171
-167
-298
78
-302
182
-959
304
-143
-521
409
-491
247
-88
-233
449
-485
288
221
-54
244
106
354
209
430
121
396
144
121
356
-10
220
30
-50
327
-337
326
-387
1
-490
-47
-243
-789
-38
-174
-631
-512
-58
-450
-430
-561
-393
-49
-724
-187
-256
-258
-357
70
-309
-182
28
123
-418
50
183
-124
75
-8
282
362
117
271
539
488
594
-285
975
390
46
543
80
1024
68
443
646
384
159
609
304
-170
700
107
-268
555
-127
257
79
-159
376
-194
118
-125
-14
-203
-104
118
-477
698
-358
-88
369
-446
584
-647
302
26
-580
456
-563
-128
217
-204
387
-307
442
-143
119
-158
59
99
-427
525
-512
400
99
-424
371
-404
404
-528
60
105
-383
146
-307
-91
-78
-174
142
-819
26
-22
-801
59
-565
-105
-268
-567
99
-394
-77
-309
-48
4
-163
-234
-164
198
-293
30
-144
226
-14
-230
540
-341
266
274
-250
928
-749
881
49
-53
733
-474
978
25
80
605
-304
499
391
-563
792
61
-197
663
-388
554
-364
105
158
-410
229
38
-871
731
-807
25
421
-996
759
-456
-74
-215
-183
-199
-34
-749
382
-532
47
-224
-363
690
-885
376
128
-405
332
-234
410
0
-147
452
-217
-92
663
-594
322
303
-512
482
-480
461
75
-815
754
132
-587
298
290
-496
-97
-184
-36
-232
-615
296
-335
-291
-32
68
-427
-503
336
-332
-336
45
46
-64
-571
422
-294
-123
341
-170
158
73
181
-370
389
31
370
53
310
922
-147
541
387
512
-22
500
247
495
224
267
576
114
519
208
206
434
169
-478
444
117
-714
174
2
74
49
-642
1057
-436
-1037
871
-773
-216
141
-701
782
-725
-512
1098
-1238
362
343
-989
894
-519
86
586
-910
869
44
-316
660
-446
386
64
-210
816
-788
288
142
-655
701
-836
151
462
-1094
297
-61
-962
675
-1207
-267
542
-1678
307
-301
-826
369
-904
-325
218
-917
67
-171
-710
604
-856
-207
341
-686
225
-368
57
-9
-150
368
-536
579
-32
-80
328
-6
489
-243
366
362
29
242
250
441
-291
704
-209
770
-74
103
1121
-719
1050
-487
765
-18
86
546
126
44
-19
731
-592
736
-423
283
243
-600
821
-483
137
-298
-25
135
-271
-214
199
315
-430
29
356
322
-574
501
599
-460
368
180
99
545
-381
446
607
-302
413
-49
313
11
-355
307
-89
78
-58
-569
230
-481
-718
-136
-714
-288
-744
-387
-972
-135
-713
-737
-745
-521
-69
-1083
-260
-317
-265
-704
-581
694
-980
157
-72
-252
411
-247
283
-70
567
-26
504
571
125
1141
45
719
549
396
821
220
677
158
990
61
326
761
68
272
-73
639
-242
148
-219
-158
481
-1035
409
-345
-549
-26
-579
-2
-882
266
-808
-252
-2
-750
133
-411
160
-605
516
-373
102
430
-616
1163
-462
267
926
-228
496
354
830
-195
677
650
-412
1070
-229
621
224
-124
564
-304
370
-468
560
-595
212
17
-838
659
-847
-44
-464
-345
-121
-906
234
-989
246
-778
-348
209
-1291
753
-1011
41
-278
-394
146
-894
546
-745
348
-562
-106
520
-911
810
-754
360
93
-756
659
-451
386
-122
-4
463
-51
372
-132
586
-142
366
106
351
627
-198
833
159
739
131
594
488
31
670
38
757
-240
708
360
-379
805
4
142
143
-137
336
-204
-347
460
-749
29
313
-930
289
-93
-611
251
-791
406
-591
-693
424
-546
-335
298
-293
-365
271
-568
314
-325
16
365
-602
314
110
-308
270
238
-211
493
-32
121
510
-266
621
33
-147
750
-104
-38
671
-82
105
174
184
3
43
-14
80
-76
-427
90
-349
-644
-45
-407
-620
-118
-605
-410
-427
-662
-381
-364
-766
-401
-532
-428
-349
-479
-239
-160
-227
-431
317
-251
44
52
115
252
370
87
459
755
52
715
612
99
926
95
676
676
-5
1122
233
370
628
554
-219
1012
89
200
717
-581
990
-339
-63
295
-253
-19
-79
-318
-2
-250
-548
-151
-372
-582
-249
-344
-613
-271
-250
-908
45
-324
-840
129
-540
-39
-226
-284
19
-15
-155
247
45
145
506
213
549
59
925
381
499
546
509
1037
143
628
427
650
299
-1
811
87
4
174
133
92
-211
-408
22
-258
-677
-87
-423
-618
-427
-552
-472
-840
-399
-472
-393
-1171
115
63
-1484
756
-620
-143
90
-649
669
-210
-136
367
214
300
-129
556
315
-141
690
74
582
360
-198
1291
-261
-115
1211
-619
609
217
84
182
10
87
-355
277
-619
462
-811
145
96
-874
342
-488
-244
-50
-593
-20
-123
-576
-62
-287
-274
-387
-175
-270
-102
-387
64
36
-259
-231
223
-161
-144
115
-219
328
-504
283
-11
-56
278
-162
616
-212
187
430
-199
565
-289
514
509
-808
1378
-322
216
461
-261
1036
-710
215
780
-684
533
-247
122
218
-647
624
-512
313
120
-609
463
-355
164
-254
-265
402
-532
185
-499
286
18
-861
657
-235
-344
128
-412
327
-245
-281
256
-201
38
-257
-148
619
-508
287
365
-432
755
-832
938
-85
-769
1090
-479
58
338
-94
338
-115
100
693
-687
749
-167
-168
649
-746
249
206
-715
559
-523
214
16
-776
782
-649
-27
218
-275
176
-335
194
2
-417
264
-201
-170
-3
-484
241
-333
-44
-170
-183
370
-837
457
15
-509
587
-613
420
-171
-463
669
-892
496
-371
-105
361
-736
800
-633
181
441
-944
1235
-743
246
829
-1005
1299
-440
203
773
-629
1100
-550
642
96
-123
724
-557
564
139
-211
697
-488
745
-360
171
317
-549
567
-791
402
-272
-495
647
-1158
846
-936
288
71
-867
798
-1098
676
-474
-499
1011
-1137
815
-251
-69
685
-841
824
-702
865
-301
-414
1260
-917
883
-160
38
1077
-922
1241
-319
728
-21
-79
954
-800
718
-232
-179
548
-818
387
-270
69
-600
105
123
-1223
559
-813
234
-556
-575
583
-1129
489
-717
-155
474
-1328
669
-440
131
-437
-151
695
-1022
935
-477
196
875
-1097
1271
12
-141
612
110
619
-631
1446
-404
112
1518
-1475
1552
113
-748
1280
-260
126
-145
955
-823
233
651
-1296
1255
-803
-447
694
-923
-206
100
-356
-760
2
-39
-1145
707
-1108
31
-78
-768
306
-647
255
-571
39
537
-1275
1017
-107
-836
1373
-794
200
804
-526
492
666
-160
219
690
-77
256
622
-276
631
118
-45
348
-282
151
-395
64
-417
10
-469
-306
-227
-449
-357
-882
435
-1171
-308
-87
-643
-247
-288
-482
44
12
-762
516
-8
-488
635
-147
201
745
-497
887
299
253
542
208
705
228
387
611
21
522
460
-4
522
106
295
416
-192
460
109
-68
145
-73
-9
345
-358
-11
163
-198
14
-313
254
32
-296
-196
383
-269
-106
-27
-134
5
-149
-327
330
-97
-601
781
-736
254
110
-590
457
-428
-173
180
-232
-243
227
-337
278
-226
137
3
-49
-103
158
-24
-224
121
-87
-51
-180
130
-43
81
-142
-83
173
76
-433
226
-270
174
-288
-218
344
-251
-149
-223
197
87
-502
21
144
-107
-2
-598
799
-282
-550
635
-144
-14
178
-226
354
-7
-619
489
-46
-423
27
270
-244
16
-108
272
167
-367
150
555
-379
-8
670
-315
357
-173
304
60
-8
-24
243
76
-113
164
-134
508
-455
296
466
-389
158
159
33
-316
43
-90
-461
209
-650
221
-263
-435
416
-412
-253
164
-156
-489
578
-708
345
-63
-294
557
-198
163
-170
627
-551
294
441
-583
876
-216
208
345
-159
451
-88
306
-335
621
-236
1
321
-558
449
-519
-67
-323
266
-582
-323
528
-748
235
-139
-155
120
-39
-30
54
274
-368
445
61
-212
652
-118
353
110
470
-17
256
450
-476
893
-124
11
596
-179
178
21
247
-287
286
-180
-429
565
-742
-120
302
-502
-202
135
-338
-352
253
-585
-135
371
-886
282
98
-617
281
-65
-10
-420
529
-428
138
122
-318
480
-365
171
-10
110
74
-150
50
123
-19
178
-353
370
270
-613
480
-31
-321
174
-28
-89
150
185
-297
82
274
-324
180
-157
133
255
-646
530
-232
41
-144
-216
117
-334
-51
-213
-319
248
-756
-51
13
-376
-53
-558
272
-327
-66
150
-624
515
-26
-312
410
-31
432
-139
538
-69
733
84
108
664
-62
897
-573
801
543
-4
533
-152
1065
-49
-150
748
-268
370
-118
127
-128
109
101
-893
701
-455
-504
80
-430
-168
-294
-251
-620
159
-482
-517
59
-428
-161
-184
-194
-498
151
-127
-598
564
-121
-191
520
128
-349
872
121
-395
1207
-219
251
591
290
304
431
510
-111
1039
-39
-51
1054
-234
217
365
94
-40
117
36
-753
813
-836
-697
818
-1306
-439
201
-723
-708
152
-934
-560
419
-1250
-294
-149
-726
-481
-260
-150
-710
570
-393
-506
910
-245
-350
887
185
-392
1493
-229
125
1355
-413
535
951
-190
500
553
329
158
598
223
91
618
-58
136
332
206
-385
511
-46
-580
196
-236
-577
26
-381
-812
309
-573
-581
-217
-307
-635
-149
-546
-515
-31
-423
-177
-279
-66
-408
140
-35
-736
441
-138
-474
637
-256
102
450
365
20
516
710
-283
864
591
-71
861
450
36
611
382
14
365
462
-215
240
181
-77
-355
130
-606
-190
42
-716
-232
-211
-346
-1128
172
-1072
-704
-367
-907
-483
-638
-511
-680
-216
-374
-482
162
-145
-308
642
-82
30
745
170
408
582
602
493
792
594
332
946
631
285
913
638
361
614
597
173
524
357
-205
679
-112
-191
74
-129
-489
60
-293
-684
-203
-158
-848
-228
-493
-812
7
-1024
-243
-494
-428
-591
-287
-441
-564
95
-451
-377
-39
29
-340
156
-307
96
450
96
-67
619
149
699
368
-410
1104
514
309
162
694
534
265
678
6
308
565
116
29
19
466
-21
-513
452
-716
-19
133
-990
227
-241
-343
-218
-973
79
-436
-780
-329
-566
-256
-622
-131
-466
-85
-79
-127
-186
69
38
173
393
-458
1273
56
178
928
-106
817
660
10
1081
314
245
943
13
552
349
306
720
-59
156
635
-25
66
308
-268
-205
424
-530
-352
317
-523
-236
-315
-405
-22
-708
-321
12
-691
-96
-217
-1053
290
-304
-712
-79
-309
-518
-27
-312
-320
-65
-400
235
-323
-385
678
-348
-128
391
-67
251
223
191
200
542
193
246
257
353
83
440
212
92
356
209
157
-330
529
49
-500
380
-199
-255
147
-679
176
-590
-169
-61
-907
-287
-61
-633
-452
-20
-735
-261
53
-165
-440
58
221
-203
-132
351
61
-8
435
58
-146
675
376
-167
418
569
203
286
497
274
329
411
353
53
456
556
22
-83
674
-7
152
24
-14
-12
-90
34
-182
-56
-284
125
-423
35
-289
-352
-16
-322
-333
-368
-42
-179
-464
-20
-310
-208
-9
-665
471
-346
-524
811
-320
-342
528
285
-358
303
461
-299
306
597
-132
-23
578
223
-204
276
363
55
-252
720
243
-837
769
161
-640
286
-98
63
-443
-86
-51
-706
-108
209
-880
-595
829
-1326
71
275
-900
436
-531
57
271
-871
520
303
-775
902
-159
-236
990
-306
120
848
-416
710
543
-339
916
80
58
863
-238
55
660
-514
808
-4
-663
1209
-664
-400
1030
-956
-42
477
-975
374
-209
-810
467
-663
-587
646
-1206
40
498
-1321
469
195
-1219
657
-121
-1000
1041
-592
-480
901
-563
-110
807
-685
295
735
-790
775
239
-566
858
286
-342
581
123
-362
471
-130
-351
459
-333
-234
362
-676
86
-135
-685
241
-386
-369
49
-453
-486
-104
-311
-612
-125
-259
-489
-95
-17
-316
25
-166
148
-23
-112
528
-212
459
425
-162
915
220
-288
1101
314
-176
957
280
294
718
69
748
336
219
609
29
472
384
-54
136
337
-200
-172
390
-549
131
-182
-187
-18
-479
370
-799
-1
-33
-714
145
-653
-110
-133
-521
97
-174
-320
-139
92
-168
-382
422
159
-465
321
308
-242
295
174
11
231
352
61
-17
736
-147
-24
820
64
-74
623
487
-228
586
246
225
330
65
263
301
171
-243
506
87
-459
86
59
-104
-258
-253
-222
-171
-255
-731
106
-262
-865
-11
-249
-485
76
-398
-581
206
-274
-378
-29
98
-102
-77
469
90
-133
419
477
-105
660
703
-261
852
597
-50
622
530
110
276
445
74
374
421
-76
282
45
199
-123
-252
237
-479
22
-146
-540
-74
-400
-577
-318
-717
-455
-405
-955
-469
-245
-652
-530
-438
-141
-290
-708
56
-217
-145
-87
-318
53
124
-91
-127
309
350
-150
30
594
-27
255
741
-204
516
673
-127
403
532
169
50
446
95
46
426
-300
44
68
11
-239
-167
260
-390
-172
-42
-495
-103
-98
-906
77
-200
-776
-98
-95
-478
-656
3
-403
-397
-18
-574
-19
-66
-263
150
-131
172
217
-305
361
391
-344
542
344
-237
632
-42
143
615
-326
297
252
-99
474
14
-328
784
-191
-505
573
-205
-468
-9
-30
-343
-266
-57
-66
-510
-336
-115
-245
-350
-6
-472
-169
294
-587
-191
389
-432
-320
334
-166
-190
165
-9
30
39
-99
265
-247
267
87
-235
471
76
20
220
331
-174
273
355
-255
81
355
-144
105
254
-121
229
82
-308
324
-19
-403
509
-122
-168
419
-332
135
179
-394
-95
321
-176
-273
283
-7
-161
-280
151
-82
-156
54
-33
39
-46
-13
125
-85
-78
286
-13
-65
628
42
-251
738
119
-50
457
135
105
573
-58
228
438
43
208
243
419
-68
237
131
-30
118
-45
-112
-67
131
-268
-178
161
-237
-240
52
-174
-209
-96
15
-244
-179
163
-10
-496
171
283
-477
-42
396
-120
-513
568
30
-586
408
313
-484
79
407
-256
12
163
333
-95
-17
238
20
-76
-49
52
-35
-32
120
-114
-14
56
-230
-127
4
-11
-190
27
2
-144
-13
31
-229
-71
102
3
-332
10
335
-367
-227
251
220
-353
-79
398
-139
-91
215
195
-127
172
95
-103
271
-54
130
191
-157
309
408
-64
42
591
-61
-1
308
78
451
-365
378
397
-203
26
58
166
-353
-176
-27
-202
-357
-269
30
-354
-466
-155
-24
-376
-530
-31
-22
-498
-394
177
-9
-589
-80
327
-215
-240
257
295
-123
8
310
288
190
-120
563
414
-75
356
414
555
-53
51
603
237
-128
-34
607
182
-75
84
531
31
-475
116
114
-257
-352
-12
-33
-307
-428
-207
-1
-326
-532
-13
-22
-333
-477
119
165
-391
-213
339
241
-371
71
626
-83
-548
261
326
164
335
129
577
441
-166
357
584
351
-194
147
331
-166
-273
127
289
-289
-190
36
214
-73
-323
140
220
-345
-355
-94
-277
-286
-179
-419
-232
-373
-492
-204
-223
-379
-597
-148
-147
-406
-140
-127
-184
-56
-72
-228
-209
-25
14
-185
-112
297
57
66
332
73
289
158
201
309
245
66
44
426
345
-46
114
326
320
125
13
262
143
195
100
-10
247
-23
-5
247
32
-215
234
103
-280
58
123
-409
-101
113
-349
-210
-212
-208
-168
-270
-322
-177
-33
-172
-317
-258
182
-69
-232
328
55
-43
167
256
163
-129
352
98
96
438
47
214
244
198
4
-67
286
148
-47
269
113
27
217
-121
-70
85
-139
-97
-263
-135
64
-338
-293
-24
-245
-265
-164
-156
-69
-100
-342
-56
10
-295
-196
-156
113
-68
-200
-28
125
253
-45
-56
468
373
47
406
481
202
419
372
320
405
232
342
270
143
143
112
38
70
109
-91
-28
5
-175
-110
-120
-315
-248
-307
-295
-412
-431
-225
-422
-270
-334
-442
-148
-164
-418
-263
41
-292
-145
-21
-27
-21
-83
121
115
126
158
231
155
273
257
163
468
210
13
524
371
-23
318
429
47
273
173
13
124
-25
-33
-123
-84
-275
-188
-265
-360
-391
-397
-421
-440
-275
