107
94
82
69
66
57
46
35
19
18
20
16
12
13
11
-6
-18
-17
-13
-15
-22
-19
4
26
30
21
10
13
23
34
37
35
28
10
-8
-14
-17
-24
-34
-45
-42
-26
-15
-15
-6
11
24
17
2
-4
1
12
5
-6
-6
-5
-19
-37
-50
-59
-56
-52
-47
-50
-67
-86
-108
-121
-135
-144
-151
-139
-127
-115
-98
-86
-60
-50
-29
-10
12
33
38
45
46
48
47
48
59
71
73
74
75
68
49
26
13
-3
-15
-28
-44
-67
-87
-100
-122
-133
-139
-127
-110
-100
-92
-89
-91
-86
-71
-61
-60
-61
-52
-26
14
41
45
59
77
94
109
117
118
126
136
125
110
97
84
74
70
63
47
32
22
16
19
17
17
36
35
26
2
-13
-9
-12
-27
-65
-85
-88
-93
-95
-82
-64
-40
-15
0
3
2
15
13
8
-4
-20
-24
-12
10
14
21
27
31
46
69
74
73
75
65
55
45
33
5
-4
-10
-24
-28
-29
-28
-23
-14
-17
-19
-19
-15
-11
-11
-17
-21
-7
3
4
-9
-21
-30
-24
-21
-30
-24
-13
-10
-9
0
-6
-23
-24
-35
-30
-10
-19
-29
-57
-60
-68
-82
-49
-34
-9
12
3
21
26
38
37
25
15
6
29
39
20
-10
-29
-20
-21
-38
-44
-60
-53
-57
-75
-61
-106
-120
-118
-101
-63
-98
-58
-62
-36
-24
-51
-34
-46
-10
0
26
22
-21
-16
22
17
45
6
33
71
80
126
76
146
82
55
75
2
4
-23
-59
-43
-37
-2
-28
-33
28
-28
49
60
49
94
64
93
44
40
56
28
97
98
71
124
108
144
135
114
134
66
112
72
81
76
-2
49
-3
6
4
26
100
55
59
114
49
88
83
67
103
70
110
42
69
31
-18
20
-5
-14
-11
53
-3
-81
16
-34
-6
19
-44
44
-28
-21
-67
-84
-3
-134
-107
-52
-105
-14
-84
-91
-46
-117
-46
-117
-73
-70
-136
-13
-125
-107
-69
-132
-57
-109
-44
-62
-56
-19
-128
-15
54
-29
-5
-13
71
110
74
95
-12
88
26
23
135
89
93
16
78
112
83
85
-8
-1
-34
-104
-43
-86
-67
-108
-88
-52
-149
-68
-112
-135
-85
-151
-8
-82
-113
-72
-199
-75
-241
-259
-75
-120
-74
-166
-157
-72
-151
-34
-71
-108
-10
-157
-97
-36
-135
-157
-420
-216
25
400
513
-115
437
230
246
491
-37
309
206
56
432
269
565
354
111
508
290
511
405
198
193
93
-98
-99
-1209
-557
224
-139
-485
-1328
-514
-777
-373
90
-261
-770
-1244
-1195
-265
-438
-1186
-840
-573
302
149
758
848
131
340
491
1059
1046
840
40
1286
956
765
1552
873
990
-45
1443
1098
358
1051
-269
-9
443
-884
-177
-97
-140
-655
-646
393
-1194
181
-742
-1037
67
-1110
-527
-492
-482
-78
-1226
-124
-429
-755
288
-981
442
90
-350
223
1550
15
-965
1636
-726
-903
-734
-949
1413
826
-925
-1160
196
1532
-706
618
1966
-892
379
678
542
1606
-2026
-306
-438
-31
1654
356
999
246
-62
739
113
393
-1305
-1304
941
-2766
245
-919
-1205
-294
-1925
-303
-407
2
-102
-124
1465
439
-1782
385
-717
408
330
-330
952
754
1541
-403
1593
703
25
188
738
1206
628
281
434
-411
-462
-258
-526
1107
69
-375
346
719
-125
234
530
-740
-639
800
-1650
877
900
-1487
140
-79
192
-456
591
232
-1035
654
348
-961
2069
-327
-1620
19
74
-591
-611
973
-741
224
226
-326
10
557
-506
-1734
682
550
-1837
1681
760
-1751
750
-526
-1169
-392
124
-605
-238
2128
-798
211
957
-1054
709
372
515
-30
1075
276
118
25
-252
-1841
92
-266
805
262
122
248
-1360
532
-517
215
-686
144
-689
1105
890
-563
228
82
-878
-100
89
-429
1364
-883
249
594
-770
-175
181
-628
-80
-32
-1153
237
-191
-294
-580
356
-903
-778
965
-571
428
1168
-976
-344
866
198
-874
899
-219
-913
2336
92
292
1132
-128
-505
819
739
167
-99
9
-813
-207
631
-804
181
-337
184
-1070
840
258
-1071
701
-626
-341
6
173
-654
465
-493
-1177
1144
-189
-63
-596
344
777
-852
232
570
218
808
-1412
84
688
12
197
-1251
1066
-247
226
1013
-236
730
-1288
-354
1542
-878
1348
-780
577
551
-1422
685
-828
92
-194
-804
1162
533
192
161
-205
1267
-1018
-938
508
-458
621
103
-128
908
-47
-255
-448
903
138
-1700
899
679
229
30
-26
51
487
-382
-869
221
461
-591
-130
1204
-545
701
169
131
298
-1251
75
372
163
481
305
548
-1198
-441
876
-1386
272
462
-891
591
226
435
242
108
-277
-1307
767
-145
-1077
1192
-1046
-1294
954
452
-4
239
454
-210
-1021
772
15
-196
518
-1464
-246
906
187
-213
479
126
-1380
-34
418
-359
272
-335
-604
135
203
-285
-114
359
-19
-220
843
-979
230
18
-1163
208
327
815
82
59
-32
-394
191
-1000
-167
1185
-870
414
823
-223
445
372
-492
-500
120
237
1024
201
567
-204
-831
-455
-837
-246
-1034
-431
76
173
655
-152
-476
937
-709
1450
772
-571
458
-157
326
-27
459
-523
-634
287
-1303
39
684
-146
-223
298
1380
-355
1743
1044
-1107
668
-316
-753
-15
-68
-139
-47
167
-806
-663
593
-499
-1173
252
-75
-87
566
1250
96
-596
164
-625
129
-92
-298
-147
-642
329
-311
30
-255
-326
-750
327
-108
-672
770
-315
659
-393
410
211
-47
510
-257
108
-400
97
498
897
1024
-431
-307
-242
-805
74
-495
-270
-945
-270
399
727
1193
-591
-955
-574
-324
231
281
705
-1605
-333
757
169
314
-765
-89
1029
-692
-168
83
266
-277
-192
833
61
1386
-633
-686
495
560
-1239
81
1522
-25
357
71
-723
-126
1456
370
280
1395
-1251
-1819
162
-548
292
1109
-358
-236
1041
-234
-1046
257
-437
-722
976
389
218
894
859
-1296
-453
638
-764
557
54
505
106
1301
1024
-622
-442
62
-805
-190
929
779
-321
1130
-633
-2105
1000
-683
-1348
-34
-539
-1266
229
1021
103
588
1609
-1257
-429
112
-1541
-391
779
451
-811
741
1136
-620
33
-160
-418
60
-116
159
-114
1029
1424
-2059
72
-186
-777
-121
-1148
877
-551
180
1065
150
1515
-1351
-2112
-710
-1409
696
465
-67
1133
-104
1079
551
-12
-1549
-2176
-425
-71
1115
1099
160
839
618
171
-844
212
-563
-950
-576
-1111
994
1735
1117
-490
-92
-537
631
356
138
-200
360
1417
1458
3273
1419
-223
-540
-2191
-1829
-417
-44
953
1020
1180
-882
-607
551
-953
-787
-593
-1292
1132
2100
1076
398
271
-848
-1168
-915
-2082
-415
795
1521
586
948
-28
70
-310
-3017
-2178
391
984
883
423
-21
862
1004
-695
-1910
-1643
-981
-1319
958
1385
1142
526
-457
-370
181
291
-619
-574
844
1452
664
443
-549
-921
-1739
137
762
530
554
150
-726
-794
-291
-622
426
261
36
467
12
-311
-949
-76
-306
180
378
-38
273
-926
-550
-1227
-1035
905
1052
402
-1
149
754
227
-857
-1601
556
247
148
1458
1398
1206
-315
-1099
397
1240
940
-808
-1674
1024
1
2562
432
-1119
750
-121
1671
575
-966
-675
-599
664
873
-233
-9
-561
702
482
100
796
-1147
-325
-512
-94
596
-1139
-1435
-676
-106
176
-1050
-274
-864
-1133
15
-603
-590
-1130
-1216
-503
-60
13
-563
-912
-844
-288
695
138
-178
-106
180
1026
152
-88
-386
301
618
-105
271
402
62
96
205
227
629
-66
20
322
567
167
96
-178
-101
510
-7
103
-89
11
-540
116
434
89
-27
-265
-535
388
179
-452
134
-163
302
195
1073
-103
-432
253
-132
368
182
-65
406
591
368
-282
302
407
-496
47
-262
281
1282
-51
505
-329
254
82
-700
642
-397
822
48
38
116
-35
226
102
-230
-314
25
1157
379
-35
-120
-959
372
-874
-769
-713
76
-134
-495
-147
112
617
-441
-181
-755
208
247
-676
-885
4
1247
983
-267
-424
67
680
901
-461
713
790
389
-186
-37
342
-259
-656
-591
279
463
-20
749
606
902
896
302
473
-1902
-1794
-1801
770
2213
1086
621
776
1268
1230
111
-1373
-1327
271
2097
1975
2011
1072
1371
1069
-1221
-1123
-373
1363
837
-755
886
1163
1078
-924
-2583
-497
-254
-406
-439
-280
1663
40
-893
-1667
-2306
-783
-918
-258
-757
-231
-78
-505
79
-1139
-1713
-931
-1028
273
228
-223
-636
-1967
-840
-972
-471
570
49
813
375
-1015
-1158
-1485
-200
180
-1574
-345
476
699
572
-1677
-1989
-956
219
-178
578
1150
652
371
-147
82
-569
-1661
589
1877
3007
2829
359
209
-1234
-342
-767
224
1665
2185
3310
2129
730
-515
216
-1347
-2277
-24
2231
4250
3044
239
-179
-1350
-1993
-1399
-1077
2061
2627
2286
2239
-237
360
-260
-344
-419
-1169
507
1681
1813
841
463
329
247
-805
-760
-597
618
968
-460
-1028
-303
1825
1480
270
-2431
-2548
-1329
-746
-849
-119
-218
95
570
-151
-1890
-3445
-3454
-2750
-1887
-966
-964
137
710
-1832
-2920
-3960
-3347
-2956
-3072
-2289
-1428
115
630
-108
-1782
-3170
-3026
-2451
-1289
-140
1370
1643
461
-1329
-920
263
745
100
-1403
1236
2438
2065
204
-366
686
1215
693
-487
1107
2954
2189
-762
-542
1200
1425
1415
1659
1943
2076
1753
227
-1016
211
1461
2110
3298
1077
1721
2951
3296
-553
-3039
1415
1743
1712
754
1108
2085
1285
1349
945
1843
2354
-930
566
47
-301
-188
1139
4442
1928
1548
914
-1075
559
-47
-556
-23
-104
2073
1562
2833
235
-1607
-123
-700
-248
-908
-292
307
-563
-175
-440
-1003
-1793
-3446
-2144
-800
24
-239
-2093
-2238
-3048
-3689
-2699
-2848
-1690
-1241
-2150
-1934
-1963
-1765
-2406
-3006
-2524
-1586
23
78
-1239
-1117
-1070
366
-878
-1524
32
400
1916
1069
-161
605
552
1060
243
968
1607
929
2258
1335
339
274
-338
474
1176
1415
1646
317
1072
1058
741
885
-398
301
218
347
1035
-41
1227
1138
1036
940
120
-421
-835
-61
251
575
1179
1224
321
1171
1045
79
-932
-52
751
1512
1540
427
949
1148
471
293
303
218
138
577
1322
1165
876
576
409
228
26
639
868
516
296
-51
184
82
-302
-429
-317
-589
-693
-687
-712
-1488
-1605
-1426
-1555
-1610
-2034
-1925
-1841
-1965
-1918
-2304
-2259
-1956
-1907
-1416
-1608
-1632
-1707
-1642
-2129
-2579
-2240
-1598
-626
-241
-127
-455
-630
-782
-234
-59
-688
-856
-316
753
879
466
121
259
66
305
1307
1432
1070
422
543
966
1461
869
618
945
1097
1037
665
851
1081
946
1454
1830
493
-1038
-727
997
1645
1874
981
640
1350
510
11
58
1097
1835
1943
2393
1347
901
1592
1344
2523
1430
1292
2685
2863
2676
1440
1696
2079
1663
1680
1812
2060
2964
2473
2483
1698
1278
1669
771
565
-693
-677
-364
-373
-684
-1563
-1651
-2886
-3579
-4047
-4144
-4123
-4394
-4702
-4905
-5002
-5211
-4862
-4964
-5064
-5294
-4387
-3737
-3284
-2969
-2830
-2332
-2359
-1945
-1974
-1406
-1376
-840
196
824
1307
1156
1089
995
1219
853
1271
1225
1020
1269
1333
1345
841
541
455
556
492
765
880
922
203
-83
59
34
517
256
326
751
1034
1082
907
842
1469
1731
1269
1399
2024
1890
2811
3338
3005
2685
2386
2802
2648
2952
2597
3197
4157
3059
3124
3136
3942
3261
2520
3438
3365
3214
2949
3230
3636
3115
2616
2817
1922
1279
-444
-483
-1049
-1110
-516
-1254
-755
-3057
-3313
-4297
-5059
-5296
-6392
-5621
-6269
-6086
-6272
-6912
-7057
-7179
-7061
-6064
-6112
-4987
-4172
-3854
-3023
-3545
-2128
-2140
-1318
-705
-209
1304
997
1509
1392
1263
1832
1884
2272
2269
2069
2461
2008
1985
1336
1197
1455
535
656
17
197
121
-117
-15
-533
81
-21
-342
-240
-430
-50
557
680
958
854
1402
1279
1118
1212
1026
1714
2594
3327
3700
3615
3185
2714
2763
2952
3504
3768
3610
3645
4559
4430
3603
2870
2699
3359
2846
3268
3361
4021
3472
2910
2096
2688
2595
2118
1248
-1255
-1150
-2795
-1317
-1450
-1569
-1685
-3817
-3766
-5448
-5362
-5587
-6287
-7001
-7351
-7262
-6635
-6848
-6918
-7066
-7607
-6417
-6546
-4509
-4609
-3900
-3383
-3195
-1851
-2172
-806
-496
502
1014
1847
2041
1948
1561
1677
2196
2494
3104
3208
3234
2252
1683
988
1219
617
456
531
570
502
-421
-168
-628
-828
-1006
-567
255
477
650
762
528
738
1080
1366
1894
1847
2333
2425
3621
4255
3852
3886
3576
4229
5034
4762
4864
4541
4426
4702
4765
5032
4663
4353
4430
4800
4235
3862
3589
4168
4205
2031
1848
-38
-43
149
-1630
155
-2190
-1578
-2898
-4610
-4198
-6714
-5821
-6901
-7583
-7173
-8311
-7567
-7975
-8963
-7561
-9019
-7351
-7455
-7223
-5056
-6025
-3494
-4110
-3096
-2156
-2441
-269
-393
846
1694
1960
3301
1966
1888
1812
1765
3388
2666
3480
2488
2106
2060
1000
1665
411
77
-365
-844
-311
-826
-509
-396
-1037
-833
-1274
-604
-398
-217
451
54
781
994
1769
2036
1893
1722
1571
2465
3702
4067
3716
3169
3340
4375
4196
4311
4075
3917
3889
3715
4263
4148
4127
3755
4024
4247
3955
3860
3437
3623
2468
2106
395
-11
-343
-331
783
-395
-608
-2642
-3105
-4054
-4598
-4579
-5650
-5913
-6379
-6604
-6642
-6870
-7116
-6931
-7830
-6961
-6973
-5575
-4948
-4814
-3818
-4177
-2954
-2897
-1830
-1188
-771
157
1049
1906
2418
1829
1694
993
1001
2000
2446
3436
2538
2513
1554
1204
1160
767
767
96
-231
-184
-51
404
47
-573
-604
-1000
177
869
1287
946
862
1048
1194
2011
1800
2326
2675
2857
2961
2880
3283
3332
3623
4075
3370
3135
3254
3547
4303
3693
3352
3241
3442
3888
3891
4038
3393
3397
4000
3656
3152
1092
-303
-677
50
1433
1358
845
-1068
-2227
-3081
-3445
-3822
-4793
-5489
-5927
-6182
-5947
-5924
-6430
-7030
-8091
-7795
-7698
-6553
-5983
-5907
-5403
-5788
-5295
-4813
-3770
-2888
-2416
-1766
-984
-32
1109
1131
1323
1014
934
1229
1327
2518
2521
2891
2716
2367
2185
1736
1702
1566
969
694
782
1279
1472
671
342
-400
-344
5
634
1295
953
894
994
1521
1527
1083
1477
1983
1556
1500
2176
3233
2897
2553
2395
2762
3522
3411
3562
3464
3540
3356
3592
3700
3780
3823
4190
4422
4477
4346
4832
4579
3864
2043
337
541
1605
2647
2726
1571
-202
-1682
-2331
-2171
-2855
-3659
-5063
-5548
-5652
-5958
-5861
-6352
-7160
-8594
-9024
-7966
-6863
-6391
-6694
-6781
-6377
-6528
-5587
-4604
-4025
-3528
-3187
-1573
-604
203
428
664
800
783
1338
2133
2515
2608
2393
2625
3048
2666
2905
2111
1967
1184
1069
1586
1428
1076
398
54
-212
-510
-597
-72
225
297
-289
247
385
776
1103
1382
1673
1484
1554
2012
3010
3250
3138
2950
3424
4060
4328
4294
4847
5443
4987
4742
4733
5113
5491
5484
5415
5805
6804
5098
2903
996
445
2250
2496
2623
1421
89
-1074
-3020
-3410
-3635
-4154
-5361
-6609
-6636
-6581
-7315
-7489
-8731
-9262
-9917
-9380
-7497
-7274
-6851
-7823
-7314
-7029
-6826
-5075
-3795
-2694
-2373
-2294
-828
-81
408
578
994
2313
2470
3947
3966
3685
2956
2374
3352
3415
3531
3485
2958
2515
1464
1385
1873
951
440
-478
-11
-154
-680
-462
-920
-648
-1462
-1358
-286
236
782
500
747
1101
970
1738
2193
3038
3417
3446
4126
4010
4679
4748
4963
5602
5506
6269
6035
6465
6276
5853
6229
5926
6441
7023
5229
2975
809
764
2902
2341
2443
179
-876
-2489
-4435
-3404
-3958
-4448
-6758
-7891
-7078
-7645
-8297
-8592
-9733
-9445
-10844
-9231
-7443
-7813
-7482
-8937
-7276
-7175
-6452
-4604
-3298
-2477
-2996
-2391
-525
-143
877
1327
2005
2789
1983
3870
3191
3270
2780
2867
4296
3726
3851
3940
3124
2198
1020
1611
2401
1293
883
-79
502
-707
-1095
-587
-671
-451
-1114
-227
689
381
299
425
880
1518
1290
2783
3338
3833
3818
4022
4873
4744
5122
5543
6570
6748
6292
6217
6409
6764
7226
6530
7866
6067
3725
1992
758
4376
2917
3089
956
-758
-1245
-3759
-2975
-3269
-4339
-6070
-7631
-7129
-6862
-8583
-7937
-10205
-9520
-10540
-9369
-6535
-8403
-7605
-9105
-7678
-6948
-6854
-5086
-3584
-3741
-3169
-3102
-819
-253
-414
655
824
2500
1790
3686
2904
2344
1732
2682
4126
4134
3403
3394
2891
1498
1212
1693
3158
1578
1004
429
1423
63
-547
-343
83
-35
-922
696
1485
1252
-63
337
982
1801
1726
2823
3964
4025
3542
3772
4606
4622
4826
5293
6452
6573
6222
6541
6307
6544
6199
6755
7409
3914
3023
1221
3827
4737
2714
2872
-197
-585
-3054
-3171
-1656
-2469
-4888
-6337
-6873
-5937
-7708
-8188
-8020
-9075
-8714
-10291
-7117
-7644
-8240
-8777
-8495
-6814
-7039
-5833
-4391
-3775
-4448
-4283
-2946
-1087
-1301
103
104
1315
640
1015
1864
954
1512
1156
3428
3196
2499
2277
2239
1409
665
1088
2905
2463
969
316
411
992
-719
-20
185
799
-100
-13
1365
1239
633
549
1424
2462
2436
2655
3938
3665
3797
3527
5100
5711
5921
6121
6444
6651
6329
6504
7541
7180
7692
6542
4227
4105
2046
5918
4906
4016
2408
-110
415
-1538
-1055
-584
-1760
-4198
-5979
-6285
-4927
-7078
-6845
-8312
-7623
-8138
-9038
-6378
-8388
-8058
-9426
-8361
-6474
-6433
-5872
-4670
-5151
-4910
-4859
-3100
-1517
-2317
-1444
-1574
489
131
1299
1544
610
208
326
2387
3198
2132
2202
1980
948
1071
1124
3319
1799
108
-360
717
1088
-350
-209
183
-108
-1332
-663
1360
1402
-416
-322
603
2144
1420
1875
3217
2995
2556
2721
4911
5572
5180
4913
5728
6620
6237
6853
8096
7365
7876
5520
5003
4612
3752
7370
5422
5198
2456
1035
1734
-190
449
316
-1070
-2958
-5250
-3952
-3645
-5742
-5749
-8106
-6110
-7728
-7795
-6012
-8077
-7809
-9523
-7533
-5811
-6635
-6098
-6025
-6008
-5425
-5669
-2550
-2241
-2484
-2396
-2691
-498
-1396
295
694
510
421
176
1715
2017
1200
2077
1641
1732
1420
1628
3241
1373
685
212
1280
1323
442
672
745
-265
-998
-269
1448
1256
-230
41
557
1428
801
1617
2694
2155
1833
2140
3920
4690
4284
4427
5097
5600
5593
6622
7729
7287
7522
5321
4916
4841
4890
8479
6191
5477
2880
1612
2336
892
2383
1946
-551
-2875
-4659
-2518
-2593
-5111
-4736
-6946
-5394
-7403
-6810
-4752
-7448
-7335
-9006
-6356
-5089
-6504
-5716
-5896
-5858
-5304
-5005
-1702
-2351
-3401
-3301
-3166
-664
-1323
222
-118
-547
-521
-182
1563
830
344
750
617
1200
1497
1928
1985
-655
-755
-149
1236
734
-120
378
-504
-1205
-1611
-165
568
-530
-812
64
937
902
483
1432
1633
1085
1667
2712
4053
3536
3157
4042
4508
4883
5260
6095
6739
5956
6544
7243
4506
4912
3479
7302
7615
4297
4839
1701
2850
1043
1825
4079
1142
-2161
-3632
-3101
-779
-4012
-3949
-3781
-6075
-5692
-8002
-3464
-4931
-7045
-7355
-6910
-4128
-6237
-5916
-4607
-5520
-5556
-4714
-2769
-347
-3614
-2840
-2640
-1818
-1104
-923
1419
114
-126
-403
1040
1025
212
711
1832
690
897
1302
2069
1150
-922
572
880
776
-731
-121
372
-724
-2019
-487
648
-67
-1293
-808
615
84
-265
308
2222
1529
1107
1843
3232
3087
2615
3033
4715
4608
4607
5558
6188
6540
4884
7055
3921
4261
3539
5486
8943
4059
4218
1794
1931
1792
1441
3625
2425
-2459
-3778
-2900
-838
-2326
-5105
-3808
-6098
-5626
-7185
-3721
-3557
-7444
-7781
-7509
-3918
-4992
-5817
-4414
-4887
-6318
-5081
-3260
-269
-2598
-3668
-2480
-1892
-1205
-1106
1697
610
-226
-570
1313
2133
482
700
1947
1528
629
1479
2724
2132
-805
458
2228
1836
-581
-416
1202
224
-1735
-926
1618
233
-2425
-1811
1153
1105
-740
-761
1686
1301
-588
733
3200
3440
775
1772
4165
4703
3373
3525
5586
5854
3988
5804
6747
3113
3355
2155
8442
6906
2308
3259
750
2946
616
2967
4942
-585
-4067
-4258
-1066
577
-3871
-3703
-4259
-6200
-5702
-5186
-632
-4892
-8126
-7749
-5340
-2267
-4695
-4152
-3521
-6026
-6009
-3434
-811
-2
-3555
-3180
-1850
-1004
-452
790
1164
-277
-388
551
2838
1681
951
1186
1345
1269
1411
2927
2528
360
-29
1476
2325
845
-428
252
-247
-561
-788
889
819
-1837
-1793
-270
725
34
-876
107
568
8
693
2049
2430
619
721
2065
3279
3589
3153
4645
4000
4224
4361
6808
4228
1117
3361
3752
8768
3697
2252
3168
-480
1487
1348
3870
2599
-4542
-4792
-2062
-74
-1426
-4731
-3852
-6378
-7003
-5509
-2044
-1838
-8203
-8639
-6378
-3625
-3537
-4979
-3669
-4248
-7208
-4515
-1028
275
-2191
-4242
-2224
-647
-427
-304
2090
289
-512
-40
2215
3352
1030
189
1736
2160
1845
2741
2612
1959
-141
550
2962
2951
254
-214
-184
412
75
-92
850
-551
-2424
-1559
1041
1240
-118
-1503
-460
728
397
1125
2411
1529
463
687
3148
4712
3228
2941
3321
4759
4793
5189
7597
2723
2366
3033
5571
9478
2235
2204
1888
847
3089
2586
4173
267
-5493
-4471
-844
1283
-2916
-5090
-5335
-6717
-5588
-4761
-1621
-4548
-9842
-8867
-5272
-2409
-3961
-5468
-4740
-5336
-6064
-3081
-617
-390
-3366
-3761
-1329
877
486
248
1217
-233
585
1367
2925
2909
1282
1432
2437
2710
2427
2244
2133
1065
1259
2456
2513
1625
-525
67
183
408
53
-314
-454
-1765
-1476
14
643
-674
-1545
-1212
-4
827
673
947
1278
573
704
2439
2943
3599
2514
2852
4026
4804
5066
5759
5335
826
3871
4105
7405
7668
933
2462
1253
1460
4076
3339
2302
-2126
-5276
-2598
490
322
-4901
-5620
-6758
-6227
-4460
-3911
-2796
-7613
-9563
-8027
-4083
-2834
-5498
-6480
-5432
-5847
-4538
-2004
-1495
-1895
-4387
-3463
-574
835
-318
730
362
747
1432
1720
2871
1875
1790
2233
3350
3088
2595
2236
2085
1584
2270
2774
2384
674
124
1004
870
691
-483
-137
-777
-1434
-883
363
310
-1140
-1755
-739
500
607
126
774
1063
622
1358
2659
3632
2651
2313
3375
4639
5713
4612
6466
4124
1205
5277
4320
8628
5089
240
2819
1487
3402
4142
2953
782
-3781
-3740
-1233
1536
-948
-6103
-5598
-6797
-4596
-3875
-3456
-4855
-9273
-8619
-6861
-3103
-3541
-6359
-6744
-5830
-5708
-3215
-2128
-2848
-3420
-4224
-2509
-149
734
-789
368
-371
559
2304
2042
2228
1689
2150
2392
3001
2709
2865
2545
1794
1579
2729
2329
1633
451
753
873
38
14
-663
-436
-1579
-1731
-779
-168
-1031
-1584
-1181
-742
-131
-219
168
603
326
400
1596
2396
2536
2632
2545
3681
4117
4547
5296
5771
5964
1053
4450
5828
6540
7627
1743
2898
2508
1765
5004
5047
2436
-2214
-3490
-713
912
734
-4131
-4369
-5853
-6335
-3121
-2239
-3164
-8171
-8639
-6316
-4253
-3595
-5382
-5932
-5593
-6533
-4820
-1643
-2836
-4029
-4329
-2797
-1642
-911
-1589
-425
133
-673
1123
1865
1496
862
1585
2523
2724
1881
2161
2860
3273
2430
2714
2654
1422
694
1192
2357
1239
598
-339
-197
-394
-966
-444
-15
-959
-1662
-993
-313
146
-179
-308
1
182
95
1254
1823
1725
1712
2037
2786
4025
3823
4464
4760
5563
2792
1266
6002
5326
7446
4091
1415
3527
1757
2995
5404
3999
-116
-3573
-1626
1044
1902
-1374
-4441
-3748
-6309
-4504
-2106
-1467
-4738
-8720
-6500
-4488
-3123
-4743
-5552
-5199
-5625
-6396
-3370
-1810
-3623
-4577
-3885
-2093
-1873
-2018
-2307
-137
-796
-991
686
957
716
355
1794
2669
950
884
2062
2779
3317
1706
2515
1678
263
1037
3306
2851
412
-674
-223
700
192
29
633
-401
-2120
-1214
683
980
-1020
-1019
-45
280
132
447
1926
1169
351
1281
2950
3032
2762
2947
4832
4312
4990
4367
1044
4917
4157
6324
6363
1622
2567
2015
2886
4779
4111
1093
-2581
-2453
86
1853
748
-3885
-4187
-5653
-4206
-1730
-1314
-2911
-7824
-6929
-4588
-2701
-2667
-4606
-5476
-5042
-5666
-3892
-1512
-2728
-3695
-3815
-2887
-1904
-1407
-2043
-730
-891
-1007
-381
-40
386
534
1196
1405
774
147
950
2043
2802
2024
1377
535
627
893
2366
2423
589
-501
-890
482
1035
864
-18
-628
-1357
-866
500
1149
413
-680
-736
106
471
544
1243
1188
723
998
1784
2719
2600
2560
2996
3839
3801
4540
4605
639
4051
4450
5891
5911
864
2172
2394
2786
4549
4105
1499
-2559
-2560
592
2236
819
-4010
-3805
-4468
-3442
-1487
-1230
-2428
-7609
-6926
-4115
-1947
-2315
-4586
-5380
-4549
-4952
-3789
-1225
-2338
-3864
-4138
-2647
-1377
-1004
-2042
-915
-294
-1380
-839
237
636
597
362
1117
841
-338
736
1754
2125
1041
458
990
778
308
1119
1890
427
-815
-505
704
740
-584
-510
22
-759
-1259
-3
1218
14
-1229
-768
841
480
79
1183
1516
1017
501
1750
3084
2890
1952
3368
3970
3793
3853
5261
2937
1939
4276
4862
6860
2953
715
2841
2691
3383
4054
2708
-274
-2708
-735
1996
2336
-1738
-4443
-3303
-3399
-1912
-1120
-1043
-4068
-6865
-4762
-2488
-1461
-3345
-4842
-3989
-3652
-4396
-2526
-1612
-2674
-3639
-3561
-2025
-1346
-1837
-2125
-462
-1106
-1600
-1267
-682
248
214
-27
101
-522
-787
742
1559
1742
392
-380
-232
391
1065
1830
991
-243
-771
-119
1001
818
267
-609
-1102
-1220
-134
598
707
-524
-883
-139
465
726
725
1279
794
1084
1552
2401
2815
2384
2464
3401
3544
4044
4442
5246
2542
1610
4786
5205
6529
3271
1236
2798
2356
3173
4441
3192
-255
-2143
-404
1922
1981
-1589
-3927
-2978
-3172
-1887
-1164
-1517
-4332
-6755
-4341
-2228
-1738
-3640
-5052
-4149
-3612
-4187
-2521
-1885
-3073
-3816
-3194
-1946
-1588
-2262
-2241
-1002
-1262
-1418
-1286
-452
-288
-345
287
467
-212
-448
613
1169
1094
1056
302
461
360
742
2026
1084
-145
-352
111
497
337
434
25
-1011
-1438
-526
686
483
-585
-548
-23
-59
21
1067
986
713
358
792
2582
2064
1990
2363
3008
3047
3160
4103
4770
5269
2174
1960
5473
5187
5801
3484
1702
3334
2531
3654
4880
3487
-123
-1825
839
2408
2053
-1533
-3251
-2385
-3005
-1901
-1110
-1290
-4591
-6849
-4230
-2367
-2728
-4331
-5297
-4225
-4024
-4904
-3303
-2427
-4060
-4768
-3446
-2463
-2379
-3109
-2819
-1168
-1576
-2004
-1527
-998
-338
-695
32
385
-321
108
546
1340
1137
644
696
903
1074
928
1666
1348
411
157
135
283
98
158
295
-414
-802
-805
-206
-59
-661
-820
-527
-79
-266
604
639
539
212
643
1544
1899
2272
1903
2834
2868
3114
4024
4547
4965
4884
2089
3317
5582
5831
6083
3380
2970
3505
3566
4448
5160
3521
247
-534
1561
2779
1812
-1329
-2449
-1926
-2697
-1825
-1600
-1920
-4910
-6131
-4072
-3197
-3530
-5112
-5210
-4660
-4897
-5811
-4319
-3369
-4456
-4710
-4033
-3355
-3454
-3618
-2825
-1236
-2135
-2679
-1882
-836
198
-15
175
131
-124
205
1712
1981
1538
1180
713
1276
1491
1543
1967
1102
374
682
583
548
-151
52
-131
-856
-1131
-623
-237
-697
-763
-802
-690
-1177
-968
377
729
-179
-45
433
822
1622
1722
2541
2620
2171
3081
4278
4978
4994
5264
4571
2946
4699
6535
7045
6047
2879
3692
4551
4600
5055
4366
2470
-266
99
2147
2489
294
-2855
-2801
-2319
-2669
-2420
-2607
-3765
-6321
-6103
-4239
-3829
-4857
-6418
-5702
-4914
-5544
-5588
-4489
-4320
-4817
-4788
-3989
-3389
-3464
-3222
-1700
-921
-1953
-1995
-1527
136
824
515
866
395
634
1406
2364
2299
1811
1032
894
1728
2094
2063
1375
460
424
681
504
248
-283
-163
-897
-1006
-868
-643
-798
-1202
-979
-764
-1039
-1389
-515
361
420
130
348
760
1484
1607
2862
3330
3137
3125
3881
5380
5815
5765
6120
6588
5004
4116
6369
7659
7165
5204
3152
4716
4674
4204
4811
3595
1193
-1254
-210
1646
1048
-1921
-4262
-3512
-3678
-4075
-3808
-3885
-5608
-8013
-7170
-5069
-4959
-6227
-6956
-5948
-5542
-6561
-5982
-4246
-4246
-4933
-4577
-3457
-2970
-3105
-2655
-1106
-847
-1843
-1717
-393
969
956
653
716
680
607
1742
2313
2210
1302
199
1077
1820
1833
1575
723
-119
168
157
342
21
-679
-1224
-1388
-1279
-1160
-1030
-1336
-1271
-1245
-1004
-827
-761
-152
313
652
1203
1329
2044
2119
3048
3979
4018
4236
4128
5080
6021
6525
6682
6849
6579
6496
5150
4992
7075
7015
6437
4479
2932
3882
3782
3614
3179
1600
-660
-1684
-420
298
-602
-3521
-5482
-4754
-4692
-4407
-4391
-5054
-6581
-7796
-6422
-5100
-5169
-6314
-6962
-5893
-5211
-5452
-4918
-3844
-3812
-4157
-3778
-3056
-2719
-2426
-2122
-829
-716
-1535
-1331
-325
974
872
509
239
508
1012
1651
1967
1378
760
296
660
1788
1673
970
195
-455
448
637
134
-108
-292
-526
-647
-302
-7
-170
-750
-596
344
753
606
795
1545
2131
1748
2153
2866
2864
3338
3580
4415
4841
4273
4502
5179
5754
5373
5475
5619
5987
5990
6084
5462
3133
4626
4742
5024
4161
1017
1662
2034
1765
1807
869
-1159
-3246
-2946
-1553
-1521
-3023
-6330
-5593
-5081
-5046
-4952
-5568
-6157
-8055
-7038
-5639
-5176
-6126
-7117
-6568
-5221
-5620
-5869
-4647
-4481
-4576
-4595
-3854
-3449
-3060
-3099
-1864
-1197
-1864
-2092
-1275
30
107
-15
55
265
478
928
1755
2098
1522
589
781
1712
2269
2553
1872
1461
1208
1420
2129
2296
1980
1383
987
1124
1573
2163
1817
1509
1113
1446
2049
2091
2224
2100
2231
2065
2659
2977
2955
2972
2976
3393
3285
3536
3755
4178
4169
3661
3858
4362
4320
4473
4322
4327
4309
1773
2323
4189
3836
3553
848
663
1486
1053
1228
994
-145
-2636
-3301
-1750
-1132
-1931
-4812
-5363
-4640
-5028
-4746
-4998
-5082
-6914
-7668
-6211
-5471
-5727
-6826
-6607
-5762
-5829
-6655
-5675
-4612
-4568
-4762
-4385
-3906
-3638
-3307
-2482
-1123
-1566
-2179
-1532
-35
1284
1141
983
1482
1496
2040
2847
3545
4249
3208
2882
3800
4001
4358
4207
3772
3800
3405
3195
3454
3519
3037
2260
1852
1574
1609
1460
1297
1246
792
402
30
261
618
538
417
328
388
814
782
935
1308
857
1026
1436
2035
2433
2418
2542
2786
2820
2980
3440
3870
3909
3870
3439
1559
2918
3668
3631
2944
353
685
1128
1029
1029
405
-1417
-3388
-3471
-2062
-2003
-3382
-6012
-6261
-5795
-5918
-5671
-6094
-6559
-8387
-8059
-6684
-6212
-6614
-7339
-6976
-6068
-6200
-6392
-4883
-4149
-4093
-3891
-3255
-2782
-2003
-1447
-91
917
305
200
1172
2879
3615
3581
3731
3881
4027
4532
5180
5970
5504
4496
4583
5178
5380
4750
4602
3715
3379
3082
2886
3230
2608
1833
1156
779
598
415
251
-58
-614
-729
-871
-744
-634
-655
-609
-730
-660
-278
232
390
668
839
1159
1008
1279
1870
2246
2421
2095
2477
2474
2563
2758
3377
3362
2894
2594
2689
2280
271
1311
2328
1772
776
-1490
-967
-354
-1022
-1276
-1803
-3257
-4937
-4673
-3160
-3219
-4806
-7220
-6624
-5873
-5933
-5611
-5655
-5864
-7236
-6641
-4991
-4281
-4872
-5428
-4550
-3314
-3099
-3130
-1708
-1053
-1345
-1189
-217
643
982
1026
1948
2807
2117
1929
2894
4007
4190
3516
3562
3819
3789
3801
4192
4642
4062
2966
2860
3476
3701
3118
2582
2316
2142
1767
1669
1873
1708
895
194
364
569
429
98
-201
-429
-698
-713
-472
-126
-374
-908
-681
-478
-436
-262
-195
13
-36
-386
-319
82
337
238
335
207
154
255
434
793
856
330
500
635
1137
1207
732
469
-1487
380
838
901
534
-1795
-787
-486
-82
59
-544
-1815
-2917
-1830
-475
-600
-1613
-3877
-3056
-2619
-2214
-1708
-2288
-2503
-3761
-2633
-1735
-1634
-2268
-2625
-1915
-1108
-1276
-1361
-672
-579
-625
-423
-7
-76
393
359
1294
1697
1052
978
1503
2387
2678
2470
2290
2330
2651
2913
3378
3749
3143
2428
2069
3195
3527
2950
2393
1722
2212
1773
1262
1823
1233
356
-389
-87
233
-487
-1355
-1792
-1572
-2088
-2559
-2220
-2231
-2850
-3446
-3206
-2702
-3182
-3347
-2970
-2620
-2476
-2888
-2427
-1778
-2005
-1911
-1399
-824
-747
-781
-41
642
1025
710
1189
1885
2173
2539
2847
3309
3191
3131
1158
3266
4172
3608
3745
1329
2410
2756
2557
2874
2491
904
-424
-194
1239
939
161
-2213
-1812
-1410
-1881
-1425
-2105
-2250
-3929
-3418
-2525
-2174
-2757
-3225
-2944
-2184
-2569
-2934
-1644
-1378
-1372
-1168
-681
-789
-343
-426
718
1477
783
552
1403
2278
2818
2421
2233
2583
2432
2645
2919
3526
3155
2441
1776
2393
2128
1668
1576
887
645
-63
-681
-303
-259
-1275
-2118
-2604
-2675
-2796
-3013
-3167
-3261
-4183
-4836
-4374
-3414
-3404
-4259
-4364
-3994
-3507
-3090
-2450
-1910
-1796
-2154
-1672
-379
-37
36
523
999
1398
1504
2030
3226
3450
3220
3560
3949
4349
4217
4743
5055
5261
4661
4946
5025
5673
3315
2919
5403
4302
5034
2154
1789
2732
2297
2149
2343
1252
-732
-1703
-244
290
-203
-2768
-3907
-2370
-2932
-2277
-2816
-2822
-4528
-5269
-3667
-2733
-2915
-4049
-4170
-3197
-2647
-3609
-2429
-1759
-1987
-2440
-1837
-1410
-997
-1201
-872
403
-22
-915
-536
535
1067
658
401
776
644
564
643
1623
1300
235
-369
488
1265
323
-185
-286
191
-626
-1112
-823
-624
-1161
-1915
-1541
-1246
-2255
-2617
-2063
-1410
-1939
-2945
-2669
-2032
-1715
-1993
-1567
-1277
-1599
-1740
-720
316
220
-113
122
995
1633
1910
2315
2799
2441
2487
3300
4080
4270
3946
3978
4381
4689
4582
4892
5054
4968
4538
4899
4943
5190
4733
4689
4370
1578
3839
3733
4320
3484
388
1361
1577
1225
1013
754
-887
-2542
-2358
-1231
-995
-2253
-5246
-4387
-4290
-4223
-4377
-4646
-4793
-6428
-5399
-4683
-4281
-5115
-5825
-5269
-3808
-4619
-4568
-3526
-3280
-3258
-3000
-2694
-2484
-2199
-2302
-620
59
-815
-961
-93
746
1195
878
1322
1442
1216
1417
2183
3060
2343
1546
1851
2697
2570
2091
2000
2092
1687
1171
980
1490
1251
363
182
356
-260
-631
-835
-412
-415
-1270
-1603
-1412
-1054
-1350
-1447
-1135
-1218
-1558
-1206
-402
29
-142
-413
40
868
1054
1224
1738
1961
1880
2274
2904
3379
3399
3063
3342
3645
3604
3678
3978
3920
3917
3398
3525
3378
3384
2919
3128
2888
3057
1456
-670
2238
1298
1859
-38
-1994
-649
-831
-1230
-876
-1394
-3329
-4653
-3743
-2365
-2437
-4322
-6392
-4885
-4969
-4437
-4475
-4076
-4988
-6513
-5083
-4006
-3471
-4103
-4220
-3389
-2342
-3499
-2724
-1404
-1311
-1495
-862
-601
-68
-77
29
1882
1736
523
784
1805
2493
2700
2280
2712
2394
2101
2395
3520
3736
2181
2091
2511
3162
2522
2155
2417
2234
1786
1003
1004
1558
878
296
705
43
-482
-853
-441
74
-609
-1875
-1929
-1439
-1226
-1399
-1339
-1644
-2244
-2285
-1578
-452
-747
-1377
-1544
-711
-327
-254
230
514
334
120
479
1124
1475
1309
1438
1863
1795
1725
1960
2262
2474
2118
2052
2301
2337
2407
2331
2542
2212
2127
2204
2958
1876
-282
2264
1952
2562
1235
-832
648
604
295
618
225
-1540
-2612
-2083
-690
-709
-2456
-4653
-3521
-3363
-3024
-3092
-3093
-3785
-5087
-3907
-3102
-2696
-3376
-3786
-3127
-2033
-3015
-2367
-1482
-1496
-1474
-1080
-775
-333
-284
-93
1485
1494
483
717
1673
2419
2664
2368
2801
2621
2608
2972
3751
3879
2784
2613
3254
3469
2690
2287
2392
2193
1777
1002
665
1138
-162
-432
-221
-1054
-1615
-2515
-2252
-1841
-2558
-3463
-3574
-3490
-3634
-3864
-3525
-3594
-4008
-4342
-3628
-2782
-2688
-2641
-2473
-1690
-1632
-1461
-529
252
479
784
1131
1905
2224
2285
2939
3441
3438
3372
3811
4178
4447
4375
4220
4214
3904
3772
3789
3869
3658
3156
2976
2823
2712
2515
1396
-479
1247
1224
1038
205
-1844
-1012
-949
-1414
-1331
-1777
-3296
-3895
-3314
-2202
-2375
-3676
-5254
-4090
-3567
-3174
-3025
-3262
-3468
-4042
-2822
-1820
-1499
-2038
-2084
-1404
-368
-820
-474
488
389
447
932
1091
1321
1173
1032
2130
2047
996
1209
1623
1689
1705
1175
1361
1071
467
613
1147
1039
276
-87
355
494
-305
-193
-200
-263
-538
-794
-327
-325
-1252
-1094
-466
-552
-1027
-1391
-1042
-778
-1054
-1393
-670
-847
-1049
-1129
-704
-491
-1052
-1029
-344
-64
-53
-146
-108
188
-15
234
734
1071
830
940
1073
1344
1427
1307
1623
1691
1613
1525
1724
1898
1741
1626
1602
1674
1745
1630
1682
1635
1667
1369
1403
1514
1705
1616
1641
1547
1547
-79
468
1985
1442
1478
-627
-236
704
520
377
333
-867
-1755
-1928
-808
-351
-1330
-3129
-3077
-2359
-2467
-2366
-2926
-2730
-3593
-3599
-2700
-2391
-2609
-2947
-2878
-1979
-2087
-2550
-1734
-1414
-1250
-844
-755
-724
-494
-641
377
1154
442
295
816
1231
1724
1620
1613
1710
1283
1521
2193
2555
2138
1491
1548
1867
1667
1727
1968
1753
1022
458
779
1082
898
269
279
219
-578
-786
-563
-566
-913
-1499
-1371
-1206
-1674
-1804
-1469
-1294
-1857
-2090
-1788
-1365
-1300
-1192
-901
-863
-962
-928
-197
395
233
135
488
694
1070
1427
1666
1806
1360
1186
1681
2105
2109
2020
2048
1789
1792
1812
1960
2092
1688
1402
1480
1475
1416
1304
1247
1169
1032
994
622
796
-789
554
1266
778
686
-1256
-359
270
210
255
40
-1012
-1482
-1484
-177
-141
-966
-2713
-2137
-1519
-1519
-1501
-1954
-1775
-2588
-2187
-1620
-1217
-1752
-2151
-1908
-961
-1471
-1635
-1128
-1013
-759
-751
-867
-740
-638
-815
17
202
-410
-393
-48
314
642
322
437
387
302
501
827
1108
722
474
515
731
685
798
898
753
676
421
630
872
358
48
602
251
-213
-178
-477
-310
-482
-947
-475
-831
-1364
-1373
-1183
-1219
-1529
-1662
-1411
-1428
-1715
-1633
-1576
-1352
-1456
-1251
-708
-619
-785
-415
-198
28
355
467
824
1007
808
1241
1595
1516
1611
1690
1843
1871
1952
1976
2188
2081
1924
1936
1821
1833
1645
1829
1814
1807
1548
1483
1467
1447
1622
1147
1225
-153
1105
1660
1337
1103
-504
298
638
705
650
484
-429
-923
-770
164
132
-1017
-2347
-1824
-1520
-1230
-1337
-1729
-1951
-2723
-2337
-1771
-1433
-2059
-2231
-2172
-1468
-1747
-1780
-1412
-1475
-1384
-1308
-1249
-1069
-968
-1005
-457
-485
-875
-611
-326
52
263
102
361
403
566
863
1109
1047
1041
1117
1289
1653
1651
1805
1790
1509
1613
1606
1792
1821
1655
1624
1648
1253
1245
861
907
1146
482
637
93
-97
-369
-271
-322
-605
-1315
-1635
-1490
-1467
-1378
-1451
-1863
-2285
-2465
-2406
-1885
-1950
-2031
-2127
-2090
-1879
-1541
-1252
-1033
-1183
-1130
-776
-361
-25
138
454
513
578
698
1024
1240
1430
1670
1653
1826
1888
1952
2368
2159
2277
2151
2323
2264
2445
2244
2304
2263
2304
2319
2066
1644
365
2144
1759
1919
950
-302
399
555
308
326
-342
-1330
-1775
-1563
-824
-1038
-2169
-3311
-2727
-2621
-2347
-2700
-2835
-3045
-3492
-3188
-2663
-2365
-2614
-2506
-2287
-1620
-1954
-1738
-1278
-974
-634
-550
-445
-23
243
378
1047
1166
920
1171
1332
1861
2315
2146
2216
2167
2184
2389
2566
2492
2472
2333
2169
2227
2134
2080
1877
1547
1339
993
814
620
541
337
-71
-475
-599
-841
-1002
-1285
-1366
-1784
-2138
-2054
-2544
-1841
-2220
-2474
-2451
-2716
-2517
-2154
-2063
-1803
-1979
-2307
-1933
-1443
-983
-956
-946
-995
-806
-474
308
545
514
355
508
1018
1253
1348
1571
1563
1378
1591
1577
1831
1667
1470
1565
1572
1275
1178
1290
1181
1136
900
782
707
532
562
737
663
534
207
363
147
516
219
594
-90
-447
1007
300
1046
-271
-277
411
561
461
760
410
-32
-292
43
609
431
-554
-787
-298
-278
-119
-707
-418
-839
-1045
-1007
-790
-985
-1216
-1568
-1141
-1060
-1747
-1559
-1651
-1678
-1620
-1958
-1985
-1582
-1766
-1533
-1174
-1539
-1566
-1330
-1231
-500
-538
-540
-369
-271
-2
365
650
809
840
790
1011
1355
1615
1800
1667
1752
1778
1626
1767
1619
1666
1640
1320
1274
1226
1034
988
821
585
400
84
-106
19
-71
-456
-433
-766
-907
-1103
-1118
-954
-1138
-1163
-1210
-1106
-1273
-1315
-1323
-1031
-1150
-1224
-1103
-905
-730
-651
-482
-330
-214
-294
44
448
666
706
859
1096
1260
1219
1246
1400
1515
1485
1521
1685
1678
1546
1405
1425
1373
1201
1067
975
988
892
906
787
725
461
388
349
481
564
480
542
236
645
-542
226
664
424
703
-560
-167
467
249
229
231
-273
-557
-847
-492
-61
-431
-1471
-1366
-1239
-1204
-1295
-1650
-1463
-1846
-2088
-2010
-1750
-1863
-2083
-2214
-1768
-1988
-2324
-2113
-1918
-1505
-1459
-1737
-1462
-1283
-1383
-920
-434
-343
-237
-399
-66
715
751
832
966
1245
1492
1629
1786
2101
2076
1827
2011
2207
2432
2261
2064
2144
2083
1707
1626
1681
1532
1153
765
848
826
397
-111
-357
-561
-812
-945
-815
-995
-1508
-1828
-1822
-1660
-1837
-2026
-1966
-1885
-1869
-1740
-1487
-1440
-1561
-1582
-1173
-698
-657
-624
-297
-236
-44
210
482
569
364
406
907
1250
1045
991
1045
1140
1158
1216
1394
1394
1131
968
1079
1150
920
800
706
625
438
293
298
262
194
-98
0
-46
-39
38
56
99
30
41
199
448
515
469
754
846
1172
1147
1421
1130
682
1749
1614
2327
1565
1190
1591
1665
1495
1535
1186
796
379
186
593
471
-438
-1164
-1249
-1485
-1430
-1833
-1918
-2165
-2788
-3173
-2963
-2863
-3019
-3355
-3301
-3059
-3225
-3198
-2981
-2612
-2376
-2547
-2367
-1803
-1573
-1254
-783
-601
-359
-158
-16
780
948
1096
1377
1592
1739
1812
1816
2178
2420
2190
2148
1980
2011
1912
1829
1836
1718
1205
931
902
963
723
326
72
-161
-424
-602
-497
-500
-804
-1290
-1493
-1346
-1374
-1267
-1316
-1352
-1337
-1394
-1133
-835
-850
-803
-701
-515
-320
-253
108
437
517
396
534
702
998
988
1062
1168
1272
1197
1208
1397
1253
1120
930
978
1122
1035
788
714
516
373
277
192
78
-156
-284
-300
-321
-404
-563
-548
-473
-558
-559
-557
-368
-252
-197
-113
-43
58
121
372
485
573
605
755
823
910
805
1015
1029
1119
1025
1106
1149
1171
1044
465
1098
798
1081
633
388
534
402
-4
-67
-236
-399
-635
-1024
-812
-1088
-1491
-1615
-1385
-1412
-1561
-1957
-1883
-1712
-1750
-1684
-1474
-1523
-1500
-1565
-1207
-834
-1047
-991
-849
-413
-192
-201
-195
-42
-25
78
377
549
466
303
187
647
806
723
631
549
562
574
594
755
756
424
376
443
471
401
212
201
274
77
-45
-34
12
-38
-81
-11
-42
-226
-409
-238
13
20
-135
-136
-181
-268
-242
-119
142
27
-187
-166
-5
-14
1
-157
-50
-372
-537
-34
-58
163
-323
-539
-444
-405
-179
80
-92
-365
-665
-537
-9
-18
0
-122
-219
-217
-109
25
424
481
291
387
441
576
701
773
967
1060
881
949
1081
1215
1271
1126
1073
1020
1035
1082
1187
1080
936
803
719
776
613
620
616
444
231
59
91
272
246
79
34
-92
-307
-356
-185
-44
-169
-493
-652
-417
-375
-462
-511
-655
-807
-1009
-957
-659
-681
-912
-1162
-1109
-953
-1086
-1071
-1023
-1044
-1257
-1263
-1081
-1046
-1097
-1133
-1025
-948
-1128
-1243
-1031
-878
-886
-926
-874
-783
-801
-820
-723
-527
-580
-538
-334
-104
34
-28
-13
209
396
597
740
893
1012
1033
1225
1348
1394
1409
1523
1633
1651
1522
1473
1603
1651
1608
1575
1458
1377
1213
1166
1277
1199
970
667
527
555
461
193
97
-156
-377
-467
-440
-380
-629
-884
-1051
-1158
-1300
-1263
-1215
-1176
-1380
-1504
-1409
-1349
-1373
-1495
-1484
-1402
-1341
-1206
-975
-939
-1024
-1062
-891
-631
-505
-463
-294
-153
-38
101
199
313
263
366
645
788
806
767
905
994
957
941
1033
1090
984
953
1076
1127
1085
935
904
858
606
553
687
847
757
522
389
424
377
318
459
562
459
307
215
234
294
137
228
185
61
-26
-188
-26
36
-130
-258
-364
-533
-530
-574
-466
-422
-656
-803
-797
-716
-564
-558
-608
-579
-632
-556
-406
-332
-204
-214
-287
-232
-207
-29
69
30
41
70
106
176
235
188
179
93
66
140
48
77
108
2
-112
-298
-400
-325
-345
-442
-463
-642
-782
-819
-790
-652
-657
-711
-771
-826
-821
-706
-532
-402
-420
-382
-290
-111
-8
62
184
248
380
498
693
830
854
939
923
1038
1063
1099
1047
942
924
917
989
929
761
588
427
276
246
245
288
-77
-138
-308
-317
-282
-493
-519
-633
-643
-684
-591
-566
-572
-576
-584
-441
-449
-282
-232
-141
-97
-186
-58
53
247
352
438
411
510
537
691
869
816
832
773
897
1017
1033
1064
1034
989
918
881
982
963
781
612
592
578
454
248
88
-43
-137
-340
-346
-526
-838
-948
-1043
-982
-1078
-1336
-1507
-1649
-1714
-1579
-1383
-1335
-1488
-1631
-1625
-1391
-1312
-1166
-1091
-1075
-871
-877
-701
-482
-359
-253
-120
21
138
154
244
408
542
633
695
795
880
905
857
950
952
963
1135
1202
1298
1309
1177
1220
1204
1180
1266
1321
1363
1260
1017
978
1077
1058
1013
902
790
705
567
486
479
350
251
164
41
-43
-262
-490
-590
-617
-726
-826
-1005
-1180
-1248
-1358
-1332
-1470
-1643
-1800
-1833
-1683
-1596
-1583
-1664
-1751
-1776
-1645
-1702
-1463
-1267
-1255
-1192
-1206
-1093
-937
-805
-619
-432
-420
-361
-242
43
274
355
444
565
653
812
947
1059
1224
1224
1354
1459
1483
1433
1380
1418
1494
1493
1405
1335
1263
1176
1108
1066
974
859
734
794
752
648
472
311
344
320
324
270
287
186
16
-22
26
95
139
126
-6
-58
-117
-24
99
181
136
-30
-89
-40
30
69
154
182
130
52
-23
78
161
62
-20
-62
-11
-10
-96
-182
-243
-373
-488
-551
-593
-591
-635
-680
-805
-1002
-1105
-1038
-1059
-1155
-1241
-1322
-1251
-1233
-1221
-1252
-1347
-1381
-1341
-1186
-1063
-1025
-967
-1012
-993
-946
-814
-564
-424
-369
-353
-365
-242
-85
-68
124
198
196
248
304
401
477
505
552
672
729
727
826
939
1014
1072
1108
1175
1157
1286
1378
1431
1434
1344
1430
1533
1615
1566
1452
1323
1293
1319
1430
1399
1209
1037
859
806
821
816
629
442
198
122
102
-28
-205
-304
-314
-572
-824
-908
-795
-859
-1006
-1229
-1281
-1337
-1388
-1311
-1196
-1216
-1419
-1465
-1382
-1288
-1390
-1240
-1133
-1180
-1237
-1152
-910
-776
-865
-849
-590
-453
-455
-335
-218
-173
-182
-151
145
214
111
21
130
296
339
336
304
296
212
244
405
523
432
384
447
558
589
532
607
678
704
764
938
991
929
835
821
948
998
1102
1209
1174
1058
947
916
1086
1116
1025
893
713
651
707
712
564
409
155
65
-31
-152
-214
-376
-477
-569
-672
-747
-922
-1084
-1184
-1287
-1351
-1382
-1401
-1422
-1452
-1515
-1597
-1598
-1536
-1455
-1405
-1386
-1297
-1245
-1112
-923
-832
-778
-773
-739
-588
-354
-224
-79
-15
27
80
71
211
306
325
329
377
418
444
356
417
517
527
449
393
365
358
437
426
469
402
332
344
452
454
434
403
461
545
576
729
855
873
822
833
887
1017
1078
1116
1158
1190
1223
1314
1396
1420
1366
1279
1251
1239
1237
1253
1245
1139
1008
806
697
582
465
380
274
157
-38
-215
-306
-363
-480
-659
-861
-961
-1038
-1110
-1176
-1207
-1336
-1438
-1513
-1568
-1549
-1581
-1565
-1542
-1514
-1526
-1481
-1419
-1405
-1299
-1234
-1166
-1096
-1027
-937
-865
-734
-695
-655
-572
-410
-320
-266
-274
-286
-184
-81
-19
-2
-19
-36
11
76
126
145
121
125
168
166
235
270
268
333
372
411
477
536
472
552
633
705
768
710
808
832
962
1071
1133
1167
1084
1084
1196
1334
1341
1294
1267
1250
1255
1224
1170
1094
966
932
891
841
712
567
461
281
140
13
-89
-193
-352
-570
-693
-873
-960
-940
-1051
-1183
-1393
-1486
-1455
-1414
-1414
-1497
-1549
-1574
-1512
-1420
-1272
-1272
-1312
-1184
-1077
-988
-952
-890
-712
-590
-561
-467
-426
-371
-328
-205
-74
-1
-46
-41
77
142
179
135
165
210
261
338
411
421
383
424
554
704
738
699
745
843
947
1023
1113
1116
1091
1108
1124
1203
1212
1236
1225
1226
1172
1110
1232
1174
1180
1079
946
946
852
915
893
758
575
397
308
222
124
19
-99
-249
-345
-413
-546
-644
-816
-960
-1027
-1120
-1060
-969
-1045
-1122
-1253
-1305
-1237
-1108
-974
-882
-946
-1008
-1017
-888
-684
-587
-502
-545
-577
-565
-371
-263
-190
-215
-330
-304
-357
-262
-178
-154
-239
-438
-557
-513
-400
-389
-424
-528
-611
-637
-609
-518
-470
-518
-497
-468
-280
-71
-80
-21
5
15
196
456
669
816
819
892
1068
1191
1368
1521
1590
1613
1585
1664
1843
1906
1889
1756
1651
1562
1547
1594
1567
1410
1208
1002
839
775
631
512
329
151
-53
-177
-283
-386
-548
-839
-954
-1035
-1052
-1107
-1244
-1393
-1526
-1630
-1569
-1449
-1462
-1529
-1581
-1546
-1420
-1275
-1201
-1072
-1050
-954
-908
-808
-634
-471
-338
-360
-334
-276
-187
-83
41
-14
-145
-128
-71
37
159
18
-65
-143
-180
-58
43
66
53
-33
-73
1
67
185
192
180
236
395
531
649
696
687
705
816
984
1074
1148
1168
1195
1251
1193
1216
1271
1293
1306
1256
1211
1104
1127
1113
1039
962
823
714
627
527
536
496
218
19
-137
-141
-129
-262
-422
-555
-709
-853
-860
-906
-954
-1034
-1136
-1190
-1222
-1246
-1237
-1266
-1344
-1328
-1299
-1205
-1094
-1004
-998
-1046
-1075
-991
-768
-619
-553
-541
-566
-496
-321
-181
-84
-98
-167
-178
-103
17
115
140
26
-56
-63
31
109
121
84
18
59
84
152
178
216
247
158
121
218
357
405
338
304
364
484
551
648
703
644
653
653
722
747
834
875
872
831
781
829
802
796
691
659
660
631
677
668
502
356
317
272
237
187
112
77
40
-33
-89
-144
-97
-163
-322
-320
-326
-345
-321
-385
-453
-411
-475
-538
-453
-428
-501
-510
-539
-565
-485
-394
-358
-446
-557
-608
-578
-498
-453
-422
-399
-551
-627
-544
-399
-302
-403
-435
-437
-394
-302
-184
-145
-218
-231
-185
11
124
61
50
101
156
217
366
447
375
361
314
370
547
623
582
592
619
553
556
636
664
647
621
472
279
323
416
406
295
123
-61
-56
39
49
36
-140
-309
-330
-266
-230
-285
-352
-418
-409
-402
-371
-226
-242
-288
-373
-314
-210
-89
42
75
80
-18
-50
40
180
249
266
195
182
214
202
246
230
66
-44
-27
-11
-2
-77
-197
-349
-500
-585
-627
-615
-708
-821
-828
-875
-943
-970
-990
-1017
-1027
-971
-879
-849
-769
-698
-592
-497
-397
-222
-72
45
100
294
507
664
827
970
1052
1131
1257
1360
1540
1618
1619
1705
1738
1728
1733
1744
1738
1631
1503
1371
1354
1320
1179
1019
801
647
511
367
238
81
-86
-252
-366
-493
-617
-708
-763
-873
-1011
-1082
-1127
-1069
-1042
-1010
-986
-1019
-1033
-998
-833
-723
-700
-751
-725
-570
-433
-394
-385
-388
-336
-211
-102
-14
-8
-57
-21
-3
-13
104
120
163
26
-94
-77
-75
-65
-152
-206
-301
-375
-401
-392
-396
-463
-586
-650
-616
-584
-477
-444
-501
-589
-536
-305
-136
-48
-82
9
96
200
348
472
583
628
664
686
739
774
783
864
860
824
799
804
824
812
732
625
551
451
430
422
427
349
181
80
42
17
-17
-62
-113
-177
-233
-204
-149
-145
-212
-266
-284
-323
-263
-168
-102
-133
-241
-254
-167
-99
-72
-30
-20
-78
-108
-106
-42
-45
-67
-87
-186
-216
-228
-186
-182
-321
-464
-484
-451
-458
-471
-558
-593
-666
-731
-648
-577
-591
-618
-605
-526
-430
-364
-291
-212
-185
-71
75
210
249
232
312
379
516
596
633
658
620
643
704
781
793
792
802
754
722
678
693
668
539
389
369
317
251
195
107
11
-66
-85
-134
-166
-268
-317
-273
-268
-295
-335
-301
-281
-251
-227
-227
-247
-221
-98
-49
-44
-137
-101
-18
80
144
146
105
-4
45
119
205
202
174
173
152
74
42
62
38
-55
-176
-229
-183
-193
-272
-342
-445
-561
-580
-505
-480
-535
-573
-557
-546
-549
-537
-542
-527
-548
-531
-384
-282
-253
-282
-273
-254
-240
-102
21
67
25
68
205
260
270
242
267
272
199
219
370
462
413
307
226
225
240
336
346
302
251
211
271
278
211
179
230
226
163
153
110
118
138
151
160
114
76
60
150
200
173
133
75
96
130
217
290
259
174
94
145
252
258
209
123
70
86
130
160
118
-4
-160
-224
-216
-201
-183
-217
-318
-411
-416
-396
-397
-369
-403
-416
-393
-390
-291
-191
-162
-184
-211
-167
-30
98
195
203
179
198
226
309
418
511
528
468
405
418
492
589
561
475
382
373
422
432
337
249
166
94
66
-19
-48
-114
-210
-344
-440
-478
-463
-486
-581
-613
-649
-700
-723
-717
-726
-743
-796
-757
-640
-579
-553
-570
-509
-452
-354
-208
-105
-3
57
107
271
380
449
595
661
665
670
676
751
845
840
805
740
689
582
524
527
486
421
264
200
192
108
-10
-154
-236
-278
-335
-367
-419
-530
-637
-687
-687
-715
-799
-811
-766
-708
-650
-614
-563
-505
-468
-413
-305
-205
-98
-19
102
170
257
291
292
372
383
458
528
544
553
577
570
564
531
527
569
549
493
470
415
392
367
300
270
182
130
154
137
70
12
-60
-54
-40
-99
-95
-145
-184
-141
-122
-120
-143
-189
-181
-178
-164
-42
11
31
38
47
131
171
194
229
269
248
255
337
408
417
303
216
214
245
210
207
187
107
69
-1
-29
-91
-167
-240
-314
-392
-443
-421
-472
-546
-666
-694
-656
-694
-706
-751
-810
-779
-748
-656
-603
-585
-623
-586
-528
-505
-359
-302
-210
-165
-136
-114
-79
-36
46
181
216
246
244
284
324
345
394
427
445
443
453
484
473
400
370
361
341
324
333
339
303
209
125
118
82
125
186
229
227
195
200
204
188
118
143
193
260
297
292
244
132
31
37
137
165
149
58
12
4
24
42
21
-18
-72
-67
-86
-49
-65
-73
-109
-235
-290
-333
-331
-343
-383
-425
-415
-431
-473
-462
-487
-495
-466
-444
-454
-418
-362
-324
-282
-333
-324
-280
-274
-236
-174
-87
-28
-28
-40
-4
89
104
108
140
137
213
322
362
359
253
157
184
222
290
342
335
284
225
227
290
316
292
267
250
289
357
394
373
239
109
107
171
242
227
175
84
-7
-49
-51
-33
-58
-108
-143
-141
-154
-168
-178
-232
-316
-352
-376
-356
-308
-328
-321
-413
-512
-498
-431
-331
-327
-355
-353
-355
-312
-251
-128
-111
-158
-167
-111
23
105
142
154
110
85
156
283
334
302
236
275
344
358
339
356
351
330
314
324
316
248
174
123
88
-1
-54
-90
-111
-188
-296
-355
-379
-398
-440
-466
-471
-492
-519
-509
-470
-453
-419
-418
-409
-344
-290
-232
-172
-120
-47
65
153
234
315
380
503
661
745
797
869
919
1009
1114
1179
1251
1255
1186
1124
1106
1154
1194
1155
1031
919
859
805
774
697
587
459
345
295
204
111
6
-134
-215
-334
-445
-560
-670
-767
-805
-810
-841
-894
-950
-945
-953
-990
-1022
-956
-855
-779
-761
-744
-699
-657
-627
-589
-538
-508
-465
-413
-302
-291
-329
-328
-319
-287
-271
-231
-178
-153
-145
-157
-167
-203
-257
-256
-208
-178
-167
-192
-280
-333
-341
-290
-246
-218
-227
-194
-139
-84
-32
-3
28
59
165
257
335
418
469
543
601
590
623
659
732
768
787
804
789
790
790
826
751
621
567
593
659
594
449
353
252
186
140
63
15
-100
-203
-218
-242
-326
-458
-540
-561
-556
-533
-546
-559
-640
-681
-650
-595
-572
-568
-544
-495
-439
-457
-403
-334
-321
-312
-291
-261
-192
-115
-66
-23
-41
-52
-4
91
146
109
96
88
153
275
319
311
227
171
186
274
363
366
309
249
256
313
397
417
379
336
293
324
389
436
444
454
421
396
413
446
526
525
466
371
305
325
415
491
490
371
216
168
199
252
265
193
120
54
-4
-25
-19
-45
-153
-268
-428
-455
-418
-380
-401
-524
-670
-759
-736
-715
-700
-689
-700
-695
-677
-669
-625
-607
-642
-636
-576
-499
-417
-414
-426
-416
-396
-334
-323
-229
-134
-123
-105
-116
-87
5
43
82
179
205
192
191
176
230
250
202
180
160
163
176
194
157
105
89
96
115
83
40
16
1
21
32
28
28
-43
-47
-20
-37
-31
-70
-96
-87
-137
-107
-15
1
-33
-79
-64
-59
-25
33
94
124
