-84
-72
-58
-48
-40
-27
-20
-12
-11
-9
-17
-24
-29
-34
-42
-56
-56
-58
-55
-56
-53
-46
-40
-37
-40
-44
-45
-47
-51
-50
-51
-44
-47
-46
-39
-38
-27
-21
-19
-21
-29
-35
-42
-53
-65
-69
-82
-91
-99
-103
-100
-96
-84
-71
-56
-47
-44
-37
-27
-23
-20
-19
-17
-15
-18
-25
-34
-33
-25
-15
-4
4
7
9
19
29
31
29
28
27
27
26
21
13
11
17
25
31
30
25
22
17
16
14
7
-5
-20
-34
-44
-54
-63
-66
-60
-52
-45
-35
-32
-21
-9
3
18
26
32
25
19
14
8
3
-6
-12
-10
-6
4
14
32
45
54
68
77
80
70
66
65
62
61
63
48
38
29
21
15
7
6
6
8
11
10
0
-8
-14
-20
-20
-27
-27
-28
-22
-5
10
24
43
64
84
100
105
107
104
94
86
70
57
44
31
25
26
30
29
27
27
32
37
44
49
59
70
79
83
83
76
68
61
49
35
23
15
5
-1
-4
-7
-10
-15
-19
-10
-8
-8
-4
-1
11
16
27
39
48
54
55
56
53
55
56
53
50
49
53
55
60
60
57
57
56
61
62
67
69
71
70
66
63
48
32
9
-5
-19
-29
-40
-46
-47
-45
-45
-48
-49
-53
-56
-53
-48
-48
-45
-38
-30
-21
-10
-3
-1
-5
-10
-19
-26
-30
-30
-25
-18
-13
-11
-2
2
3
0
1
6
4
-2
-10
-13
-13
-7
-1
4
5
8
13
16
15
13
10
8
6
0
-4
-14
-23
-28
-36
-41
-49
-53
-55
-55
-56
-58
-56
-52
-44
-40
-44
-52
-54
-54
-56
-49
-45
-39
-40
-37
-37
-39
-43
-51
-53
-58
-62
-73
-81
-92
-96
-93
-89
-87
-94
-96
-98
-90
-82
-74
-66
-55
-39
-35
-29
-33
-38
-46
-47
-39
-40
-39
-37
-27
-16
-7
-6
-8
-10
-20
-28
-33
-31
-34
-30
-26
-23
-16
-15
-11
-7
-1
5
9
14
11
5
-4
-10
-15
-19
-22
-23
-18
-16
-16
-12
-2
7
19
31
46
51
58
68
71
71
62
58
55
50
42
36
31
27
28
32
30
28
26
28
27
33
35
37
40
40
41
40
38
37
34
34
40
44
41
32
22
9
-1
-9
-13
-15
-18
-16
-6
9
21
35
49
64
73
77
83
87
91
95
99
99
99
96
90
88
84
84
88
92
90
88
82
81
83
73
66
56
48
36
24
16
8
-2
-12
-20
-25
-30
-38
-44
-48
-50
-53
-55
-54
-54
-53
-55
-55
-51
-50
-54
-61
-65
-71
-72
-75
-74
-74
-71
-59
-47
-37
-31
-23
-13
-2
9
22
29
26
16
4
-9
-26
-42
-60
-77
-87
-97
-103
-109
-118
-120
-119
-117
-117
-118
-116
-108
-95
-83
-78
-71
-70
-66
-61
-57
-52
-48
-44
-39
-37
-36
-40
-41
-38
-36
-33
-30
-21
-16
-7
6
18
30
37
39
46
54
52
48
42
34
25
12
5
3
1
-4
-9
-8
-10
-16
-22
-33
-44
-54
-57
-55
-54
-52
-46
-40
-37
-34
-29
-22
-15
-6
6
20
35
45
53
61
70
77
75
72
69
69
73
68
63
59
55
52
50
48
41
39
43
46
49
52
55
62
70
79
89
92
97
100
108
108
106
96
79
69
57
47
35
23
18
15
17
25
35
42
46
49
50
51
53
51
48
42
41
37
34
30
24
23
17
10
5
-5
-17
-31
-43
-52
-63
-68
-74
-79
-78
-73
-66
-61
-53
-43
-36
-22
-13
-4
-1
-5
-4
-6
-11
-17
-24
-23
-22
-22
-21
-29
-33
-32
-24
-14
-10
-5
-6
-7
-7
-5
-7
-11
-14
-12
-7
-4
-1
1
0
-2
-11
-17
-29
-38
-38
-42
-44
-44
-40
-37
-30
-24
-12
1
14
26
37
47
48
41
35
30
28
24
29
33
38
47
50
53
56
56
56
53
49
44
37
32
22
6
-5
-17
-23
-23
-20
-19
-23
-23
-20
-17
-17
-19
-23
-30
-31
-32
-31
-30
-28
-22
-13
-2
6
15
18
18
22
25
26
23
21
22
25
23
23
23
29
36
45
56
64
73
76
80
72
59
43
22
8
-3
-8
-13
-14
-15
-8
7
23
33
38
39
38
36
31
23
8
-10
-21
-32
-35
-37
-40
-41
-43
-43
-46
-50
-55
-62
-65
-68
-75
-81
-93
-100
-106
-106
-98
-94
-88
-78
-67
-60
-57
-59
-65
-69
-71
-71
-75
-84
-88
-90
-88
-81
-70
-57
-48
-34
-16
7
16
20
23
18
19
16
14
12
7
8
11
16
18
18
20
18
19
18
16
9
7
2
-6
-18
-28
-34
-34
-29
-23
-15
-6
6
12
18
19
23
27
27
29
32
33
31
26
28
34
41
49
52
58
60
68
72
70
76
79
82
79
75
74
72
75
79
83
86
91
96
99
104
105
100
89
74
61
51
34
19
13
5
0
0
4
5
6
10
13
23
26
33
39
42
45
49
57
59
58
57
57
56
57
51
45
39
36
35
35
38
37
33
31
40
53
59
65
74
82
84
84
84
79
62
48
37
23
7
-11
-31
-49
-66
-80
-89
-100
-110
-116
-121
-125
-126
-129
-130
-131
-128
-123
-112
-103
-96
-87
-82
-72
-68
-71
-75
-76
-77
-81
-82
-81
-82
-86
-86
-83
-81
-81
-73
-65
-56
-48
-42
-30
-26
-23
-15
-13
-11
-17
-22
-26
-26
-28
-34
-33
-33
-32
-31
-33
-35
-44
-55
-63
-67
-71
-78
-83
-80
-71
-67
-58
-53
-46
-43
-33
-17
-4
2
3
9
11
13
15
15
7
0
-1
4
7
1
-11
-18
-14
-8
-8
-7
-2
3
17
26
35
41
50
64
81
98
103
111
127
137
135
132
127
126
122
117
106
94
85
78
82
90
90
90
91
85
75
57
39
23
13
5
6
19
27
34
37
39
38
19
-2
-17
-33
-52
-74
-86
-95
-101
-109
-107
-99
-94
-77
-49
-32
-24
-22
-18
-18
-27
-47
-58
-65
-60
-56
-47
-50
-58
-59
-67
-57
-63
-57
-60
-51
-38
-41
-42
-43
-24
-4
18
25
16
14
17
13
7
-34
-53
-59
-48
-47
-57
-53
-61
-45
-33
-21
-18
-7
4
22
21
9
-19
-36
-45
-68
-76
-82
-74
-70
-55
-53
-37
-37
-46
-45
-18
1
-4
-11
-4
18
27
46
41
49
50
58
67
49
16
-11
-12
-15
-16
-16
-12
3
28
46
60
66
70
61
40
21
5
0
-13
-25
-45
-51
-42
-21
2
-21
-50
-63
-46
-42
-51
-68
-87
-65
-16
61
106
117
111
128
154
191
203
176
149
140
158
164
146
115
105
114
153
185
210
213
221
238
263
280
261
233
193
184
189
199
188
192
178
166
153
144
131
122
109
80
74
44
26
5
-6
-39
-63
-95
-94
-102
-117
-135
-172
-184
-196
-194
-226
-239
-239
-224
-208
-228
-283
-331
-334
-299
-262
-246
-244
-210
-147
-92
-59
-82
-90
-98
-65
-47
-44
-56
-61
-40
19
71
104
123
140
199
225
240
166
76
-19
-82
-107
-133
-150
-159
-118
-34
65
111
113
102
100
124
123
68
-17
-120
-181
-209
-219
-221
-206
-166
-93
0
70
122
100
31
-26
-54
-88
-131
-217
-254
-238
-221
-149
-135
-102
-65
56
155
284
225
168
18
-61
-64
-153
-193
-1268
-1876
-2046
-1911
-1264
-2141
-3057
-2984
-2346
-652
200
-329
-1502
-2165
-2956
-2300
-2697
-3957
-4991
-5130
-4081
-2412
-1242
-1447
-866
-990
288
1291
1459
560
-224
-1570
-1519
-1727
-2145
-3570
-3331
-1916
-77
1843
1870
3321
2614
3972
4136
3177
2844
2158
2093
2257
2185
1854
2227
2177
2946
2937
2822
2834
3311
3325
3073
1678
908
155
-434
-261
-1593
-1587
-2277
-2237
-1978
-2544
-2948
-3489
-3903
-4153
-4705
-5638
-5622
-5790
-5937
-6158
-6481
-5849
-5475
-5015
-4524
-4182
-3205
-3134
-3380
-2941
-3193
-2834
-2672
-1991
-1548
-407
352
1358
2508
2790
3303
3409
3435
3446
3800
3629
4022
5106
5263
6141
6894
7399
8078
8997
9222
9853
10452
10745
11124
8694
7646
7088
6654
6960
5591
4320
4768
4792
4416
4885
5065
5913
5035
3962
3051
4052
4267
2567
2072
1525
1952
2403
2366
2723
4144
4533
4366
4736
5419
5929
5609
4608
3733
4382
4780
3908
3280
3396
2921
3508
3729
3553
4680
4948
4429
3753
3746
4348
3703
2530
1857
1848
2061
2413
2715
2805
3873
4275
3813
4374
4594
5006
4418
3618
3632
4029
4308
4463
4585
5079
6251
6703
7509
7628
8980
7645
6416
4673
1811
2724
129
-1649
-2791
-4838
-4723
-4479
-5461
-3806
-4343
-4499
-5681
-6865
-6823
-7669
-7953
-11359
-11666
-12719
-13635
-12802
-14138
-13103
-11815
-12044
-10515
-9627
-8561
-7981
-8776
-8996
-9077
-8698
-10489
-10091
-10800
-11341
-9900
-11151
-10418
-8487
-9295
-7586
-7320
-7634
-5569
-6554
-6720
-7024
-7735
-8193
-8273
-9244
-9488
-8489
-8869
-7652
-6474
-6636
-4514
-3683
-4121
-1899
-2655
-2335
-1010
-2296
-724
-56
-269
1059
1935
2064
3104
1814
755
1907
586
-452
-1530
-4220
-4515
-4808
-6797
-5854
-6300
-7244
-6908
-7873
-7294
-6058
-6437
-7149
-7121
-8610
-7929
-7889
-9084
-8201
-8214
-8162
-6670
-5946
-4357
-2286
-2273
-674
209
1296
1868
2811
2219
2686
2729
1889
3329
2680
3174
4383
4414
6024
7604
8081
10060
9590
10169
10506
9838
9581
9092
8881
7880
7647
7476
8688
9357
10056
11244
12487
12771
13654
14195
13557
14526
12711
11778
10168
7016
7413
5054
3349
1878
-1108
-601
-1703
-2349
-2103
-2429
-2427
-3826
-3445
-4099
-4453
-5125
-7706
-7570
-10557
-10245
-10702
-12632
-11693
-12660
-11606
-10922
-10342
-8206
-7357
-6265
-5569
-4484
-3297
-3399
-2988
-3288
-2853
-2862
-3087
-1257
-1233
518
1570
3805
6696
8484
11112
12879
14113
15750
16404
17335
17054
16823
16778
16094
16990
16798
18691
18851
19361
21322
21886
24077
23480
22911
22620
19038
18600
16423
13123
10978
5717
4129
1694
399
-365
-1303
-1958
-2889
-2505
-2065
-1560
-1459
-3658
-4519
-7504
-9469
-10453
-14509
-16228
-19580
-21147
-21430
-22342
-20840
-20153
-19107
-17870
-15907
-13963
-13096
-12423
-13942
-13667
-14153
-15887
-15829
-18853
-19420
-20337
-20470
-18154
-17349
-15469
-13839
-12052
-8845
-6115
-2901
-1523
300
968
1658
3432
2934
4931
3953
4639
6045
7112
10297
12238
13485
15107
14111
16384
16747
15515
14288
9584
8404
5841
5550
4291
3823
3548
2742
3093
3405
4274
4685
2609
2194
702
638
1094
-2025
-3119
-6716
-7851
-9382
-10562
-10323
-11263
-11049
-11489
-9580
-8241
-6389
-5445
-6675
-4851
-5678
-4424
-3738
-6003
-5519
-8106
-7815
-6680
-6542
-4497
-4191
-2095
652
4048
7643
10157
12844
13565
15778
16672
17554
18325
16248
15977
14135
13228
14374
12545
11723
9872
5491
6636
5362
4205
3239
-797
-1062
-2048
-2607
-3097
-4047
-5726
-6710
-7222
-7321
-5033
-4687
-6027
-5174
-6661
-3737
-2641
-3586
-2370
-4450
-3073
-2493
-1892
-522
116
-40
606
2619
4311
7055
7606
6907
8860
9887
11309
12998
11276
12376
11261
11169
12667
11986
12149
11162
10479
11565
12712
12644
12832
12326
11441
12392
11466
11935
11447
8978
9508
7686
8074
8657
7194
6765
3792
1860
2507
1392
-57
-3288
-6251
-8073
-7877
-9492
-11014
-12086
-14548
-14249
-15643
-14864
-13774
-15145
-16288
-16989
-16964
-14864
-14788
-16352
-17049
-17701
-16361
-15420
-14772
-13960
-12915
-12619
-10153
-7281
-4757
-2027
-1707
-1098
1075
2255
3677
3079
1834
1596
407
1063
1369
1199
562
857
1442
3562
5191
5811
7217
7473
9417
10629
11145
11794
11463
11032
11210
10734
10867
10406
9622
8362
5604
6072
6063
4285
2621
-573
-1173
-1742
-2629
-3967
-5748
-6495
-7002
-7400
-7813
-7516
-7703
-9695
-9672
-10454
-9448
-9255
-11314
-12097
-13221
-11882
-11376
-12089
-12056
-11566
-10658
-9620
-7477
-6131
-4382
-3804
-2852
-865
48
1869
1141
1009
1116
1048
1216
1107
599
13
-369
527
1484
2159
2877
3831
4788
6216
8217
9022
10754
10776
11657
13177
13305
13943
13841
13242
13714
13006
9710
11020
9025
7544
6254
2578
2849
1510
-580
-1610
-3552
-4466
-4004
-6054
-6599
-6708
-7597
-8385
-8650
-10629
-9504
-10495
-12173
-11634
-13364
-11099
-11048
-11617
-10068
-8188
-6891
-4297
-3284
-662
1712
2809
4898
6509
6889
8131
8159
7017
8430
6172
6562
5418
4388
4583
3907
4254
4821
4681
5718
6991
7287
8718
9772
10734
11894
12300
13891
15501
15545
16937
17527
17961
19340
17887
15577
16250
13822
12139
9472
4668
3739
100
-3414
-5707
-9824
-11477
-13309
-16612
-17938
-18977
-20618
-21643
-23210
-24909
-23658
-25815
-26345
-26728
-28174
-25853
-26701
-26656
-25276
-24054
-22299
-20448
-19492
-16588
-14664
-13345
-11404
-9962
-8820
-7379
-7325
-7075
-6209
-6804
-5970
-6608
-6164
-5612
-5417
-4005
-2906
-1810
-77
1309
3204
4765
6545
8217
9236
10620
11771
13562
13607
14360
15147
15285
16609
14564
13555
14178
12433
12117
9646
7759
7636
5987
4394
3377
2085
1842
1498
-229
-391
-202
-1402
-1108
-2904
-3568
-2666
-4934
-4836
-6292
-6515
-5372
-6577
-6437
-5417
-3933
-2569
-985
-169
3071
4563
6267
8477
9388
10780
11518
11617
12445
12300
11715
11931
10954
11514
11308
11683
12456
13033
13847
15479
16743
17868
19350
20372
21748
22322
22429
23671
23890
22681
22960
21907
21094
20453
15722
15288
13335
10082
8608
4136
2031
989
-2205
-4243
-5543
-8205
-7395
-9276
-11158
-10432
-12019
-12572
-12662
-15934
-14947
-15973
-18422
-17917
-20494
-19344
-19287
-20981
-19775
-18378
-17447
-15236
-14435
-12875
-9054
-8553
-6282
-4207
-4332
-1242
-1880
-1404
-33
-1269
-262
-684
-1392
-140
-318
124
1420
1675
3322
5536
5923
8474
9817
11327
14029
14162
15788
17419
17812
18399
18415
18643
18522
18095
14516
13851
12961
9832
8972
3973
2594
1402
-1523
-3460
-5317
-7387
-7029
-8879
-11010
-10403
-12149
-12911
-13381
-16960
-16160
-17595
-20245
-19964
-23370
-22352
-22710
-24860
-23647
-23034
-21975
-20009
-19705
-17907
-14112
-13614
-11045
-9475
-9306
-6187
-6337
-6072
-4467
-6071
-4965
-5108
-6021
-4379
-5051
-4503
-3081
-2811
-897
1442
1788
4368
6104
7932
11044
10824
13203
14979
15309
17105
16439
17637
17831
17647
15291
14407
14310
12019
11296
7268
6296
5158
3159
1784
76
-893
-548
-1498
-3093
-2497
-2726
-3406
-3502
-6529
-5635
-6599
-8892
-8602
-12098
-11080
-11751
-13226
-12507
-12041
-10918
-9218
-8815
-6895
-3368
-3034
166
427
1470
4112
3648
4259
4527
3240
4531
3354
2693
3756
2336
3445
3786
3907
5869
6883
7672
9928
10505
13012
14780
14564
16809
17440
18557
19234
18437
19464
19353
18692
16461
14581
14364
12106
10527
6637
4507
3490
1026
-769
-2979
-4179
-4292
-5372
-7017
-6702
-7349
-7710
-8200
-11088
-10159
-11506
-12738
-13487
-16375
-15422
-16313
-17427
-17230
-17172
-15664
-14517
-14026
-12040
-9270
-7843
-5386
-4374
-3132
-731
-329
671
629
365
801
413
-239
-327
-942
-802
-451
-495
660
2206
3021
4698
6215
8361
11286
11437
13691
15209
16324
18379
17425
18566
18580
18098
16325
14226
13417
11591
9900
6221
4249
2451
1116
-613
-2910
-3786
-4258
-4502
-5830
-6192
-6044
-6727
-7036
-9571
-9549
-10466
-12018
-12960
-16061
-15748
-16841
-17502
-18109
-18230
-17130
-15979
-15119
-13555
-11134
-9193
-6675
-5791
-4042
-2096
-934
-211
-331
-458
190
-252
-297
-906
-1033
-566
-385
357
1083
2825
4262
5759
7682
9786
12436
13848
15452
17037
18855
20186
20195
21178
20658
20721
18743
16869
15767
13748
11488
8426
5296
3929
2084
30
-2007
-3178
-4039
-3833
-5306
-5473
-5470
-6477
-6152
-8599
-8969
-9786
-11145
-12690
-14842
-15725
-16266
-16944
-17996
-17331
-17097
-15408
-14252
-12662
-10105
-8199
-5568
-4375
-2334
-661
744
1335
1408
1391
1539
1179
894
-135
-454
-346
-224
23
566
1756
3365
4350
5985
8462
9966
12472
13417
15144
17011
18605
19002
19726
19509
19482
18785
15964
15654
13141
11306
8622
5365
3373
1953
-469
-2136
-3788
-4832
-3880
-5360
-5354
-5272
-5718
-5393
-6589
-7909
-8035
-9829
-10988
-12984
-14905
-15435
-16375
-17665
-17801
-17610
-16677
-14872
-14131
-11247
-9474
-7085
-4749
-2974
-1108
303
1350
1349
1737
1307
1492
403
-572
-1008
-1438
-1562
-1350
-1159
-167
1363
2583
4492
6365
8801
11154
12415
14462
16219
17539
19184
18574
19774
19155
18289
17394
14733
14049
11984
8863
7100
3985
2663
1329
-1642
-2408
-3311
-4249
-3638
-5690
-5415
-5074
-6272
-6082
-8040
-8915
-9033
-11356
-12568
-14367
-15837
-15931
-17420
-17928
-17772
-17210
-15955
-14545
-13333
-10759
-8744
-6713
-4551
-2938
-932
12
791
1048
1347
1099
757
85
-765
-753
-1093
-1008
-806
-317
1123
2324
3604
5266
7301
9572
11026
12949
14340
16139
17636
18346
18213
19067
18928
18448
17048
14308
14718
12271
9955
8021
4711
3972
2233
-543
-1387
-3162
-3633
-3566
-6230
-5940
-5812
-6855
-6721
-8758
-9332
-8931
-11017
-11479
-13351
-14579
-14167
-15486
-16049
-15772
-15447
-14425
-13217
-12659
-9593
-8501
-6318
-4518
-3262
-828
132
994
1604
1976
1755
2155
970
1039
301
-189
110
-264
88
1075
1870
3102
4341
5894
8560
9898
11852
13363
15212
16962
18216
18667
19258
19699
19245
18028
15456
15811
13106
11083
8101
5294
4087
1875
-517
-2211
-4003
-4463
-4397
-6730
-6254
-6569
-6362
-6788
-8477
-8601
-8641
-10182
-11255
-13376
-14679
-14534
-16270
-16834
-17780
-17074
-16225
-15089
-14208
-11749
-9617
-7745
-4986
-3726
-1293
605
1452
2131
2589
2214
3028
1531
883
648
-692
-123
-551
-942
643
843
2409
4075
4764
8666
9244
11465
13824
14423
17478
18047
18328
19606
18794
19301
18977
14840
15467
13630
10889
9774
5338
4821
3298
224
-495
-2609
-3932
-2753
-5331
-5837
-5694
-6270
-5805
-7480
-9013
-8260
-9586
-10708
-11671
-14203
-14012
-14666
-15981
-16466
-16502
-15990
-14343
-14489
-12603
-10031
-8954
-6051
-4724
-3204
-612
3
1302
1963
1088
2370
1586
633
883
-728
-485
-369
-1342
111
121
1198
3120
3441
6246
8201
9443
12148
13227
14997
17169
17195
18774
18618
18762
18835
16473
14720
14485
11928
9901
7015
4353
3615
1098
-917
-2378
-4203
-4326
-4869
-6807
-6768
-6699
-7013
-7479
-9240
-9254
-8971
-10436
-11434
-13050
-14278
-13808
-15060
-16101
-16390
-16238
-14898
-14253
-13825
-11399
-9548
-7597
-5536
-4157
-1739
105
1059
1938
2140
2313
2904
2106
1215
639
-168
-64
-551
-1136
-315
46
1240
2538
3504
6188
7854
9426
11690
12973
15122
16758
16997
18271
18246
18660
18739
16424
15070
14555
12511
10380
8012
5321
4554
1955
-72
-1339
-3050
-3319
-3984
-6165
-5941
-5784
-6383
-6782
-8840
-8751
-8634
-10375
-11098
-12817
-14050
-13554
-15043
-15935
-15932
-15813
-14459
-14218
-13900
-11113
-9588
-7777
-5552
-4936
-2057
-373
475
1711
1396
1814
2842
1515
1360
828
-346
623
-723
-722
51
134
1844
2571
3099
6321
7453
9439
11525
11670
14879
15850
16274
18170
16928
18355
18681
15715
16142
13872
13063
11628
7858
6575
4938
2350
1389
-1525
-2865
-2958
-4847
-5277
-6506
-6483
-6316
-7401
-8312
-8486
-8606
-9477
-10463
-12048
-12870
-12946
-14114
-15041
-15636
-15638
-14477
-14596
-14071
-11832
-10580
-8497
-6345
-5521
-2286
-1077
308
1732
1385
2752
3032
2112
2121
1035
598
1013
-423
-247
-252
-47
1623
1664
2751
4965
6245
8243
9614
11348
13437
14834
15765
16823
17447
17953
18894
17804
15932
15193
14709
12848
10811
7943
6334
4840
2081
1007
-1313
-2570
-2911
-4866
-5814
-5753
-6153
-5964
-7617
-8509
-7667
-8728
-9187
-10595
-12478
-12473
-13236
-14366
-15123
-15973
-15089
-14906
-14934
-13389
-11581
-9818
-8341
-6419
-4683
-2464
-331
445
1064
1733
2313
2883
1798
1196
975
-184
377
-565
-925
-231
21
1214
1759
2848
5698
6985
8418
10656
12065
14429
15876
16859
17799
18188
19185
19530
17666
16422
15833
14405
12229
9569
7258
5431
3146
1065
-850
-2707
-3591
-4260
-6082
-6558
-6376
-6535
-7064
-8250
-8523
-8357
-9426
-10282
-11782
-13354
-13483
-14621
-16038
-16600
-16850
-16141
-16119
-15695
-13614
-11877
-10246
-8036
-6359
-3783
-1411
-212
1733
1819
3014
3926
3050
2882
2193
1232
1313
60
-435
-296
-922
497
558
1257
3358
4581
6465
8178
9541
12176
13757
14663
16312
16311
17907
18051
17781
17132
15249
14402
13821
10817
9681
6870
5069
3629
1006
115
-1368
-2963
-3384
-5094
-5713
-5363
-6345
-6650
-8011
-8681
-8381
-9542
-10397
-11763
-12958
-13484
-14241
-15342
-15713
-15738
-15665
-15420
-14869
-13266
-11489
-10082
-8701
-6541
-4589
-2236
-660
183
1410
2136
2897
3060
2365
2296
1611
968
841
55
112
122
182
888
1520
2969
4705
5632
7300
9089
11169
13041
13557
15694
15618
17452
17514
17725
17733
16497
15169
14432
13119
11036
10094
6455
5640
3187
1833
492
-1445
-3028
-3630
-5382
-5626
-5824
-7322
-7351
-8924
-9263
-9284
-10406
-11247
-12014
-13856
-13345
-14540
-15026
-15127
-15646
-15503
-14859
-14319
-12552
-11188
-10782
-7892
-7366
-4089
-3120
-1470
-30
534
1866
2671
2781
2872
2665
1685
2421
1210
1752
954
833
1396
1540
2559
3619
4639
5827
7167
8698
10623
11959
13404
14241
15317
16519
17085
17763
17490
16722
15164
14947
13878
11684
10249
7253
5527
3928
1393
391
-1940
-4244
-4260
-6943
-6598
-7136
-8413
-8394
-9877
-9993
-9069
-10756
-10780
-11678
-13302
-12290
-14073
-14004
-14557
-15374
-15121
-14786
-14502
-12486
-12037
-10666
-8801
-7451
-4087
-2896
-989
398
1806
2932
4028
4112
4400
3714
2903
3157
2237
1830
1000
606
606
1116
1416
2727
3260
4644
6335
7903
10217
11844
13161
14656
15835
17012
18553
17978
18626
17283
16274
15249
14600
12462
10503
7883
5422
4455
1707
725
-1598
-3489
-4503
-5210
-6391
-6177
-7498
-8059
-8368
-9733
-8713
-9927
-10949
-11785
-13189
-13629
-13826
-15305
-15319
-16293
-16486
-15397
-15078
-13704
-12267
-11610
-9181
-7369
-5214
-2321
-1816
467
1588
2569
4051
4305
3879
4146
2690
3266
2877
1529
1772
348
921
1359
1495
2559
3195
3941
5963
7047
9062
10847
11857
13634
14271
15813
16974
17022
17695
16731
16419
14714
14372
13715
10577
9304
6340
4774
3479
821
-503
-2212
-4953
-4207
-6483
-6826
-6723
-8752
-8133
-9536
-9794
-8782
-10812
-11226
-11791
-13340
-12490
-13865
-14457
-14514
-15541
-14677
-13932
-13737
-11923
-11361
-10069
-7628
-6288
-3690
-2074
-978
921
2099
2907
4353
4017
3861
3985
2680
3704
2479
1628
1312
424
907
1345
1002
2161
2687
3323
5842
6243
8805
10174
11089
13144
13976
15333
17075
16311
16925
17230
15589
15692
12999
13280
10504
8585
6646
4849
2880
1639
-640
-1805
-3779
-4376
-4742
-6813
-6551
-8023
-7938
-9129
-9640
-9724
-10665
-11781
-11870
-13144
-13211
-13738
-14505
-14299
-15408
-14194
-14086
-13324
-12487
-11159
-10195
-7950
-6566
-4423
-2958
-1741
608
1069
2614
2811
3741
3240
3425
2447
2817
1847
1454
848
182
775
655
1178
1327
2437
3403
4980
5787
7509
8945
10338
11496
12490
13832
14363
15225
15020
15323
14963
14594
12751
12597
10910
9452
8142
5454
4488
2374
941
-418
-2233
-4042
-3860
-6366
-6113
-7412
-8158
-8187
-9872
-9761
-10185
-11240
-11398
-11924
-13182
-12600
-13762
-13248
-13706
-13944
-13064
-12746
-12022
-10732
-9786
-8548
-6656
-5212
-3694
-2194
-491
751
2125
2191
3851
3837
3829
4192
3264
3370
3135
2139
2200
1346
1315
2227
983
2368
2623
3366
4589
5099
6482
8139
8728
10225
11035
11936
13253
13737
14351
14279
14860
14040
14323
11974
12727
11040
9640
8437
6350
5065
4035
1686
643
-1019
-3061
-2543
-5404
-5434
-6429
-7598
-7575
-8802
-9383
-9033
-10409
-10340
-10791
-12020
-11064
-12011
-12054
-12206
-12558
-11800
-11203
-11260
-9779
-9241
-7714
-6128
-4879
-3327
-1462
-217
1382
2759
2884
4950
4603
4842
4959
4257
4502
3822
2296
2580
1443
1165
1493
-22
1279
1211
1468
2983
2642
4477
5639
6087
7764
8097
9435
10803
10531
11901
12009
12355
13059
11533
11292
10958
10128
9420
7719
5953
5107
3344
1997
182
-1545
-2924
-3957
-5920
-6729
-7636
-8613
-9192
-10577
-10980
-11009
-11741
-12183
-12743
-13736
-13092
-13845
-14261
-14196
-15000
-14121
-14130
-13796
-12610
-11963
-10714
-8888
-8055
-5767
-4021
-2603
-407
274
2020
3088
3329
4004
3621
3149
3435
2335
1781
890
89
345
-519
-661
-225
-13
846
1483
2380
3834
4977
6328
7680
8453
10178
11370
12214
13137
14013
14889
15608
15613
15650
15491
14469
15305
13385
12918
11499
9991
8937
7311
5419
4714
1940
963
-345
-2552
-2662
-4608
-5530
-6485
-7859
-7862
-8463
-10016
-9698
-10934
-11017
-11021
-11782
-11308
-11731
-11629
-10915
-10643
-10009
-8633
-8458
-6844
-5878
-4379
-2698
-2119
-453
613
1346
2388
2820
2755
3172
2076
2378
1469
478
27
-1421
-1755
-2194
-2839
-2781
-2970
-2787
-1816
-1716
-301
546
1334
2814
3370
5240
5756
7011
7793
8259
9525
10132
10492
11510
11261
12050
11400
10613
12179
9490
10063
7965
6258
5748
3453
1748
644
-3287
-2984
-5476
-7673
-7495
-10414
-10150
-11547
-12729
-11864
-12892
-13332
-12376
-14054
-12714
-12816
-12951
-12114
-13055
-12029
-11516
-11380
-10587
-9858
-9602
-7794
-7249
-5620
-4326
-3296
-1380
-366
862
2291
3445
3727
4688
4260
5242
5077
4758
4425
3795
3725
3923
3334
3287
3637
3577
4794
4776
6048
7167
7826
9181
10201
11227
13121
13432
14357
15420
15622
17241
16958
17432
17660
17550
17208
16144
15715
15234
13507
12509
10069
8789
7441
5128
3750
824
-715
-1772
-4324
-5349
-7039
-8500
-8982
-10979
-11262
-11671
-12883
-12520
-13776
-14023
-13592
-14224
-13969
-14529
-14830
-14039
-14282
-13934
-13562
-13566
-12210
-11532
-10339
-9136
-7708
-6093
-4702
-2945
-1666
221
1151
1916
2596
2641
3541
3536
2368
2376
1519
1553
1413
-24
754
246
482
1375
1059
2284
3173
3375
4859
4837
6435
7670
7588
8761
9273
10366
11334
11525
12100
13151
13032
14353
14145
12205
13780
13017
11389
11751
8162
8286
6603
3141
3368
-491
-2812
-2404
-7478
-7671
-9318
-11918
-11030
-14939
-15184
-14137
-17153
-15941
-16872
-18422
-16332
-18158
-17485
-17100
-18657
-16490
-16859
-17440
-15171
-15706
-14062
-12829
-12469
-9695
-8432
-6942
-4229
-3337
-1151
1811
2272
4534
5254
5859
7678
7339
7236
7546
6127
6655
5906
4015
4734
3118
2859
2762
1394
2752
2589
2309
3686
3090
4756
5886
5779
7342
7727
8616
10310
9704
10988
11934
11686
13171
12537
13163
14278
12093
12656
12779
10592
11936
8761
7507
7155
3853
3983
1480
-2101
-1578
-5187
-6442
-7216
-10454
-9811
-11933
-13588
-12478
-14457
-14114
-13789
-15655
-14106
-14577
-14326
-13108
-14267
-13420
-12274
-12505
-10777
-10572
-9876
-7816
-7437
-5619
-3726
-2698
-475
1306
1846
4846
5774
7083
8702
7915
9560
10125
9133
9660
8107
7440
8056
5127
5620
4098
2909
3580
1572
1997
2556
1375
2838
1994
2513
4413
3263
4858
4781
5109
7003
6320
7518
7975
7908
9960
9559
10301
11877
11302
13452
12129
11921
14133
11734
12931
11545
9178
10089
7406
6283
5209
687
1664
-1230
-4071
-4024
-7149
-7286
-8653
-11128
-9788
-11258
-11689
-10672
-12744
-11470
-11244
-11404
-10874
-11683
-11246
-10125
-10882
-10178
-9649
-9890
-8557
-8376
-7452
-6345
-5306
-4317
-2600
-2158
-36
1524
1774
3610
3461
4675
5462
4533
4696
4055
2688
3363
554
-57
-811
-2924
-2532
-4663
-5028
-4323
-5863
-4728
-4920
-4906
-2636
-3125
-1835
-826
-567
1991
2026
2648
4376
4265
6055
6447
6922
8394
8752
9510
10368
10573
11870
11648
11203
12244
11203
11760
10840
9274
8683
7072
6015
4522
1750
682
-1069
-3387
-4467
-6390
-7307
-8577
-10060
-10171
-10954
-11274
-10999
-11596
-11728
-11434
-10978
-10752
-10898
-11004
-10279
-10326
-10139
-9719
-9729
-9238
-8719
-8143
-7403
-6376
-5348
-3879
-3120
-1735
687
1005
3135
3956
4674
6652
5959
6956
6724
5713
6677
4897
3450
4023
916
1769
-577
-1632
-821
-3277
-2291
-2814
-3781
-1978
-2507
-2188
-970
-1970
813
258
668
2578
2253
3737
4412
4524
6424
6411
7596
8684
8421
10167
10641
11343
11803
11483
11758
12548
11390
11637
10245
9190
8487
6701
5334
3467
1397
-339
-2325
-4946
-5904
-7960
-9608
-11265
-12810
-13174
-13876
-14813
-15007
-15284
-15490
-14680
-15018
-14448
-14053
-13968
-12996
-12830
-12258
-11050
-11033
-10035
-9162
-8298
-6600
-5733
-4474
-2679
-1615
566
2211
3307
5345
6040
7859
8772
9432
9826
10103
9659
9553
8719
7807
7176
5571
4612
3334
2416
1546
753
-439
-478
-964
-815
-548
-936
-27
371
1122
1983
2496
3593
4650
5043
6564
7039
8150
9277
9387
10920
11368
12197
13291
13133
14213
14846
14866
15937
14734
15058
15557
14133
14463
12675
11329
10854
8255
7038
5120
2045
1348
-1903
-3962
-5337
-7799
-8779
-10766
-12495
-12456
-13729
-14166
-14083
-15116
-14263
-14374
-14082
-13554
-13468
-12836
-12037
-11964
-11053
-10242
-9876
-8673
-8211
-7048
-5766
-4629
-3367
-1868
-946
1150
2553
3598
5420
6028
7613
8503
8929
9668
9741
9462
9595
8181
7728
6791
5062
4073
1860
883
-498
-2241
-3389
-4601
-5624
-5814
-6879
-6915
-7003
-6942
-6306
-6415
-5612
-4705
-4193
-3447
-2728
-1775
-482
-104
896
1724
2682
3662
4533
5226
6183
6993
7800
8445
8872
9745
10131
10316
10101
9991
10407
9704
9201
8122
6869
5957
4628
2788
1251
-1131
-2212
-4280
-6388
-7468
-9016
-10121
-11324
-12411
-12371
-12687
-13037
-12660
-12996
-12249
-11631
-11338
-10815
-10538
-9838
-9117
-8968
-8294
-7577
-7212
-6378
-5903
-4896
-3924
-2809
-1766
-530
679
2440
3923
5045
6496
7819
9175
10217
10969
11147
12087
11421
11610
10592
9564
8863
6999
5402
3858
1734
313
-1685
-4012
-4828
-6978
-7604
-8899
-10112
-9985
-10523
-10490
-10160
-10151
-9121
-8472
-8053
-6597
-6071
-4612
-3553
-2712
-1195
13
1095
2803
3508
5282
6702
7956
9460
10619
12034
13349
14122
15099
15969
16317
17123
16775
16755
15983
16060
14756
13689
12074
10286
8893
6528
4445
2435
-103
-1965
-3990
-6530
-7603
-9580
-10795
-11803
-13301
-12990
-13662
-14036
-13803
-14184
-13689
-13238
-13445
-12668
-12697
-12284
-11521
-11705
-10883
-10384
-10147
-9212
-8832
-7754
-6650
-5782
-4498
-3227
-1982
-139
1244
2519
4163
5354
6860
7891
8740
9546
10105
9864
10424
9638
9277
8783
7193
6420
4859
3643
2555
293
-942
-2057
-3906
-4324
-5975
-6788
-7136
-8142
-7725
-8175
-8110
-7065
-7205
-6411
-5401
-4794
-3347
-2923
-1800
-325
403
1967
2988
3715
5248
6138
7351
8293
9077
10382
11123
11711
12736
13163
13773
14044
14237
14388
14500
14495
14044
13457
12528
12435
10991
9636
8133
6192
4488
2414
25
-1750
-4313
-6255
-8087
-10405
-11436
-12694
-13944
-14435
-15218
-14946
-14766
-14889
-14159
-13895
-13352
-12328
-11889
-11157
-10289
-9850
-8807
-8511
-7748
-6821
-6493
-5733
-4981
-4085
-2995
-1770
-769
795
2000
3866
5513
6853
8582
10047
11347
12467
13516
14075
14728
14435
14379
13827
12985
12113
10852
8971
7586
5802
3755
2218
-250
-1743
-3498
-5529
-6465
-8124
-9274
-9740
-11105
-11118
-11358
-11698
-11042
-11435
-10753
-9767
-9725
-8439
-7955
-7140
-5625
-5213
-3687
-2443
-1491
317
1394
2748
4785
5779
7557
8957
10100
11991
12789
13860
14765
15071
15528
15893
15542
15862
15287
14956
14474
13362
12849
11354
10543
8784
7372
5544
3664
1814
-246
-2524
-4242
-6527
-8214
-9868
-11734
-12455
-13946
-14583
-15033
-15658
-15383
-15427
-15338
-14630
-14491
-13676
-12932
-12554
-11491
-11017
-10308
-9400
-8957
-8051
-7342
-6753
-5620
-4971
-3820
-2723
-1634
-400
913
2155
3577
4818
5953
7250
8149
9187
9854
10490
10667
11082
10770
10746
10195
9568
8917
7864
6925
5617
4701
3158
2097
410
-753
-1962
-3192
-4444
-5443
-6629
-7441
-8215
-9200
-9363
-10306
-10406
-10701
-10821
-10452
-10285
-9971
-9180
-8656
-7619
-6572
-5625
-4010
-2962
-1347
312
1816
3512
5034
6563
8241
9521
10937
12127
13067
13939
14560
14944
15298
15370
15121
14919
14375
13972
13326
12776
12104
11650
10676
10059
9250
7797
7202
5560
4291
2910
900
-559
-2205
-4508
-5733
-7981
-9536
-10609
-12660
-13220
-14259
-15076
-15143
-15621
-15433
-14731
-14765
-13649
-12898
-12178
-10686
-9920
-8711
-7456
-6654
-5451
-4462
-3813
-2608
-2080
-1289
-374
169
972
1918
2499
3428
4164
4797
5889
6288
7004
7784
8095
8566
8954
8834
9220
8913
8581
8477
7554
7170
6352
5232
4413
3369
1973
1243
-347
-1370
-2211
-3838
-4202
-5445
-6339
-6815
-7651
-8259
-8398
-9425
-9029
-9692
-9814
-9270
-9681
-9080
-8682
-8337
-7269
-6723
-5833
-4332
-3753
-2039
-887
279
2059
3125
4498
5933
6931
8419
9348
10154
11458
11941
12645
13207
13402
13683
13729
13362
13353
12643
12075
11419
10442
9678
9025
8076
7406
6673
5958
5400
4694
3862
2836
2409
998
400
-1147
-2565
-3459
-5280
-6638
-7936
-9778
-10562
-11977
-13415
-13564
-14739
-14811
-14896
-15430
-14489
-14306
-13702
-12552
-12025
-10826
-9422
-8733
-7151
-6214
-5266
-3871
-3370
-2290
-1361
-824
19
617
993
1923
2466
2849
3698
3940
4816
5495
5710
6517
7020
7214
7882
7890
8071
8523
7946
8057
7609
6969
6834
5811
4941
4321
3054
2219
1256
-131
-711
-1921
-2860
-3478
-4522
-4845
-5449
-5942
-6397
-6529
-6746
-6956
-7027
-7261
-7203
-7361
-7540
-7441
-7489
-7617
-7208
-7616
-6967
-6707
-6527
-5605
-5412
-4415
-3560
-2926
-1549
-555
350
2031
2783
4352
5611
6531
8121
8767
9817
10884
11222
11941
12155
11997
12275
11770
11406
10949
10059
9652
8788
7968
7555
6874
6461
5977
5630
5539
5177
5286
4604
4344
4379
3302
3367
2019
1101
606
-1150
-1993
-3185
-5133
-5461
-7464
-8614
-9118
-10688
-10816
-11509
-12309
-11586
-11954
-11505
-10604
-10581
-9225
-8371
-7701
-6347
-5634
-4770
-3643
-3340
-2380
-1712
-1409
-683
-356
-135
617
1150
1460
2386
2576
3622
4473
4875
6009
6678
7164
8173
8377
8825
9567
9122
9523
9070
8673
8610
7530
6654
5991
4540
3608
2426
901
109
-1404
-2505
-3413
-4518
-5117
-5672
-6451
-6623
-6700
-6945
-6621
-6645
-6448
-6056
-6023
-5781
-5274
-5461
-4996
-5011
-5224
-4623
-4930
-4804
-4492
-4841
-4131
-4051
-3959
-3000
-3017
-2282
-1471
-1324
-138
315
872
2039
2233
3261
4042
4361
5473
5784
6311
7210
7345
7849
8178
8032
8506
8266
8030
8143
7550
7298
6959
6370
6176
5891
5368
5506
5064
5123
5151
4903
5045
4445
4668
4066
3690
3059
1961
1191
132
-1349
-2343
-4090
-5293
-6479
-8398
-8942
-10203
-11114
-11508
-12411
-12362
-12278
-12423
-11617
-11330
-10733
-9440
-8922
-7628
-6489
-5655
-4303
-3488
-2542
-1458
-948
-105
457
657
1160
1618
1658
2064
2089
2375
2786
2854
3330
3769
4096
4720
5213
5459
6303
6453
6773
6956
6806
6980
6593
6045
5622
4818
3889
3184
1872
1018
-58
-1154
-2062
-3067
-3782
-4332
-4987
-5431
-5505
-5727
-5561
-5505
-5300
-4938
-4583
-4252
-3825
-3552
-3271
-2966
-3111
-2866
-2904
-3145
-3223
-3559
-3817
-3917
-4324
-4244
-4371
-4485
-4095
-3959
-3500
-2885
-2441
-1555
-780
-29
1065
1757
2743
3594
4243
5192
5910
6400
7022
7340
7763
8097
8073
8322
8242
8119
8005
7785
7589
7425
7059
6832
6675
6425
6341
6146
5978
5941
5818
5601
5666
5310
5084
4798
3983
3922
3011
2365
1701
482
-221
-1067
-2321
-2892
-4098
-4921
-5440
-6556
-6772
-7295
-7864
-7830
-8220
-8213
-7899
-7915
-7541
-7243
-7093
-6415
-6187
-5845
-5353
-5201
-4855
-4552
-4472
-4242
-4068
-4095
-3874
-3793
-3585
-3061
-2970
-2498
-1948
-1468
-650
108
706
1728
2421
3207
4087
4530
5386
5806
5971
6328
6357
6336
6287
5746
5375
4933
4215
3700
2841
2102
1507
675
-41
-524
-1161
-1578
-2017
-2423
-2507
-2700
-2816
-2814
-2939
-2927
-2824
-2934
-2846
-2850
-2993
-2943
-3100
-3163
-3136
-3420
-3373
-3483
-3661
-3519
-3641
-3614
-3496
-3587
-3236
-3047
-2910
-2433
-2305
-1821
-1394
-1178
-589
-282
83
517
677
1085
1374
1412
1717
1768
1972
2194
2210
2480
2733
2898
3251
3529
3909
4379
4655
5088
5543
5869
6243
6522
6709
6955
7049
7066
7106
6941
6852
6658
6270
6058
5570
5178
4506
4008
3367
2633
1987
1007
195
-589
-1532
-2307
-3187
-4036
-4566
-5573
-6070
-6572
-7272
-7537
-8096
-8436
-8537
-8877
-8895
-8924
-9088
-8729
-8641
-8403
-7853
-7559
-6906
-6239
-5616
-4753
-3984
-3078
-2120
-1353
-429
668
1437
2333
3105
3821
4606
5172
5675
6199
6554
6855
7101
7070
7312
7282
7049
6918
6664
6374
6058
5569
5148
4755
4128
3804
3191
2706
2310
1718
1215
816
325
-58
-490
-971
-1235
-1676
-1975
-2194
-2531
-2732
-2840
-3065
-3114
-3209
-3333
-3281
-3426
-3443
-3391
-3490
-3415
-3441
-3537
-3416
-3384
-3411
-3244
-3204
-3033
-2752
-2742
-2346
-2154
-1953
-1569
-1477
-1228
-872
-878
-598
-516
-544
-214
-402
-274
-176
-305
-60
-60
-47
233
232
420
678
741
1202
1427
1715
2212
2512
3012
3523
3885
4430
4893
5289
5813
6042
6401
6592
6653
6742
6710
6602
6492
6244
5911
5696
5351
5048
4648
4273
3829
3486
2662
2382
1704
943
472
-640
-1296
-1998
-3043
-3674
-4568
-5463
-5784
-6812
-7151
-7447
-8104
-7979
-8274
-8303
-7984
-7943
-7633
-7188
-7082
-6326
-5913
-5547
-4806
-4509
-3900
-3333
-2954
-2433
-1941
-1660
-1144
-883
-559
29
128
538
918
1203
1616
2064
2275
2849
3138
3469
4009
4083
4612
4819
4853
5098
5135
5059
5125
4808
4654
4480
3960
3803
3233
2750
2377
1759
1195
802
137
-350
-900
-1549
-1877
-2456
-2874
-3218
-3705
-3981
-4163
-4515
-4574
-4687
-4857
-4744
-4833
-4695
-4469
-4404
-4113
-3843
-3663
-3137
-2830
-2504
-1960
-1677
-1138
-653
-309
274
590
969
1469
1694
2088
2417
2577
2789
2965
3056
3211
3234
3181
3235
3078
2999
2925
2616
2464
2226
1732
1656
1168
846
587
41
-55
-398
-660
-653
-914
-980
-839
-1053
-713
-707
-656
-361
-467
-207
-104
-135
104
124
94
397
292
509
645
648
988
1012
1245
1493
1639
1840
2136
2215
2582
2742
2929
3174
3277
3496
3611
3648
3727
3712
3544
3498
2978
2994
2415
2039
1615
813
459
-166
-830
-1253
-1927
-2374
-2613
-3358
-3294
-3679
-3945
-3852
-4254
-4094
-4091
-4169
-4030
-4051
-4112
-3712
-3918
-3638
-3494
-3521
-3131
-3108
-2856
-2579
-2340
-2076
-1730
-1585
-1001
-672
-355
178
499
1072
1491
1968
2313
2849
3063
3490
3650
3864
4100
4005
4011
3935
3778
3542
3357
2898
2719
2260
1919
1603
1124
848
483
72
-226
-478
-882
-1009
-1385
-1561
-1703
-1935
-1987
-2118
-2243
-2234
-2313
-2410
-2320
-2472
-2406
-2424
-2525
-2429
-2494
-2487
-2416
-2436
-2318
-2112
-2066
-1753
-1557
-1309
-889
-660
-234
147
445
831
1147
1404
1794
1919
2117
2332
2353
2514
2533
2545
2623
2567
2503
2503
2341
2291
2132
1909
1834
1577
1326
1065
715
406
48
-445
-756
-1261
-1700
-2140
-2731
-3108
-3572
-4048
-4379
-4797
-5098
-5312
-5641
-5667
-5787
-5818
-5651
-5669
-5435
-5175
-5015
-4551
-4306
-3973
-3465
-3203
-2621
-2179
-1791
-1114
-730
-163
454
879
1556
2036
2454
3104
3442
3932
4356
4538
4962
5135
5290
5564
5595
5728
5846
5782
5940
5864
5801
5832
5655
5581
5487
5225
5092
4818
4491
4198
3868
3371
3117
2433
1898
1616
674
489
-332
-1034
-1333
-2125
-2614
-2898
-3727
-3634
-4137
-4528
-4140
-4638
-4256
-4121
-4177
-3553
-3293
-3041
-2286
-2252
-1602
-1050
-1045
-244
-224
66
456
469
701
1035
916
1284
1254
1219
1676
1424
1667
1696
1663
1779
1885
1689
1933
1815
1735
1901
1581
1821
1684
1553
1558
1445
1211
1306
954
895
863
457
583
256
155
100
-123
-235
-196
-480
-384
-488
-710
-559
-803
-779
-850
-994
-991
-1065
-1310
-1234
-1412
-1546
-1486
-1827
-1760
-1857
-1980
-1978
-2076
-2145
-2024
-2189
-2104
-1961
-2054
-1759
-1732
-1575
-1266
-1175
-936
-657
-579
-212
-93
-7
325
278
438
537
468
633
624
571
726
629
723
806
689
875
863
889
1053
1013
1110
1224
1182
1325
1350
1359
1488
1379
1379
1389
1226
1183
1014
774
646
342
93
-129
-468
-674
-924
-1192
-1271
-1445
-1532
-1500
-1579
-1470
-1374
-1306
-1114
-1013
-873
-669
-630
-489
-356
-383
-252
-298
-275
-218
-261
-268
-227
-280
-174
-218
-143
-103
-37
-45
-50
230
3
294
100
144
280
172
212
384
105
494
324
316
776
397
888
830
846
1175
1141
1156
1525
1136
1495
1480
1189
1577
1011
1140
983
649
587
398
-132
-9
-671
-718
-831
-1392
-1194
-1593
-1600
-1562
-1633
-1565
-1235
-1445
-953
-939
-714
-272
-376
48
200
360
629
836
851
1310
1197
1570
1744
1783
2118
2101
2224
2396
2372
2367
2497
2146
2240
1937
1690
1535
1114
801
513
-7
-304
-608
-1169
-1289
-1787
-2052
-2167
-2541
-2590
-2706
-2888
-2729
-2775
-2742
-2402
-2498
-2198
-2040
-1980
-1620
-1562
-1484
-1210
-1277
-1094
-978
-1103
-779
-865
-813
-618
-674
-481
-319
-391
-94
-56
39
332
207
452
552
531
741
749
731
947
799
900
938
786
922
699
570
530
259
117
-54
-418
-459
-754
-950
-983
-1260
-1226
-1297
-1394
-1231
-1213
-1162
-909
-922
-636
-425
-291
76
223
505
822
976
1244
1480
1538
1790
1782
1831
1931
1803
1831
1726
1583
1572
1440
1303
1288
1104
1089
1049
926
976
866
803
780
612
543
444
197
109
-165
-371
-515
-824
-984
-1177
-1406
-1472
-1621
-1714
-1663
-1764
-1668
-1623
-1612
-1431
-1402
-1351
-1217
-1236
-1108
-1053
-1117
-1000
-1038
-997
-929
-982
-862
-793
-779
-622
-572
-433
-241
-203
44
211
374
643
759
977
1198
1299
1507
1619
1689
1835
1799
1847
1845
1767
1714
1627
1457
1430
1260
1172
1041
924
829
757
625
429
544
155
282
-20
-174
-197
-488
-667
-710
-1152
-996
-1293
-1563
-1296
-1853
-1552
-1812
-1985
-1854
-2083
-2220
-2045
-2552
-2267
-2459
-2738
-2349
-2821
-2449
-2472
-2505
-2150
-1985
-1925
-1273
-1438
-762
-472
-356
378
356
892
1240
1372
1787
2099
2085
2664
2453
2822
2951
2821
3122
2941
2914
2986
2780
2754
2791
2449
2697
2398
2428
2438
2210
2282
2194
1966
2073
1758
1690
1552
1099
1188
699
569
309
-90
-230
-472
-879
-855
-1321
-1327
-1571
-1849
-1758
-2076
-2091
-2179
-2370
-2364
-2379
-2633
-2444
-2777
-2636
-2716
-2841
-2719
-2859
-2823
-2756
-2779
-2688
-2480
-2526
-2139
-2166
-1781
-1540
-1329
-958
-700
-390
-40
203
469
814
851
1197
1209
1442
1477
1485
1526
1549
1505
1568
1514
1509
1592
1515
1681
1686
1831
1909
2022
2132
2270
2309
2452
2478
2516
2563
2523
2539
2453
2400
2280
2184
2053
1954
1746
1602
1381
1197
1012
784
558
319
69
-147
-381
-584
-713
-906
-1022
-1141
-1172
-1202
-1219
-1390
-1311
-1431
-1459
-1519
-1744
-1758
-1934
-2121
-2206
-2388
-2456
-2454
-2745
-2587
-2651
-2563
-2419
-2477
-2222
-2031
-1948
-1647
-1528
-1342
-972
-1018
-626
-491
-319
-67
-58
157
383
362
600
625
668
919
800
1056
1141
1190
1397
1450
1578
1850
1856
2063
2158
2175
2415
2304
2373
2354
2195
2141
1945
1716
1600
1229
978
713
352
220
-120
-364
-524
-762
-848
-939
-1081
-1009
-1115
-1118
-1050
-1110
-960
-991
-1016
-948
-994
-985
-973
-1122
-1089
-1209
-1322
-1322
-1455
-1441
-1498
-1601
-1500
-1464
-1401
-1211
-1138
-853
-680
-474
-139
115
364
613
767
1027
1194
1258
1394
1356
1459
1432
1384
1415
1364
1303
1319
1235
1269
1250
1168
1155
1039
989
918
777
621
494
242
119
-132
-297
-471
-681
-883
-952
-1197
-1114
-1190
-1415
-1247
-1306
-1154
-1172
-943
-903
-659
-567
-338
-120
104
238
346
571
605
749
729
751
706
631
547
422
350
198
23
-118
-181
-333
-404
-495
-583
-619
-636
-669
-631
-647
-641
-634
-588
-580
-486
-509
-500
-351
-374
-235
-177
-39
34
185
288
448
617
720
898
1015
1181
1314
1449
1519
1592
1599
1636
1619
1509
1523
1270
1301
918
822
708
357
366
-51
-161
-212
-514
-591
-612
-938
-591
-1111
-833
-817
-1018
-744
-963
-865
-644
-888
-703
-635
-913
-449
-999
-605
-757
-923
-755
-987
-936
-718
-1021
-670
-643
-655
-117
-372
248
316
442
864
891
1123
1459
1216
1594
1497
1511
1706
1404
1597
1492
1335
1447
1318
1321
1429
1170
1363
1220
1261
1281
1213
1025
1110
918
784
689
523
285
68
-17
-414
-424
-716
-983
-1102
-1261
-1530
-1535
-1719
-1844
-1820
-1960
-1878
-1847
-1773
-1736
-1637
-1503
-1321
-1286
-1095
-980
-946
-806
-802
-763
-716
-770
-853
-811
-852
-824
-898
-838
-792
-697
-598
-477
-319
-149
-31
135
323
426
609
657
761
833
880
921
963
904
929
883
889
879
846
825
810
791
792
792
789
816
808
880
857
936
942
970
973
989
971
967
896
839
759
657
581
443
391
307
231
183
175
183
231
222
295
332
379
423
410
393
342
230
132
-41
-196
-367
-611
-786
-999
-1196
-1364
-1542
-1676
-1759
-1895
-1899
-1929
-1929
-1858
-1857
-1747
-1619
-1532
-1382
-1253
-1118
-927
-844
-665
-535
-432
-282
-210
-74
48
122
242
327
420
548
610
727
797
863
936
969
1004
1027
1000
976
945
879
821
723
641
523
394
276
166
25
-96
-237
-347
-457
-561
-659
-747
-817
-874
-929
-980
-977
-1003
-1019
-1043
-1038
-1008
-1005
-1003
-980
-967
-909
-885
-848
-763
-701
-615
-516
-431
-272
-160
-34
135
264
433
555
671
811
890
973
1060
1077
1135
1121
1108
1131
1072
1030
993
929
890
805
737
697
574
491
394
302
196
72
-26
-116
-205
-269
-331
-348
-348
-343
-301
-254
-164
-105
-23
51
136
227
255
314
380
401
445
449
458
473
443
435
409
368
344
279
220
219
153
130
103
84
117
146
193
289
372
470
584
694
824
916
995
1046
1090
1107
1097
1069
1027
964
891
830
777
689
624
526
444
365
259
188
87
-12
-114
-233
-332
-428
-561
-672
-789
-866
-948
-1032
-1070
-1091
-1096
-1078
-1045
-980
-885
-820
-728
-604
-480
-358
-253
-140
-18
72
162
236
292
312
328
323
314
296
248
217
196
157
146
151
150
182
194
267
357
440
538
640
760
881
969
1058
1133
1155
1184
1172
1134
1087
1007
911
814
661
574
424
263
169
-6
-142
-249
-365
-493
-588
-647
-726
-850
-903
-947
-1049
-1124
-1184
-1218
-1272
-1320
-1319
-1311
-1296
-1251
-1215
-1163
-1064
-970
-890
-785
-675
-558
-488
-388
-294
-267
-221
-194
-202
-222
-247
-279
-327
-376
-389
-407
-424
-403
-376
-347
-286
-201
-116
-13
116
247
376
525
684
817
935
1082
1206
1292
1385
1468
1515
1534
1524
1526
1451
1347
1304
1067
947
799
529
301
119
-128
-375
-588
-794
-959
-1195
-1318
-1434
-1558
-1673
-1719
-1779
-1862
-1870
-1892
-1908
-1930
-1919
-1908
-1898
-1850
-1778
-1729
-1643
-1504
-1398
-1272
-1113
-971
-835
-697
-538
-414
-308
-182
-58
23
108
199
268
334
369
406
432
455
452
437
436
450
466
470
539
612
687
770
893
1031
1137
1264
1392
1497
1586
1629
1661
1664
1624
1570
1490
1395
1271
1139
1005
860
689
552
399
232
69
-102
-268
-448
-628
-806
-983
-1144
-1287
-1420
-1538
-1634
-1709
-1763
-1785
-1805
-1785
-1737
-1688
-1605
-1477
-1354
-1200
-1026
-826
-586
-360
-120
151
414
664
896
1106
1311
1477
1600
1704
1776
1832
1849
1853
1843
1827
1821
1811
1796
1790
1793
1783
1767
1754
1748
1727
1694
1678
1654
1619
1574
1543
1511
1471
1425
1395
1368
1334
1303
1265
1244
1227
1168
1117
1062
991
890
755
630
467
258
27
-196
-425
-694
-958
-1204
-1465
-1685
-1894
-2140
-2287
-2367
-2471
-2556
-2537
-2500
-2489
-2449
-2304
-2171
-2059
-1897
-1681
-1484
-1320
-1082
-839
-643
-438
-189
14
219
423
601
760
920
1068
1163
1248
1341
1375
1365
1377
1345
1270
1192
1107
1004
867
734
618
461
313
184
29
-113
-233
-370
-506
-642
-735
-867
-1008
-1061
-1152
-1259
-1349
-1371
-1429
-1478
-1484
-1531
-1532
-1527
-1525
-1529
-1527
-1511
-1501
-1531
-1486
-1468
-1452
-1408
-1363
-1281
-1231
-1131
-1031
-973
-866
-742
-677
-576
-464
-360
-257
-141
5
149
289
468
653
837
1041
1227
1426
1599
1757
1902
2008
2087
2158
2178
2187
2184
2139
2083
2012
1933
1852
1736
1601
1492
1335
1165
1007
804
607
384
160
-39
-281
-519
-735
-944
-1126
-1307
-1471
-1592
-1693
-1778
-1830
-1853
-1838
-1813
-1758
-1654
-1542
-1408
-1261
-1078
-879
-692
-507
-297
-100
73
238
423
596
724
873
989
1117
1208
1286
1360
1397
1438
1465
1468
1445
1397
1351
1302
1187
1095
985
864
753
626
514
398
290
202
127
26
-35
-85
-157
-209
-268
-313
-355
-405
-447
-485
-536
-565
-612
-636
-673
-738
-769
-805
-842
-871
-901
-926
-936
-955
-945
-939
-922
-885
-841
-785
-715
-644
-559
-448
-334
-219
-91
37
166
281
390
517
613
694
770
816
874
904
930
971
940
940
934
901
896
857
827
791
738
715
682
605
545
499
452
397
351
326
294
253
241
250
252
260
265
293
320
340
401
455
497
537
574
630
648
657
658
638
605
546
477
405
324
228
134
56
-14
-90
-151
-221
-260
-296
-316
-328
-347
-361
-384
-395
-410
-437
-461
-472
-474
-466
-436
-376
-312
-230
-134
-4
132
258
391
518
634
746
812
868
913
925
927
908
875
824
771
702
636
551
467
370
230
101
-19
-164
-350
-563
-771
-972
-1195
-1406
-1617
-1833
-2007
-2189
-2338
-2454
-2599
-2693
-2782
-2859
-2882
-2919
-2934
-2932
-2921
-2853
-2777
-2683
-2564
-2442
-2274
-2106
-1894
-1680
-1481
-1256
-1026
-784
-544
-315
-85
137
338
557
766
1000
1199
1412
1578
1784
1911
2136
2260
2386
2407
2278
2555
2636
2631
2553
2495
2520
2588
2458
2577
2311
2181
2121
2049
2017
1560
1425
1233
954
748
419
103
-178
-521
-712
-1037
-1325
-1575
-1765
-1838
-2101
-2200
-2227
-2212
-2089
-2073
-1924
-1811
-1578
-1317
-1130
-891
-731
-531
-230
-80
165
266
437
663
849
1050
1137
1276
1506
1620
1811
1888
1983
2087
2118
2249
2229
2179
2134
2057
2027
1840
1650
1544
1298
1160
955
811
671
476
430
378
287
254
214
294
299
266
323
293
315
311
281
270
139
99
53
-15
-100
-194
-252
-285
-345
-357
-389
-398
-392
-373
-343
-333
-300
-243
-194
-169
-140
-78
-38
10
53
96
109
120
174
196
212
189
170
163
134
84
56
-13
-41
-91
-111
-140
-184
-189
-179
-177
-178
-194
-179
-163
-163
-158
-165
-182
-179
-193
-193
-225
-250
-272
-281
-298
-332
-370
-408
-441
-484
-526
-591
-672
-754
-840
-937
-1048
-1158
-1293
-1413
-1530
-1646
-1771
-1887
-1982
-2074
-2156
-2222
-2261
-2312
-2309
-2307
-2273
-2239
-2169
-2060
-1956
-1849
-1699
-1546
-1365
-1200
-1029
-856
-694
-529
-353
-216
-88
29
138
239
328
393
455
503
542
578
599
598
604
602
594
585
564
566
552
543
513
490
472
452
421
384
349
324
287
249
205
168
127
90
54
37
1
-9
-36
-37
-43
-40
-10
-3
18
43
84
124
174
205
261
302
340
399
422
470
493
521
562
588
622
652
665
710
737
757
787
768
790
782
765
742
713
681
638
574
525
489
450
414
377
331
335
339
345
363
367
419
458
498
555
600
623
662
669
710
707
683
656
595
564
505
440
366
298
224
173
115
78
37
3
-33
-67
-96
-123
-143
-216
-264
-315
-364
-410
-468
-502
-537
-564
-563
-535
-497
-456
-404
-321
-231
-123
-18
73
183
274
386
475
564
653
727
805
877
957
1046
1111
1156
1229
1279
1338
1366
1382
1392
1385
1370
1343
1317
1273
1230
1153
1081
1007
935
858
729
595
474
348
227
76
-85
-229
-367
-495
-620
-737
-839
-953
-1034
-1093
-1123
-1157
-1183
-1178
-1168
-1127
-1083
-1015
-961
-897
-817
-742
-651
-559
-472
-385
-322
-237
-145
-65
14
63
125
178
221
254
265
260
237
190
159
113
55
-16
-96
-152
-211
-237
-279
-325
-346
-358
-353
-343
-335
-312
-285
-262
-211
-177
-117
-85
-67
-41
-22
1
-14
-32
-71
-97
-148
-193
-229
-280
-313
-353
-388
-407
-426
-431
-452
-499
-508
-515
-538
-578
-650
-683
-737
-794
-842
-902
-956
-1010
-1054
-1075
-1083
-1088
-1074
-1054
-1025
-968
-887
-801
-709
-615
-498
-374
-245
-111
7
119
225
315
410
481
537
579
606
637
668
696
723
747
752
775
817
837
862
873
884
892
874
851
813
736
659
569
465
359
233
109
-16
-152
-267
-380
-494
-577
-669
-718
-745
-762
-739
-707
-649
-577
-515
-421
-332
-268
-201
-163
-120
-103
-114
-116
-157
-184
-211
-244
-271
-293
-302
-283
-267
-233
-185
-150
-78
-20
51
117
179
259
332
406
476
551
626
700
770
844
902
967
1018
1064
1092
1114
1121
1102
1085
1051
990
905
799
698
564
417
269
88
-80
-260
-423
-580
-733
-857
-978
-1091
-1165
-1220
-1241
-1240
-1232
-1179
-1108
-1010
-881
-753
-609
-452
-304
-135
19
168
306
399
482
553
594
633
641
626
626
607
614
607
591
598
598
603
607
603
609
606
580
575
563
544
523
512
502
487
481
490
504
501
503
516
514
515
498
465
430
377
335
276
215
153
71
6
-59
-124
-185
-255
-307
-363
-410
-443
-484
-495
-516
-511
-491
-469
-423
-369
-296
-227
-163
-87
-26
23
58
77
83
72
64
38
19
-11
-29
-31
-47
-27
-12
16
63
101
168
219
265
329
362
416
457
480
507
504
520
528
510
511
503
487
477
467
471
472
457
457
448
430
425
402
377
351
304
266
220
168
115
36
-35
-101
-173
-241
-306
-366
-413
-450
-473
-471
-468
-451
-402
-343
-271
