30
23
39
98
96
79
129
100
114
135
103
79
120
127
42
122
79
95
55
92
89
-10
84
15
40
43
27
56
-15
47
9
19
61
-42
30
-28
21
-30
-30
70
-59
3
50
10
-5
26
57
30
47
65
13
41
51
17
9
26
10
-19
33
-2
-16
10
-5
-6
1
-11
-11
-26
-33
12
-29
-38
1
-22
-52
16
-72
-59
-52
-143
-55
-91
-125
-85
-81
-96
-99
-45
-90
-84
-59
-87
-40
-93
-80
-62
-105
-34
-108
-101
8
-160
-26
-19
-151
8
-111
-40
-8
-83
10
-34
-66
-30
15
-125
-56
20
-167
-32
-56
-131
-4
-117
-32
3
-73
-7
-79
-22
-12
-129
-47
-37
-133
-59
-14
-118
-18
-31
-109
38
-44
-59
20
-40
-34
16
-50
7
8
-41
32
11
-41
41
4
2
6
26
34
28
41
37
79
43
99
43
111
137
50
100
136
76
67
127
53
33
73
20
32
-4
21
-6
-46
62
-29
-14
11
-8
45
-14
92
-20
103
47
-31
217
-172
201
-81
7
124
-194
178
-119
113
-54
24
124
-125
272
-166
206
122
-98
354
-158
328
-65
144
112
-10
216
-89
157
-44
64
-20
15
20
-50
110
-130
18
-26
30
7
-182
200
-107
-2
-27
-1
76
-182
168
-169
49
61
-162
127
-143
103
-60
-100
60
-121
39
-139
-31
-18
-60
-45
-88
28
-3
-75
6
-30
72
-113
-13
74
-87
72
-69
38
-17
-78
74
-140
-18
-63
-19
-112
-177
235
-234
-120
237
-307
166
-160
130
-159
-50
179
-390
196
-143
-27
-114
44
65
-374
306
-113
-269
280
-160
41
-203
233
36
-336
438
-92
-92
158
136
-143
148
207
-343
365
-56
-63
121
-81
280
-371
301
64
-366
311
-63
-103
21
179
-243
215
43
-93
308
-229
330
-53
7
185
-112
157
42
-67
154
-39
97
37
-17
212
-222
249
-42
-87
247
-215
211
29
-160
380
-297
273
63
-156
465
-368
321
146
-351
550
-362
189
196
-419
609
-492
274
137
-393
578
-513
285
120
-375
475
-322
36
249
-480
397
-281
-60
183
-406
376
-359
113
159
-372
492
-259
26
372
-483
576
-279
-53
417
-548
578
-444
207
159
-556
682
-645
304
47
-483
660
-656
366
-33
-290
515
-652
557
-270
-84
269
-403
416
-343
50
174
-328
168
-162
45
-23
-362
374
-456
-63
66
-380
245
-505
263
-264
-157
282
-539
461
-374
41
212
-500
636
-818
641
-241
-440
762
-951
800
-650
273
191
-774
1027
-884
671
-339
26
528
-881
1075
-763
431
84
-469
896
-964
827
-410
-67
615
-1027
1205
-1011
620
-121
-335
889
-1222
1197
-724
221
303
-693
1076
-1115
807
-197
-395
751
-999
993
-875
365
78
-633
829
-1097
872
-714
165
216
-688
748
-826
702
-538
142
211
-574
770
-846
601
-230
-232
668
-862
1007
-771
550
-185
0
345
-698
994
-1036
821
-361
-173
596
-801
862
-755
446
-18
-266
574
-783
793
-551
368
-196
38
326
-571
855
-768
606
-56
-336
618
-591
693
-590
391
28
-149
274
-352
561
-657
676
-477
87
214
-343
256
-327
447
-493
441
-348
309
-75
-156
417
-470
427
-219
-85
451
-575
446
-187
-34
31
80
-61
-165
306
-399
296
-244
-12
44
-97
-31
93
-211
260
-155
-86
312
-348
337
-280
310
-138
19
189
-100
199
-100
269
-250
376
-29
-21
91
90
151
-246
469
-349
391
-183
196
-24
81
51
-107
287
-266
246
-227
248
-237
225
-208
138
64
-165
49
180
-333
349
-305
249
-179
-10
402
-474
446
-244
229
-13
21
-53
292
-363
511
-392
234
79
-209
391
-433
531
-551
651
-499
195
146
-363
277
-12
-424
320
-245
-153
197
-256
-125
-15
153
-488
224
-163
-200
30
-28
-297
66
26
-26
-333
234
43
-377
340
-419
248
-81
-177
20
231
-412
200
-39
-96
261
-488
303
57
-208
-63
179
-93
-104
22
119
-379
528
-558
243
-45
-121
-49
-116
117
-346
114
-256
147
-427
387
-594
508
-628
443
-401
19
113
-140
-30
152
-106
86
-115
419
-353
120
328
-501
630
-606
666
-572
379
37
-617
981
-768
86
603
-861
1004
-805
645
-287
77
219
-303
572
-671
693
-221
-380
1028
-1218
900
-610
229
-127
-270
303
-723
818
-690
300
-210
297
26
-448
605
-82
-368
692
-438
315
-36
80
-18
136
45
-106
245
-195
349
-438
623
-617
534
-372
361
-218
-54
560
-710
616
-142
-12
329
-493
689
-497
454
-262
187
265
-466
639
-138
-122
542
-435
636
-514
766
-556
393
368
-640
863
-500
618
-522
534
-26
-157
505
-321
27
272
-207
271
-647
1102
-1039
590
-30
-427
594
-585
543
-663
434
-52
-360
365
-322
368
-535
358
-27
-370
140
-59
-24
-401
269
82
-824
976
-867
413
-237
169
-208
-12
483
-924
671
-29
-457
408
-478
522
-560
222
-52
-96
55
-128
265
-641
685
-663
373
-256
-71
356
-784
987
-934
626
-362
-158
540
-1010
1144
-1078
513
157
-854
1170
-1356
1299
-1100
676
-99
-352
695
-832
897
-649
165
416
-656
752
-662
474
-122
-35
139
-293
462
-636
411
-187
-155
172
-171
-17
86
55
-455
674
-624
64
-16
173
-481
102
163
-256
-144
59
0
129
-666
959
-856
406
133
-671
946
-916
718
-538
322
-15
-334
521
-257
26
4
-118
607
-1246
1532
-961
-12
734
-872
818
-762
726
-594
91
247
-649
592
-704
529
-255
-335
950
-1308
1437
-1173
724
-53
-299
889
-1165
1169
-676
386
-135
-22
251
-262
89
145
-88
-30
-217
469
-595
498
-661
574
-329
-360
735
-872
699
-427
153
-99
354
-774
994
-852
361
131
-142
-245
397
-155
84
-253
316
-315
241
-172
-134
496
-769
843
-658
598
-205
-477
1203
-984
477
155
-301
341
-382
433
-377
201
-175
231
-138
-445
736
-603
28
218
-486
449
-381
54
-54
-137
500
-716
461
-121
422
-559
424
391
-713
839
-626
522
111
-292
435
113
-8
119
-154
1142
-1469
1299
-631
861
-631
169
837
-841
493
57
-99
451
-770
978
-710
365
-26
-279
591
-914
538
-53
-167
-4
-267
536
-182
-565
690
95
-980
512
510
-970
684
-120
-58
311
-34
-309
468
508
-813
442
438
-513
175
188
194
-665
424
21
-165
220
-139
-27
222
-492
497
280
-938
1056
-1073
1300
-1202
871
-685
654
-235
-838
1937
-1757
1130
-970
1248
-1220
747
-123
-120
287
-369
139
547
-706
29
716
-676
172
410
-412
-170
173
43
-413
-6
91
-71
-389
245
-367
-113
-379
231
-448
-457
429
-580
-274
110
-29
-388
-91
203
140
-1153
1930
-1981
1553
-602
-317
829
-722
866
-751
604
260
-274
439
-252
547
-313
-118
664
-740
78
500
-532
382
-994
1469
-1375
466
-146
-244
291
-1168
1714
-1823
389
724
-1566
924
-687
959
-1409
729
492
-1039
462
-49
130
-579
372
407
-681
255
502
-464
32
290
309
-750
1074
-1059
1117
-819
356
17
-487
683
-38
-772
924
-395
374
-631
266
-53
-318
842
-1540
1746
-1052
-4
354
105
-476
229
155
436
-665
479
176
-574
895
-904
298
1131
-1190
-11
1479
-900
-297
615
310
-768
467
300
-660
501
-381
267
-471
159
-292
-31
407
-665
444
-344
25
-97
136
76
-251
591
-444
417
-404
-367
1427
-2001
1188
-21
-722
1568
-1905
1553
-1071
854
-301
-369
1277
-928
241
141
155
178
-664
670
162
-387
963
-771
894
-335
331
-679
843
-312
62
-249
186
675
-1560
2157
-1585
224
747
-904
920
-170
-390
268
254
-165
-358
797
27
-1015
1481
-692
192
384
-236
327
-445
431
-180
92
247
-470
180
323
30
-727
757
-14
-536
429
-105
507
-1255
1067
-438
-356
680
-388
-162
31
485
-815
388
264
-640
664
-413
-70
410
-40
159
-306
43
554
-337
48
296
128
-549
432
33
-217
475
-605
455
-36
-27
411
-450
583
-573
110
173
-361
390
-641
126
-316
278
-795
-20
115
-784
870
-650
46
-106
28
-260
-226
325
-336
193
-5
-316
410
-453
578
-603
98
463
-636
834
-529
494
-774
307
-109
-431
557
-868
357
89
-482
110
-65
1
-512
167
17
-458
199
-158
-175
-300
227
-324
109
-174
-128
299
-274
18
-106
-111
109
-167
-54
92
-106
-317
254
-36
-558
387
235
-457
230
6
-129
-87
459
-592
256
599
-689
53
507
-493
-388
385
-10
-52
16
-15
81
-374
125
-66
-160
660
-305
-115
269
67
-278
150
529
-763
291
516
-96
-1
314
246
-646
501
96
-496
848
-204
-193
94
196
-428
-166
361
-384
53
62
92
-215
-102
92
-268
-40
344
-297
153
107
-40
-298
65
107
-333
354
80
-111
309
13
-233
170
-129
164
540
-24
107
486
-176
-100
313
329
-49
259
361
173
17
154
68
89
367
18
194
453
-28
-224
495
75
-26
348
105
207
-130
288
112
-78
171
158
-43
-11
45
-118
47
-120
-85
-53
-195
-37
84
83
-135
-236
-230
-69
-49
-283
-102
-173
-131
-76
-24
-312
92
-271
-149
121
38
199
-305
76
-17
4
65
-32
42
-26
64
30
387
44
-191
147
-88
-25
160
25
173
-66
-158
189
-137
10
-13
-65
50
-69
129
-71
-175
-281
-105
-48
53
102
-1
-28
21
-16
-105
24
30
160
-28
254
147
-179
52
139
46
188
180
223
226
93
22
51
-10
106
97
29
336
-64
186
4
-116
-114
-106
-23
-207
76
-254
-153
-262
-114
-260
-459
-172
-255
-180
-255
-211
-432
-306
-396
-212
-300
-266
-139
-362
-218
-157
-131
-345
-141
-305
-155
-139
-241
-164
-260
-163
-351
20
-46
-147
-46
-90
-51
70
119
-46
134
85
205
448
532
580
550
742
663
835
927
1014
1076
1202
1193
1224
1497
1553
1441
1741
1723
1781
1814
1857
2015
1944
1889
1604
1478
412
-539
-688
191
498
-345
-1039
-1360
-1591
-2502
-2797
-2450
-2346
-2927
-3327
-2692
-2553
-3527
-4283
-4040
-3105
-2757
-2276
-1294
-945
-1303
-1621
-1159
-485
-106
359
820
1266
1573
1551
1266
1040
826
1223
1472
1773
1738
1290
763
-183
-94
-43
-231
-612
-819
-799
-1136
-1603
-1843
-1887
-1882
-1628
-995
-669
-644
-671
-695
-282
135
773
1382
1799
2126
2214
2479
2571
2883
3274
3801
4205
4661
4654
4394
4634
4566
4777
4562
4521
4066
3365
2160
467
-19
56
973
56
-1181
-2263
-2613
-3323
-4809
-4504
-4049
-4127
-5350
-5501
-4786
-5689
-7223
-7348
-5431
-4039
-4029
-3211
-2153
-1980
-2806
-2688
-885
780
1424
1976
3031
3940
3837
3195
3119
3597
4398
4904
5058
5055
4656
3456
1978
1500
1931
2169
1220
377
2
-471
-2264
-4449
-4984
-4614
-3766
-3855
-3468
-3806
-5257
-6394
-6046
-4304
-3404
-3033
-2456
-1655
-1596
-2326
-2341
-1468
-454
563
1949
3453
3475
2890
2877
3418
4146
4650
5475
5755
5275
4870
4719
4471
3931
3623
3964
4196
4034
3715
3345
3093
2681
2755
3223
3451
2866
1691
725
-1299
-2573
-2021
-17
852
-1075
-3077
-3828
-3529
-4495
-4859
-3380
-2464
-3306
-5213
-4738
-4335
-6090
-7184
-5775
-2495
-1955
-2690
-2520
-1903
-2507
-3340
-1835
1033
2363
1839
1536
2416
2931
2278
2080
2872
4164
4604
4194
3628
3060
2352
1334
956
1980
2939
2059
39
-1051
-1042
-1332
-2163
-2102
-1761
-2691
-4569
-4890
-3314
-2937
-4256
-4731
-3383
-2699
-3560
-3261
-1909
-1747
-2429
-1837
-273
-94
-1198
-986
520
1242
1190
1955
2996
2654
1937
2600
3698
3723
3300
3665
4187
3606
3076
3291
3424
3017
2745
3318
3499
3150
2947
3234
3626
3600
3712
3585
3277
2258
2184
960
-723
-1074
583
2435
286
-2341
-3363
-2418
-2910
-4165
-2776
-1618
-3307
-6594
-6625
-4411
-5163
-7282
-6703
-3488
-2878
-5002
-5290
-3053
-2407
-3709
-2932
363
2202
447
-602
1176
3408
3367
2754
3799
4963
4591
3474
3570
4472
4686
3504
2757
3174
3564
2413
485
39
625
661
-798
-1959
-2345
-3664
-4740
-4572
-2643
-2601
-4601
-5873
-5234
-4273
-4729
-4126
-2747
-2443
-3304
-3502
-2528
-2229
-2180
-895
767
1245
795
1114
1902
2380
2893
4170
4799
4525
3914
4091
4656
4607
4834
5087
5051
4254
3890
3755
3925
4119
4346
4654
4547
4336
3462
2737
1948
2046
1076
-956
-1207
310
1714
-963
-3965
-4506
-2902
-2701
-4131
-3208
-2409
-4423
-7800
-7473
-4350
-4222
-6776
-6836
-4029
-3359
-5706
-5826
-2599
-933
-2458
-3081
-390
1646
177
-803
1754
4680
4308
2304
2726
4405
4667
3596
3779
5178
5143
3223
1770
2436
3310
2462
759
640
1026
153
-1712
-2747
-3171
-3395
-3140
-2464
-2273
-4240
-6082
-6124
-4177
-3046
-2986
-3076
-3722
-3984
-3700
-2341
-1592
-1583
-883
22
30
-328
610
2203
2942
3083
3484
3544
3069
2863
3770
5116
5330
4735
4052
3539
3201
3258
3952
4263
4011
3451
3060
2670
2771
3289
3961
3963
3277
2270
1501
882
-1080
-1106
821
3277
1275
-2902
-4368
-2594
-1323
-2501
-2138
-967
-2654
-6691
-7385
-3821
-2511
-5167
-6387
-3975
-3003
-5975
-7005
-3431
-502
-2188
-4109
-2573
-433
-1357
-2379
289
3653
3075
178
23
2330
3493
2810
2874
4154
4276
2412
1124
2172
3713
3497
1928
1459
1729
1142
-402
-772
115
-616
-2050
-2584
-1477
-1623
-3657
-4305
-3242
-2402
-3535
-3896
-3069
-2970
-3741
-3463
-2167
-2056
-2931
-2516
-1294
-939
-886
315
1504
1454
937
1533
2445
2738
3063
3972
4521
4050
3597
3988
4364
4287
4315
4552
4591
4043
3945
3926
4116
4138
4304
4366
3964
2966
2132
1651
65
-218
783
2814
1514
-2358
-4149
-2814
-1089
-2114
-2696
-1944
-3016
-6403
-7667
-4529
-2601
-5059
-7212
-5866
-4475
-6404
-7239
-3957
-1276
-3142
-5663
-4498
-1504
-1256
-1868
44
2283
1483
-801
-175
2817
4358
3698
3039
3342
3531
2768
2704
3998
5065
4509
2390
1429
1888
2513
1936
969
688
292
-485
-1661
-1574
-1289
-1466
-2368
-2752
-2677
-3321
-3950
-3664
-2568
-2224
-3205
-3916
-3651
-2795
-2296
-2068
-1302
-883
-895
-826
-134
772
1193
1517
2076
2314
2519
2909
3406
3672
3766
3936
3978
3814
3795
4040
4260
4211
3853
3917
3734
3617
3509
3785
3809
3451
2835
2113
1619
181
96
879
2431
1730
-1115
-2859
-2321
-822
-1007
-1552
-1424
-2466
-4879
-5731
-3796
-1943
-3531
-5404
-5398
-4900
-5493
-5494
-3264
-1795
-3292
-5226
-4963
-2844
-1696
-1373
-397
175
-557
-1583
-895
1133
2714
2779
1999
1273
1373
1845
2448
3306
3925
3703
2103
1075
2000
3075
3127
2063
1747
1278
82
-106
1100
2105
520
-1306
-1523
-1015
-1198
-1177
-530
-780
-2796
-3425
-2308
-1558
-2130
-2218
-1637
-2255
-2975
-2032
-387
-444
-1190
-881
-239
-739
-461
1205
2145
1487
892
1559
1840
1533
1964
2987
2888
1926
1715
2434
2436
2225
2626
2920
2081
1453
1637
2056
1916
1741
2250
1629
454
-646
-59
795
1310
1267
34
-1249
-1365
-574
-151
-264
-286
-970
-2108
-2422
-2110
-1291
-1579
-2342
-2817
-2724
-2999
-3010
-2172
-1316
-1978
-2952
-2874
-2133
-1672
-1401
-869
-900
-1105
-1471
-1243
-605
333
513
107
-252
32
351
569
1080
1386
1479
858
532
850
1727
2003
1554
1391
1181
737
548
1247
1920
1502
531
166
289
349
430
590
432
-322
-826
-626
-432
-654
-780
-875
-1304
-1825
-1499
-979
-931
-1099
-939
-874
-1322
-1280
-560
-89
-431
-488
-100
64
-267
18
706
875
467
551
1056
917
883
1321
1762
1428
1238
1420
1495
1345
1422
1729
1689
1401
1246
1399
1274
1164
1365
1473
933
599
879
1146
759
349
375
323
77
-108
73
-39
-446
-694
-703
-580
-719
-871
-992
-1273
-1458
-1454
-1305
-1201
-1192
-1370
-1479
-1573
-1410
-1148
-1150
-1039
-1036
-944
-1007
-973
-623
-519
-525
-512
-465
-365
-431
-294
-57
67
77
56
198
203
199
362
458
399
262
261
270
314
344
296
224
3
-156
-204
-75
-99
-124
-259
-389
-433
-477
-444
-385
-404
-402
-498
-405
-293
-265
-155
-122
31
-32
-43
120
270
338
371
518
648
673
697
754
825
829
857
966
1023
1123
1017
1027
967
962
903
1001
962
960
889
740
811
722
753
707
775
762
640
546
550
651
605
551
566
607
441
236
209
244
173
71
-9
-142
-295
-508
-656
-625
-672
-792
-895
-1150
-1151
-1190
-1250
-1179
-1213
-1172
-1273
-1305
-1206
-1155
-1042
-995
-933
-838
-747
-606
-557
-523
-555
-537
-492
-414
-248
-157
-152
-252
-245
-207
-159
-140
-69
-34
-110
-146
-186
-68
-27
-45
4
74
10
0
6
56
104
112
259
304
308
218
264
299
300
326
363
373
283
302
268
266
229
203
289
310
261
247
272
237
246
160
221
186
23
-36
-122
5
-19
-5
17
23
-40
-56
41
160
273
241
287
220
342
275
417
515
616
647
520
514
556
643
654
659
641
577
422
377
396
536
586
480
411
305
215
101
189
194
139
16
-138
-245
-285
-296
-326
-428
-531
-673
-864
-967
-1044
-950
-1063
-1161
-1288
-1309
-1347
-1370
-1281
-1194
-1088
-1116
-1046
-1034
-891
-736
-551
-392
-269
-128
-35
55
153
382
576
740
844
944
1033
1034
1104
1276
1399
1425
1342
1318
1352
1264
1227
1133
1096
950
734
552
431
312
196
166
-10
-184
-390
-537
-595
-573
-617
-688
-794
-851
-877
-900
-696
-637
-545
-526
-630
-571
-428
-220
-47
22
140
126
109
231
422
638
673
678
668
567
536
553
612
656
657
592
489
375
237
197
105
136
65
-112
-274
-485
-616
-712
-705
-690
-743
-863
-1011
-1089
-1125
-1152
-1076
-981
-866
-908
-968
-977
-951
-807
-685
-465
-307
-313
-323
-372
-232
2
172
395
467
482
441
496
690
844
1000
1001
987
996
962
985
972
1020
958
908
881
838
809
699
613
564
502
427
428
334
310
208
111
48
-91
-123
-190
-232
-227
-336
-506
-613
-706
-657
-707
-665
-641
-704
-763
-865
-792
-718
-587
-545
-392
-355
-370
-387
-263
-87
84
138
172
243
256
333
361
518
599
629
653
727
721
679
721
705
719
602
571
491
393
271
117
136
-4
-100
-209
-296
-391
-547
-549
-682
-765
-818
-869
-895
-1029
-1097
-1153
-1165
-1040
-960
-875
-939
-952
-947
-814
-537
-323
-93
-43
-8
10
168
440
728
898
952
934
908
884
1055
1243
1379
1383
1270
1144
946
928
975
1023
1025
865
594
375
206
134
126
92
25
-221
-453
-603
-695
-743
-809
-867
-958
-1056
-1198
-1181
-1151
-1059
-1070
-1058
-1043
-1075
-921
-833
-584
-426
-385
-387
-293
-101
165
303
400
477
525
601
611
701
788
814
810
828
811
752
674
622
586
525
438
345
166
56
-55
-135
-207
-340
-424
-531
-646
-740
-736
-731
-779
-841
-842
-830
-801
-750
-633
-517
-417
-308
-301
-125
-63
115
217
359
469
491
537
557
691
792
841
866
938
883
798
778
815
825
860
785
722
629
499
448
375
464
437
319
297
154
116
-12
38
65
72
77
-29
-21
-92
-83
-83
-35
26
18
8
-31
-86
-114
-182
-160
-184
-197
-206
-278
-338
-362
-358
-359
-330
-321
-266
-269
-229
-234
-238
-233
-207
-177
-134
-93
-49
-67
-104
-65
-92
-20
-1
66
27
-26
-121
-165
-166
-124
-86
-94
-112
-257
-271
-355
-302
-272
-257
-199
-322
-340
-421
-370
-301
-250
-241
-207
-210
-239
-222
-167
-106
-119
-72
22
46
102
215
255
297
289
372
447
486
560
493
502
461
495
506
500
534
463
408
349
255
241
205
252
184
93
-1
-91
-111
-106
-29
-83
-134
-223
-289
-308
-291
-289
-338
-364
-421
-487
-528
-537
-578
-629
-593
-603
-548
-489
-457
-437
-378
-294
-233
-166
-28
34
117
166
254
328
414
555
604
679
702
722
704
753
754
737
671
655
588
475
364
314
232
79
-22
-110
-223
-340
-474
-575
-680
-777
-853
-924
-935
-954
-996
-989
-964
-1002
-894
-806
-669
-547
-441
-339
-294
-184
-21
180
381
502
581
636
655
745
898
1048
1113
1057
987
962
942
974
1000
1014
953
846
659
583
481
429
386
292
283
59
-37
-191
-208
-292
-392
-453
-539
-562
-691
-707
-736
-789
-812
-899
-859
-822
-802
-788
-859
-842
-801
-748
-575
-472
-375
-417
-425
-349
-212
-10
105
249
313
332
342
519
710
852
928
925
894
844
842
965
1048
1022
850
716
667
527
503
469
463
295
74
-66
-134
-252
-382
-442
-536
-639
-887
-976
-975
-1007
-1062
-1124
-1084
-1093
-1061
-1056
-938
-873
-861
-771
-636
-405
-269
-185
-90
-20
107
246
439
645
795
861
858
921
996
1173
1265
1254
1243
1142
1122
1114
1112
1132
1114
1001
863
743
711
572
495
388
294
150
-49
-135
-227
-322
-466
-570
-675
-792
-873
-938
-1010
-1057
-1120
-1089
-1032
-981
-955
-871
-834
-761
-694
-579
-431
-377
-301
-227
-151
-30
96
235
348
429
451
466
572
671
785
774
817
819
777
698
675
714
657
534
426
350
228
78
-65
-117
-185
-414
-535
-650
-673
-785
-889
-896
-935
-917
-979
-996
-970
-963
-969
-870
-782
-674
-616
-544
-415
-354
-249
-101
62
169
258
331
399
521
605
706
747
763
780
718
775
824
889
852
774
744
687
705
717
723
700
580
470
371
340
310
297
234
174
35
-123
-213
-209
-140
-228
-255
-404
-535
-618
-604
-477
-433
-477
-561
-608
-645
-632
-562
-486
-498
-516
-571
-538
-474
-447
-411
-353
-238
-234
-171
-123
-14
43
63
164
253
285
319
400
424
479
414
453
486
539
573
532
542
436
411
346
334
310
278
190
123
42
-36
-84
-152
-216
-260
-267
-312
-328
-403
-399
-412
-391
-329
-262
-275
-337
-311
-231
-180
-110
-88
1
24
-53
1
90
206
193
185
218
234
246
232
380
440
388
354
307
392
388
395
418
433
353
219
221
297
287
211
142
47
1
-77
-47
-55
-129
-274
-373
-413
-377
-389
-453
-438
-490
-474
-514
-492
-454
-484
-491
-491
-505
-456
-460
-366
-236
-241
-194
-227
-190
-163
-94
44
126
171
98
151
207
258
271
313
383
379
407
432
446
383
315
265
302
311
287
220
133
36
33
82
114
137
84
55
-31
-30
31
117
187
123
87
42
22
54
79
136
140
68
-20
-32
-37
-56
-93
-73
-51
-124
-177
-200
-115
-85
-141
-124
-135
-170
-178
-150
-38
3
-51
-64
2
68
140
200
302
287
285
318
394
496
460
468
457
373
356
326
362
299
208
148
90
41
-41
-114
-148
-245
-350
-398
-412
-431
-550
-601
-599
-532
-561
-534
-553
-584
-620
-637
-525
-434
-397
-435
-460
-454
-432
-350
-252
-149
-81
-58
-65
-53
-16
65
136
234
257
236
209
192
246
291
370
400
403
395
372
329
330
392
407
415
404
390
374
349
292
315
285
253
246
171
81
-60
-149
-174
-165
-172
-207
-281
-337
-444
-444
-374
-320
-293
-358
-345
-309
-232
-157
-88
14
52
108
186
220
281
341
377
416
454
494
512
484
462
426
414
418
370
357
292
190
181
95
51
-7
-43
-83
-208
-296
-373
-427
-474
-516
-496
-509
-612
-692
-713
-685
-680
-651
-631
-595
-619
-633
-583
-492
-399
-338
-333
-313
-243
-126
-30
70
163
233
264
275
320
393
466
550
640
717
716
681
699
707
782
712
741
741
684
621
516
525
469
440
396
356
315
153
74
-13
-86
-179
-262
-261
-315
-396
-535
-625
-644
-680
-657
-550
-584
-660
-781
-782
-657
-519
-376
-232
-119
-127
-111
-59
79
244
341
502
563
581
540
508
569
591
664
656
586
484
322
254
251
264
225
118
35
-107
-206
-274
-312
-331
-398
-457
-535
-569
-591
-615
-666
-643
-667
-695
-708
-700
-631
-609
-582
-545
-442
-402
-353
-266
-175
-52
28
86
160
203
239
240
330
398
439
467
468
512
466
493
529
621
669
650
629
531
541
524
571
635
697
627
507
428
398
376
328
306
214
94
-114
-192
-252
-255
-344
-463
-522
-602
-663
-783
-762
-822
-847
-896
-864
-736
-701
-639
-616
-516
-457
-360
-205
-35
131
154
191
273
387
515
691
835
890
884
828
871
929
959
911
887
806
706
602
475
380
264
130
34
-49
-194
-372
-499
-591
-638
-676
-729
-827
-865
-918
-943
-956
-919
-854
-818
-761
-714
-637
-628
-583
-507
-303
-166
-104
-47
10
126
180
290
404
471
512
491
545
641
706
774
793
818
758
695
652
676
710
698
655
604
512
408
416
385
370
281
191
69
-94
-183
-215
-231
-313
-418
-528
-590
-714
-735
-734
-706
-744
-823
-859
-888
-844
-748
-647
-577
-529
-533
-474
-404
-246
-78
5
62
68
140
240
354
492
586
636
637
599
632
631
653
648
627
606
530
435
332
287
236
223
166
106
34
-68
-174
-206
-161
-194
-261
-330
-352
-354
-365
-365
-278
-239
-262
-269
-255
-203
-205
-98
-29
42
9
-42
-16
44
104
142
165
143
89
59
107
162
217
202
201
164
142
161
174
211
184
174
157
177
159
162
185
182
163
101
101
111
100
62
8
-28
-104
-99
-64
-53
-95
-177
-259
-306
-301
-286
-254
-247
-323
-371
-396
-390
-313
-310
-282
-286
-295
-271
-258
-262
-257
-213
-119
-18
7
19
19
40
81
166
243
293
263
231
200
231
237
251
290
330
308
245
229
183
173
103
108
108
97
26
-40
-72
-117
-133
-122
-110
-108
-199
-246
-273
-260
-251
-225
-207
-179
-206
-234
-211
-179
-148
-122
-59
-80
-106
-143
-133
-62
45
81
113
74
37
52
101
176
193
220
180
141
168
206
248
264
247
250
237
248
258
247
213
172
185
199
240
203
129
71
14
18
48
103
78
5
-86
-90
-81
-24
0
-7
-25
-90
-46
-56
-20
16
38
24
6
15
7
73
109
86
35
-54
-79
-57
-29
17
-38
-93
-207
-281
-276
-226
-168
-224
-264
-342
-407
-423
-347
-278
-272
-276
-322
-324
-283
-240
-159
-95
-103
-94
-64
-1
74
93
102
117
174
193
261
291
296
261
252
244
275
292
269
274
250
243
211
192
167
149
148
134
117
78
8
-23
-43
-61
-24
-39
-81
-113
-143
-142
-166
-181
-169
-159
-152
-170
-158
-153
-161
-150
-116
-66
-20
-56
-73
-89
-55
-31
-1
35
29
54
32
72
74
94
137
117
154
119
144
126
109
163
152
212
170
150
127
115
125
145
189
164
127
65
39
55
92
54
81
52
-42
-89
-157
-93
-75
-81
-79
-111
-140
-224
-225
-159
-125
-147
-192
-198
-134
-145
-130
-67
-40
-53
-70
28
50
58
42
24
75
112
138
193
207
167
160
142
160
172
167
164
125
99
70
63
60
32
73
50
43
28
-13
-15
-75
-79
-90
-75
-81
-85
-70
-89
-71
-55
-72
-66
-64
-55
-55
-38
-25
2
13
2
9
-8
26
70
139
136
101
57
6
36
75
109
108
57
15
-23
-41
-37
-47
-37
-83
-112
-163
-194
-227
-258
-295
-291
-298
-311
-299
-336
-330
-360
-382
-341
-294
-253
-229
-253
-261
-276
-252
-200
-114
-36
-47
-62
-74
-13
50
98
146
160
161
135
151
203
241
244
239
225
256
247
260
312
290
288
249
241
218
238
240
262
233
210
197
188
188
143
189
169
160
145
131
112
66
35
27
60
69
65
42
4
-26
-50
-54
-4
-22
-40
-56
-70
-104
-160
-136
-146
-104
-101
-73
-111
-211
-270
-282
-217
-162
-149
-150
-200
-228
-209
-160
-64
-24
-1
-7
-33
-43
-52
-9
28
75
60
56
50
25
36
54
81
46
21
-22
-26
-6
-9
-44
-115
-200
-205
-144
-71
-22
-42
-110
-160
-157
-110
-26
39
44
8
-41
-59
-13
65
160
180
184
177
143
152
173
258
289
293
312
320
298
309
309
281
266
221
223
217
178
144
77
25
-8
11
-4
-38
-98
-167
-226
-312
-306
-297
-279
-331
-358
-368
-363
-378
-366
-309
-286
-257
-248
-155
-107
-98
-56
-8
50
66
67
118
167
159
159
169
174
193
196
256
266
254
205
148
178
129
145
117
115
95
23
-10
-64
-53
-77
-33
-51
-75
-141
-232
-223
-204
-168
-230
-238
-276
-292
-275
-261
-195
-212
-233
-250
-232
-211
-195
-174
-163
-171
-151
-119
-49
27
18
8
10
51
109
114
182
246
262
222
263
338
384
418
419
439
424
389
352
412
433
427
387
385
392
354
338
306
308
263
187
174
165
139
74
-23
-47
-93
-116
-161
-187
-172
-251
-314
-372
-341
-322
-327
-284
-272
-296
-349
-365
-294
-209
-162
-179
-152
-162
-141
-122
-70
10
18
12
-18
5
7
-2
20
14
29
-54
-91
-88
-92
-89
-142
-176
-246
-286
-277
-285
-242
-272
-358
-427
-465
-446
-445
-385
-313
-310
-356
-385
-327
-241
-162
-53
2
39
25
40
170
233
296
320
396
418
390
398
400
430
429
453
513
533
547
525
524
506
492
511
491
557
511
494
412
351
326
326
321
307
293
208
99
25
3
-14
-7
-30
-66
-147
-257
-324
-319
-281
-274
-247
-276
-336
-377
-420
-394
-361
-268
-254
-261
-323
-327
-296
-264
-150
-98
-78
-148
-188
-164
-114
-56
-26
14
18
-34
-38
-15
34
38
-7
-17
-38
-48
-69
-47
-51
-69
-72
-92
-62
-49
-80
-95
-74
-83
-70
-19
43
95
111
115
155
171
158
171
222
265
228
205
198
199
159
174
251
248
198
112
120
101
73
54
64
89
17
-52
-43
5
-8
-32
-38
-26
-61
-113
-116
-60
-31
-44
-16
41
73
46
46
111
158
164
163
163
128
64
35
58
88
101
64
34
-25
-97
-116
-133
-143
-187
-239
-335
-406
-456
-451
-422
-371
-345
-366
-390
-437
-413
-381
-307
-226
-259
-292
-313
-306
-242
-154
-61
-11
16
-32
-13
57
100
175
215
222
221
202
234
252
310
362
357
362
364
377
400
404
436
400
364
352
314
308
294
252
186
128
101
96
65
68
58
50
15
-50
-44
-80
-138
-179
-208
-188
-233
-255
-256
-259
-257
-288
-224
-87
-53
-36
-39
-24
27
48
190
265
311
260
227
249
272
342
359
329
211
106
51
49
88
52
28
-123
-177
-286
-342
-380
-677
-612
-865
-844
-894
-868
-525
-481
9
121
341
458
314
474
226
281
60
-105
-154
-439
-265
-387
-133
-57
101
336
268
511
415
522
331
253
192
-49
22
-166
-37
-117
-148
-85
-215
-40
-113
40
7
-43
-28
-127
-38
-113
49
46
16
-18
-71
-5
-45
81
107
136
101
42
84
89
174
167
197
178
109
102
21
61
14
46
70
77
117
101
121
31
95
45
136
117
125
129
5
25
-128
-23
-12
-3
86
-71
60
-54
-24
3
-33
177
-15
98
-25
-58
-43
-199
-17
-180
-119
-254
-280
-185
-289
-213
-382
-329
-406
-511
-399
-462
-308
-357
-220
-104
-44
148
117
255
239
261
268
234
274
222
285
239
314
331
342
422
403
516
488
514
509
472
489
369
366
288
271
219
184
201
134
94
-1
-9
-121
-159
-264
-243
-689
-899
-1132
-1439
-1251
-1401
-1005
-854
-629
-220
-223
247
191
321
420
183
273
-39
93
-108
-50
129
133
531
548
969
945
976
1005
704
716
364
336
149
55
29
-229
-111
-300
-178
-220
-321
-199
-507
-420
-694
-642
-680
-806
-735
-936
-748
-789
-685
-548
-554
-392
-463
-282
-157
-9
146
33
234
165
211
239
281
390
306
425
440
543
584
584
640
595
674
650
575
619
510
466
279
314
269
165
171
68
112
-81
-86
-99
-120
-121
-238
-176
-289
-311
-295
-315
-251
-344
-273
-274
-250
-238
-270
-227
-303
-256
-217
-92
-84
-77
-45
-72
-29
25
70
100
185
199
165
171
217
199
248
308
373
308
238
301
304
246
231
169
74
30
11
-55
-13
43
-31
-55
-47
-97
-116
-158
-174
-287
-323
-398
-473
-447
-361
-263
-236
-27
47
49
89
107
72
-91
-9
-103
-212
-54
-117
58
96
167
267
276
336
217
221
137
-34
-63
-61
-63
-120
-57
90
52
117
202
221
153
146
78
69
22
-77
-37
-61
-116
-168
-111
-87
-100
14
-25
-104
-85
-147
-64
-91
-1
-8
-64
-29
-85
-8
1
-68
72
47
-151
-98
-107
-50
-73
-7
49
-48
62
-14
-42
31
-124
-17
1
16
89
24
62
-2
62
-6
92
62
163
81
-54
-136
-215
-199
-231
19
109
108
102
1
49
-23
83
59
-38
147
-113
-1
4
95
14
-29
153
23
185
63
0
63
-75
-12
70
58
173
43
75
-17
-57
-112
-59
-52
-39
24
58
88
38
286
170
156
148
133
58
-100
-46
-94
32
26
27
196
83
207
175
215
242
-66
-2
-99
-59
-153
-210
-171
-349
-107
61
44
63
37
74
-74
-125
-202
-251
-200
-200
-74
16
-14
-51
33
59
317
197
242
216
61
-58
-70
12
-21
180
112
106
275
208
20
51
57
-143
-218
-254
-278
-259
-375
-245
-368
-253
-260
-376
-81
-307
-82
-313
-336
-241
-501
-143
-205
-156
-37
-116
-131
-141
142
-53
-9
112
-7
305
246
500
387
326
338
56
206
105
233
119
198
405
289
369
401
324
124
321
151
119
160
-138
-185
14
-51
19
181
58
100
239
-65
-285
-306
-436
-307
-330
43
-263
-121
-130
-232
120
-128
-49
-176
-177
-432
-448
-241
-153
-148
-24
-47
86
61
198
149
84
187
103
-114
-57
252
-9
319
536
333
442
550
270
149
249
79
-15
9
-148
-51
-37
162
142
281
17
114
179
-220
192
-368
-311
-288
-618
-551
-471
-77
-162
409
249
-61
290
-71
-254
-541
-192
-392
-192
-80
-136
218
-149
115
254
250
294
358
181
0
-170
-527
-252
28
7
375
547
572
519
505
317
214
50
-209
-51
-273
-257
-40
-163
-12
130
371
-132
100
291
-368
101
-331
-311
-303
-505
-431
-524
74
-287
-252
77
95
156
-107
-225
-522
-592
-536
-365
-93
97
422
61
197
373
342
227
485
730
436
263
218
160
-13
88
256
274
589
551
238
532
282
-85
-158
-127
-202
-248
-181
-469
-588
-484
-221
-301
-108
56
-34
-300
-417
-435
-746
-817
-655
-561
-304
21
173
425
371
-69
136
581
104
-85
-14
-9
-194
223
407
326
801
735
1126
607
702
141
-370
51
-669
-444
-298
-189
74
-52
472
58
110
297
-511
-288
-616
-82
-779
-350
-10
-565
389
-201
436
85
-101
236
-801
26
-280
159
155
-210
531
161
550
309
401
32
-341
209
-676
294
56
251
206
609
857
-473
779
401
-83
-278
-205
102
-239
-20
83
3
605
100
14
367
2
-662
-440
149
-365
-546
-772
698
-879
-122
213
-901
66
-556
-47
-882
-247
-485
-978
-50
-253
-75
79
147
314
-163
82
-454
-88
382
-423
355
420
116
226
758
430
182
201
260
-22
544
-125
266
156
9
-89
663
662
-86
538
-167
177
-539
-176
-303
-109
-256
334
117
11
-63
-17
-625
135
-9
-752
367
-369
-241
-203
490
113
-77
117
323
88
599
-68
-43
-444
-328
169
428
812
275
334
278
505
223
-63
231
52
-30
750
-417
611
442
45
193
-3
815
-484
-214
-517
-122
-157
-432
495
-252
-483
-135
49
-601
-665
0
-614
-318
-259
-499
-304
-665
-146
-762
156
685
-835
15
-71
-507
-967
89
-132
-261
-85
429
-57
472
202
-952
225
48
667
-207
684
803
348
531
-588
894
461
178
819
149
626
266
8
143
159
661
-742
1121
443
-159
-11
-21
253
-918
-56
-440
-336
189
-153
-270
-532
-162
203
-761
377
-885
77
-319
-537
396
-636
199
-710
319
59
177
112
-196
773
-78
-438
667
-237
147
247
467
568
59
443
-726
869
-25
-752
725
351
-321
-170
364
-832
80
10
-870
61
24
-881
-392
-259
-623
-429
-212
-252
-534
-540
-214
-109
-266
-290
-117
-426
121
-60
-57
-286
492
400
-424
245
606
-823
792
74
387
592
-75
807
40
651
312
-50
419
267
510
-250
607
556
319
238
75
652
-191
535
-506
810
116
-77
307
-285
211
-243
323
-314
-181
519
-657
240
-339
-436
253
-561
182
-6
0
-154
-409
149
-243
-704
-90
431
-306
-339
480
-117
-22
-188
119
-223
-663
374
77
-609
122
-271
637
-352
-95
508
-432
233
-197
10
307
34
-42
565
61
144
-361
671
-261
-241
374
-689
67
-222
-453
-152
-296
-303
260
-231
-13
-476
-35
-366
-821
13
-535
-183
-206
448
-345
299
-317
26
-179
119
312
-656
763
54
63
51
231
158
747
-334
675
543
-158
91
903
-207
-132
1377
-306
759
333
-17
-90
613
265
-453
178
496
-429
-69
417
-445
-76
235
288
-558
304
-6
-452
-309
367
-252
-262
428
-49
-354
260
45
-857
720
29
-484
-25
157
7
39
-88
492
349
-724
381
537
-327
-95
907
-340
98
605
-113
-709
1413
-705
-216
953
-728
-140
-61
213
-1076
35
90
-1034
26
-239
-548
-591
-221
48
-1297
-149
-342
-151
-307
2
-779
52
30
-1082
206
153
-602
-73
444
-139
133
-470
877
-195
209
591
-127
848
-187
570
519
-3
1080
-329
1002
221
-194
1270
-332
-83
785
-60
232
-632
785
-127
-579
963
-1222
904
-409
-288
214
-461
647
-1027
436
229
-836
762
-467
202
179
-435
652
-249
-97
429
-67
46
94
636
-757
52
701
-1045
579
627
-615
448
640
38
-291
729
150
-1025
1032
-379
-126
-162
143
-234
-255
599
-966
-449
282
-436
-607
-127
-181
-401
-217
-176
-596
181
-98
-356
-430
-101
55
-1195
338
-153
-803
73
-375
131
-229
-24
-43
-201
380
-438
85
268
-150
638
-702
1235
218
-364
894
426
176
69
792
224
-215
837
-81
252
613
-82
184
389
-20
-43
316
155
124
26
-67
148
-137
39
-418
484
-49
-368
551
-678
56
-202
15
-382
-7
304
-692
366
54
-362
-46
216
75
-443
261
508
-584
482
35
-195
472
-148
-44
541
106
210
99
-135
231
130
-399
-353
858
-326
-709
1106
-648
-412
430
-536
-328
-25
-111
-840
154
516
-1635
185
416
-924
-269
229
-408
-729
650
-954
-520
92
-339
-161
-796
925
-645
-472
967
-254
-487
288
332
-258
-134
693
-257
110
562
-271
286
724
-214
352
229
388
216
148
737
-140
450
-135
764
-76
-264
750
-25
57
219
235
-251
-48
162
232
-416
130
385
-231
-87
532
-846
845
-172
-641
709
73
-717
139
910
-827
225
57
-408
521
-528
-24
262
-609
592
-921
584
-556
-249
420
-494
237
-831
524
-200
-25
-235
278
260
-644
1113
-319
45
804
-479
986
-286
933
-172
396
481
-312
669
-502
948
-290
231
114
44
-54
2
192
-758
491
-429
-342
-31
-729
-495
-481
-374
-391
-937
-88
-876
-23
-1005
-619
288
-1132
15
129
-299
-263
481
-321
126
2
246
-305
733
151
-33
600
253
29
428
466
46
593
508
353
-66
608
95
462
211
197
623
47
-32
238
71
238
-245
318
-267
451
-200
-405
703
-652
3
-248
-110
-325
-273
-164
-488
11
-254
-607
-43
-100
-668
158
-481
-16
-678
466
-741
61
63
-72
-180
-51
186
-110
-99
496
-385
366
146
-128
598
-368
1405
-887
1101
5
196
216
-102
793
-344
210
507
-357
433
-43
-120
69
-227
-46
-541
144
-460
89
-664
-69
-168
-484
-24
-309
142
-522
-178
-184
-536
132
-480
-151
281
-286
186
-242
488
-112
53
729
-140
454
390
242
519
-89
613
283
467
135
521
547
-2
687
-168
545
319
-51
463
691
-255
378
15
-44
165
-119
-24
-467
131
-560
-416
-302
-31
-454
-350
-125
-594
-145
-405
-513
-137
-366
-429
-279
-417
-85
-165
-143
-408
228
-364
-60
86
-196
36
-68
-50
-269
443
-350
391
-44
191
57
-78
194
45
-129
286
-118
249
28
4
507
-311
397
75
-158
-119
337
-193
92
130
17
-109
205
-150
125
384
-364
388
-12
182
-203
60
377
-244
225
2
15
28
-131
510
-415
163
-6
-88
-101
-63
75
51
2
-265
364
-418
-97
169
-203
83
93
-197
340
-216
310
-420
417
93
-505
618
110
-33
149
332
-94
100
11
461
-347
429
64
-190
469
-165
-55
110
178
-18
1
-115
512
-675
333
-48
-436
417
-443
179
-305
193
-189
-102
-33
-66
-133
9
-90
63
-149
-221
135
-513
283
-75
-219
35
2
-67
151
-231
191
-155
98
227
-737
664
-506
383
-241
369
-413
216
180
-296
335
-27
306
-370
615
-211
592
-413
435
178
73
33
-20
259
130
-98
-213
528
-551
291
-458
205
-274
-147
-12
-627
288
-551
-109
78
-499
-71
-87
-464
-7
-396
11
-203
-153
50
-309
153
-225
-48
113
17
13
25
119
18
10
305
42
169
312
177
143
335
103
9
326
-279
390
-230
86
-96
112
-177
126
-281
-87
-94
-346
-90
-316
-11
-508
61
-471
-126
-162
-240
-153
-162
-170
69
-307
17
-19
-161
203
68
-2
186
265
-85
329
195
150
504
15
330
224
295
228
284
375
237
237
205
158
301
249
229
223
455
41
156
216
152
38
34
95
-387
577
-561
31
196
-464
314
-594
232
-483
-64
-76
-477
187
-524
35
-320
-41
9
-328
147
-632
391
-304
-251
255
-401
419
-688
610
-349
217
301
-433
746
-375
469
-85
125
342
-249
775
-598
839
-187
-138
577
-654
670
-456
225
-179
-204
311
-777
198
-356
-381
54
-629
267
-862
72
-289
-394
86
-630
234
-424
-108
-12
-57
-172
-203
159
-160
113
-32
-212
444
-113
186
165
175
183
138
374
-323
779
-205
204
525
-184
497
-56
186
212
-177
439
-493
307
49
-301
283
-633
484
-410
-50
57
-382
181
-438
53
-265
-148
-59
-223
-47
-11
3
-187
-49
315
-260
237
-117
54
84
-106
225
-167
513
81
-93
335
136
87
-29
312
97
-17
421
-177
364
-93
55
74
26
225
-208
102
-48
80
-97
-10
250
-357
27
14
-434
7
-98
82
-476
68
121
-692
243
-182
-47
-29
145
-100
-73
131
-57
141
243
-31
246
-50
145
253
-358
621
22
-108
268
96
-63
-22
147
242
-162
158
149
29
-152
132
151
-37
133
-98
104
-56
121
-221
93
42
-38
59
-140
233
-262
203
5
-169
89
90
-201
-133
262
-169
73
94
-278
303
-450
-250
387
-578
-43
-148
-137
-302
-16
-66
-300
-126
-47
-172
-246
-76
-230
-28
-155
3
-343
250
-93
-307
298
138
-221
36
168
-82
190
-209
420
68
80
168
45
-8
151
-123
138
-7
0
32
-264
228
-440
252
-126
-64
111
-358
-27
-80
-54
81
-311
111
156
-161
-1
65
161
-62
247
-17
211
-205
549
32
188
325
-138
652
23
260
19
294
334
-208
308
384
-212
138
142
197
-140
-57
157
-488
122
-90
-497
120
-251
-366
-347
146
-297
-309
14
-277
-110
-176
-115
-15
62
36
46
89
96
124
-29
431
69
70
343
-65
576
-59
366
482
29
265
312
217
-1
326
-21
30
193
-74
205
32
-60
-161
32
-427
-60
-206
-383
-356
-337
-376
-436
-113
-405
-465
-76
-650
-28
-414
-244
-129
-594
159
-373
-69
-78
89
171
-129
313
-261
329
-48
313
172
127
656
-453
636
339
237
227
406
578
-665
1005
-77
-181
633
-107
50
79
292
-206
51
213
-392
316
-396
265
-337
43
164
-659
237
-318
13
-188
-303
272
-707
-1
-214
-278
-221
-40
-185
-423
131
-407
-36
-295
291
-631
183
-54
-457
470
-309
57
120
-21
206
-17
285
199
87
393
-76
509
149
302
213
296
260
34
565
-79
439
-109
442
-104
-148
117
-290
12
-362
136
-566
-42
-366
-311
-59
-570
-1
-566
-55
-144
-482
202
-341
-267
107
-119
5
-161
514
-377
459
-31
352
555
-200
887
-60
788
371
309
1000
58
427
746
290
487
109
747
-81
590
-11
-20
370
-241
63
-363
384
-700
-201
-225
-572
-188
-710
-203
-741
-287
-461
-531
-365
-437
-325
-717
25
-385
-575
-152
-137
-359
-397
385
-630
447
15
51
469
-360
872
-280
634
328
159
699
308
631
117
718
598
248
533
-7
1083
-154
463
461
-300
699
-424
295
-406
415
-282
-913
739
-1338
-213
-384
-681
-284
-1068
-49
-1045
-557
-658
-499
-678
-894
383
-1371
104
-194
-606
157
-346
393
-605
623
272
-204
897
378
377
525
928
240
521
1159
-70
843
834
329
417
761
394
209
631
327
191
342
64
88
-130
216
-233
-513
534
-458
-468
-19
-280
-459
-57
-913
-167
-332
-410
-635
-284
184
-970
-92
-351
-458
-61
-556
198
-326
-130
206
-402
230
137
261
-95
446
326
197
337
-13
753
367
15
447
320
680
-286
577
249
-73
374
107
-22
287
30
-169
216
-386
-233
121
-645
-183
-302
-198
-660
-463
145
-759
-210
-853
-336
-64
-1067
100
-449
-311
-643
-124
268
-818
227
210
-426
626
-303
491
183
3
682
417
629
9
736
810
349
112
490
819
169
130
984
151
111
70
635
318
-581
407
186
140
-190
-368
313
12
-799
262
-52
-476
-599
30
97
-794
-319
-340
169
-835
-245
-69
-423
-399
-233
-124
-612
-5
-454
232
-184
-401
128
111
-315
-110
503
87
-478
720
223
-261
534
-110
618
267
-275
460
585
-215
177
296
368
-380
505
63
-219
539
-479
-19
410
-917
83
304
-779
-283
185
-399
-896
601
-1023
50
-161
-882
353
-232
-437
-270
499
-436
-53
318
-252
331
120
-87
791
100
135
129
777
183
455
622
-232
1013
217
477
47
568
118
47
1006
-265
267
103
-86
887
-773
50
379
-201
-110
-247
120
-296
-318
92
-317
-241
-587
63
-113
-535
-266
-40
-76
-602
-113
-192
-270
-389
201
-458
-176
-240
-192
463
-550
-304
295
189
-263
36
480
-714
282
390
-158
172
-72
49
330
-269
78
335
-153
-73
37
313
-482
-128
295
-161
-71
-43
-268
-14
-126
80
-784
238
-151
-499
357
-672
-78
-33
201
-654
176
462
-923
439
375
-97
131
156
419
318
3
578
333
354
490
533
28
895
267
221
924
-60
596
125
635
80
268
677
-242
203
426
16
-115
-152
588
-223
-557
441
-571
32
-467
-267
210
-696
-318
189
-240
-585
-32
-300
52
-588
-381
241
-450
-42
-343
231
-201
-483
391
-154
-223
-74
160
146
-298
372
215
-81
251
172
336
-180
286
590
-239
123
340
-21
378
-365
263
285
-479
-20
205
153
-1078
438
-115
-457
-160
-684
288
-559
-937
176
-337
-689
-372
43
-684
-398
119
-686
368
-259
-258
328
188
-245
296
573
46
214
829
-201
698
712
-309
1376
-129
438
692
58
314
595
-90
201
839
-233
-148
506
36
-712
648
-316
-784
698
-943
-252
-164
-752
-162
-625
207
-1054
-328
63
-941
-35
-832
154
-313
-737
520
-564
-287
1
-8
-164
-86
467
-592
336
569
-737
970
195
57
836
-238
673
449
268
-66
761
146
-204
1133
-371
26
855
-646
486
106
-209
-38
81
99
-656
438
-390
-315
105
-511
-94
-390
-241
-128
-635
221
-650
-69
-284
-455
497
-1005
470
63
-573
643
-316
192
493
294
-30
464
315
218
604
67
858
231
452
587
542
138
151
933
249
131
836
-137
370
448
116
-227
406
220
-749
452
64
-760
-58
154
-850
329
-350
-522
25
-725
10
-547
-391
-217
-489
-147
-435
185
-614
-796
541
-461
-409
-199
-59
174
-700
433
-201
-68
-30
-178
489
-128
-265
637
-431
365
254
-486
852
-228
-171
261
651
-732
342
544
-864
44
641
-342
-468
296
-126
-63
18
-567
123
-256
-572
175
-187
-483
-235
-220
97
43
-644
-223
312
-94
-463
166
468
-461
534
-10
-40
553
65
118
363
806
-309
421
984
-284
467
485
169
768
203
253
236
404
195
474
175
46
160
-23
688
-508
231
-60
-333
69
-152
218
-887
16
235
-949
171
-242
-685
19
-163
-214
-402
-224
-484
-326
254
-666
-20
22
-201
-186
-75
381
-544
58
135
318
-254
-270
659
-143
-12
100
320
-44
81
157
-58
359
-166
-135
635
-34
-297
388
103
-346
120
126
-336
21
-185
137
-36
-362
-9
-29
84
-652
151
16
-289
-65
-113
89
105
-358
-34
266
-137
-194
578
79
-503
509
-76
254
187
-13
-241
236
419
-46
-58
473
-166
-289
1045
-426
-617
816
-418
-194
511
111
-639
101
414
-684
111
107
-304
-219
109
21
-340
376
-463
-750
780
-702
-555
214
-85
-496
-208
459
-385
-429
321
-200
-2
206
-498
478
-291
254
-57
52
344
-358
532
-12
167
-264
521
226
-452
540
204
-34
234
65
639
-208
270
156
316
236
-558
910
-239
-51
184
49
305
-397
385
-81
-4
115
-422
280
30
-67
252
107
11
-292
421
-529
331
-110
225
-176
33
571
-209
70
-142
502
-130
34
82
56
267
-42
-27
312
-292
226
-193
252
95
-369
299
-314
-69
-283
181
69
-259
221
-277
-166
-64
-262
30
-175
-10
-462
4
266
-851
47
-262
-82
-237
-487
-215
-196
150
-586
-40
262
-379
75
-68
-8
407
-222
-69
268
-198
117
351
-328
229
411
-393
208
418
-175
239
403
72
147
125
212
-169
18
442
-52
-219
340
83
-696
122
25
-446
416
-430
-170
405
73
-485
24
378
-149
-420
-52
195
-385
-301
-130
-230
-234
-32
-231
-121
239
-170
-42
498
-78
102
66
-57
349
219
190
31
299
337
55
-26
16
445
142
76
151
11
556
320
-279
450
229
-255
251
-113
-210
128
-140
-330
375
-334
-476
209
-356
-176
-58
-361
-177
-178
-84
-154
-370
-214
-138
-109
-405
80
-118
-358
167
-79
-21
68
119
-71
178
277
286
159
283
381
-28
433
328
162
415
309
453
166
2
332
96
-145
237
338
-306
268
321
-355
-118
260
-283
-261
222
-110
-278
-103
-178
-315
-142
-153
-336
-449
-81
-139
-435
-330
37
-372
-278
103
115
-216
-350
422
-168
-489
565
59
-265
641
137
29
96
266
145
-96
563
-44
206
410
73
306
-50
521
98
-453
513
87
-434
101
268
-404
-201
253
-345
-216
-64
-191
-306
-306
-286
-250
-378
-70
-109
-420
35
-286
-550
-232
-182
-363
-436
-26
-283
-271
151
-107
-39
-126
240
13
-125
322
-63
36
363
206
255
152
0
362
169
161
343
216
186
169
136
252
-16
-7
153
180
-27
34
-2
-115
-91
-325
-183
-165
-137
-261
-61
-147
-138
81
-355
-264
-83
-85
-96
57
189
21
38
64
-3
238
139
48
244
477
145
308
455
215
415
488
440
454
475
291
361
293
316
520
372
305
481
285
52
93
70
-52
68
32
-1
-108
-193
-88
-253
-283
-297
-288
-395
-408
-342
-471
-497
-588
-409
-132
-240
-533
-195
92
-594
-401
-19
-328
-293
-5
260
245
190
92
-62
-132
53
-55
42
326
270
100
212
385
-179
76
336
47
22
416
77
-306
283
177
-367
23
206
-284
-312
-40
-395
-422
-139
-377
-405
-252
31
-306
-401
52
-288
-539
-69
-178
-505
-23
187
-350
-68
330
-124
-69
285
109
89
225
213
340
266
316
274
377
584
365
99
291
614
87
-53
570
350
52
391
311
81
181
146
-108
24
57
-167
-47
121
-16
-154
-3
-290
-346
-273
-450
-382
-309
-203
-361
-467
-227
-187
-437
-304
-69
-109
-172
-67
-72
39
77
-24
157
162
100
225
387
294
224
269
193
354
362
368
463
422
374
446
165
-7
243
16
-26
130
154
63
-30
-14
-182
-227
-191
-323
-419
-280
-266
-338
-121
-192
-344
-386
-352
-367
-408
-256
-325
-211
-249
-304
-176
-196
-46
-88
22
133
125
80
152
247
43
202
414
151
250
436
324
214
356
231
172
316
186
282
415
286
188
273
286
-43
-50
84
-125
-149
-145
-88
-223
-217
-256
-223
-222
-411
-335
-368
-348
-403
-450
-311
-435
-390
-316
-418
-314
-235
-163
-207
-76
14
26
81
22
112
200
227
187
242
374
233
270
416
384
343
327
289
245
357
352
334
346
332
133
32
31
-38
3
-1
73
65
21
-70
-157
-231
-256
-204
-302
-258
-69
-189
-239
-182
-240
-289
-285
-136
-92
-51
-21
30
17
-1
17
-96
-13
105
96
148
193
141
101
141
185
153
329
378
226
363
420
216
210
362
282
161
220
241
118
18
-34
-20
-45
-68
-59
-74
-124
-194
-267
-268
-249
-284
-323
-314
-412
-455
-405
-446
-473
-406
-340
-440
-384
-315
-311
-283
-243
-80
-68
0
59
105
103
61
163
163
147
224
262
292
391
360
324
341
324
267
294
353
293
263
227
154
131
163
156
70
67
51
-28
-25
-37
-115
-163
-187
-128
-91
-132
-137
-109
-195
-197
-135
-210
-184
-201
-218
-158
-107
-51
-36
-43
-86
-54
-6
-55
23
90
65
126
206
212
232
272
268
239
266
284
311
303
265
286
206
200
119
112
129
83
119
100
39
-41
-81
-157
-183
-188
-243
-203
-197
-253
-252
-265
-355
-393
-375
-429
-409
-364
-379
-361
-324
-340
-276
-221
-292
-208
-149
-201
-142
-58
-53
3
69
52
127
164
