19
21
15
4
-13
-26
-32
-34
-24
-12
-4
2
3
1
-2
1
2
3
3
-1
-6
-12
-10
-9
-5
-2
-1
-2
-8
-18
-28
-34
-36
-28
-24
-16
2
18
30
36
43
46
49
49
45
42
36
31
23
15
12
10
14
23
32
37
33
21
7
-5
-7
-2
2
7
11
16
18
13
6
0
-2
-12
-28
-44
-55
-62
-80
-91
-89
-84
-67
-51
-34
-23
-22
-27
-43
-51
-57
-60
-60
-57
-53
-58
-64
-72
-78
-80
-80
-79
-76
-82
-82
-82
-73
-57
-43
-24
-10
-6
-14
-21
-17
-11
0
13
30
46
45
38
27
20
19
22
37
45
53
56
57
57
63
76
83
81
66
51
47
48
51
46
33
26
26
34
47
59
69
68
65
60
62
63
57
63
74
82
83
71
49
26
8
1
1
6
12
7
-2
-9
-13
5
32
52
56
49
46
45
39
35
30
17
-8
-29
-42
-44
-39
-40
-40
-51
-56
-59
-60
-47
-42
-41
-40
-33
-18
-7
8
17
15
11
1
-10
-24
-36
-38
-35
-21
-6
1
6
14
24
37
57
83
83
70
53
50
59
68
77
68
53
30
14
14
27
31
21
19
24
28
12
-4
-15
-13
-15
-21
-29
-41
-46
-58
-65
-69
-79
-95
-107
-114
-116
-118
-106
-97
-96
-95
-96
-93
-98
-99
-92
-81
-82
-82
-66
-35
5
60
105
149
191
196
194
179
210
241
261
265
231
172
144
176
240
262
223
167
111
35
-177
-294
-199
-16
-64
-285
-394
-451
-515
-416
-168
-87
-226
-348
-350
-332
-197
-11
33
-60
-100
-39
19
129
255
230
154
171
159
83
81
182
167
82
97
93
-13
-99
-71
-30
-40
-42
-98
-191
-200
-172
-151
-113
-50
-46
-98
-58
28
77
122
178
191
150
154
191
206
220
213
168
143
136
121
78
60
47
-20
-52
-41
-42
-85
-127
-133
-146
-143
-121
-115
-110
-83
-49
-36
-25
-7
-27
-46
-8
38
55
67
103
120
113
126
139
134
125
102
77
59
47
30
-17
-42
-63
-94
-105
-101
-87
-103
-105
-86
-84
-63
-44
-8
30
45
64
54
60
83
95
103
103
115
114
91
76
57
25
11
-20
-37
-100
-111
-190
-455
-562
-428
-157
-163
-340
-486
-588
-568
-377
-115
-26
-183
-347
-385
-289
-64
67
104
7
-48
31
160
320
380
336
324
316
312
361
419
481
411
415
479
461
338
214
274
361
325
275
218
178
121
92
191
235
244
128
21
-40
-255
-384
-259
19
-54
-420
-564
-478
-500
-454
-184
-23
-288
-552
-421
-250
-164
-33
137
45
-104
5
205
251
297
349
315
223
208
248
166
186
276
239
82
32
54
-65
-161
-28
50
-73
-179
-141
-123
-206
-127
4
-4
-88
-103
-50
-36
18
101
84
31
52
98
94
101
160
112
-1
21
83
71
6
69
93
8
-72
6
-35
-95
-110
-67
-119
-195
-170
-798
-1034
-645
172
156
-412
-559
-679
-746
-426
234
459
-26
-400
-416
-296
108
390
481
176
-60
-4
140
414
542
313
209
186
87
25
70
339
291
186
162
98
-34
-194
-21
324
392
241
34
-4
117
282
669
845
723
533
496
799
1003
1028
880
700
476
-170
-506
2
679
321
-715
-1021
-812
-1065
-1155
-504
-191
-1023
-1745
-1404
-966
-1003
-784
-264
-400
-883
-606
119
268
179
448
712
507
403
732
880
774
836
968
752
457
419
356
80
65
205
-9
-501
-644
-527
-662
-779
-541
-381
-699
-972
-765
-475
-465
-371
-78
9
-146
-79
243
386
397
470
540
452
423
504
511
396
306
297
-19
-368
-720
-742
-437
-175
-246
-795
-1168
-1175
-962
-568
-267
-256
-581
-837
-630
-299
113
341
341
253
230
527
858
1063
1120
1065
1007
1014
1012
1136
1245
1291
1253
1127
1058
940
891
945
1067
1234
1255
965
623
335
420
447
556
170
-919
-1518
-943
137
-219
-1276
-1559
-1421
-1812
-1901
-895
-268
-1354
-2409
-1961
-1093
-984
-893
-229
-263
-945
-830
209
682
337
327
845
766
396
650
1191
1165
691
751
950
662
226
190
295
98
-155
-170
-363
-739
-908
-782
-679
-729
-658
-644
-863
-937
-612
-265
-209
-198
36
105
-1
147
575
777
562
537
751
792
609
654
748
402
-296
-767
-667
-356
-73
-213
-774
-1366
-1553
-1289
-810
-400
-385
-825
-1189
-1058
-610
-197
15
95
-29
-92
185
653
990
1084
1070
1085
1130
1224
1391
1563
1723
1723
1592
1400
1230
1268
1505
1634
1620
1437
1458
1379
1186
1089
1010
904
606
361
-525
-1607
-1610
-275
325
-1086
-2482
-2331
-1967
-2381
-2065
-739
-742
-2598
-3463
-2127
-915
-1080
-984
-289
-456
-1287
-805
799
1339
641
579
1276
1205
629
1008
1986
1915
1063
950
1316
907
134
163
656
348
-370
-535
-478
-910
-1388
-1150
-750
-946
-1343
-1339
-1249
-1279
-1039
-470
-254
-438
-433
-146
11
146
604
965
740
529
695
993
578
-388
-613
-173
425
143
-467
-941
-1348
-1473
-1099
-406
-291
-992
-1596
-1620
-1204
-717
-387
-201
-475
-697
-455
225
874
1024
926
1012
1117
1185
1387
1773
2235
2220
2057
2011
1982
1990
1935
2138
2505
2479
2208
1820
1690
1667
1517
1501
1356
1017
475
144
-620
-1898
-2254
-922
172
-1143
-3166
-3387
-2550
-2704
-2771
-1484
-884
-2573
-4184
-3063
-1045
-769
-1024
-395
-65
-859
-996
724
2123
1626
931
1429
1844
1201
959
2066
2738
1854
938
1181
1320
409
-177
433
730
-246
-1197
-1127
-1025
-1629
-1857
-1263
-1005
-1689
-2203
-1852
-1459
-1406
-1056
-511
-491
-898
-746
-81
352
545
898
974
705
268
-529
-575
283
1645
1365
-280
-1193
-1264
-941
-464
374
343
-981
-1991
-1956
-1314
-551
-58
-172
-999
-1336
-689
55
639
978
958
806
778
1099
1567
2021
2467
2534
2425
2349
2302
2360
2511
2773
2962
3019
2929
2524
2055
1799
1815
1907
1881
1439
606
-40
-1127
-2523
-2758
-979
329
-1630
-4419
-4653
-3299
-3216
-3455
-2026
-1304
-3437
-5466
-4030
-1198
-712
-1454
-948
-369
-1156
-1456
523
2608
2181
981
1402
2174
1659
1187
2503
3709
2690
1198
1249
1701
807
-154
566
1216
47
-1476
-1538
-1049
-1619
-2157
-1487
-970
-1852
-2851
-2440
-1525
-1379
-1248
-648
-449
-1004
-1124
-95
794
991
1059
1253
954
-70
-451
311
1579
1896
1156
103
-698
-866
-461
401
748
104
-1079
-1802
-1707
-1165
-528
-200
-522
-1227
-1459
-893
-31
461
617
755
750
645
814
1521
2346
2647
2582
2562
2514
2355
2378
2823
3357
3412
3120
2841
2531
2398
2375
2462
2358
1780
1158
501
210
-689
-2444
-3151
-1922
-263
-1621
-4433
-5106
-4040
-3820
-4357
-3049
-1606
-3134
-5751
-5128
-2195
-901
-1558
-1334
-415
-942
-1528
-9
2556
2953
1641
1545
2414
2348
1809
2687
4240
3796
1981
1490
2041
1667
464
619
1502
687
-1182
-1826
-1230
-1448
-2429
-2216
-1416
-1921
-3167
-3266
-2178
-1739
-1948
-1521
-977
-1226
-1667
-1017
295
792
772
740
313
-436
-624
808
2231
2116
855
-451
-679
-291
512
1139
918
-108
-1358
-1823
-1290
-448
-104
-452
-1103
-1475
-1430
-719
104
391
308
221
528
825
1139
1781
2364
2528
2446
2497
2809
2891
2868
3120
3489
3762
3599
3298
3229
3258
3248
2837
2365
2141
1788
1320
-56
-2195
-3275
-2121
39
-626
-3719
-5306
-4804
-4447
-5012
-3721
-1771
-3006
-6343
-6810
-3763
-1675
-2008
-1899
-881
-1297
-2246
-1055
2013
3247
2073
1681
2456
2665
2051
2821
4776
4863
2982
1988
2554
2537
1248
1024
2038
1569
-462
-1610
-1057
-1026
-2271
-2541
-1702
-1843
-3313
-3994
-3036
-2357
-2659
-2485
-1697
-1564
-2192
-1994
-631
303
439
134
-489
-769
-34
1509
2128
1410
678
104
-145
433
1578
1899
752
-316
-640
-691
-454
32
127
-564
-1313
-1293
-911
-388
91
-32
-307
-183
293
663
999
1716
2026
1727
1681
2203
2754
2819
2844
3200
3407
3486
3575
3723
3910
3802
3534
3260
2949
2682
2147
1784
1154
-890
-2917
-2743
-324
208
-2882
-5355
-5044
-4347
-5306
-5144
-2661
-2484
-5927
-8007
-5508
-2537
-2606
-3139
-1808
-1275
-2527
-2381
677
3173
2368
1346
2180
3092
2617
2649
4707
5849
4263
2559
2975
3687
2625
1581
2390
2652
742
-1103
-871
-325
-1552
-2640
-2037
-1763
-3083
-4318
-3700
-2844
-3238
-3475
-2721
-2222
-2745
-2845
-1666
-616
-480
-679
-944
-996
-327
1077
1947
1496
824
420
207
663
1720
2278
1443
211
-285
-279
10
460
512
-61
-795
-1034
-832
-333
325
354
-164
-306
159
655
975
1560
2070
1879
1606
1947
2621
2908
2940
3206
3587
3723
3815
3935
4202
4201
3830
3337
3021
2872
2650
1922
-21
-2400
-2945
-808
552
-1606
-4907
-5530
-4946
-5515
-5736
-3424
-2347
-5386
-8765
-7486
-4050
-3113
-3533
-2563
-1763
-3149
-3726
-831
2585
2738
1439
1836
2823
2482
2408
4619
6558
5507
3357
3270
4166
3530
2476
3059
3621
1919
-414
-619
78
-766
-2148
-2002
-1525
-2653
-4163
-3990
-3183
-3471
-3945
-3339
-2665
-3091
-3434
-2546
-1487
-1109
-1037
-1066
-1241
-886
402
1450
1342
980
872
717
724
1500
2335
1992
1026
401
249
331
570
631
194
-351
-561
-648
-503
110
384
-21
-368
30
509
591
1005
1735
2001
1736
1807
2296
2553
2651
3028
3603
3949
3969
3946
3997
4080
4120
3959
3681
3371
2937
2543
1436
-862
-2722
-1852
604
276
-3324
-5634
-5097
-4965
-6136
-5161
-2458
-3355
-7730
-9361
-6136
-3474
-3846
-3737
-2205
-2657
-4668
-3693
551
2954
1786
1046
2071
2359
1666
2973
6146
6896
4539
2923
3759
4278
3314
3236
4409
3762
987
-539
312
612
-904
-1785
-1293
-1824
-3691
-4395
-3335
-2990
-3945
-4153
-3364
-3278
-4004
-3659
-2385
-1770
-1850
-1815
-1721
-1628
-799
544
1078
734
627
727
733
1179
2148
2466
1784
1162
948
750
789
1039
896
275
-62
-12
-155
-110
390
548
149
93
501
615
545
1118
1916
1997
1747
1878
2217
2322
2661
3453
4089
4275
4212
4209
4191
4268
4282
4238
3923
3618
3069
1130
-1473
-2268
81
1958
-133
-4110
-5315
-4819
-5581
-6258
-3737
-1809
-4996
-9700
-9428
-5832
-4604
-5058
-3622
-2387
-4471
-6315
-3612
909
1946
826
1264
2199
1329
961
3883
7209
6861
4385
3839
4674
4234
3499
4727
6004
4204
1093
336
1234
735
-679
-665
-389
-2014
-4117
-4128
-3129
-3420
-4207
-3947
-3614
-4359
-4757
-3793
-2796
-2740
-2780
-2470
-2306
-1975
-934
28
133
175
525
706
731
1344
2112
2053
1570
1517
1590
1426
1320
1293
1000
713
751
672
398
420
573
310
28
403
817
576
381
869
1363
1415
1487
1838
1971
1829
2038
2715
3391
3945
4163
4107
3934
4005
4101
3946
3862
3857
3727
2368
-240
-2254
-1257
1524
1734
-1920
-4898
-4808
-4682
-5939
-5144
-1924
-2364
-7453
-10258
-7336
-4437
-4825
-4722
-2711
-3276
-6231
-5820
-1264
1594
665
312
1619
1537
352
1935
5728
7037
5087
3837
4598
4715
3766
4170
5907
5542
2734
1014
1561
1655
171
-524
22
-779
-3093
-4024
-3144
-3025
-4052
-4155
-3517
-4006
-4949
-4406
-3279
-3170
-3195
-2663
-2587
-3068
-2237
-499
105
-352
-9
596
424
453
1640
2472
1982
1462
1558
1593
1460
1651
1708
1228
861
819
548
441
871
977
385
155
678
758
343
604
1393
1445
1094
1323
1853
1907
1931
2491
3102
3423
3647
3749
3777
3912
4287
4224
3892
3563
3402
2689
814
-1237
-1399
926
2012
-712
-4537
-4929
-4040
-4971
-5726
-3207
-2008
-6075
-10239
-8460
-4651
-4680
-5755
-4022
-3109
-5747
-6660
-2567
1310
596
-671
800
1813
751
1396
5120
7262
5555
3726
4585
5460
4692
4382
5866
6171
3799
1685
2042
2637
1310
-76
135
-67
-2091
-3554
-3008
-2637
-3822
-4537
-3904
-3922
-4954
-4893
-3727
-3500
-3904
-3162
-2248
-2948
-3585
-2217
-426
-175
-254
426
637
-30
311
1876
2751
2356
1858
1603
1305
1342
1850
2102
1806
1346
794
379
743
1446
1327
643
527
665
250
163
1128
1926
1530
982
1271
1638
1617
2010
2863
3319
3181
3213
3490
3839
4087
4334
4334
4191
3894
3210
2620
1583
-111
-1718
-543
1852
1040
-3372
-5770
-4538
-4033
-5431
-4666
-2308
-4032
-9107
-10123
-6285
-4077
-5164
-5050
-3776
-4942
-6759
-4422
73
1414
3
64
1129
885
1137
3952
6847
6440
4532
4260
5064
4900
4658
5594
6207
4705
2465
1959
2352
1719
467
230
116
-1429
-3217
-3418
-3032
-3707
-4439
-4032
-3797
-4926
-5563
-4667
-3829
-3950
-3608
-2410
-2471
-3863
-3999
-1898
126
579
224
43
-235
-317
689
2337
3202
2572
1317
635
914
1686
2226
2259
1804
926
131
281
1243
1843
1363
713
480
296
200
762
1714
1935
1400
1129
1528
1863
2154
2648
3318
3535
3505
3639
3951
4103
4184
4493
4681
4257
3193
2554
1497
-281
-1627
-46
2115
572
-4038
-5998
-4485
-4082
-5354
-4461
-2400
-4676
-9533
-9935
-5935
-4060
-5265
-4878
-3668
-5006
-6519
-3753
418
1147
-160
411
1415
855
1310
4341
6795
5994
4524
4736
5259
4685
4578
5690
6121
4568
2734
2269
2150
1256
263
197
18
-1407
-2959
-3361
-3382
-3977
-4291
-3751
-3683
-4756
-5308
-4658
-4090
-3998
-3184
-1970
-2520
-4204
-4076
-1651
341
528
122
60
-257
-484
576
2423
3234
2339
1090
671
1014
1536
1955
2146
1782
937
343
618
1307
1524
1089
797
785
616
523
992
1679
1749
1410
1459
1936
2138
2309
2754
3316
3506
3659
3895
4025
3954
4174
4591
4523
3706
2814
2460
1229
-869
-1981
64
1981
-197
-4895
-6235
-4379
-4199
-5709
-4773
-2753
-5242
-9855
-9623
-5310
-3885
-5516
-5087
-3659
-4937
-6140
-2959
1027
1032
-413
644
1842
1005
1532
4890
7000
5533
4208
5092
5639
4573
4374
5683
5854
3929
2305
2250
2103
912
-181
-235
-453
-1772
-3084
-3383
-3463
-4063
-4352
-3861
-3723
-4475
-4783
-4236
-3808
-3589
-2586
-1416
-1671
-2826
-3067
-2007
-538
918
1679
1067
-360
-779
267
1741
2792
2961
2078
723
172
602
1396
1998
2069
1094
-197
-340
522
992
833
948
981
286
-256
459
1454
1646
1567
1924
2129
1934
2136
2824
3281
3462
3875
4238
4026
3847
4215
4599
4487
4230
3923
3157
2212
796
-883
-1929
-460
1258
-324
-4719
-6561
-5122
-4512
-5666
-5084
-3338
-5222
-9517
-9865
-5919
-3875
-5072
-5137
-3842
-4383
-5329
-2825
946
1441
171
947
2333
1834
2081
4940
7098
5762
4321
5278
6072
4770
4080
5408
5855
3839
2022
2153
2036
387
-938
-593
-515
-2031
-3522
-3702
-3762
-4608
-4890
-4119
-3887
-4854
-5256
-4453
-3755
-3508
-2600
-1424
-1507
-2121
-1999
-1371
-853
365
1887
1844
316
-203
810
1596
1915
2516
2645
1369
174
365
1049
1240
1268
1047
54
-740
-310
393
362
328
647
468
-199
-95
763
1177
1264
1746
2205
2080
2016
2377
2714
3056
3764
4305
3995
3716
4000
4252
4017
4234
4798
4534
3294
2258
1990
1020
-1033
-2637
-1650
419
-143
-4022
-6758
-5752
-4475
-5538
-5873
-3792
-3865
-8048
-10229
-7039
-3739
-4510
-5046
-3282
-2882
-4593
-3432
677
2302
1131
1637
3494
2845
1878
4149
7098
6370
4657
5386
6180
4437
3100
4514
5495
3789
1854
1702
1299
-391
-1537
-1248
-1250
-2454
-3509
-3925
-4418
-5159
-5117
-4448
-4215
-4557
-4519
-4040
-3959
-3972
-3214
-1842
-1389
-1960
-2108
-1032
328
884
861
889
1103
1159
1390
2010
2600
2380
1578
1196
1455
1683
1414
1200
1092
777
377
510
880
757
299
224
509
526
524
851
1238
1392
1616
2002
2091
2006
2357
3031
3472
3615
3945
4021
3774
3661
4208
4590
4216
3509
2864
2379
1143
-782
-2322
-1465
741
546
-3228
-6342
-5695
-4499
-5407
-5722
-3628
-3497
-7414
-9802
-7191
-3993
-4319
-4648
-3166
-2845
-4421
-3439
199
1852
1075
1687
3484
2867
1819
3762
6751
6410
4820
5390
6375
4793
3050
4059
5367
4173
2103
1707
1486
-52
-1472
-1247
-885
-1860
-3118
-3629
-4051
-4847
-4888
-4076
-3743
-4393
-4579
-3876
-3555
-3629
-2822
-1195
-692
-1131
-996
-420
-661
-685
941
2545
2134
758
649
1110
1151
1405
2198
2230
1177
334
8
-104
134
784
568
-487
-940
-487
-446
-677
-83
628
280
-509
-265
449
848
1342
2109
2291
1906
1979
2458
2680
2955
3701
4017
3526
3280
3747
3959
3584
3646
4055
3808
2856
2070
1590
509
-1438
-3017
-2539
-407
44
-3068
-6519
-6511
-4861
-5029
-5581
-3968
-3160
-6239
-9065
-7279
-3766
-3249
-3560
-2382
-1841
-3137
-2425
909
2566
1747
2248
4080
3438
2004
3693
6818
6382
4268
4709
6139
4689
2383
2852
4189
3180
1161
850
864
-546
-2164
-2402
-2272
-2759
-3212
-3453
-4145
-5128
-5190
-4574
-4273
-4233
-3614
-2817
-2915
-3339
-2668
-988
33
74
419
1319
1313
344
27
1265
2611
2921
2413
1787
989
425
575
1222
1677
1406
579
-627
-1279
-1130
-489
-314
-528
-865
-1154
-1286
-957
-302
155
483
643
760
780
1205
1857
2230
2386
2906
3508
3419
2990
3018
3525
3762
3969
4294
4330
3712
3208
3297
3479
3327
3016
2437
1141
-215
-1465
-2569
-3237
-1975
-428
-1658
-5382
-6963
-5306
-4241
-4973
-4728
-3092
-4013
-6829
-7246
-4432
-2757
-2831
-2142
-1060
-1644
-2081
85
2225
1961
1635
3544
4432
2802
2247
4586
5979
4408
3427
4600
4889
2822
1508
2150
2448
1252
236
-49
-915
-2188
-2847
-2924
-3420
-3772
-3686
-3901
-4870
-5268
-4489
-3779
-3894
-3835
-2799
-2025
-2187
-2252
-1136
144
584
779
1560
2179
1852
1295
1503
2063
2286
2215
2193
1963
1489
1068
809
641
608
676
267
-536
-1123
-1124
-1073
-1182
-1215
-1113
-1103
-1193
-1106
-879
-451
65
427
382
386
875
1444
1639
1801
2415
2918
2837
2519
2663
3031
3224
3235
3287
3272
3100
2873
2792
2867
3016
2926
2319
1372
513
128
-550
-1807
-3120
-2715
-1138
-663
-2620
-4786
-4921
-4049
-3737
-3584
-2527
-2254
-3657
-5134
-4699
-3239
-2072
-1018
-388
-784
-1455
-502
1158
1675
1496
2388
3403
2736
1788
2538
4209
4277
3393
2961
3037
2445
1725
1463
1233
756
316
-30
-994
-1863
-2095
-2024
-2782
-3480
-3244
-2693
-3056
-3857
-3881
-3357
-3071
-3004
-2425
-1643
-1168
-1120
-967
-547
123
903
1566
1886
1951
2063
2262
2349
1983
1346
915
1224
1861
2037
1320
241
-598
-991
-857
-344
108
-282
-1317
-2300
-2506
-2097
-1374
-882
-1018
-1560
-1822
-1356
-609
85
559
880
738
545
777
1477
2213
2722
3018
2886
2540
2371
2651
2851
2894
3006
3228
3110
2702
2527
2663
2721
2499
2409
2351
1960
1104
195
-907
-1925
-2024
-422
936
-165
-3174
-4776
-3975
-2659
-2026
-1623
-1543
-3055
-4894
-5189
-3699
-2396
-1392
-763
-1290
-2841
-2851
-514
1277
962
497
1504
1899
1016
818
2478
3654
3182
2371
2244
2034
1574
1598
1617
1046
425
578
422
-658
-1676
-1679
-1536
-1972
-2315
-2191
-2207
-2840
-3348
-3372
-2996
-2492
-1934
-1774
-1997
-1968
-1414
-765
-457
-66
506
1018
1140
1245
1515
1881
2025
1736
1284
1150
1507
1656
1172
461
223
275
128
-186
-433
-550
-737
-921
-1157
-1397
-1426
-1244
-1255
-1716
-1931
-1485
-834
-761
-913
-681
-197
-60
-170
57
630
1164
1448
1679
1803
1878
1965
2177
2344
2513
2734
2952
2970
2803
2768
2925
3272
3411
3297
2917
2724
2641
2344
1734
764
-260
-1115
-608
705
1091
-908
-3274
-3885
-3017
-2340
-2139
-1943
-2623
-4045
-5022
-4543
-3874
-3199
-2244
-1608
-2487
-3461
-2469
-572
-32
-495
147
1179
1198
776
1480
2532
2787
2772
3081
2979
2252
2087
2496
2397
1685
1593
1878
1403
257
-452
-664
-971
-1137
-984
-1150
-2000
-2667
-2778
-2788
-2935
-2531
-1745
-1483
-1970
-2304
-1954
-1325
-776
-285
225
454
435
345
559
935
1232
1310
1452
1721
1649
1055
488
653
1189
1475
1186
600
-134
-635
-629
-330
-308
-668
-1050
-1434
-1895
-2151
-1766
-1167
-930
-1195
-1433
-1441
-1195
-805
-360
2
329
709
986
1110
1250
1649
2044
2294
2467
2765
3026
3170
3193
3193
3170
3297
3578
3726
3505
3113
2875
2740
2448
1990
1364
332
-878
-1263
-287
642
-147
-2402
-3977
-4033
-3300
-2708
-2426
-2892
-4135
-5148
-5132
-4575
-4173
-3388
-2465
-2500
-3579
-3642
-2123
-583
-280
-225
195
388
436
1076
2138
2481
2461
2707
2976
2482
2107
2504
2996
2647
2060
1917
1801
1404
1024
839
348
-168
-255
-67
-470
-1224
-1738
-1822
-1882
-1915
-1775
-1715
-1892
-2164
-2197
-2071
-1736
-1253
-764
-662
-837
-879
-605
-288
-133
178
656
869
494
34
146
786
1329
1356
896
306
57
254
522
475
219
22
-142
-391
-582
-554
-305
-17
81
-177
-525
-443
51
430
489
609
907
1018
843
795
1032
1332
1552
1720
1754
1593
1528
1750
2027
2144
2188
2314
2374
2374
2366
2415
2372
2337
2279
1948
1271
407
-221
-532
-165
471
532
-774
-2496
-3377
-2994
-2155
-1583
-1720
-2715
-3822
-4316
-4076
-3820
-3373
-2682
-2344
-3031
-3718
-3362
-2286
-1595
-1239
-835
-712
-936
-757
179
975
1237
1448
1915
1978
1744
1784
2281
2537
2475
2465
2487
2252
1918
1794
1680
1379
1112
1155
1094
652
-59
-607
-900
-981
-979
-1026
-1251
-1627
-2024
-2327
-2330
-2039
-1666
-1526
-1657
-1892
-2148
-2222
-1926
-1215
-547
-347
-666
-1085
-1122
-587
276
891
982
650
334
221
465
1007
1577
1766
1524
1106
806
723
955
1397
1605
1343
818
497
441
555
710
857
794
502
152
-16
21
221
537
775
746
495
285
298
509
814
1162
1377
1354
1189
1140
1271
1446
1603
1802
1918
1772
1354
1101
1111
1041
633
313
582
922
563
-453
-1277
-1510
-1348
-1095
-921
-1278
-2173
-2962
-3031
-2739
-2610
-2540
-2339
-2301
-2657
-2870
-2538
-1904
-1462
-1147
-940
-908
-916
-556
150
733
1030
1222
1350
1317
1291
1468
1716
1839
1906
1917
1715
1331
1037
959
920
816
671
438
90
-252
-441
-579
-763
-938
-1041
-1116
-1245
-1379
-1457
-1472
-1457
-1443
-1421
-1309
-1109
-928
-882
-895
-799
-611
-392
-125
198
373
252
16
46
453
1014
1343
1227
811
461
464
789
1133
1223
955
497
61
-113
-24
220
399
327
30
-371
-625
-587
-253
45
60
-182
-403
-484
-456
-301
-35
167
144
8
0
150
297
414
549
684
646
503
464
621
806
858
831
800
751
674
647
697
716
618
471
387
441
532
548
440
255
94
46
180
409
548
466
241
52
33
182
439
610
555
328
115
45
37
28
79
193
201
8
-253
-405
-484
-556
-532
-364
-287
-575
-1017
-1235
-1117
-949
-910
-944
-1036
-1260
-1520
-1531
-1281
-1031
-1009
-1068
-1067
-1001
-941
-785
-494
-229
-142
-195
-182
-44
142
307
452
542
583
628
745
851
876
841
833
847
848
839
795
681
534
397
275
151
70
58
12
-85
-181
-259
-335
-386
-351
-307
-355
-409
-407
-447
-559
-600
-524
-480
-542
-547
-483
-530
-666
-667
-473
-342
-409
-511
-493
-427
-411
-387
-280
-172
-145
-179
-109
87
248
309
309
319
322
312
400
588
738
801
814
833
826
787
772
817
899
971
970
909
855
806
710
582
583
682
709
562
367
260
243
337
476
506
317
56
-70
-47
33
132
187
99
-111
-289
-328
-292
-288
-318
-358
-398
-444
-426
-324
-256
-329
-434
-398
-264
-188
-171
-142
-158
-288
-392
-354
-258
-232
-270
-321
-407
-513
-552
-477
-414
-418
-459
-504
-571
-582
-462
-259
-137
-159
-246
-306
-264
-124
29
78
46
11
-11
-31
26
166
226
176
140
181
164
100
122
236
250
155
111
127
50
-145
-260
-222
-124
-93
-160
-295
-418
-460
-437
-366
-240
-93
-54
-137
-165
-11
184
281
334
400
412
337
325
452
575
574
507
436
342
220
141
126
82
-22
-124
-185
-245
-320
-377
-413
-472
-495
-423
-324
-344
-456
-490
-394
-274
-159
-22
68
1
-91
-15
200
398
504
576
570
506
506
655
844
955
968
901
795
722
779
855
881
881
892
813
609
452
446
502
448
326
226
120
-51
-222
-261
-199
-182
-324
-499
-567
-553
-547
-557
-544
-557
-642
-696
-597
-436
-379
-452
-513
-496
-446
-389
-330
-284
-286
-347
-408
-396
-268
-130
-106
-194
-260
-244
-228
-234
-186
-82
-69
-164
-235
-176
-68
14
98
238
338
309
232
269
408
546
654
744
767
637
469
465
629
778
792
672
467
211
17
-24
28
74
62
-55
-279
-521
-622
-609
-600
-619
-636
-695
-836
-901
-810
-698
-671
-657
-563
-457
-369
-248
-124
-61
-26
63
176
231
234
300
419
497
470
387
383
434
468
480
551
637
617
480
385
363
333
317
346
334
188
15
-38
-21
-72
-188
-296
-352
-376
-383
-429
-501
-547
-573
-633
-665
-574
-440
-450
-561
-598
-550
-528
-520
-431
-309
-259
-284
-312
-297
-201
-101
-60
-94
-95
-73
-98
-99
3
150
156
75
37
99
196
288
395
456
449
419
449
572
707
757
759
781
792
754
741
844
947
887
734
655
628
541
415
337
305
241
163
66
-60
-184
-273
-345
-429
-474
-479
-502
-570
-562
-496
-514
-599
-607
-537
-523
-519
-419
-290
-293
-374
-371
-273
-138
19
176
240
220
191
185
224
360
543
623
578
495
433
373
395
538
676
661
519
386
315
299
303
319
329
320
270
167
73
24
2
-21
-49
-111
-221
-306
-348
-391
-468
-517
-508
-581
-766
-886
-812
-688
-674
-744
-795
-826
-849
-821
-702
-571
-524
-555
-576
-495
-315
-117
22
117
155
116
73
183
408
559
568
521
480
417
398
500
639
661
580
480
386
296
270
306
318
250
138
31
-70
-145
-165
-161
-177
-240
-344
-467
-545
-562
-538
-526
-498
-447
-435
-469
-478
-412
-342
-291
-200
-47
29
-31
-99
-41
71
127
166
239
231
66
-91
-42
146
231
172
78
-14
-115
-157
-61
89
128
65
21
26
24
39
124
245
292
269
290
354
378
387
496
668
755
735
711
700
650
622
695
759
670
504
424
386
269
97
-6
-26
-89
-234
-394
-519
-629
-734
-786
-762
-758
-881
-1046
-1091
-1002
-891
-812
-742
-683
-687
-722
-596
-316
-49
78
159
273
363
422
546
783
959
1014
993
993
977
947
973
1038
1069
997
868
723
571
413
268
156
71
-10
-152
-350
-550
-721
-832
-886
-853
-806
-870
-1048
-1189
-1199
-1126
-990
-816
-662
-629
-670
-622
-446
-252
-102
80
254
279
177
155
311
470
485
447
491
526
453
354
348
383
356
297
271
216
79
-58
-88
-30
-22
-109
-193
-205
-228
-283
-250
-46
123
71
-87
-100
55
215
379
571
675
589
495
573
745
819
810
814
768
592
416
407
492
489
386
265
119
-74
-206
-176
-104
-168
-356
-553
-700
-811
-847
-745
-591
-557
-707
-894
-942
-789
-546
-335
-218
-197
-198
-132
46
276
497
679
776
752
682
672
761
865
933
943
872
737
611
578
636
696
624
399
134
-49
-128
-147
-161
-213
-358
-596
-835
-964
-940
-818
-721
-735
-851
-1010
-1084
-994
-765
-563
-492
-499
-524
-569
-584
-434
-142
69
64
-47
-90
-49
10
91
218
321
317
229
127
91
116
171
197
152
55
-81
-195
-199
-91
-24
-126
-292
-356
-342
-338
-278
-148
-107
-243
-351
-263
-109
0
94
186
168
73
58
199
377
494
525
441
300
252
355
492
560
544
448
300
188
194
270
317
285
168
9
-132
-181
-177
-205
-266
-329
-365
-387
-420
-493
-569
-581
-488
-368
-316
-328
-382
-435
-377
-157
113
246
223
182
211
311
484
733
893
819
621
556
694
886
994
1030
997
853
667
606
722
828
770
591
392
205
43
-48
-50
-60
-182
-380
-589
-728
-742
-713
-742
-828
-856
-803
-816
-890
-874
-742
-646
-638
-600
-492
-441
-477
-431
-244
-35
59
59
48
65
127
217
297
326
295
199
98
97
201
280
227
88
-40
-90
-77
-28
-23
-105
-256
-405
-449
-372
-272
-267
-311
-297
-238
-194
-110
62
191
167
132
242
401
455
466
531
577
547
530
577
603
550
488
470
415
305
200
109
14
-59
-80
-125
-277
-451
-531
-522
-510
-511
-520
-578
-685
-745
-677
-546
-441
-385
-369
-393
-371
-199
68
270
340
352
362
407
538
763
968
1035
990
910
835
807
884
1002
1012
892
715
552
434
368
352
323
239
82
-129
-339
-457
-483
-507
-546
-574
-621
-769
-935
-946
-798
-653
-598
-592
-614
-662
-663
-516
-289
-124
-62
-68
-94
-80
36
212
333
345
291
224
193
245
347
403
366
282
220
181
146
120
56
-26
-64
-56
-70
-116
-123
-101
-81
-61
20
91
64
-8
2
109
210
268
312
347
291
199
190
302
392
348
234
140
97
65
27
-21
-106
-190
-225
-260
-316
-345
-351
-422
-532
-540
-444
-420
-522
-583
-532
-505
-541
-509
-390
-326
-376
-405
-336
-244
-169
-85
23
130
213
268
309
378
456
492
479
514
628
723
707
650
625
581
471
388
399
385
247
55
-25
-25
-84
-197
-266
-277
-306
-356
-365
-339
-371
-452
-469
-394
-307
-276
-290
-309
-324
-304
-220
-115
-47
-11
-29
-93
-104
9
150
164
80
57
114
130
121
178
253
226
126
77
126
185
201
167
128
132
161
178
185
218
263
262
213
222
277
282
222
169
183
200
170
116
65
30
-15
-70
-90
-67
-75
-171
-298
-344
-279
-205
-179
-204
-275
-376
-425
-350
-207
-91
-65
-126
-246
-325
-300
-175
-41
35
40
-35
-154
-190
-30
229
367
297
149
61
43
91
231
417
496
378
179
89
159
286
362
363
301
169
-36
-201
-195
-70
-4
-103
-272
-413
-509
-548
-487
-361
-306
-372
-482
-542
-539
-477
-379
-273
-180
-128
-123
-159
-160
-60
89
180
197
196
173
78
-9
88
307
409
308
151
77
46
48
164
356
417
252
53
22
148
284
335
299
219
128
46
9
67
188
252
168
35
3
56
78
44
6
-25
-81
-141
-131
-86
-83
-133
-181
-187
-169
-154
-125
-67
-55
-135
-241
-231
-101
-19
-52
-84
-59
-57
-98
-67
53
117
80
53
58
27
-14
26
93
68
15
33
55
10
-8
84
176
175
170
216
198
110
105
227
324
296
230
198
155
108
119
163
155
91
9
-83
-163
-205
-208
-205
-216
-245
-292
-360
-386
-350
-315
-309
-308
-306
-319
-331
-295
-230
-167
-116
-99
-114
-107
14
195
253
165
105
180
301
390
491
578
533
392
351
458
579
594
526
447
385
342
322
331
343
333
261
126
24
9
31
9
-58
-124
-195
-320
-469
-535
-505
-471
-492
-538
-592
-681
-760
-733
-601
-503
-502
-538
-551
-535
-515
-441
-285
-119
-56
-76
-70
-18
27
34
66
156
247
264
242
249
289
320
337
396
466
457
369
321
332
316
271
267
304
266
153
109
177
243
215
143
102
67
-14
-104
-97
-7
9
-86
-169
-170
-182
-252
-280
-238
-221
-252
-258
-227
-261
-341
-362
-304
-249
-209
-144
-127
-203
-281
-265
-158
-13
112
125
31
-22
70
219
309
381
457
453
369
366
510
651
655
588
542
525
506
486
465
440
407
341
233
148
151
167
134
87
73
37
-75
-180
-203
-210
-290
-355
-366
-379
-433
-462
-422
-430
-489
-498
-411
-301
-268
-289
-276
-254
-280
-300
-237
-130
-84
-122
-174
-158
-73
6
58
56
49
75
77
20
-16
62
153
158
104
62
57
58
100
125
81
37
65
157
192
133
86
74
62
53
70
98
81
36
-21
-65
-87
-133
-174
-199
-236
-275
-309
-352
-402
-463
-515
-474
-371
-322
-352
-408
-478
-521
-491
-387
-244
-130
-80
-139
-234
-232
-73
181
343
395
385
372
395
498
686
835
852
776
694
692
784
881
906
856
772
658
541
473
448
389
262
126
87
55
-83
-255
-355
-401
-450
-509
-547
-554
-586
-636
-667
-642
-572
-519
-491
-503
-513
-453
-319
-180
-119
-131
-126
-61
34
125
194
260
286
251
219
263
352
395
360
296
244
169
100
113
173
179
104
33
0
-66
-167
-194
-137
-81
-74
-75
-72
-116
-202
-218
-132
-18
34
-13
-101
-182
-201
-162
-123
-124
-167
-229
-277
-310
-311
-255
-226
-237
-258
-266
-264
-292
-298
-236
-174
-197
-245
-213
-151
-139
-162
-117
10
94
102
96
111
104
145
282
419
459
404
339
325
374
463
586
655
600
502
472
534
593
624
580
433
259
202
255
262
159
13
-60
-151
-266
-300
-202
-143
-284
-460
-519
-456
-402
-378
-351
-371
-477
-544
-479
-372
-299
-277
-245
-200
-171
-137
-39
114
199
197
182
234
266
246
240
348
426
440
332
278
322
419
380
285
195
220
366
-417
-1197
-493
1359
1445
-172
-1157
-129
1125
652
-531
-601
325
527
124
-1317
-2430
-1553
576
987
-893
-2162
-1259
64
-752
-2531
-2359
-78
909
-688
-2268
-1387
114
369
-995
-1969
-210
1632
1776
1206
959
1114
1206
701
405
1179
2854
3323
2966
2767
2208
1658
1032
590
939
1235
1688
2406
1821
612
-204
-508
-950
-1770
-1549
-468
-47
-553
-979
-1056
-1807
-2944
-3146
-2211
-1002
-383
-111
203
-176
-1092
-1378
-1157
-670
151
852
1567
1919
1450
755
262
-96
-227
218
966
1499
1605
1018
235
-406
-963
-1151
-943
-600
-175
200
-5
-577
-1139
-1737
-1995
-1722
-1091
-302
228
237
-153
-571
-872
-776
-279
209
843
1436
1591
1374
951
529
243
297
678
1241
1591
1358
899
342
-220
-479
-491
-355
-136
0
-79
-296
-550
-927
-1167
-1201
-1030
-545
-171
-55
-59
-226
-489
-654
-544
-209
250
631
778
892
825
531
309
284
455
691
916
1021
978
686
249
34
-3
-7
110
268
347
256
-24
-330
-559
-618
-543
-370
-234
-218
-254
-425
-673
-797
-757
-590
-407
-328
-307
-321
-371
-448
-505
-528
-436
-261
-201
-198
-152
-145
-224
-335
-350
-207
-35
122
253
318
257
157
156
230
376
566
671
670
628
508
400
344
302
287
282
219
151
92
-14
-143
-281
-429
-544
-531
-485
-490
-524
-577
-704
-798
-774
-658
-514
-426
-368
-288
-226
-233
-190
-80
68
213
265
284
340
388
335
252
316
449
495
416
300
197
72
-28
-19
42
22
-100
-228
-295
-305
-281
-219
-152
-123
-77
17
136
241
305
340
369
456
576
681
774
831
833
783
716
689
697
631
483
353
253
125
-48
-193
-287
-400
-514
-629
-745
-856
-916
-873
-864
-880
-861
-807
-760
-747
-629
-374
-192
-201
-237
-143
11
130
266
488
666
617
426
375
548
728
775
765
706
526
319
261
354
394
298
138
18
-75
-150
-122
-73
-135
-291
-424
-471
-419
-372
-354
-328
-318
-341
-385
-373
-302
-245
-239
-227
-175
-149
-221
-294
-289
-240
-177
-105
-32
-46
-126
-162
-82
97
258
314
313
265
200
243
370
515
626
653
600
521
495
558
650
660
550
430
390
365
322
296
279
185
-13
-188
-221
-188
-228
-309
-371
-419
-473
-535
-553
-522
-503
-496
-510
-535
-534
-500
-432
-364
-311
-254
-156
-31
37
62
80
109
138
117
129
217
292
307
255
185
165
147
139
221
339
330
211
180
243
317
299
274
339
407
369
268
269
337
350
308
293
298
239
152
133
196
193
43
-120
-215
-278
-318
-323
-310
-337
-475
-583
-636
-711
-736
-658
-522
-440
-485
-574
-580
-529
-485
-377
-213
-121
-130
-158
-108
-8
88
192
257
246
199
252
424
583
625
594
546
488
454
527
663
722
649
513
427
358
315
308
360
364
291
201
112
29
-29
-28
-5
-3
-44
-77
-117
-215
-340
-431
-431
-373
-390
-455
-500
-500
-474
-436
-420
-436
-450
-423
-305
-177
-135
-141
-146
-164
-147
-91
-37
10
33
39
57
105
174
253
240
143
105
190
315
367
361
341
280
177
145
210
294
285
222
