68
68
65
49
23
3
-23
-34
-37
-32
-24
-35
-51
-54
-58
-63
-55
-53
-55
-51
-53
-58
-65
-75
-85
-84
-81
-75
-55
-44
-36
-20
-19
-31
-43
-65
-79
-90
-104
-109
-92
-82
-76
-70
-63
-57
-50
-40
-30
-23
-19
-13
-9
6
30
48
62
70
70
71
64
54
41
33
14
-2
-17
-31
-29
-28
-24
-15
2
8
27
39
52
63
70
67
62
56
38
36
24
5
-8
-20
-30
-39
-61
-74
-85
-99
-109
-117
-116
-111
-99
-88
-62
-42
-29
-15
-5
-5
4
15
7
10
9
11
22
31
34
34
22
7
1
1
3
11
12
2
6
6
20
36
52
65
77
79
78
82
86
92
85
78
77
79
76
71
60
55
52
60
70
76
87
89
85
67
51
37
29
19
19
28
42
49
50
45
31
22
15
7
4
12
11
9
8
-1
-11
-23
-48
-66
-72
-73
-66
-53
-47
-43
-40
-47
-45
-28
-9
10
31
45
50
48
37
18
-8
-29
-50
-69
-90
-98
-105
-111
-118
-127
-127
-120
-115
-104
-80
-69
-43
-26
-16
-10
-7
-3
-4
-4
-7
-7
-4
-8
-16
-16
-21
-23
-29
-27
-23
-19
-3
17
28
33
42
46
54
60
67
70
69
52
34
30
18
6
9
12
15
27
38
44
46
45
29
31
28
25
53
80
81
83
96
76
52
53
47
36
43
36
29
29
7
-18
-19
-29
-59
-34
-15
-26
-15
-1
-15
-16
-15
-33
-26
-23
-40
-37
1
9
20
56
67
57
60
56
56
62
58
37
35
32
-9
2
22
4
4
26
12
17
29
18
31
63
56
50
98
86
60
43
18
-20
-13
3
17
39
39
35
31
30
0
8
23
17
11
19
8
-8
-3
-17
-35
-21
-13
-21
5
-9
-30
-26
-26
-60
-81
-93
-119
-101
-117
-146
-133
-127
-121
-119
-99
-114
-114
-110
-130
-128
-108
-84
-87
-76
-81
-69
-46
-55
-60
-71
-79
-70
-81
-63
-58
-57
-51
-68
-67
-86
-95
-75
-52
-60
-59
-55
-61
-70
-65
-29
13
43
59
77
74
72
67
63
47
37
41
54
82
74
73
76
65
25
52
61
81
114
88
99
94
82
98
133
110
97
121
138
131
133
133
121
109
60
24
44
53
6
5
0
-32
-58
-76
-72
-50
-46
-58
-12
-2
-49
-54
-22
-8
-29
-2
32
16
-10
-20
-5
-19
-42
-41
10
35
21
-14
8
-15
-46
-6
-24
-31
7
-13
-37
17
54
85
118
90
27
85
101
54
67
81
9
3
14
6
82
78
5
-23
38
-2
6
60
16
-28
-3
-11
-22
54
27
3
85
74
-42
37
48
-83
-104
-132
-179
-209
-209
-280
-191
-99
-174
-143
-83
-178
-208
-121
-124
-78
-30
-30
-53
-25
-55
-49
53
68
35
124
197
139
87
94
90
-4
-29
-118
-128
-71
-110
-91
53
66
35
108
75
13
59
68
25
4
-48
-59
-7
-21
-71
-12
10
-54
-96
-3
-7
-59
-54
-76
-113
-103
-119
-76
-4
14
58
102
170
52
87
121
33
37
73
69
83
34
-46
146
263
225
297
269
160
92
-109
-172
-332
-645
-1539
-2252
-3304
-2910
1504
2238
845
595
798
1475
1352
46
-394
1242
-2549
-4574
-1298
-632
-806
680
-1215
-630
221
-84
1219
1705
1130
-1905
-236
-465
-2896
-3443
-2747
-3579
-1822
-205
-1851
584
626
-1126
-477
1146
60
-751
610
-1232
-1588
679
-193
-718
277
-756
-998
2596
2300
800
1853
1493
195
812
1364
1033
1929
3105
2256
1542
2904
477
-199
1331
-170
-568
1755
804
649
1347
676
-364
-322
329
-1894
-526
-634
-740
741
1249
136
542
380
-1943
-2392
-734
-539
1107
3391
2007
2046
1072
-824
-1221
-82
678
1972
3365
4144
3422
2213
2442
776
934
1103
1011
2646
2542
2210
1755
1246
1075
480
-174
-89
-911
-1287
-666
-509
356
-744
-1619
-885
-1229
-1215
-571
320
216
-153
523
624
866
-119
713
527
928
1466
499
1620
630
151
162
379
105
517
-353
-309
106
208
692
258
859
587
7
1102
-231
-322
442
-157
153
514
212
146
584
-177
-559
482
-102
1119
1619
844
1604
64
793
-873
-1138
-465
-1051
559
105
-568
-303
-333
-1216
-561
-1470
-1008
-15
-662
572
324
-206
-305
-452
-1241
-512
-1071
-590
-479
-473
154
-1067
-117
-985
-568
-341
-1093
-634
-143
-22
-1115
523
-1100
-488
-85
-1596
-254
-410
-1573
-2424
-308
-836
-1290
-518
234
-41
-549
298
-2148
-1343
-597
-1682
-1221
-758
313
-439
1683
619
-579
-798
-2030
-1207
-800
-125
-385
1076
195
-385
-274
-300
-232
-567
249
442
1014
934
-138
-773
-433
-889
188
207
-541
306
-761
-363
-894
-1025
-513
-1003
-361
-278
-878
-861
-311
-308
-614
-250
131
439
279
130
545
-586
-610
72
-169
-202
247
988
-400
-241
-233
-48
690
-565
8
-78
-120
-214
251
-54
-1329
-679
-303
-150
-590
-339
-1289
-1156
-1278
-647
-434
-1564
-376
-829
-217
-95
-236
-201
-48
-749
-59
339
-554
-449
-708
-646
353
860
297
1274
516
-576
-273
456
-1043
-856
869
-26
-98
586
175
-602
-326
-350
-649
402
413
76
107
311
31
-195
281
-672
-332
11
-56
363
1226
45
54
373
-428
-515
76
695
380
251
-165
530
381
12
439
1168
758
-34
1288
818
722
253
177
-540
-1496
465
612
1169
522
-315
-1272
-1404
-586
-174
348
-710
-451
75
-761
-243
217
-816
-1476
-1278
-856
-528
440
900
266
-362
-886
-1088
-724
-959
-1209
-605
-50
-177
-893
-858
-1059
-859
-895
-1421
-1142
-1182
-16
-466
-861
-1119
-1284
-835
-758
-322
-318
-392
-1128
228
1373
998
1148
439
343
493
-300
583
1673
998
211
668
743
522
471
920
1081
936
910
1419
1180
890
837
1384
2090
1329
1500
947
565
577
888
842
928
1668
2396
2349
1317
475
1222
1005
1087
2559
3014
3010
1983
1586
1477
1516
1282
816
468
319
1762
2406
1869
705
-69
-45
355
2130
2184
1302
-765
-1069
938
1011
830
962
-635
-2106
-2178
-1479
31
192
-472
-24
-192
-905
-1130
-920
-1882
-2832
-2693
-774
233
-1184
-1775
-1859
-2438
-2963
-2634
-1857
-1042
-1038
-2063
-660
116
-608
-159
-550
-1416
-2004
-1945
-1642
-531
-295
-552
-247
-266
-709
-1283
-984
-676
-391
-531
-586
808
1722
887
-13
-285
-818
-1307
-1582
-143
892
740
937
1317
816
-359
-385
29
407
470
767
1370
1751
2024
1120
854
132
295
612
341
1396
1804
1867
2069
2172
1752
1913
1380
542
731
724
2127
3721
3328
2070
1780
1112
1661
2112
1790
2657
2679
3114
2837
2067
1736
1611
1216
521
1293
2333
2562
2140
1813
897
1705
1504
1603
2069
524
544
1484
1694
1298
1268
1258
2046
2043
365
270
814
320
193
502
-49
-738
-910
-1214
-489
-1431
-2953
-2543
-2345
-2650
-2294
-2891
-3215
-3406
-3884
-4286
-4608
-4918
-5756
-4608
-4246
-3427
-3127
-5215
-5588
-5503
-5369
-4292
-3706
-4072
-2998
-2384
-2024
-3057
-4544
-3613
-2202
-2171
-1293
-383
-378
88
255
-1492
-2695
-631
-324
-312
-350
397
1220
1467
905
400
-768
-811
301
885
1543
2053
2840
2844
2148
946
665
887
1615
2889
3129
3257
3507
3354
2830
2380
2321
2069
2737
3694
3782
4035
4057
3871
3376
2766
3019
2662
2855
2705
2476
3008
2930
3538
2630
2066
2327
1369
2329
2393
2258
2891
2618
2817
2865
2821
2553
2423
2603
2969
2923
2789
2905
2011
1210
597
2008
2663
2719
1474
-185
-747
-1209
-596
267
290
-1458
-2523
-4103
-4900
-3734
-3480
-3644
-5079
-6339
-6318
-5914
-4326
-3985
-4907
-6316
-8003
-7022
-6294
-5971
-5651
-7163
-7363
-6998
-6753
-5441
-5481
-5829
-6014
-5875
-4677
-3518
-3452
-3838
-4365
-4349
-3363
-2878
-2286
-2260
-2428
-1971
-1920
-696
-366
-797
-576
-784
-310
22
451
845
202
-210
-265
23
619
272
346
619
639
1345
2113
2686
2890
2287
2168
2685
3116
3944
4197
4150
4584
4521
4142
4006
3933
3761
4129
4511
4538
5192
5436
4951
4693
4441
4421
4176
4380
5385
5179
5096
5298
5091
3922
2676
2922
3079
4075
4817
4522
4904
3741
3027
2563
1788
2185
1909
3265
3351
3161
2376
2045
1609
757
606
536
2431
3097
2898
1257
-474
-1800
-2939
-1706
-3330
-4289
-4698
-5473
-3704
-4138
-5700
-8262
-9760
-10171
-10082
-8983
-9412
-9751
-10575
-10817
-11097
-12414
-12956
-12713
-11428
-10031
-8324
-7625
-7560
-6862
-7160
-6611
-5986
-5443
-3295
-2219
-993
-321
-174
711
964
1034
1405
1757
2287
3354
4324
4753
4440
4434
3932
3551
2786
1822
1350
2089
3272
4220
3495
3052
3722
2872
2529
1593
1030
2230
3725
4110
4303
4175
4410
4618
4082
4010
2937
3296
4126
4793
5551
5717
6021
6253
7147
7566
6891
4749
3436
4234
4514
4666
5092
6308
6670
5476
4908
1783
379
384
-990
1369
2085
4256
5291
3580
2384
-573
-531
-1448
-299
914
2242
3589
3866
3338
1595
-833
-2118
-2393
-2431
-1829
-1506
-611
-421
-45
-1476
-2549
-4451
-5960
-6256
-6855
-5484
-4464
-2694
-2834
-3915
-5740
-7707
-8405
-8753
-7907
-7311
-5983
-4794
-4007
-3545
-4733
-5804
-6268
-5835
-3286
-1458
203
500
1052
951
477
588
48
351
1680
3554
4189
4352
2025
2309
3362
4035
4871
4493
4364
2641
3235
2184
2140
3102
1524
1608
1993
1375
1387
1766
219
292
-491
-1036
-245
-734
212
-860
-2963
-3794
-3782
-1715
-85
245
-78
-1171
-1057
-1158
-964
-492
43
1291
1818
1348
276
-505
-134
682
1225
1222
833
1215
1569
1597
897
-45
-401
357
1361
1617
1346
369
43
-117
-80
208
148
484
382
-101
-657
-1170
-917
-387
193
276
-113
-457
-656
-502
-324
-143
-168
-112
35
-53
-127
-114
-60
118
339
350
317
328
235
141
-80
-458
-586
-464
-295
-250
-491
-802
-1048
-1160
-1163
-1193
-1278
-1435
-1637
-1855
-2061
-2259
-2276
-2207
-2144
-2223
-2557
-2651
-3004
-3165
-3933
-3839
-2755
-1709
-375
-1314
-2232
-2568
-2575
-2543
-3156
-3690
-3506
-1746
-354
367
-61
-1205
-1053
-609
-200
-488
-707
29
1348
2071
1537
369
-379
3
672
1015
811
749
1062
1748
1952
1562
1431
1255
1367
1309
975
892
1029
1326
1486
1361
1157
1157
1292
1139
945
298
66
379
770
1143
1060
1098
1195
1262
1125
901
1212
1122
994
1201
817
681
805
1052
1266
1265
1025
499
670
1291
1211
1037
496
-556
435
184
-55
-1249
-2208
-25
532
2873
2583
1922
1125
-139
657
251
1017
1466
1917
3404
2894
2377
736
-864
-591
-1083
-73
-153
144
1005
273
173
-1447
-2340
-2649
-2983
-2536
-3005
-2538
-2983
-3649
-3943
-4750
-4109
-3709
-4355
-4516
-5192
-4889
-4406
-4918
-4243
-3619
-2378
-1759
-2124
-2130
-3252
-3268
-2868
-2557
-1263
-988
66
-867
-379
610
400
11
-1631
-46
2160
3596
5067
3512
3361
2776
2267
2917
1572
2529
3315
3671
3513
2384
2668
2729
3037
2160
1722
2730
2913
3916
3893
3804
4333
4112
3419
3173
2771
3990
5258
4858
4877
4840
5115
5283
4837
4881
5085
7169
7516
7294
8647
6998
7950
6597
6176
7725
7450
9992
9266
10036
9564
9097
7936
3891
766
-3242
-1553
-1557
46
-1910
-4568
-6512
-10266
-11688
-13273
-12512
-12233
-12341
-13086
-12581
-13095
-13322
-14648
-15752
-15253
-14836
-12080
-9648
-7175
-6308
-5962
-6472
-5746
-4888
-3464
-272
850
2425
2609
2873
4066
3788
3039
1984
1490
1176
1573
1657
1873
1854
-534
-2469
-4519
-5069
-4409
-4364
-4233
-4613
-5324
-5438
-5859
-6066
-5881
-6020
-4421
-3335
-1188
402
1516
2413
2649
3228
4294
5987
7577
9669
10320
11573
12392
12145
13363
12115
13581
13155
14465
14983
14411
15254
12953
13419
10687
12087
11796
12183
12096
10161
10664
8939
9437
8018
9122
8666
6534
2917
-4716
-6419
-8189
-5670
-4475
-6751
-9156
-12604
-14559
-16371
-16182
-16973
-15058
-16286
-16328
-16386
-15255
-14208
-15503
-16847
-17886
-15647
-12570
-9380
-7266
-5856
-5999
-5564
-4708
-3790
-734
812
3154
5378
5203
7568
5578
6234
4642
3558
5072
2859
4596
2364
2159
951
-2016
-3820
-5514
-5744
-5650
-5583
-6631
-6419
-7872
-8223
-8978
-8960
-8434
-8177
-6955
-5661
-3635
-2032
-878
-501
642
1019
3374
5760
7360
9334
9631
10349
11219
11283
12144
12761
12685
13382
13235
13798
14296
13375
12816
11551
11011
11531
10633
11419
10588
9763
9344
7290
8388
8551
9554
10268
8552
9412
9605
7702
6273
-2799
-4372
-6794
-3640
576
-1408
-2397
-8679
-11937
-15852
-14527
-14410
-10646
-11508
-13310
-14323
-16221
-14871
-16301
-17039
-18183
-16125
-14282
-10936
-9697
-8670
-8243
-9011
-8885
-8566
-5090
-2045
2208
3758
3889
3576
2394
3042
4274
5305
6033
5425
4836
4108
3880
2711
1330
-364
-2324
-2094
-2021
-1218
-1636
-3630
-5626
-6973
-7478
-6449
-5961
-5321
-5059
-4930
-4281
-3495
-2520
-1648
-538
536
2103
3770
5424
6655
7396
7994
8394
9470
10562
11849
13049
13729
13516
13064
12217
12239
12879
13097
13945
12934
13165
11531
11053
10327
9911
11011
10770
11009
11143
10134
11183
10622
7917
3265
-4980
-7312
-6293
154
1484
-292
-7697
-13245
-16467
-17953
-14514
-12184
-9963
-13110
-16231
-18502
-16636
-16622
-17621
-18875
-18603
-15312
-13188
-10743
-10308
-9714
-10668
-10359
-9373
-6592
-3212
324
2609
3713
2585
1124
2324
2700
6598
7090
7438
6957
4847
4949
4641
3863
2899
500
-453
229
442
669
-1300
-4297
-6187
-6948
-5672
-4376
-4128
-4974
-5779
-5891
-4901
-3746
-2649
-2270
-1668
-626
1074
3165
4344
5054
5344
5749
6947
8708
10214
12168
12244
12704
12261
12052
12111
12643
13333
14197
14466
13619
13641
11706
12044
10585
11197
11832
11613
12797
10931
11540
11115
8426
7094
-1846
-3755
-6401
-3272
2438
81
-749
-10033
-14027
-17700
-15588
-12343
-8988
-9849
-13574
-16210
-18091
-16282
-17119
-17019
-17930
-16108
-14412
-11345
-10855
-10322
-11380
-11891
-10206
-8502
-4616
-2956
-605
529
1474
2552
2550
2442
2502
3198
5355
7422
7830
7112
5140
3446
2789
2006
2486
2773
2422
1902
154
-1430
-2704
-3946
-4030
-3894
-3702
-3753
-4263
-4546
-4289
-3483
-2812
-2153
-2522
-2329
-1676
111
2218
3543
4200
4143
4490
5252
6902
8313
9550
10023
10061
10139
10650
10824
11138
10743
10722
11304
11205
11533
10703
9862
9319
8881
9373
9507
9362
9535
8359
9455
8127
7754
5567
-165
-1349
-5890
-1354
-135
1809
447
-6036
-9010
-13582
-11318
-9850
-7021
-7555
-9735
-12296
-13761
-13558
-13021
-13292
-13761
-14005
-13619
-11498
-10963
-9077
-10563
-9839
-10464
-8979
-7035
-5932
-3531
-3076
-846
22
1013
1201
550
864
1454
3417
4929
5687
5168
3331
2403
1615
2495
3361
3565
3184
1656
745
153
360
1173
1136
797
-271
-518
-192
675
1444
1587
1622
796
795
1124
1521
2101
2676
2981
2996
3082
3522
3462
3659
4242
4045
3867
3837
4061
4043
4368
4383
4255
4426
4355
4014
3661
3694
3946
4280
4369
4377
4401
4590
5162
5318
5995
5867
5849
5003
3012
2138
163
1451
1365
2182
2056
90
-1107
-3529
-4094
-4259
-3540
-3534
-4390
-5556
-6223
-6552
-6114
-6691
-6995
-7926
-8517
-8350
-8641
-7491
-8213
-7958
-8834
-8984
-8651
-8452
-7405
-7004
-6101
-5167
-4123
-2811
-2169
-1758
-1960
-1864
-1363
-650
763
978
1645
766
455
258
130
725
798
804
980
630
875
920
827
750
261
304
287
1120
1745
2154
1543
762
70
441
1913
2686
2586
2072
1829
2515
3276
3951
3828
3811
4528
4421
4175
4498
5370
5773
5721
5618
6157
6583
6785
6235
6296
6784
7303
7817
7597
8411
8741
9461
9015
9968
10272
10118
8012
3794
2731
1537
5583
6041
6560
4124
-206
-3187
-6278
-5035
-3583
-2485
-4123
-7255
-9877
-10539
-11184
-11333
-12902
-13578
-14473
-14074
-12932
-12667
-12280
-14518
-14813
-15202
-13294
-11204
-9527
-7963
-7680
-7172
-6065
-4425
-2322
-1079
-117
1155
2485
4108
4759
5531
4681
4315
3955
4950
6652
6655
6358
4263
2302
1738
992
2449
2750
2201
1107
-969
-1561
-2205
-2260
-2313
-2771
-3321
-3580
-3396
-2874
-2752
-3031
-3438
-2753
-1785
281
1764
2756
3250
2889
3749
4603
6076
7257
7649
8189
8118
8397
8888
9036
9440
8850
9344
9288
9722
9783
9113
9279
8419
9131
8943
9932
9808
9794
9174
9223
10010
7615
6547
-26
431
-593
3316
4192
1071
-1133
-7185
-7750
-10405
-7415
-6395
-4621
-8227
-11488
-14251
-14149
-13289
-13775
-13477
-14367
-13507
-15022
-13476
-14319
-12533
-13726
-12831
-11716
-9889
-7818
-6899
-5531
-5096
-4106
-2884
-19
2302
3788
4288
4015
4463
4968
4505
6299
5530
7225
6270
5170
4761
2844
3193
2389
1871
1795
953
427
-484
-2306
-3011
-3689
-3676
-3501
-3442
-3482
-3558
-4355
-4583
-4279
-3634
-2411
-1461
-685
383
678
1736
2829
3461
4552
4575
5586
6066
6844
7303
7537
7549
7342
7685
7896
8587
8611
8386
8123
7924
7813
8347
8229
9004
8487
8668
8225
8676
8472
9982
9543
8261
3960
-929
619
1039
7528
3170
1933
-3819
-5899
-6802
-7274
-3827
-3170
-3618
-10197
-12212
-14084
-10671
-11319
-11617
-12166
-12614
-13786
-14927
-13911
-12287
-10926
-12956
-12080
-11125
-8897
-7723
-7498
-5818
-4987
-4403
-2672
295
2921
3905
2642
2400
3249
4711
5799
6210
6352
5437
5506
3989
4550
3830
3651
3144
1797
1473
969
765
-300
-1254
-2366
-1939
-2514
-2348
-3062
-3152
-3415
-3830
-3495
-2745
-1885
-1641
-1188
-1052
118
805
1791
3121
3720
4147
4384
4504
5469
5761
6501
6752
6904
7089
7354
7956
8022
7908
7067
7444
7487
8228
8633
8830
8815
8154
7869
8304
8983
10959
9772
7927
2329
227
1770
4940
8378
3697
1474
-4130
-4746
-6183
-4138
-1847
-172
-4440
-10338
-12683
-12588
-8253
-9241
-8857
-10838
-12277
-15064
-15007
-12933
-9724
-9838
-12315
-12586
-12218
-10011
-9021
-7697
-5885
-5911
-6226
-4774
-1580
1382
1750
328
445
1464
3347
3969
4755
5106
4121
3836
2426
3902
4697
4530
3384
2049
710
1558
766
921
1053
-431
-562
-1933
-2100
-1631
-1403
-1946
-1688
-2471
-1796
-1697
-1630
-716
-735
-203
336
1082
2316
2594
2503
2784
3312
4186
4956
5365
5580
5541
4855
5634
6280
7522
7420
6912
6960
7215
8072
8479
8801
9150
8698
9166
8723
10431
10203
9265
6414
2375
4692
4947
9624
5823
3374
-477
-2147
-2532
-2645
-284
-493
-1304
-8133
-9634
-10726
-7645
-7501
-8427
-9667
-11539
-13447
-14973
-12629
-10883
-9395
-12123
-13325
-13066
-11954
-10288
-9251
-7398
-7029
-7612
-7405
-4865
-2060
-787
-1131
-1529
-269
742
2623
2779
3987
2879
2773
3065
3430
5006
4566
4204
3019
2568
2048
3428
2483
2681
1600
685
581
-22
-30
228
-153
-889
-844
-1402
-584
-948
-910
-630
-442
18
581
960
1777
1543
1592
2065
2761
3698
4129
3933
4227
4158
4744
5396
6002
6904
6793
6581
6168
6703
7720
9066
9427
9065
9086
8374
10556
10268
10435
7304
3199
5360
6105
11043
6525
3741
-371
-764
-758
-903
1339
118
-1260
-8846
-9405
-8997
-5339
-6106
-8663
-10283
-12223
-13378
-14547
-11368
-10081
-9668
-13423
-14411
-13180
-11901
-10389
-9794
-7712
-7968
-8842
-8894
-5836
-2899
-2014
-2618
-2866
-1429
-844
1239
1394
3159
2215
1591
2109
2150
4239
3954
4075
3058
2708
1742
3041
2598
2956
2565
1314
1498
591
660
736
650
-17
48
-676
-374
-556
-558
-5
-55
365
600
894
1404
1375
1706
2277
3027
3415
3933
3879
4339
4635
4954
6207
6300
6591
6415
6644
7414
7612
8351
8792
9139
9840
8897
10223
10053
9872
7080
4470
6037
7649
10495
5886
3303
-93
325
884
1145
1803
271
-2868
-8322
-8097
-6911
-3762
-5573
-9096
-11071
-12172
-12138
-12014
-10299
-10192
-11069
-14446
-14318
-12165
-10196
-9604
-10684
-10143
-9558
-9166
-8163
-5752
-3955
-3689
-4283
-4251
-1538
-384
811
1142
743
1533
906
2362
3365
4222
3919
3012
2174
2980
3423
3956
4282
2763
2538
1594
1702
2167
1977
1351
922
-129
-123
238
6
205
-651
-761
-576
-412
153
588
596
787
428
943
1686
2301
2652
2933
3112
3720
4002
4624
5345
5523
5629
6055
7098
7332
8214
7721
8380
9173
9154
10581
10553
9936
6782
4175
5781
8749
11692
7202
3345
-78
711
2450
2646
3086
458
-2770
-7701
-7301
-4820
-2058
-4058
-9317
-11686
-12368
-10527
-10269
-9076
-9803
-11569
-14539
-14624
-11780
-9257
-9015
-11025
-11457
-10895
-9362
-7621
-5411
-3870
-4290
-5461
-5502
-3026
-383
1237
1544
858
181
372
1244
3609
4964
4292
3080
1458
2377
4037
5151
5055
3718
2076
1521
1854
2671
3401
2405
1065
-327
-576
192
846
737
15
-922
-1143
-830
-70
592
619
524
250
598
1236
1932
2675
2695
3427
3183
3619
4262
4845
5806
5614
6249
6215
6871
7285
7772
8158
8554
9240
9794
10895
9640
6228
4092
5405
8964
11355
7294
2505
390
1053
3225
3621
2398
527
-2288
-6273
-5675
-3342
-1555
-3181
-8663
-11234
-10689
-9178
-8442
-8179
-9444
-11117
-13389
-13499
-10716
-8807
-8786
-10581
-11587
-10658
-9465
-7963
-5912
-4871
-5080
-5858
-6073
-3768
-1186
-109
731
-182
-51
98
-204
2163
2672
4314
3455
1799
1558
1766
3299
4555
4464
3058
2472
878
1693
2896
3166
3230
804
-533
-529
542
1436
1640
168
-869
-1615
-1162
655
1184
1505
268
-525
-68
1192
2529
3382
3164
2567
2738
3050
4571
5104
5615
5306
5501
5765
6724
7277
7829
8077
8316
9003
9060
9608
8605
6537
5134
6682
8401
10522
6746
2960
1521
1563
3688
4382
3586
583
-2251
-5814
-4332
-1694
-1273
-3578
-8873
-10473
-9562
-7754
-7159
-7720
-9725
-11765
-13095
-12420
-9761
-8782
-9225
-11069
-11949
-10816
-9381
-7475
-6141
-6064
-6665
-6485
-5945
-3873
-2327
-1157
-524
-876
-901
-203
1135
1373
2108
2386
3285
2992
2255
2299
2727
3682
3819
3754
2873
2313
1889
2591
3264
2987
1997
332
32
350
1171
1341
593
-462
-1343
-1120
-156
1033
905
415
-326
-189
927
2058
2992
2717
2222
2103
3091
3715
4460
4992
4845
4865
5254
5852
6852
7238
7186
7465
7443
8602
8827
9771
8352
4165
4604
6324
10554
9591
4352
1207
1030
3362
4493
4944
1517
-401
-3875
-4988
-1743
-745
-1693
-5934
-8638
-8746
-7353
-7024
-6692
-7639
-10386
-11862
-12167
-9604
-8688
-9537
-10384
-10876
-10190
-9899
-9310
-7827
-6047
-6613
-6661
-6321
-5403
-3771
-3078
-1427
-582
-999
-1322
-210
1230
2586
2512
2116
2568
2301
3177
3348
3831
4090
3412
3345
3623
3435
3259
3443
3033
3017
2109
1449
1541
1040
985
738
165
-247
-463
-408
127
185
-53
-341
-675
-26
444
1076
1828
1464
1418
1665
2359
3449
3714
3946
4202
4119
4675
5960
6411
6620
6713
6427
7802
8826
9123
9533
6826
3906
5610
8040
10922
8307
3215
1972
2724
3940
4604
3793
1489
-523
-3998
-3773
-1394
-966
-2654
-6597
-8541
-8141
-7634
-7754
-7593
-8420
-10164
-12276
-12568
-9975
-9288
-9996
-10740
-11205
-10637
-10534
-9645
-7222
-5837
-6526
-6832
-6686
-5254
-3466
-2339
-553
-136
-736
-1031
204
2118
3709
3730
2586
1923
1711
4098
5119
5203
3993
2277
2330
3145
3977
4323
3717
1989
1319
881
1224
1820
1001
165
-848
-1188
-931
-465
-270
-328
-1019
-1437
-937
-435
571
712
799
1070
990
1696
2470
3361
3772
4251
4221
4974
5197
5364
6816
7275
7988
7491
7716
8276
8501
9740
9958
10498
7096
4088
5817
8640
12146
8217
2760
1061
3025
4213
4388
3776
1080
-752
-4225
-3271
-1186
-1373
-3218
-6802
-8349
-8196
-7583
-8108
-7663
-8335
-9822
-11855
-12468
-10280
-9555
-9503
-10000
-10524
-10481
-10546
-9451
-6942
-5380
-6276
-6814
-7085
-5605
-3461
-2243
-967
-1166
-1925
-1883
-151
2099
3095
2918
1996
1250
885
2343
4553
5096
3886
1633
1204
2179
3460
4209
3707
2049
604
283
946
1888
1448
348
-1080
-1797
-1495
-914
-454
-666
-1391
-2031
-2238
-1763
-767
-21
44
236
271
273
1203
2332
3141
3640
3549
3833
4694
5017
6149
6947
7295
7333
7188
7724
8513
9306
9868
10100
10091
6106
4811
7440
9948
11110
6029
2334
1821
3887
4606
4550
2551
-476
-2047
-4298
-2457
-1421
-2583
-5339
-8055
-8189
-7888
-7802
-8569
-8160
-9022
-10419
-11814
-11449
-9492
-9493
-9317
-9521
-9422
-9507
-9615
-8317
-5932
-4914
-5878
-5836
-5651
-4082
-2471
-1200
-162
-835
-1347
-971
1253
2876
3554
3056
2539
2733
1919
3146
3478
4737
4686
3175
2705
2318
3095
3679
4236
2750
1732
555
863
2068
1620
1046
-790
-1628
-1819
-1124
-485
-450
-1374
-2330
-2342
-1958
-593
-198
42
-1
-269
668
1307
2539
2974
3230
3540
3937
4746
5352
5853
6285
6872
6949
7347
7440
7916
8407
8780
9348
9597
8565
4345
4950
6640
8960
9348
3738
991
852
3079
3420
3181
359
-1763
-3394
-4922
-1931
-1738
-3438
-6487
-8373
-7681
-7001
-7266
-8068
-7739
-8925
-9832
-10793
-9727
-8343
-9150
-9007
-9077
-8851
-9091
-8837
-7324
-5164
-5395
-6408
-6175
-5721
-4017
-2727
-1605
-1262
-2129
-2459
-1114
958
2162
2047
1663
2041
2019
2822
3132
3556
3786
3245
3185
3061
3204
2975
3372
3320
2952
1852
1029
1586
1776
1718
929
122
-568
-923
-714
-341
-413
-1275
-1619
-1556
-875
-375
-205
7
70
126
888
1915
2574
3019
3008
3622
3826
4910
5397
5935
5933
5832
6495
6646
7590
7500
7712
7221
7878
7737
7923
8518
4081
4357
5757
7975
7675
2232
820
1995
3952
2543
2088
-274
-1323
-1970
-3543
-1399
-1981
-3624
-6020
-6817
-6050
-6213
-7356
-7786
-7194
-8566
-9341
-9908
-8507
-8059
-9647
-9158
-8797
-8557
-9036
-8842
-7474
-5809
-6606
-7163
-5964
-5269
-4074
-3489
-2138
-1289
-2098
-1999
-343
1642
1987
1947
1962
2838
2894
3187
4716
4170
3979
2862
2901
4763
4497
3790
3216
2806
2506
2808
2346
2587
1833
262
409
203
181
-208
-718
-929
-1322
-1823
-1649
-1388
-1348
-1107
-1396
-799
-517
-540
340
663
1303
1376
1613
2189
2792
3237
4023
4491
4469
4533
4587
5468
6260
6596
6761
6199
6973
6816
8087
7658
8517
6058
2804
5819
6376
9181
5007
1735
1563
2814
3167
2272
1970
-1259
-896
-3148
-2442
-1268
-3205
-4245
-6499
-6149
-6453
-6834
-7847
-7004
-7381
-8765
-9449
-10089
-8299
-8946
-9150
-8342
-8275
-8340
-8753
-7754
-5775
-4395
-5811
-5402
-4904
-4037
-2573
-1606
52
-339
-1253
-819
1342
2756
2929
2546
2876
3339
3058
3940
5051
5019
4471
2634
2657
4266
3768
4225
3436
2394
1760
1250
1649
2649
1632
142
-59
-883
-432
-393
-640
-494
-1578
-2167
-2075
-1586
-1232
-1189
-1704
-1614
-1668
-1542
-409
-36
506
389
235
1168
1855
2222
3077
3629
3551
4068
3865
4977
5737
5876
6135
6149
5996
7010
6705
7820
7517
7613
6771
2255
5075
5692
8260
5613
1610
569
1503
2888
1404
1924
-1339
-1250
-3497
-4347
-1735
-2939
-4216
-7056
-6810
-6914
-6831
-8052
-7193
-6758
-8941
-9500
-9898
-7678
-7736
-8480
-7712
-7501
-7703
-8399
-7001
-5172
-3349
-5168
-5021
-3948
-3603
-2340
-1530
175
7
-1090
-952
1243
2427
2451
2442
2479
3101
2427
3328
4849
5012
4623
3128
3900
3577
3686
4171
4311
3872
1776
1724
1844
3008
2040
1471
471
-271
-195
-682
94
-274
-1071
-2304
-2380
-2128
-1894
-1947
-2262
-1983
-2785
-2625
-1723
-744
-601
-918
-386
170
815
1311
2458
2918
3010
3008
3675
4677
4840
5109
5557
5924
5841
5694
6140
6525
7268
6175
6871
6671
6896
4895
2061
5083
5164
6434
2674
314
336
1696
2062
976
617
-2541
-2236
-3992
-3119
-1480
-3388
-4811
-6560
-5808
-5818
-5858
-6840
-5870
-6234
-7831
-7747
-7436
-5590
-6546
-7125
-6405
-6273
-6517
-6616
-5321
-3949
-3443
-5228
-4139
-3135
-2706
-1934
-1267
-117
-653
-1321
-359
1789
2105
1813
1753
2216
2718
2388
3521
4576
4379
3437
2987
3788
4892
4379
3953
3921
2537
2838
2537
3399
3156
1418
700
783
805
458
171
-628
-512
-1600
-1948
-1475
-1941
-2067
-2656
-2628
-2511
-2947
-3289
-2440
-2199
-2215
-2125
-2135
-1420
-1397
-927
-19
350
400
520
1179
2059
2604
2703
3234
3202
3334
3997
4553
5143
4990
4769
5068
5408
5512
6000
6134
5820
5480
2786
3166
5077
5589
4999
1439
973
1535
2171
1763
1794
177
-1262
-1867
-2632
-780
-1287
-2638
-4084
-4804
-4451
-4879
-5348
-4991
-4478
-6110
-6818
-6842
-5938
-5525
-6354
-5689
-5500
-6046
-6424
-5618
-4139
-3265
-3955
-4285
-3274
-3088
-2320
-1431
-400
-210
-1306
-980
661
1824
1872
1950
2093
2465
2175
2609
3981
4217
3712
3261
3334
4445
4110
4083
4314
4093
3278
1480
2775
3258
3556
1952
494
193
43
214
338
374
-1724
-2439
-2783
-2256
-1892
-3018
-3592
-4245
-4508
-4897
-4161
-4003
-3896
-4371
-4639
-4053
-3749
-3143
-2748
-1975
-1677
-1625
-1074
-78
697
1072
1878
2238
2805
3091
3637
4774
5293
5314
5499
5830
5836
6365
6562
7040
7300
6659
7069
6173
6455
4527
4580
6013
5519
5182
1735
1912
2008
2804
1292
932
35
-1563
-1732
-2529
-955
-1992
-3703
-4870
-4766
-4321
-4945
-5226
-5483
-5223
-6627
-6860
-6317
-5655
-5436
-6363
-5587
-5434
-5493
-5769
-4515
-3560
-3224
-3622
-3459
-2013
-1956
-1322
-605
193
6
-340
417
1718
2412
1972
2205
2423
2676
2561
3156
4146
3989
3352
3081
3645
4060
3810
3543
3546
3347
2312
2368
2021
1541
1707
936
1033
-73
-1358
-1731
-1420
-1390
-1807
-2993
-3984
-3882
-4238
-3889
-3872
-4612
-5343
-5798
-5096
-4441
-4405
-4554
-4439
-4465
-4018
-3226
-2315
-1662
-1885
-1373
-488
446
1184
1918
2445
2974
3294
3784
4929
5431
5719
5917
6085
6558
6557
6768
7047
7299
6910
7151
6732
7124
6652
6692
7093
6012
5730
2549
4119
4565
5220
3408
613
872
784
1387
-83
678
-1373
-2014
-2941
-3030
-1314
-2973
-3919
-5263
-4577
-5163
-5246
-5636
-5073
-5102
-6686
-6362
-6260
-5546
-6011
-5993
-4932
-5011
-5385
-5673
-4029
-3444
-2858
-3505
-2709
-2141
-2501
-1535
-599
386
-349
-694
-235
947
1082
1086
1717
1580
1297
802
1796
2594
2292
1725
1534
1775
1491
1474
1677
2214
1540
668
1098
939
1240
-66
-673
614
378
8
-1074
-1477
-1375
-857
-1066
-622
-1733
-2994
-2318
-1836
-1096
-1573
-2582
-2596
-2273
-2022
-1336
-1319
-1712
-1805
-1844
-678
76
39
108
105
777
1365
1925
2563
2955
2696
3213
3866
4390
4861
4648
5004
5225
5133
5350
5654
5627
5573
5290
5080
5336
4854
4791
4911
4511
4985
3505
3556
1293
1393
2919
2903
2727
-741
-808
-957
930
-237
-166
-1485
-2884
-2678
-3555
-1441
-2124
-3347
-4919
-4604
-4242
-4461
-4616
-4694
-3995
-5667
-5838
-5371
-4821
-4834
-5662
-4732
-4676
-5051
-5811
-4438
-3712
-3309
-3775
-3854
-2932
-3481
-2719
-1648
-756
-1386
-1955
-1344
-51
563
397
1177
1171
1039
951
1852
3117
2927
2428
2440
2886
2993
3152
3527
4069
3734
2738
2954
3211
3407
3183
3017
2829
1679
968
1470
2558
1864
719
-607
-588
-253
-478
-251
-978
-1883
-2662
-2476
-1904
-1628
-2518
-2936
-2685
-2870
-2617
-2455
-1987
-1983
-2504
-2352
-1600
-1309
-1310
-827
-302
133
95
464
1200
1503
1755
2065
2563
2772
2744
3080
3800
3996
3801
3618
3741
3949
4123
4357
4634
4357
3921
3614
4300
4063
4593
3545
3595
3007
1013
2889
2449
3495
949
-440
-403
651
94
-698
-533
-2263
-2016
-3800
-2910
-1997
-3321
-4198
-4759
-4232
-4958
-5147
-5414
-4026
-4878
-6089
-5509
-5160
-4513
-5336
-4678
-3963
-4144
-4845
-4120
-2820
-2474
-2349
-2736
-1387
-1709
-1642
-489
577
973
166
346
1308
2183
1768
2406
2818
2628
2254
2195
3465
3781
3349
3035
3188
3092
2839
2963
3504
3666
2636
2399
2456
2414
2298
2074
1996
1887
974
520
742
48
257
-685
-801
-1095
-2112
-2162
-2296
-2354
-2635
-3063
-3618
-3270
-4026
-3871
-3321
-3845
-3752
-4294
-4154
-3665
-3578
-3675
-3107
-3236
-3109
-2584
-2257
-1406
-1411
-1186
-691
-212
291
760
1313
1781
1993
2087
2873
3103
3398
3648
3712
4227
4174
4075
4453
4669
4620
4902
4909
4985
5263
4831
5276
5317
5167
5370
4357
5106
3066
3379
4273
4426
4252
1634
1306
1423
2516
923
1373
148
-744
-1183
-2252
-708
-1348
-2623
-4022
-3639
-4040
-4319
-4921
-4616
-4017
-5784
-6107
-5707
-5160
-5326
-5743
-4704
-4327
-4949
-5416
-3843
-3164
-2614
-2999
-2484
-1655
-2215
-1546
-367
573
72
-133
262
1393
1433
1427
2263
2275
2025
1631
2340
3068
2823
2351
2520
2568
2185
2123
2178
2626
2045
1200
1332
1171
955
661
508
302
29
-901
-741
-627
-1024
-1423
-2621
-1920
-2338
-2286
-2852
-3338
-3326
-3691
-3543
-3341
-2920
-3778
-3343
-3556
-3204
-2778
-3101
-2352
-2301
-2123
-2005
-1214
-1092
-495
-410
28
839
849
1531
1938
2697
2888
3188
3495
3883
4032
4254
4903
4982
5264
4778
5017
5229
5044
5010
4791
4647
4291
4252
4118
4347
3736
3440
3212
3001
3114
2538
2932
2053
2573
826
319
1144
1036
1915
-692
-900
-1137
-318
-1274
-934
-1374
-2177
-2416
-3788
-2071
-2422
-3151
-3886
-3619
-3539
-3972
-4307
-3980
-3099
-4533
-4629
-4246
-3842
-3995
-4563
-3455
-3120
-3396
-4158
-3036
-2505
-2290
-2264
-1725
-926
-1858
-1447
-640
316
62
-273
123
647
505
433
1361
1382
1270
917
1329
1983
1668
1532
1790
1962
1558
1555
1672
2093
1866
1457
1719
1479
1320
1196
1375
1517
1269
842
827
859
642
650
511
436
248
-248
-582
-711
-545
-233
-429
-1146
-1845
-1929
-1480
-1087
-1269
-1711
-2311
-2437
-2119
-1756
-1456
-1759
-2292
-2445
-2178
-1747
-1360
-1421
-1571
-1600
-1511
-1039
-506
-227
-129
-154
31
357
619
841
1120
1437
1593
1713
1801
2129
2317
2540
2752
2846
2839
2897
3023
3362
3550
3548
3548
3568
3418
3709
3625
3891
3515
3646
3095
1706
2665
2580
3659
1910
654
362
1074
791
409
485
-602
-1082
-2712
-1824
-1014
-2080
-3079
-3520
-3157
-3757
-4154
-4038
-2959
-3998
-4931
-4366
-3980
-3794
-4457
-3593
-2965
-3353
-4210
-3444
-2376
-2052
-1869
-1584
-769
-1429
-1418
-342
820
920
431
674
1196
1459
1536
2412
2687
2304
1929
2145
3001
3063
2989
2992
2910
2584
2438
2570
2885
2779
2137
1885
1572
1345
1252
1090
1047
858
161
-329
-462
-594
-558
-926
-1242
-1561
-1932
-2312
-2296
-2027
-2374
-2790
-3353
-3218
-2935
-2638
-2753
-2957
-3309
-3450
-3032
-2541
-2181
-2212
-2355
-2333
-2142
-1788
-1436
-1094
-1075
-1044
-836
-465
-121
125
362
463
598
723
1054
1337
1609
1742
1848
1895
1834
2014
2175
2512
2627
2525
2434
2533
2708
2886
3009
2842
2802
2583
2756
2870
3071
2914
2977
2721
2930
2819
2887
2979
2906
3072
1180
1957
2077
3177
2365
878
858
1136
1080
389
1094
384
65
-1282
-1074
115
-855
-1469
-1944
-1486
-2260
-2675
-2792
-1826
-2481
-3710
-3195
-3123
-3166
-4121
-3698
-3052
-3309
-4084
-3786
-3123
-3495
-3330
-3010
-2036
-2531
-2996
-2245
-1431
-1088
-1305
-886
-579
-478
-574
378
1098
1127
1087
1084
1764
1967
2183
2587
2850
2672
2665
2698
2973
3203
2864
2865
2741
2517
2419
2120
2048
2084
1687
1165
836
509
245
-79
-388
-393
-984
-1589
-1861
-1753
-1884
-2157
-2468
-2561
-2754
-3324
-2884
-3284
-3150
-3293
-3195
-2659
-3181
-3220
-2953
-2326
-2259
-1932
-2076
-1644
-1510
-1522
-604
-534
-429
-640
-325
110
594
602
1018
1258
1053
1376
1505
2046
2043
1970
2114
2370
2458
2522
2675
2606
2742
2519
2667
2689
2446
2408
2261
2345
2267
2048
1823
1761
1586
1586
1602
1593
1509
1369
1187
1392
1153
1268
1335
1140
1340
-147
504
985
1560
1005
-120
-14
385
453
-117
727
81
-374
-1138
-945
108
-727
-1258
-1526
-1272
-2035
-2223
-2113
-1381
-1983
-3093
-2588
-2514
-2596
-3076
-2670
-2182
-2557
-3211
-2828
-2209
-2440
-2172
-2057
-1520
-1901
-2182
-1355
-640
-442
-604
-405
-312
-59
9
733
1141
937
898
807
1218
1382
1531
1666
1723
1500
1491
1496
1636
1915
1669
1530
1393
1260
1290
1191
1240
1379
1081
684
659
670
681
532
421
516
150
-291
-280
-114
-252
-585
-827
-743
-896
-1166
-984
-928
-1037
-1508
-1584
-1471
-1417
-1643
-1928
-1610
-1622
-1481
-1746
-1762
-1705
-1578
-1410
-1177
-1014
-1215
-1107
-1002
-554
-421
-440
-367
-345
-211
-114
259
458
565
384
445
691
866
1030
1040
1138
1039
1078
1176
1435
1444
1359
1337
1310
1395
1324
1427
1420
1422
1354
1364
1405
1455
1549
1568
1640
1569
1574
1602
1707
1788
1755
1763
1811
1822
1772
1775
1766
1700
1523
1381
1461
1217
844
818
753
717
297
-42
-30
-85
-477
-556
-595
-772
-982
-1286
-1191
-1273
-1610
-1724
-1705
-1857
-2133
-2274
-2106
-1997
-2269
-2300
-2165
-2222
-2381
-2435
-2168
-2013
-2139
-2123
-1955
-1899
-1806
-1689
-1520
-1387
-1518
-1390
-1092
-846
-682
-588
-522
-420
-364
-206
116
318
454
491
562
757
901
1041
1190
1262
1333
1352
1442
1677
1737
1623
1605
1605
1632
1592
1478
1540
1483
1257
1145
1059
963
819
692
603
529
146
52
-52
-133
-304
-473
-531
-1176
-1129
-1070
-766
-1140
-1655
-1764
-1554
-1503
-1604
-1334
-1534
-1728
-2049
-1792
-1353
-1427
-1515
-1587
-1474
-1476
-1223
-913
-573
-696
-826
-487
-177
185
246
442
619
758
848
1151
1442
1507
1638
1694
1996
2041
2039
2114
2267
2276
2146
2131
2204
2244
2107
2036
1974
1892
1676
1651
1708
1649
1387
1221
855
536
290
158
468
243
-73
-525
-632
-631
-535
-680
-700
-888
-1282
-1307
-1225
-1011
-1055
-1311
-1445
-1537
-1726
-1719
-1457
-1310
-1387
-1682
-1719
-1627
-1716
-1584
-1379
-1144
-1250
-1420
-1376
-1053
-881
-687
-407
-379
-335
-415
-98
251
472
453
507
565
627
807
1016
1313
1208
1083
991
1019
1160
1186
1215
1209
1087
928
952
977
1047
965
760
720
622
559
554
552
505
355
123
44
76
38
83
28
-51
-158
-293
-261
-164
-150
-211
-301
-438
-500
-505
-410
-342
-444
-575
-690
-726
-719
-699
-700
-737
-901
-1019
-972
-967
-922
-969
-965
-950
-968
-964
-896
-803
-772
-733
-761
-664
-570
-580
-351
-469
-234
-660
-871
-311
-98
158
-505
-581
-396
-89
-295
66
128
-179
-341
-488
226
124
-38
-66
64
-98
-54
278
702
735
229
443
591
831
962
1078
1299
1161
1025
1129
1423
1399
1485
1459
1544
1571
1270
1420
1534
1686
1618
1471
1410
1323
1112
1076
1270
1149
976
670
686
702
541
481
435
353
120
-40
-42
113
-25
-129
-145
-225
-256
-385
-432
-422
-502
-600
-519
-496
-552
-686
-770
-683
-739
-824
-854
-903
-897
-899
-829
-698
-676
-780
-741
-726
-698
-667
-657
-530
-575
-608
-579
-482
-478
-497
-553
-518
-506
-576
-431
-380
-371
-512
-576
-502
-454
-480
-552
-599
-717
-781
-831
-710
-609
-636
-632
-632
-609
-582
-484
-293
-122
-106
-74
8
114
194
249
363
446
432
436
565
713
849
859
873
927
1008
1143
1269
1395
1421
1383
1381
1432
1469
1513
1552
1546
1543
1491
1465
1402
1314
1243
1157
1106
984
887
825
798
718
573
464
311
186
4
-34
-133
-156
-327
-371
-585
-988
-1179
-1282
-943
-1165
-1410
-1764
-1714
-1772
-1739
-1729
-1708
-1835
-2150
-1969
-1732
-1499
-1585
-1604
-1599
-1652
-1696
-1464
-1123
-1021
-1029
-996
-853
-753
-692
-392
-135
25
37
138
258
404
515
664
775
718
770
775
985
1100
1143
1060
1012
1020
1089
1178
1241
1324
1177
1016
929
977
1034
971
947
884
749
603
551
593
535
373
294
300
253
209
237
271
263
104
-5
-56
-121
-89
-33
0
-122
-292
-389
-378
-379
-383
-416
-486
-559
-610
-562
-458
-439
-527
-625
-674
-642
-590
-501
-425
-452
-561
-692
-651
-516
-438
-403
-415
-397
-421
-381
-288
-175
-165
-208
-168
-129
-75
-29
65
139
110
42
55
126
192
296
358
373
360
329
402
503
534
541
498
529
513
557
542
599
490
479
373
337
329
50
233
-244
-161
-26
83
11
-447
-551
-449
-333
-493
-239
-400
-541
-760
-687
-323
-493
-606
-603
-467
-481
-352
-210
23
-64
-170
59
144
387
395
485
627
688
734
816
917
961
1018
880
1051
1074
1046
1046
1014
1044
924
739
738
785
689
693
600
502
344
146
143
112
-24
-175
-328
-444
-461
-538
-545
-601
-820
-954
-1085
-1081
-1046
-1107
-1129
-1135
-1254
-1343
-1350
-1342
-1244
-1279
-1209
-1116
-1129
-1050
-904
-687
-550
-521
-445
-285
-167
-4
174
298
377
344
433
568
665
741
812
849
859
844
922
1063
1032
936
849
834
862
804
793
779
665
521
461
449
395
246
93
80
-35
-149
-218
-234
-243
-407
-500
-509
-470
-486
-488
-454
-402
-433
-490
-395
-331
-243
-239
-185
-79
-51
18
106
219
263
269
255
337
382
400
475
537
591
533
469
437
409
371
350
311
250
140
0
-12
-15
-60
-153
-281
-398
-447
-469
-452
-454
-575
-672
-769
-760
-705
-667
-645
-666
-642
-550
-403
-311
-286
-348
-338
-245
-106
54
124
140
83
69
124
263
371
413
422
385
422
443
500
522
526
485
405
345
279
319
349
375
270
134
1
-63
16
40
40
-74
-196
-314
-298
-213
-151
-135
-261
-353
-426
-376
-256
-109
-115
-216
-286
-322
-250
-182
-114
-111
-159
-211
-174
-59
68
108
97
46
13
55
108
181
174
111
1
-20
4
46
40
-10
-57
-120
-108
-97
-96
-165
-253
-338
-352
-343
-332
-327
-344
-355
-323
-279
-271
-248
-261
-209
-162
-61
18
65
136
165
245
299
354
377
446
555
698
784
770
742
695
710
708
728
769
800
786
759
780
778
772
696
652
634
641
652
652
571
407
269
167
168
84
-16
-171
-295
-365
-412
-473
-572
-673
-792
-844
-912
-908
-932
-955
-1000
-1051
-1070
-1059
-1017
-987
-954
-935
-848
-768
-670
-563
-489
-459
-421
-365
-235
-122
-30
52
100
107
109
143
186
221
181
202
215
224
222
204
169
75
-64
-157
-174
-180
-191
-241
-294
-350
-427
-434
-409
-416
-423
-456
-456
-415
-388
-336
-275
-293
-276
-251
-165
-59
33
153
245
280
280
312
393
492
519
600
688
737
733
747
828
929
977
971
1002
1019
1033
1068
1109
1100
1032
967
988
1032
1087
1082
1059
1027
958
905
902
906
805
695
580
557
575
534
478
347
189
75
12
-10
-67
-183
-320
-419
-517
-547
-580
-641
-700
-802
-860
-881
-867
-872
-914
-967
-1013
-1055
-1112
-1124
-1166
-1165
-1117
-1112
-1102
-1166
-1155
-1097
-1017
-918
-831
-801
-788
-755
-682
-511
-427
-374
-354
-339
-243
-115
-45
-41
-71
-87
-20
64
120
102
25
-28
-43
-1
47
83
96
71
12
10
36
54
114
123
122
135
143
205
275
262
236
228
234
318
395
471
515
479
446
478
532
620
643
666
688
661
684
748
815
818
765
703
753
804
798
784
783
791
719
676
645
619
536
440
440
431
427
344
319
265
224
147
176
170
145
96
14
-8
-59
-153
-115
-208
-175
-218
-507
-348
-527
-516
-604
-656
-736
-793
-911
-907
-853
-919
-862
-889
-896
-892
-912
-685
-659
-625
-587
-618
-587
-556
-455
-336
-279
-318
-291
-254
-153
-147
-155
-92
-91
-43
19
77
144
97
49
83
134
200
213
205
187
202
174
218
249
218
222
152
157
160
214
218
178
107
27
88
108
147
175
161
146
124
110
138
175
163
174
176
126
130
103
138
164
127
106
76
102
107
198
233
224
173
81
69
100
113
127
137
57
2
-4
17
50
4
-83
-119
-101
-71
-25
-39
-66
-162
-214
-200
-186
-98
-168
-154
-152
-201
-106
-32
-21
-63
-171
-231
-184
-115
-12
-7
-90
-185
-258
-245
-184
-157
-140
-163
-226
-313
-310
-268
-277
-276
-317
-356
-322
-270
-205
-96
-87
-135
-156
-105
11
113
217
286
298
338
393
469
567
626
655
691
762
825
915
984
954
904
854
861
899
913
902
875
819
675
595
553
486
378
253
190
111
43
-52
-114
-191
-290
-383
-467
-486
-558
-580
-644
-710
-791
-858
-882
-862
-848
-870
-866
-900
-869
-847
-790
-740
-734
-760
-716
-619
-514
-409
-362
-288
-258
-223
-156
-39
74
147
180
219
274
297
305
323
345
336
323
330
325
310
295
230
156
99
58
70
79
34
-70
-166
-204
-268
-276
-250
-253
-351
-423
-472
-429
-418
-417
-334
-364
-373
-318
-239
-100
-41
74
350
56
-241
294
626
501
811
847
526
324
720
966
991
976
858
858
792
896
871
790
609
599
672
564
426
323
310
97
120
194
18
-233
-274
-185
-320
-362
-359
-421
-548
-593
-523
-498
-503
-532
-425
-365
-424
-492
-411
-338
-301
-146
-43
-55
-154
-141
-57
33
139
167
149
117
93
107
206
206
123
43
-5
-14
-12
-30
-72
-163
-245
-289
-304
-295
-307
-361
-421
-426
-430
-442
-460
-464
-459
-458
-456
-381
-308
-283
-305
-292
-254
-232
-164
-43
75
118
103
97
150
200
298
399
464
473
453
480
533
572
599
607
593
560
510
515
526
526
499
424
311
249
228
179
160
78
-40
-123
-225
-284
-308
-325
-375
-423
-488
-552
-535
-521
-510
-523
-539
-551
-548
-504
-457
-426
-388
-365
-331
-259
-182
-104
-34
15
23
29
89
148
221
246
254
253
290
343
364
417
365
314
269
219
218
194
143
83
38
-9
-28
-57
-78
-100
-122
-153
-167
-137
-128
-141
-165
-174
-190
-164
-142
-101
-44
-30
-34
-18
12
51
143
195
242
272
284
367
454
520
532
547
553
608
645
697
737
718
713
666
647
646
633
583
523
458
443
406
346
293
209
139
64
15
-19
-58
-145
-244
-340
-424
-462
-498
-543
-582
-632
-685
-710
-709
-698
-703
-701
-720
-725
-712
-673
-632
-580
-549
-549
-502
-468
-433
-395
-384
-373
-337
-308
-247
-217
-222
-222
-239
-239
-228
-188
-143
-133
-178
-219
-236
-205
-152
-97
-55
-63
-84
-107
-64
-25
21
43
52
52
44
58
87
124
151
184
193
232
231
240
253
233
235
266
336
400
421
406
396
409
419
452
488
532
573
596
604
592
584
602
631
689
722
736
758
762
750
727
706
650
630
584
541
503
442
388
309
241
149
63
-12
-62
-124
-163
-240
-337
-417
-512
-560
-602
-639
-646
-668
-709
-733
-756
-750
-753
-753
-744
-731
-742
-680
-650
-607
-548
-559
-520
-476
-384
-323
-252
-249
-212
-227
-233
-165
-180
-160
-164
-162
-166
-149
-159
-151
-135
-172
-175
-192
-172
-160
-167
-158
-191
-225
-254
-259
-250
-198
-143
-98
-97
