127
140
120
102
95
61
47
16
19
5
-7
-9
-14
11
17
25
16
3
-10
32
66
78
99
96
92
78
79
73
85
105
117
137
114
71
28
5
3
19
5
-5
-1
12
21
6
-1
-4
-6
4
23
13
9
-15
-14
-6
-22
-22
-42
-45
-61
-61
-48
-56
-47
-66
-69
-68
-71
-87
-100
-105
-93
-84
-54
-59
-86
-77
-70
-35
-29
-35
-43
-65
-65
-62
-54
-40
-41
-34
-33
-27
-36
-42
-53
-71
-59
-50
-35
-32
-52
-63
-60
-74
-89
-90
-89
-82
-96
-83
-81
-88
-90
-104
-90
-108
-125
-119
-119
-101
-88
-93
-90
-77
-63
-86
-104
-63
-54
-45
-44
-74
-95
-117
-114
-99
-104
-114
-108
-112
-89
-58
-29
-13
5
52
71
86
89
82
66
65
90
106
149
127
110
99
99
115
113
108
116
135
128
116
80
63
55
55
88
85
55
47
39
45
63
53
28
14
5
-4
-9
-25
-12
-36
-34
-19
-1
-5
-33
-47
-41
-40
-52
-43
-74
-80
-85
-90
-69
-64
-56
-41
-37
-21
-13
-14
-16
-4
-3
-3
-24
-19
-4
-19
-24
-11
-10
7
19
-18
4
-2
21
32
28
12
1
1
-1
17
25
15
9
14
24
16
15
9
22
27
16
56
67
54
48
41
39
39
35
23
14
-1
-3
3
8
-2
-6
26
20
35
11
3
8
8
38
32
42
28
9
5
9
11
13
-1
-12
-15
-17
-25
-27
-58
-56
-57
-64
-41
-44
-47
-49
-22
-16
-13
-12
-38
-39
-46
-46
-52
-36
-17
-10
-13
-55
-51
-53
-57
-61
-41
-41
-55
-59
-62
-52
-38
-21
16
49
58
66
102
107
124
137
125
115
116
116
97
86
58
54
33
30
31
23
4
-4
10
29
40
61
53
34
56
70
90
102
97
84
68
52
31
11
-8
-28
-18
-40
-67
-85
-93
-92
-90
-76
-76
-68
-84
-87
-95
-91
-80
-72
-55
-32
-21
-18
-34
-45
-51
-59
-30
-11
-15
-12
-16
-8
-6
-40
-58
-55
-40
-19
-12
-32
-41
-33
-21
-15
0
12
15
12
18
6
-9
-14
-28
-31
-53
-77
-96
-120
-141
-137
-133
-123
-96
-89
-91
-89
-78
-42
-12
-2
22
42
40
49
39
34
29
36
38
29
47
25
7
-6
-3
-11
-5
3
-3
15
22
23
31
28
10
16
17
41
64
56
61
72
63
54
27
18
11
-7
6
-7
-24
-35
-44
-54
-50
-47
-25
-7
-5
-2
-4
19
52
70
69
76
89
104
108
88
78
78
78
88
86
61
34
19
21
35
14
19
24
47
75
101
135
159
167
158
157
154
156
139
137
143
136
126
130
103
82
80
65
79
87
69
43
33
21
-2
-12
-25
-42
-48
-50
-43
-29
-30
-48
-47
-24
-12
-11
-32
-52
-50
-43
-45
-36
-46
-78
-85
-78
-83
-89
-96
-96
-79
-42
-19
-54
-50
-16
5
21
16
35
26
37
52
69
77
61
62
53
47
25
7
-9
-3
-6
-14
-26
-36
-31
-60
-83
-87
-62
-47
-47
-32
-28
-36
-51
-63
-60
-60
-55
-62
-67
-64
-60
-60
-73
-69
-53
-51
-34
-6
-5
-21
-27
-29
-25
-23
-15
8
24
24
22
8
3
16
29
52
67
74
62
70
69
57
38
22
32
40
51
57
48
29
-3
-33
-44
-54
-70
-67
-48
-12
-3
-7
-18
-34
-31
-11
-9
-13
-12
-25
-22
-1
1
-16
-41
-66
-29
-8
-18
-16
-26
0
19
6
3
-8
-10
7
24
49
64
65
72
90
94
84
78
78
101
130
100
91
67
38
32
25
33
7
-16
-19
-40
-40
-34
-44
-44
-17
1
14
1
2
18
2
18
21
7
-7
-24
-46
-61
-84
-115
-118
-117
-107
-96
-107
-98
-85
-75
-69
-61
-41
-30
-18
9
16
11
15
26
43
58
49
25
17
0
-12
-6
-17
-12
-7
-9
-5
-15
-29
-25
-9
23
47
66
70
60
51
61
63
57
65
65
76
64
38
23
-6
-14
1
-15
-32
-41
-49
-36
-21
-8
-3
-9
5
31
43
40
47
29
36
72
93
110
91
82
82
60
49
46
24
26
46
51
57
40
5
2
0
16
32
27
13
25
34
30
27
9
15
10
26
41
10
-17
-56
-79
-65
-63
-62
-63
-79
-89
-95
-113
-120
-103
-86
-66
-47
-60
-93
-110
-128
-142
-122
-99
-90
-98
-89
-94
-101
-89
-85
-82
-85
-82
-94
-100
-116
-115
-102
-91
-70
-69
-82
-98
-95
-86
-50
-25
-20
-21
-43
-58
-72
-74
-73
-64
-35
6
17
21
35
33
37
57
80
111
125
137
156
150
144
136
127
112
115
123
119
119
132
137
129
142
161
190
208
213
219
230
220
214
221
194
165
153
159
154
135
117
111
103
117
157
132
127
114
104
99
76
62
68
79
90
105
75
45
21
0
-2
-9
-22
-25
-33
-29
-28
-24
-40
-58
-67
-94
-103
-105
-108
-101
-125
-144
-161
-191
-214
-238
-222
-216
-233
-237
-265
-309
-337
-353
-348
-347
-366
-419
-433
-454
-497
-509
-514
-502
-488
-472
-454
-457
-462
-461
-458
-411
-359
-335
-322
-302
-267
-230
-212
-170
-112
-80
-48
11
52
66
99
127
172
207
224
264
265
287
318
318
336
336
354
383
404
414
435
442
446
443
437
457
451
446
453
448
427
428
409
393
375
365
379
370
378
370
334
326
329
328
330
337
333
332
311
303
319
309
310
312
304
296
266
260
274
281
310
319
300
285
258
223
212
210
183
155
123
72
45
-6
-57
-82
-110
-120
-162
-191
-211
-262
-331
-391
-440
-491
-558
-626
-648
-681
-708
-714
-732
-760
-788
-794
-788
-771
-760
-751
-731
-700
-640
-614
-581
-553
-518
-465
-431
-390
-360
-360
-340
-316
-295
-296
-298
-313
-328
-337
-339
-321
-315
-291
-246
-220
-199
-169
-120
-84
-40
30
104
167
223
280
312
356
393
407
452
483
477
482
499
504
508
479
463
454
432
437
419
428
427
404
410
412
401
407
427
457
516
565
583
589
596
597
603
601
599
587
544
499
472
440
398
357
340
340
318
299
290
270
273
295
313
353
366
374
396
402
415
441
421
423
424
401
380
327
275
201
113
58
22
-29
-91
-168
-239
-288
-370
-438
-497
-573
-621
-631
-663
-696
-723
-767
-792
-817
-822
-817
-838
-842
-831
-845
-867
-891
-898
-895
-892
-880
-861
-844
-829
-799
-814
-780
-709
-668
-632
-582
-548
-526
-481
-440
-387
-354
-318
-281
-262
-219
-185
-169
-136
-114
-76
-40
-25
8
28
55
85
135
153
164
189
223
270
297
337
355
359
385
411
422
446
472
487
510
514
525
534
530
535
544
546
553
565
572
591
595
613
640
627
607
598
593
607
614
620
640
630
641
637
613
601
580
594
606
612
617
607
568
556
538
507
513
503
517
513
496
476
437
414
382
366
349
367
357
310
281
221
166
101
16
-37
-114
-209
-279
-382
-471
-576
-709
-798
-867
-929
-974
-1009
-1049
-1093
-1141
-1190
-1217
-1227
-1258
-1266
-1254
-1241
-1227
-1225
-1225
-1207
-1177
-1153
-1133
-1118
-1107
-1085
-1032
-995
-957
-903
-846
-793
-768
-716
-677
-626
-534
-479
-454
-407
-353
-313
-279
-277
-261
-207
-166
-132
-94
-69
-37
-12
25
50
69
97
128
175
235
277
275
313
359
404
407
409
431
487
524
537
570
579
600
599
616
631
644
665
695
755
815
813
790
794
813
834
837
872
905
906
934
961
962
971
955
943
932
923
911
858
861
881
856
825
811
783
752
755
764
776
773
750
760
753
717
694
696
698
659
628
570
479
391
308
237
151
68
-14
-102
-199
-311
-380
-457
-555
-624
-683
-767
-832
-886
-942
-986
-1010
-1002
-1041
-1096
-1104
-1129
-1159
-1172
-1208
-1232
-1233
-1240
-1233
-1220
-1221
-1202
-1171
-1135
-1091
-1056
-1017
-935
-868
-820
-746
-680
-639
-595
-529
-487
-463
-441
-410
-355
-303
-289
-290
-287
-305
-288
-263
-229
-202
-213
-180
-112
-50
-15
20
28
78
167
228
245
295
412
437
463
510
698
316
335
995
911
729
667
794
814
655
676
723
696
663
732
742
586
618
783
748
703
757
818
746
694
755
802
681
690
807
790
612
606
704
619
621
651
669
587
580
671
637
628
700
726
734
650
712
733
667
702
653
682
606
543
515
377
268
233
120
47
-33
-133
-209
-352
-409
-529
-628
-752
-822
-839
-932
-987
-1047
-1096
-1123
-1154
-1166
-1164
-1222
-1182
-1200
-1194
-1157
-1170
-1150
-1174
-1138
-1099
-1067
-993
-1004
-992
-940
-908
-816
-786
-742
-667
-669
-637
-613
-579
-552
-601
-519
-445
-510
-427
-437
-422
-415
-381
-345
-307
-235
-290
-221
-191
-145
-100
-6
45
82
79
109
161
181
249
267
300
319
369
351
405
474
431
454
599
593
437
577
674
590
570
725
741
716
700
758
794
703
738
812
818
731
792
862
744
777
715
795
729
623
749
807
657
704
634
698
651
614
835
604
767
743
718
730
656
774
552
621
698
696
727
637
652
541
382
372
254
157
61
-127
-86
-213
-310
-395
-569
-627
-783
-777
-869
-985
-978
-1053
-1164
-1212
-1190
-1196
-1314
-1293
-1273
-1377
-1355
-1405
-1356
-1386
-1395
-1346
-1362
-1339
-1317
-1237
-1250
-1250
-1175
-1112
-1072
-1025
-1053
-760
-1045
-866
-604
-988
-565
-683
-601
-528
-894
-306
-379
-705
-403
-225
-306
-385
-193
110
-53
-174
72
437
153
-2
718
343
388
482
897
478
792
813
689
1062
726
1033
777
1329
802
1028
1115
1138
845
1232
1276
490
1495
1002
897
1082
1132
934
891
896
1284
765
740
1358
856
693
1074
963
734
900
807
846
849
666
900
528
995
631
654
673
629
1009
536
534
880
995
373
426
1113
348
437
553
691
475
356
634
264
137
-147
344
-130
-463
-197
-119
-624
-840
-401
-867
-1000
-1063
-1099
-1017
-1436
-1254
-1317
-1446
-1576
-1619
-1469
-1635
-1702
-1649
-1815
-1602
-1784
-1371
-1615
-1784
-1382
-1445
-1527
-1401
-1566
-899
-1493
-1386
-749
-1354
-925
-1311
-594
-877
-1338
-452
-495
-853
-478
-845
-157
-520
-790
10
-137
-248
-395
242
114
-32
87
343
437
97
382
1194
-393
940
1317
64
726
957
1013
930
566
965
1620
400
756
1513
1357
724
652
2563
-53
832
2575
382
854
1387
1563
976
930
1040
1680
65
1392
1547
151
1059
1255
1181
-277
1082
1115
982
-84
895
2158
-884
1200
784
1227
373
-106
1782
959
-3
1032
997
636
703
582
1090
664
269
968
890
-51
462
952
443
170
848
240
94
27
529
-237
-288
-157
-71
-343
-849
-176
-777
-785
-1061
-930
-1233
-1138
-1038
-1531
-1092
-1651
-1589
-1543
-1456
-1875
-1582
-1798
-1623
-1676
-1936
-1295
-2002
-1581
-2015
-1382
-1629
-1937
-800
-2443
-618
-1692
-1372
-1529
-1177
-757
-1756
-1640
-14
-1425
-1579
-44
-753
-1479
-804
-331
-662
-938
-658
-153
19
-1251
469
-307
139
-459
200
1139
-1062
1025
848
299
252
1471
398
789
977
379
2659
-967
2438
-291
2660
744
-386
3506
-1369
3867
-1187
1918
2161
26
2034
77
2677
312
504
2907
241
494
2740
-410
2916
-841
2014
2053
-1657
3863
-1445
3426
-1301
2235
684
728
1367
-314
2207
524
1155
-621
3437
-404
125
2459
983
-592
1765
1635
-20
1169
765
662
1282
-146
-31
2210
-640
872
334
488
312
-925
931
71
-1284
-566
1033
-1606
-643
-1220
-26
-660
-2665
-1016
325
-2328
-1772
-1242
-649
-1765
-3338
144
-1625
-2915
-1647
-378
-3352
-1280
-1466
-2667
-49
-4790
378
-1811
-3527
-725
-1020
-2288
-1802
-2172
478
-3797
468
-2189
-2499
2774
-5757
1562
-586
-3220
1846
-3887
2487
-2776
-2562
4243
-5079
2677
-3246
946
1607
-3754
2093
950
-3024
3786
-2782
1251
4072
-6469
6407
-361
-2381
5681
-4804
6325
-2764
1322
2884
-1757
3334
-739
1822
2287
-2057
3307
1964
-2168
3626
1024
-348
2442
-296
3022
-1591
4066
-1533
1713
1923
-322
1949
-519
2603
-419
2186
-217
337
3412
-1329
1000
2115
-515
1622
277
1563
365
802
1438
707
264
2206
-364
2301
672
-1191
4953
-1901
685
2078
2208
-2303
2075
1599
351
-1047
1610
1975
-708
-484
2824
-1514
1514
-1791
1441
18
-1133
-132
135
-249
-2615
1234
-1082
-2342
-1379
766
-2367
-2585
-472
-1251
-1567
-4020
82
-1269
-2933
-2154
-589
-1770
-2387
-1572
-1663
432
-5833
2230
-3372
-948
-730
-3652
1223
-2768
-514
-3320
1545
-2559
-974
-64
-3084
983
-1659
-328
-1862
-827
2043
-3829
852
-1241
2798
-4192
1913
-170
-1723
3168
-2739
2094
-284
-310
1796
-91
-777
2992
-436
564
-24
2116
1794
-1981
668
6068
-4589
2908
1551
-866
5733
-4330
3966
1110
2097
-1199
3074
1087
1262
1769
-1102
5801
-1387
-1734
6525
-341
12
-660
5570
-415
-1318
4591
-888
1406
32
1496
1395
-621
1618
2550
-2018
3276
354
2630
-1540
1659
5218
-2832
702
2791
97
2007
-590
-143
3218
323
939
-1305
3990
-1691
1859
-222
271
1516
299
-820
-229
2430
-1492
-34
-913
1579
-1437
-559
-1317
-371
-254
-2489
-450
-122
-3112
-2154
1513
-4891
-277
-1778
-2592
-826
-2778
-425
-4248
500
-2937
-2448
-1227
-1759
-1177
-3038
-500
-1067
-3648
-253
-3615
1768
-3181
-4086
4486
-6396
1124
-1511
-44
-3924
1961
-3376
-1185
2862
-3257
-1218
1152
-1559
-2970
4130
-5394
4943
-4627
-423
4082
-5760
6345
-6783
2829
1661
-1944
1976
-615
-69
2116
-615
-1469
2932
-1426
2931
-31
-2411
7445
-2133
-202
1698
1855
4663
-3480
2131
2860
3284
-1543
-300
5135
-92
1943
-1796
5189
1574
-5125
9992
-6980
4481
2746
-2649
3099
-1438
6643
-4594
3063
1151
-767
4117
-1771
628
2032
310
3261
-3496
4582
-1918
1664
2904
-3196
4761
-1268
3458
-3508
5709
-1394
421
1991
-803
5485
-4898
4325
1670
-1100
833
-2660
5439
-2327
-616
1426
676
226
-3067
1005
-721
20
-2597
-188
-201
-2656
-374
-776
-3809
-1427
-561
-4177
-449
-2107
-3087
-805
-3405
-1026
-3101
-3261
-1439
-1066
-1440
-2504
-2480
-2375
240
-2197
-2694
-2962
1346
-1824
-5573
1027
1265
-5283
2273
-6351
4042
-398
-6061
3317
-2789
3420
-4052
-1419
1836
-573
-108
1903
-6163
7313
-4459
474
1082
351
710
-3682
5630
-862
-112
-2638
6558
-2331
3075
-4913
6953
3920
-7212
6918
-2696
5109
-1255
2818
2917
-3024
7742
-2302
1888
4082
-3043
6315
-555
1020
4393
-2332
2872
162
6229
-4129
229
3331
4877
-2295
-4342
10171
260
-6417
7811
-2482
3135
1109
-3502
8469
-3814
859
1970
1057
1949
-2261
3185
2098
-2203
3849
-3127
4029
-680
2333
1256
-1540
2330
300
4759
-5906
7580
-587
-1971
3169
595
-1530
685
213
1907
-1125
-529
2383
-2651
-1820
588
-735
-3242
1856
-5168
2675
-5706
-571
-878
-4844
-616
-3625
-813
-3085
-2712
-1995
-1060
-5382
-2214
-227
-3371
-3499
-910
424
-4780
-3763
655
-1089
-2516
-2851
-898
-1481
-837
-3707
1721
-2143
-3259
3719
-4287
-1531
2545
-1223
-2457
689
60
-1887
1678
-2776
-490
2391
-1715
-836
20
-1406
6354
-8486
713
4100
-6804
9381
-6296
5239
1427
-1539
4138
-2346
5802
3814
-5145
-2943
5851
1076
2426
695
1519
-610
2380
5432
757
3946
-2126
9784
-554
-1705
5618
-585
8293
-4363
4140
4537
-2919
8193
-4164
5973
139
-3874
7707
1927
-753
1643
3059
-2484
3326
1460
1674
2994
-2920
4206
1238
-1399
2992
-1364
5002
144
364
114
2947
2273
324
252
1929
2911
-2467
3755
-2549
1721
534
-2593
366
1323
283
-2954
-405
-1561
54
-4290
-623
-710
-3313
-1456
-4440
-2152
-3882
-3642
-2715
-3302
-3329
-3717
-3728
-3693
-2995
-4525
-3397
-2783
-3388
-3079
-3804
106
-4553
-2344
-1091
-3959
-441
-3380
141
-3044
101
-2443
-1264
990
-4082
2174
-1503
328
-1579
1112
-798
-445
1574
-2069
2379
-972
-1813
2266
93
-2742
1960
474
244
573
186
891
506
1180
-2694
4691
2172
-1708
3609
-1
3111
-852
-1763
6742
-498
2524
5247
-2919
4023
-428
1348
6448
-1011
-718
5885
3679
-3325
2939
2728
2117
771
1535
2767
-327
5268
716
967
1447
939
247
6510
-2187
1668
5368
-2177
2642
-1874
5911
2039
-1563
3135
2992
1014
2298
889
3934
888
121
4775
1692
2237
2411
2485
566
-3123
-653
3242
-354
1485
-487
-270
-2013
-4239
-1438
-1299
-1379
-2675
-1498
-4026
-3996
-4951
-4550
-4443
-4597
-4413
-4969
-4466
-4352
-3316
-6368
-5888
-5798
-3412
-3118
-3823
-1930
-3515
-2566
-4571
-3933
-957
-130
-1159
-1676
-1415
-1814
-555
-2433
82
356
-1613
2469
-1243
-749
2097
259
-985
-1356
1120
1735
697
243
464
144
-1577
-793
-480
1945
1846
752
-847
888
-94
-681
592
-147
2456
380
615
2101
2804
-1841
3560
42
1628
4584
3415
3747
2031
1740
2643
2881
78
5478
5961
4485
3351
2066
4914
1336
2706
4616
2234
5325
3904
3483
3054
-714
3033
2215
2451
5129
1676
5187
1468
-601
2756
1983
2077
3738
3481
2375
1639
2070
3756
932
442
3044
4189
-820
-2159
553
-412
1239
-2733
-329
147
-3335
-3090
-5584
-1313
-3347
-3679
-3517
-5926
-4884
-5471
-6576
-7141
-4978
-5861
-5427
-7725
-5818
-5439
-6918
-6605
-7545
-3613
-4395
-3387
-4130
-3932
-2669
-3961
-3178
-2137
86
-240
-1793
-1477
941
-88
-541
725
1096
1093
49
3120
827
532
2280
114
-168
1751
2794
911
1821
-1248
2465
-442
-2230
1213
1394
1946
-1309
346
546
413
-1663
822
2505
-257
1722
1199
1381
779
197
1445
1163
3962
1476
1575
2343
1958
2903
3730
1598
3460
6201
2607
3592
3518
3041
4299
3657
3091
6789
3958
2327
3118
2615
4925
4265
2389
4746
3480
4759
1756
2080
3954
3931
3814
2740
2927
3260
4291
1453
2340
2512
1602
-1376
-343
51
1630
774
-3634
-1228
-2798
-2551
-5651
-4258
-969
-4400
-4498
-7353
-6462
-6255
-7461
-7988
-6141
-6942
-6577
-7444
-8788
-6616
-8065
-6561
-7472
-5530
-3844
-4485
-4326
-5053
-3779
-2807
-2685
-1798
300
-504
-814
-1712
-364
1232
924
1870
1773
2994
1863
1314
1835
1726
2965
2564
1893
2299
2032
1810
957
760
635
1319
110
-61
517
427
-600
-1547
341
-202
-848
-166
478
-807
-797
490
-126
-123
963
1212
186
435
1347
2861
2797
1034
3467
3286
2308
2817
2737
4594
3886
3967
4989
4518
4159
2814
2701
6254
3256
5022
5432
4934
4230
2319
4925
3009
3816
4112
5126
3222
3718
4264
3196
3582
1248
2501
3032
3498
732
-2910
226
-2334
-171
-1346
-1917
-714
-5510
-4520
-6926
-4494
-4708
-4636
-5645
-7352
-8403
-9043
-7837
-8500
-5887
-8369
-6668
-9106
-8295
-7594
-7774
-6282
-7411
-4227
-5233
-4024
-4140
-3092
-2691
-2693
-1830
4
959
1207
1205
537
1498
890
2286
3613
4407
4138
2914
2271
2534
2512
3097
3981
4184
3397
1384
1022
859
1328
1274
1404
1134
344
-373
-1382
-575
-116
-399
-1056
-468
-185
246
-221
-1298
712
-522
-688
1341
2148
2548
1504
1015
806
1718
2928
4030
4426
4976
2658
3791
3447
3219
5059
6066
5302
4646
5913
3723
4259
2699
4425
6309
5549
5323
4358
4497
2352
2339
3279
5083
4626
4315
2871
1974
1911
-147
3094
-1516
-1117
851
-2380
1314
-3761
-2754
-4019
-6165
-4154
-6185
-2197
-4774
-6112
-7918
-9597
-9204
-8137
-7598
-6368
-6738
-9147
-9122
-10938
-7588
-8420
-6331
-5972
-6322
-4968
-6903
-5153
-4825
-3180
-2034
-1559
-412
-326
-218
-62
64
1486
2417
2991
3791
3805
3843
2829
2383
3003
4091
4707
4322
4103
3208
2151
1520
1931
2541
2660
2223
1714
647
-79
-247
-547
632
535
227
-470
-525
-454
-917
-1177
-260
342
775
1088
433
777
431
1460
1301
2222
3325
3813
3561
3653
3199
3158
4277
4094
5074
5588
5446
3980
4476
4975
4334
4146
4434
4901
4176
4325
3787
3859
4018
3518
4629
3435
2862
3084
2454
2462
1791
1722
1728
-2815
-443
-2202
-1468
114
-3620
-1486
-5229
-4579
-7498
-6129
-4834
-5384
-5171
-8461
-8777
-9709
-8635
-9699
-7324
-7819
-7556
-9069
-9594
-8606
-8419
-6479
-7099
-5007
-5140
-4908
-4607
-4567
-2778
-2164
-1127
-801
-106
497
631
1289
1629
2280
2879
3717
3772
4284
4110
4005
3659
3800
4229
4091
4688
4008
3293
2586
2356
2032
2096
1938
1991
1226
143
-245
-582
112
-463
-260
-590
-800
-963
-1102
-896
-803
-276
-509
85
64
808
1172
1029
1826
2249
2378
2322
3291
3639
3769
3715
3865
4145
4708
4498
4425
4836
4754
5061
4006
4147
4764
4716
4873
4762
4481
3608
3841
3267
3415
4249
3473
3498
1685
1793
1321
1901
1693
-2260
158
-2077
-934
-1323
-2971
-1577
-4704
-3618
-6741
-5194
-4592
-5106
-5240
-7441
-7875
-8722
-8348
-8694
-6587
-7069
-7195
-8757
-8358
-8298
-7511
-6174
-6700
-4613
-5387
-4677
-5135
-4210
-2764
-2617
-914
-1582
-339
1
-121
711
1098
2108
1749
3008
3177
3392
3345
3466
3240
3139
3387
3501
4085
3537
3333
2443
2375
1841
1995
2103
2016
1495
774
192
2
235
461
386
125
-185
-532
-742
-458
103
298
696
425
549
605
1172
1389
1730
2207
2428
2411
2491
3111
3283
3764
3473
3735
3674
3897
4547
4254
4836
4346
4687
4140
4181
4758
4459
5201
4302
4078
3138
4146
3830
3732
3579
3161
2920
1354
1569
1295
2580
317
-1241
-1238
-2297
-1187
-2113
-2395
-2656
-3828
-4348
-6717
-5376
-5559
-5142
-5819
-7430
-7336
-8508
-8127
-8612
-7186
-7288
-7595
-8050
-8128
-7875
-6883
-6610
-6223
-5365
-4916
-4234
-4504
-3032
-2835
-1545
-1597
-1207
-125
168
887
1449
1675
2043
2134
2554
3035
3099
3842
3402
3643
3061
3423
3403
3381
3149
2750
2468
2104
2119
1442
1497
1120
1029
168
241
123
53
-126
-108
-128
-645
-433
-643
-39
-286
294
190
337
583
696
1186
1180
2081
2286
2182
2193
2604
3195
3113
3207
3773
3946
3845
3370
3518
3246
3100
3370
3474
3567
3127
3427
2914
3061
2887
2390
2583
2516
2560
2527
2604
2174
2076
1397
1711
2129
1819
1411
1887
1302
776
559
-2075
-813
-1861
-1217
-391
-2390
-1074
-3567
-2975
-5430
-4640
-3550
-4431
-3470
-6125
-5284
-7167
-6676
-7657
-6142
-5677
-6405
-6264
-7207
-6701
-7260
-6002
-6274
-4757
-4937
-4481
-4112
-3900
-3038
-2869
-1496
-1722
-616
-246
309
1092
1133
1859
1981
2487
2591
3391
2600
2677
3248
2804
3129
2766
2985
2627
2444
1747
1790
1826
1305
1034
537
12
-490
-809
-859
-1044
-1078
-1605
-1872
-1809
-2082
-1674
-1305
-1170
-828
-458
-253
407
996
1331
1560
2314
2574
2783
3204
3387
3379
3797
3785
4002
4147
3679
4418
4556
4119
3956
4477
4292
3986
3796
3444
3365
2936
3019
2462
2179
1982
1653
1210
1569
2196
1781
1501
1104
1607
1679
1418
1120
1792
1737
1921
1703
1519
1252
1415
89
-307
176
-286
820
-240
87
-1581
-1351
-2811
-2890
-1908
-3032
-2154
-4204
-3981
-5703
-5256
-5946
-5714
-5122
-6238
-5850
-6874
-6863
-7178
-6206
-6249
-5883
-5613
-5569
-5208
-5127
-4346
-3625
-2859
-2890
-2383
-1449
-1140
-654
-392
709
789
1428
1910
2335
2818
2858
3251
2668
2781
2545
2855
2648
2799
2306
2034
1532
920
909
261
309
-209
-346
-861
-1344
-1601
-1916
-2077
-2163
-2278
-2419
-2223
-2226
-2151
-1928
-1602
-1213
-734
-261
22
606
962
1225
1826
1981
2546
3297
3402
3317
3899
4129
3850
3949
4072
4460
3844
4189
4619
4577
4378
4351
4714
4707
4011
3088
3393
3091
2555
2484
2410
3033
2326
1154
1113
1403
1285
874
1814
1821
1119
805
740
666
506
857
1005
1690
407
-1586
-241
-1725
-1025
-833
-843
-134
-2300
-1757
-4108
-2555
-3468
-2975
-2563
-3999
-4156
-5568
-4504
-6078
-4641
-5250
-4839
-5290
-6062
-5474
-5779
-4873
-5488
-4102
-4305
-4079
-3817
-3171
-2366
-2234
-1355
-1296
-359
-247
470
1023
1244
1821
1992
2613
2533
3011
3120
3317
3009
2844
2892
2357
2394
1817
1798
1417
1130
774
147
255
-399
-695
-1352
-1609
-1797
-2248
-2413
-2628
-2637
-2975
-3078
-3051
-2674
-2365
-2141
-1896
-1575
-1423
-868
-168
106
518
1095
1533
1615
2284
2971
3071
3292
3874
4241
3844
3445
4116
4568
4221
4009
4599
4393
4002
3885
4415
3838
3123
3326
3187
2883
2298
2332
1755
1127
635
377
605
387
829
787
442
226
-445
104
-5
-84
24
402
394
246
293
894
805
1031
485
-1054
44
-1215
-313
-674
-311
-394
-1165
-1271
-2855
-1336
-2712
-1882
-2840
-3049
-3616
-4159
-3686
-4700
-3547
-4420
-4006
-4895
-4744
-4724
-4609
-4288
-4239
-3460
-3651
-3255
-3055
-2390
-2190
-1738
-1335
-1141
-257
-130
337
674
1076
1332
1302
1707
2097
2546
2475
2286
2035
2154
1613
1533
1606
1333
1029
373
-21
-33
-366
-580
-703
-894
-1424
-1754
-1921
-2090
-1977
-2296
-1999
-2402
-2397
-2407
-1976
-1723
-1632
-1474
-937
-394
-470
41
469
1016
952
1545
1920
2361
2827
3013
3261
3003
3093
3331
3362
3288
3736
4117
3772
3435
3273
3300
3104
3195
3149
3222
3149
2961
3074
2774
2477
2463
1962
1760
1811
1374
1833
1072
1673
1621
921
1068
795
1281
900
1052
798
983
766
1217
1349
1400
1571
1054
1898
628
-289
-644
-1423
-425
-807
-561
-1137
-1512
-2297
-3296
-2179
-3127
-2498
-3497
-3610
-4279
-4672
-4899
-5058
-3678
-4567
-4128
-4889
-4723
-4768
-4312
-4342
-4395
-3511
-3783
-2965
-2812
-2197
-1900
-1294
-1267
-865
-527
-195
235
588
1383
1084
1554
1414
1750
1801
2100
1851
1760
1508
1306
1370
806
980
212
293
-560
-596
-904
-1100
-1192
-1523
-1627
-2004
-1968
-2123
-2027
-2574
-2489
-2844
-2720
-2870
-2404
-2101
-1631
-1246
-1331
-325
-295
284
664
1124
1309
1569
2051
2484
2955
3171
3305
3329
3261
3612
3663
3714
3667
3144
3332
3235
3059
3175
2799
2869
2926
2645
2373
1848
1848
1594
1426
1336
1333
1469
1599
1192
1191
835
375
565
217
695
743
1164
1188
1259
1200
947
1593
1369
1807
1481
1128
1558
1709
2140
2236
2237
1462
1242
131
614
149
192
42
-818
-227
-939
-630
-1159
-1487
-2119
-2340
-3115
-3488
-3959
-4288
-4071
-4284
-3920
-3886
-4079
-4378
-4207
-4174
-3706
-3800
-3510
-3549
-3293
-2752
-2362
-1463
-1322
-856
-640
-373
124
47
201
367
444
1199
926
1203
1638
1822
1897
1363
1524
810
1285
1430
1082
606
-249
-191
-742
-302
-82
-1187
-382
-194
-2084
-1553
-1246
-2118
-404
-1298
-1737
-1591
-2562
-1214
-1329
-532
61
-570
-528
-999
-785
117
-98
-521
-28
-65
489
833
747
974
909
356
392
434
393
991
678
552
715
555
946
826
463
505
-35
-10
68
-116
216
-96
-77
60
150
337
305
344
461
337
504
734
859
1243
1152
1393
1576
1597
1849
1801
1886
1681
1714
1906
1843
1933
1957
1957
1811
1825
1882
1596
1639
1457
1277
1244
1137
1155
1168
947
822
635
492
414
151
253
30
-104
-222
-198
-38
-241
-96
-158
-373
-583
-709
-696
-837
-690
-680
-774
-834
-853
-825
-789
-792
-803
-937
-1061
-1150
-1188
-1121
-1264
-1308
-1215
-1298
-1360
-1225
-1243
-1326
-1452
-1627
-1446
-1401
-1389
-1365
-1257
-1273
-1244
-1087
-983
-765
-787
-657
-697
-739
-552
-697
-422
-269
-487
-352
-379
-308
-388
-218
-207
-264
-168
-193
-195
-195
-187
-256
-325
-253
-412
-344
-251
-130
-52
-45
28
-64
17
62
216
244
367
388
414
633
752
989
986
1114
1379
1246
1406
1347
1482
1728
1537
1682
1674
1856
1944
1610
1738
1789
1660
1779
1289
1541
1295
939
1363
840
1054
976
433
680
523
254
458
305
-129
-92
-248
-125
108
3
165
-248
-246
6
-241
260
93
57
79
57
687
707
487
758
789
668
849
779
682
792
938
922
1184
923
754
504
-103
-61
-241
-304
-175
-418
-357
-490
-670
-511
-1029
-1301
-1504
-2119
-2062
-1979
-2068
-2042
-2354
-2364
-2141
-2019
-1905
-1953
-2341
-2488
-2615
-2342
-1871
-2104
-2206
-1680
-1535
-1082
-714
-883
-1005
-1470
-1457
-1167
-1389
-1203
-2182
-2413
-549
545
2201
1561
-529
-489
-961
166
444
-913
-35
-56
304
1884
1536
1543
768
239
565
-344
-333
-510
-473
-131
246
538
1790
1609
723
825
-992
-341
-147
-303
513
79
-26
-171
1342
1041
1239
935
304
1343
701
903
44
-305
-100
448
873
1130
1836
1507
2020
2197
997
706
303
387
1870
1643
1607
1001
1616
3230
3314
2985
2540
2449
2605
2241
1865
2023
1649
1941
2245
2487
2784
2828
2361
2215
1991
1764
1709
724
506
504
504
555
523
896
1099
1116
551
-538
-1769
-2564
-2460
-2800
-2840
-3334
-3384
-2957
-2598
-2288
-3004
-3226
-3641
-4028
-4365
-4639
-4789
-4514
-4276
-3657
-3038
-2729
-2411
-2376
-2167
-1951
-2107
-2108
-2018
-1404
-866
-321
413
621
958
1166
1371
1550
1457
1166
980
946
1168
1214
1459
1072
1041
1224
1032
968
318
-172
-610
-942
-1436
-1794
-2273
-2161
-1818
-1622
-1546
-1701
-1807
-1594
-1354
-1533
-1618
-1880
-1760
-1558
-1204
-716
-365
-20
386
869
1361
1345
1324
1550
1982
2181
2293
2602
2948
3273
3490
3549
3521
3291
3194
3040
2778
2376
2145
2344
2405
2698
2693
2338
1938
1576
1427
1184
812
782
486
752
749
752
1008
1145
1335
1285
1334
1033
794
483
421
503
638
904
1045
1244
1420
1563
1476
1568
1589
1296
1765
589
75
-1227
-2194
-1382
-1660
-1626
-2027
-3027
-2984
-2967
-3200
-3022
-3721
-4015
-4738
-4689
-4845
-4867
-4678
-4684
-4152
-3691
-3517
-2985
-2808
-2208
-1870
-2007
-1868
-1877
-1078
-474
137
646
847
1358
1957
2349
2742
2051
1665
1531
1398
1605
1502
1507
1468
1473
1552
1232
1047
582
248
-132
-705
-1021
-1374
-1652
-1585
-1560
-1686
-2169
-2758
-2819
-3091
-3004
-2980
-2954
-2604
-2631
-1901
-1358
-840
-330
-268
234
227
411
550
538
936
1179
1550
1861
2350
2916
3421
3602
3648
3597
3372
3102
2929
2660
2416
2250
2010
2074
2038
2091
2225
2067
1656
1403
1135
764
661
534
444
589
849
1112
1370
1754
1766
1603
1481
1365
1583
1478
1432
1507
1546
1542
1924
2315
2346
2483
2529
2554
2558
2525
2458
2740
1881
833
-183
-1899
-1403
-1952
-2404
-2468
-4116
-3471
-3555
-3315
-2935
-3523
-3496
-4930
-4910
-5210
-5688
-5319
-6001
-5264
-4819
-4442
-3328
-2753
-1706
-1459
-1128
-1123
-1036
-491
-443
42
467
640
1658
2120
2861
3490
3328
3129
2561
2223
2036
1575
1099
370
286
107
-142
149
-286
-353
-625
-1306
-1398
-1929
-2352
-2861
-3066
-3230
-3499
-3420
-3572
-3169
-2902
-2620
-2151
-2177
-1700
-1253
-774
-402
-195
40
211
795
1244
1418
1756
1686
1927
2195
2372
2419
2272
2260
2049
2084
2050
1958
1837
1734
1726
1521
1281
1162
1026
837
626
444
388
457
501
826
950
833
924
1008
1378
1611
1732
1947
1923
2199
2530
3085
3458
3526
3896
3991
3985
4134
4163
4096
3941
3853
3894
3855
3867
4082
4160
4480
3078
1521
-16
-2274
-1581
-2566
-3788
-4719
-6466
-5473
-5155
-4256
-4334
-4724
-4402
-5544
-4803
-5518
-6094
-6092
-7251
-6169
-6012
-5041
-3927
-3310
-1517
-1012
76
233
610
1478
1074
1293
733
758
1493
1816
2738
2941
3098
3252
3136
3531
3177
2554
1542
431
131
-443
-952
-1517
-2006
-1845
-1886
-1654
-1496
-1841
-1778
-2013
-2131
-2411
-2764
-2879
-3197
-3091
-3025
-2849
-2577
-2033
-1300
-948
-552
-455
-201
213
377
607
401
301
244
491
713
644
646
506
614
588
524
486
227
145
43
-33
127
-56
123
111
185
327
332
837
1064
1419
1738
1806
1873
1964
2431
2686
2665
2739
2873
3124
3383
3865
4040
4138
4377
4597
4649
4702
4639
4609
4551
4159
4103
3850
3632
3539
3379
3411
3224
2858
2950
2074
63
-1265
-3237
-3427
-4028
-5704
-6733
-8203
-7256
-6574
-5908
-5534
-5982
-4929
-5136
-4551
-4851
-5592
-5437
-6327
-5485
-5332
-4918
-3892
-3032
-1018
-364
757
1421
2372
3832
3426
3221
2676
2593
3056
2993
3085
2438
2316
2837
3116
3604
3104
2558
2055
1524
1128
-12
-841
-1839
-2460
-2660
-3184
-3323
-3384
-2855
-2418
-2277
-2131
-2132
-1952
-1755
-1735
-1954
-2211
-2355
-2267
-2036
-2035
-2027
-1663
-1126
-563
-271
-143
87
446
969
1010
920
835
838
860
825
594
235
186
299
434
316
274
336
578
739
686
833
843
1114
1359
1384
1346
1450
1817
2099
2397
2567
2567
2883
3079
3256
3386
3329
3425
3466
3488
3430
3365
3449
3560
3670
3832
3804
3833
3752
3861
3811
3380
3306
2861
2770
2410
2241
2077
1882
1910
1944
1182
-602
-1544
-2890
-2708
-3669
-5551
-6496
-7471
-6219
-6069
-5749
-5626
-5475
-3786
-3957
-3196
-3606
-3817
-3366
-4222
-3790
-4602
-4029
-3120
-2362
-1321
-1483
-152
808
2183
3152
2428
2490
2259
2676
2506
1601
1111
370
564
298
83
-91
-192
43
-117
-500
-1120
-1373
-1600
-2053
-2816
-3560
-3929
-3743
-3476
-3492
-3348
-3158
-2372
-1384
-835
-606
-459
121
236
421
514
406
609
432
139
-63
1
461
472
473
366
390
980
1255
1519
1220
1097
1218
962
917
277
-1
-293
-658
-682
-810
-558
-282
131
330
518
1135
1654
2080
2091
1881
1955
2072
2263
2304
2166
2076
2165
2356
2551
2689
2780
3025
3103
3145
3205
3125
3251
3204
3276
3044
2962
3014
3045
3215
2992
3002
2971
3020
3018
2963
2695
2541
2431
2365
2060
2287
1659
-309
-1005
-2311
-1966
-3414
-5340
-5962
-6736
-5948
-6644
-5989
-5718
-5818
-4620
-4515
-3344
-3858
-3848
-3465
-3930
-3805
-4719
-3682
-3118
-2703
-2545
-2532
-849
205
1278
1472
1504
1933
2128
2540
2222
1924
1226
674
547
192
189
-266
-373
-583
-733
-835
-704
-650
-809
-1295
-1867
-2019
-1998
-1768
-2597
-2363
-2164
-2025
-1600
-1115
-294
-179
295
874
1109
1458
1507
1449
997
763
695
242
-45
-335
-284
-623
-551
-219
62
402
384
631
691
873
777
363
36
-406
-580
-908
-949
-941
-887
-643
-333
358
846
1468
1783
2135
2372
2388
2672
2561
2506
2323
2192
2148
2090
2282
2393
2586
2734
2838
3096
3181
3154
3173
3043
2827
2601
2486
2365
2246
2113
2181
2228
2258
2320
2379
2432
2323
2324
2247
2056
1908
1674
1610
1454
1545
1211
-682
-1450
-2410
-2133
-3358
-5654
-6185
-6400
-5754
-7063
-6998
-6002
-5149
-4521
-5287
-3722
-2879
-2442
-2955
-3632
-2603
-2711
-2249
-2748
-2505
-1820
-1487
-352
-62
730
1348
1962
2234
2407
2911
2859
2809
1943
1408
1112
881
462
-379
-648
-935
-754
-796
-907
-885
-822
-833
-1095
-1074
-1060
-991
-1260
-1570
-1568
-1270
-896
-859
-678
-350
131
568
799
1100
1250
1372
1267
1214
976
579
67
-505
-1083
-1487
-1445
-1605
-1562
-1544
-1205
-706
-413
114
324
720
914
923
950
595
492
103
41
-50
-46
173
158
619
915
1365
1778
2130
2415
2503
2541
2455
2377
2087
1773
1393
1039
960
888
880
839
883
1068
1243
1486
1651
1917
2050
2062
2043
2137
2153
2029
1981
1955
2010
1995
2099
2244
2352
2452
2534
2646
2873
2866
2978
2717
2945
1803
-254
-1100
-1899
-1867
-4548
-6501
-6978
-6676
-6518
-7784
-6902
-6148
-4614
-4303
-4050
-2544
-2031
-1520
-2364
-2162
-1857
-1813
-1793
-2413
-2152
-1964
-1014
-357
55
817
1450
2474
2783
3151
3368
3601
3124
2179
1743
1256
766
-251
-1006
-1453
-1377
-1416
-1589
-1616
-1478
-1103
-991
-858
-679
-530
-603
-715
-740
-688
-440
-505
-521
-431
-2
451
545
902
1042
1398
1602
1712
1714
1277
1010
411
55
-503
-1054
-1480
-2002
-2134
-2351
-1926
-1721
-1450
-964
-549
151
431
758
768
690
590
311
205
-133
-111
-304
-343
-183
189
620
853
1274
1681
2157
2352
2537
2504
2398
2159
1841
1626
1361
1129
1032
993
899
1067
1223
1419
1589
1676
1991
2033
2092
2017
1918
1938
1678
1568
1371
1330
1270
1168
1278
1241
1431
1466
1716
1754
1895
2030
2190
2245
2152
1867
70
-758
-1627
-1566
-3083
-5509
-5933
-6049
-5271
-6496
-6296
-5159
-4104
-2886
-3168
-1579
-907
-358
-489
-1030
-513
-882
-726
-1649
-1762
-1831
-1473
-687
-773
-270
278
1480
1883
2202
2530
2780
2826
2029
1714
1058
759
-168
-1141
-1723
-2034
-1812
-2291
-2316
-2220
-1649
-1157
-884
-644
-458
-65
-113
-144
-378
-221
-292
-670
-853
-731
-403
-459
-245
-104
340
709
900
1005
830
863
681
306
-197
-580
-1007
-1407
-1719
-2016
-1936
-1846
-1539
-1068
-537
73
513
899
1051
1314
1409
1235
1027
788
632
246
35
-102
-79
52
240
538
837
1174
1395
1553
1656
1697
1572
1563
1167
823
619
420
185
90
182
349
576
843
1100
1394
1707
1920
2105
2216
2258
2256
2148
1962
1912
1873
1810
1760
1677
1779
1820
1837
2004
2274
2425
2559
2805
2934
3003
2936
2913
1545
362
-280
-573
-1678
-4048
-4861
-5236
-4948
-5695
-6224
-5417
-4727
-3484
-3284
-2479
-1662
-1155
-822
-1255
-967
-1067
-1113
-1736
-2107
-2051
-1902
-1339
-1334
-1021
-522
576
1291
1645
2016
2552
2986
2566
2377
1949
1626
845
-66
-617
-1198
-1344
-1745
-2032
-2118
-1722
-1274
-1027
-746
-508
67
159
201
191
204
234
-233
-438
-531
-564
-583
-573
-519
-303
97
292
462
633
914
1147
1054
965
545
262
-23
-424
-829
-1547
-1720
-1812
-1822
-1842
-1629
-1212
-761
-238
133
423
653
904
946
865
740
526
199
-179
-409
-421
-289
-293
-161
93
510
985
1227
1497
1676
1902
1945
1903
1846
1572
1367
1013
711
535
589
598
549
708
900
1115
1219
1334
1464
1532
1681
1515
1463
1374
1220
1059
922
826
815
860
833
898
1037
1281
1398
1636
1777
2104
2231
2489
1832
784
316
-82
-376
-2482
-3670
-4187
-4023
-4394
-5469
-5114
-4536
-3273
-2892
-2389
-1462
-561
121
-165
68
219
289
-290
-851
-1009
-1057
-918
-1165
-1062
-813
58
590
922
1288
1770
2420
2204
2138
1799
1483
883
-15
-567
-1204
-1518
-2118
-2511
-2712
-2547
-2176
-1974
-1563
-1261
-533
-27
380
514
659
891
819
831
478
426
285
109
75
-1
259
343
458
568
896
1126
1242
1160
1118
1027
719
481
-66
-503
-910
-1136
-1368
-1588
-1561
-1482
-1325
-1196
-721
-263
31
289
418
644
620
645
524
295
79
-86
-197
-328
-336
-277
-230
-144
22
235
504
504
596
563
500
403
289
257
119
93
-114
-223
-135
-40
79
273
434
612
869
1086
1279
1408
1606
1732
1703
1790
1804
1792
1762
1746
1681
1640
1729
1812
1801
1834
1885
1862
1953
1951
1912
1631
882
380
-98
-472
-1590
-2815
-3339
-3625
-3894
-4747
-4785
-4499
-3898
-3328
-3029
-2197
-1477
-719
-519
-225
255
412
240
-86
-156
-279
-334
-507
-716
-641
-209
117
432
747
1169
1680
1737
1964
1900
1826
1629
1159
755
109
-374
-816
-1243
-1586
-1670
-1662
-1525
-1336
-1059
-580
-119
368
566
829
1129
1237
1227
981
796
600
464
283
120
17
-70
-1
122
188
395
494
581
453
291
234
54
-309
-778
-1014
-1212
-1413
-1669
-1842
-1820
-1489
-1236
-1096
-821
-466
-105
63
146
270
278
205
5
-176
-223
-365
-493
-588
-574
-448
-243
-46
85
347
648
775
850
955
1037
949
860
705
464
343
185
146
56
121
258
383
567
743
1078
1241
1349
1326
1478
1487
1348
1216
1060
1039
850
813
775
776
894
1000
1217
1402
1518
1822
2008
2213
2219
1762
1397
1105
903
6
-1193
-1753
-1933
-2109
-2779
-3201
-3008
-2405
-1981
-1835
-1327
-686
-171
-129
-118
104
212
-142
-640
-830
-979
-1158
-1534
-1685
-1613
-1277
-1009
-828
-411
111
627
959
1205
1324
1389
1465
1339
1047
668
357
-11
-368
-575
-701
-599
-663
-542
-272
52
449
698
887
1014
1290
1246
1058
768
638
366
4
-232
-626
-781
-924
-910
-1000
-955
-944
-961
-848
-825
-793
-1007
-1136
-1311
-1368
-1467
-1741
-1844
-1830
-1735
-1731
-1641
-1486
-1263
-1052
-957
-720
-491
-384
-369
-274
-268
-164
-162
-182
-116
-128
9
-31
115
239
248
256
338
421
424
480
471
474
409
409
391
442
434
448
564
582
703
814
908
1018
1175
1339
1362
1498
1487
1569
1661
1719
1880
1927
2016
2055
2223
2359
2426
2516
2494
2470
2472
2517
2496
2337
2227
2063
1885
1585
1007
495
140
-143
-900
-1902
-2355
-2423
-2554
-3214
-3653
-3424
-3089
-2932
-2963
-2605
-2062
-1697
-1684
-1463
-1009
-738
-768
-877
-672
-466
-474
-541
-476
-238
-25
44
242
485
803
1069
1242
1445
1495
1486
1464
1387
1143
807
552
170
-231
-512
-635
-794
-979
-1064
-1091
-943
-780
-639
-572
-392
-176
-148
-116
-61
-34
-45
-192
-288
-393
-489
-618
-767
-693
-737
-762
-698
-613
-455
-474
-483
-671
-603
-573
-787
-990
-1176
-1193
-1333
-1500
-1509
-1518
-1310
-1159
-1033
-767
-558
-248
-11
153
361
502
604
631
665
675
639
696
647
699
756
843
911
987
1221
1290
1370
1438
1464
1531
1579
1581
1510
1413
1345
1214
1108
979
897
873
839
838
849
982
1098
1209
1336
1373
1468
1531
1456
1386
1316
1210
1022
843
699
539
468
377
342
277
302
243
218
272
283
281
-86
-325
-565
-778
-1151
-1669
-1948
-2171
-2266
-2667
-2858
-2716
-2450
-2080
-1967
-1670
-1264
-759
-393
-228
16
238
343
231
191
183
77
-120
-344
-373
-274
-253
-189
-61
25
197
370
528
553
604
594
464
291
-41
-333
-664
-965
-1296
-1510
-1623
-1669
-1659
-1625
-1448
-1118
-828
-645
-450
-105
121
133
122
139
134
32
-35
-168
-168
-180
-181
-103
-22
150
331
456
481
591
653
579
367
377
400
270
125
-103
-122
-19
75
-45
-15
163
345
390
392
464
472
451
371
372
306
251
236
111
95
177
233
199
254
343
505
634
737
846
910
990
1023
973
903
823
731
613
461
390
406
412
447
530
677
846
947
1027
1097
1177
1132
1070
1032
900
828
651
518
354
256
175
131
223
178
275
485
635
744
792
881
860
696
622
365
-76
-547
-862
-1121
-1665
-2114
-2452
-2599
-2640
-2708
-2626
-2575
-2351
-2098
-1814
-1584
-1327
-1093
-1024
-919
-851
-759
-839
-792
-784
-838
-780
-671
-438
-248
-23
202
475
752
980
1226
1376
1412
1338
1201
1080
928
751
464
208
46
-102
-250
-351
-374
-392
-377
-348
-258
-231
-158
-157
-204
-227
-304
-276
-375
-487
-516
-642
-716
-758
-776
-690
-629
-571
-520
-431
-387
-361
-271
-229
-113
-122
-133
-69
-10
27
38
111
104
186
256
277
332
353
356
348
471
500
516
616
615
655
666
777
809
804
871
919
914
886
915
812
733
663
624
587
480
379
365
352
328
354
375
479
521
577
620
620
613
567
578
562
488
451
412
367
327
294
288
275
295
360
416
472
579
657
715
759
817
877
882
796
739
711
547
376
322
185
-14
-143
-222
-380
-619
-872
-1048
-1102
-1268
-1522
-1675
-1667
-1696
-1809
-1900
-1839
-1748
-1685
-1563
-1522
-1383
-1253
-1147
-1110
-1066
-913
-788
-757
-688
-524
-509
-459
-408
-283
-154
-73
-32
-52
67
94
102
44
77
122
59
17
-60
-89
-154
-237
-277
-291
-363
-382
-348
-373
-334
-266
-196
-92
0
177
345
408
487
631
727
754
827
884
879
877
916
829
744
765
651
599
561
540
502
430
403
311
305
281
246
158
62
-16
-101
-158
-310
-387
-422
-502
-539
-517
-478
-397
-249
-29
130
301
465
667
850
966
1138
1177
1215
1277
1289
1257
1188
1112
1000
961
898
890
946
846
783
769
715
636
593
532
372
215
24
-161
-335
-407
-532
-638
-650
-668
-633
-590
-584
-559
-539
-483
-461
-457
-472
-584
-636
-774
-887
-903
-1010
-1054
-1119
-1135
-1183
-1166
-1175
-1167
-1014
-966
-852
-790
-775
-770
-716
-599
-626
-622
-542
-447
-449
-475
-371
-317
-286
-183
-90
-27
8
57
96
104
108
114
116
131
74
20
-37
-79
-116
-138
-133
-87
-17
-69
-4
-17
-23
-15
6
93
89
166
148
115
139
101
167
225
273
278
338
336
297
350
399
381
406
452
402
388
390
434
401
416
424
479
550
534
597
655
696
727
798
864
887
924
919
873
776
795
779
746
701
675
654
576
522
523
509
522
481
402
354
213
142
68
-36
-120
-218
-302
-413
-543
-625
-713
-789
-883
-933
-983
-1028
-987
-1027
-960
-973
-905
-817
-747
-572
-510
-402
-318
-239
-158
-9
92
142
174
232
203
244
322
381
336
265
338
326
275
324
325
261
173
130
123
88
43
-13
-64
-80
-46
-80
-101
-124
-128
-144
-193
-237
-266
-306
-354
-358
-364
-414
-475
-506
-566
-518
-456
-447
-452
-386
-304
-271
-228
-168
-119
-76
-26
13
12
12
75
106
126
180
328
406
449
546
615
730
753
831
904
865
865
818
778
696
625
557
434
341
233
188
94
5
-83
-103
-85
-140
-153
-169
-214
-220
-243
-211
-258
-321
-327
-339
-346
-333
-343
-289
-246
-228
-168
-108
-90
-145
-58
-11
1
19
14
-22
-99
-79
-35
-36
-101
-117
-119
-147
-184
-172
-127
-124
-145
-170
-154
-204
-179
-110
-199
-199
-208
-161
-138
-118
-18
-17
11
93
168
186
218
263
305
340
394
379
390
374
385
365
304
308
235
203
167
174
96
-6
-19
-85
-178
-207
-240
-263
-280
-297
-295
-340
-336
-284
-215
-105
-108
-93
-54
-28
34
111
131
97
146
122
121
156
146
106
140
167
173
195
189
239
218
227
207
186
164
111
74
-16
-40
-152
-229
-279
-326
-308
-364
-408
-453
-440
-460
-413
-416
-415
-358
-363
-358
-375
-320
-339
-367
-335
-306
-258
-331
-313
-280
-309
-265
-208
-136
-71
-31
17
64
140
175
275
355
283
324
302
254
208
132
165
25
-17
-43
-70
-24
-115
-54
-78
-18
-6
-99
-45
-63
-77
-59
-116
-151
-131
-131
-93
-39
-6
32
41
94
96
144
205
203
255
299
333
315
345
398
435
473
515
489
508
499
484
573
526
506
510
523
443
404
389
250
181
165
101
1
-110
-225
-266
-329
-401
-446
-452
-527
-609
-569
-558
-584
-556
-522
-521
-499
-448
-426
-421
-367
-352
-246
-168
-162
-116
-81
-58
-54
40
73
51
63
44
7
-33
-61
-82
-161
-174
-170
-206
-255
-285
-314
-314
-287
-248
-173
-176
-123
-108
-63
-33
29
148
189
262
351
337
392
408
507
549
589
695
695
751
766
753
763
798
803
735
666
614
521
392
280
201
127
81
40
1
-26
-130
-160
-174
-238
-256
-284
-325
-426
-485
-502
-532
-544
-511
-431
-424
-418
-337
-269
-218
-140
-28
71
131
197
317
372
384
466
485
546
582
646
699
638
663
681
667
642
611
612
614
527
472
454
370
273
291
278
204
102
27
-36
-136
-199
-305
-392
-499
-645
-749
-807
-974
-1041
-1085
-1126
-1168
-1146
-1105
-1122
-1111
-1056
-982
-938
-878
-803
-686
-663
-595
-481
-416
-360
-247
-125
-76
33
116
194
314
406
495
567
634
668
736
769
757
738
688
655
636
630
511
428
314
203
165
100
101
31
11
-9
-19
6
-22
-37
0
8
61
35
-17
-53
-34
-13
12
115
128
166
170
213
210
205
223
184
97
46
-54
-130
-203
-304
-340
-350
-342
-384
-322
-289
-323
-257
-251
-187
-197
-149
-170
-203
-197
-244
-207
-171
-110
-37
60
103
151
251
312
320
414
488
474
500
520
462
410
404
388
324
270
259
200
174
85
133
157
144
189
164
186
162
116
47
-11
-95
-156
-227
-300
-389
-493
-512
-537
-565
-515
-484
-488
-463
-413
-379
-393
-419
-409
-422
-429
-431
-434
-473
-501
-497
-555
-458
-409
-339
-324
-299
-216
-174
-73
-38
41
121
144
203
247
279
293
351
407
418
487
580
588
605
692
719
740
797
837
784
764
721
643
572
463
437
361
337
270
251
238
193
220
192
177
129
107
100
34
4
-25
-119
-143
-162
-207
-192
-212
-238
-293
-308
-318
-335
-293
-357
-351
-352
-418
-374
-389
-416
-418
-385
-315
-328
-266
-198
-245
-181
-148
-140
-106
-42
-98
-140
-100
-142
-128
-71
-22
-28
33
96
104
126
145
142
132
136
73
25
-21
-110
-148
-189
-240
-215
-201
-215
-212
-190
-184
-138
-60
-17
-3
52
78
53
109
127
81
59
22
3
31
32
36
19
68
94
141
222
257
305
339
337
353
360
344
304
251
229
168
106
58
35
53
41
51
88
109
136
167
155
183
155
137
164
107
69
69
82
38
63
70
92
129
165
238
235
321
302
322
335
344
379
367
374
337
335
333
319
317
271
254
219
223
204
148
155
113
76
48
1
-65
-112
-159
-219
-261
-337
-396
-471
-503
-540
-595
-574
-601
-645
-614
-601
-591
-592
-564
-551
-560
-556
-575
-617
-623
-665
-649
-644
-647
-604
-604
-623
-595
-516
-488
-464
-422
-391
-390
-396
-387
-379
-358
-412
-368
-353
-304
-286
-191
-141
-134
-18
39
151
195
272
276
286
349
386
414
448
494
538
558
625
702
748
780
839
880
874
918
928
841
787
743
659
614
532
484
374
305
203
155
134
81
94
45
25
44
27
16
-50
-58
-45
-82
-84
-118
-116
-151
-196
-194
-182
-141
-156
-87
-53
17
78
131
225
266
322
343
391
402
347
262
258
205
153
118
93
43
10
16
-13
38
5
-8
-41
-58
-124
-220
-239
-356
-440
-484
-549
-617
-626
-647
-657
-653
-640
-588
-574
-536
-547
-503
-486
-550
-573
-689
-691
-746
-773
-762
-831
-767
-768
-709
-632
-596
-486
-432
-400
-379
-324
-301
-329
-320
-355
-334
-315
-319
-273
-273
-219
-130
-45
49
178
263
377
453
495
559
617
659
606
634
606
568
550
555
557
537
554
602
656
710
773
809
840
851
880
915
899
837
809
766
651
574
558
515
442
431
404
414
400
423
464
443
467
438
396
333
305
257
211
164
93
102
91
78
88
123
147
188
205
208
276
252
229
198
176
126
79
50
29
-17
-32
-23
-84
-102
-110
-52
-39
-59
-47
-42
-80
-135
-132
-150
-198
-290
-325
-423
-478
-528
-579
-588
-618
-599
-613
-564
-547
-560
-472
-408
-409
-356
-342
-319
-311
-282
-288
-294
-278
-293
-260
-230
-212
-216
-211
-218
-167
-135
-121
-129
-159
-235
-255
-269
-350
-402
-455
-543
-608
-621
-635
-631
-629
-588
-593
-550
-496
-446
-438
-408
-340
-299
-257
-236
-131
-69
-49
32
118
188
265
378
473
538
569
605
647
636
650
645
653
602
562
570
515
547
523
523
546
572
564
584
616
631
672
639
631
663
642
580
586
509
465
413
394
398
336
292
223
177
118
57
32
5
-56
-132
-233
-356
-447
-515
-600
-683
-741
-796
-839
-909
-915
-915
-909
-875
-809
-767
-722
-680
-621
-601
-541
-464
-433
-360
-305
-291
-195
-131
-77
42
168
265
360
446
478
519
548
566
592
583
535
494
460
390
344
287
245
205
185
146
115
103
41
32
21
-12
-20
-44
3
-65
-67
-70
-101
-55
-64
-46
-62
-82
-103
-131
-161
-175
-162
-208
-215
-241
-278
-247
-273
-295
-315
-289
-316
-309
-306
-337
-292
-281
-220
-197
-141
-93
-31
2
59
110
161
184
207
266
319
353
393
429
476
488
532
582
588
571
543
558
561
526
494
491
429
358
289
216
190
125
74
12
-70
-119
-128
-180
-225
-230
-240
-265
-283
-302
-273
-276
-284
-269
-217
-224
-223
-177
-174
-139
-124
-114
-76
-21
-23
5
71
90
83
124
166
139
153
150
124
60
62
64
20
6
-35
-37
-56
-83
-84
-79
-78
-116
-105
-127
-133
-144
-167
-173
-223
-217
-219
-225
-219
-230
-216
-224
-216
-191
-174
-179
-171
