-74
-80
-82
-83
-74
-58
-31
1
21
32
42
63
86
97
78
46
20
16
25
33
29
8
-12
-19
-10
8
19
15
12
20
32
50
61
62
66
69
68
66
48
19
-6
-20
-28
-32
-37
-34
-18
3
31
51
67
72
66
67
80
99
123
135
122
99
88
95
120
133
124
96
65
52
62
89
117
128
119
109
101
99
91
78
72
67
45
17
-12
-34
-41
-42
-41
-44
-52
-47
-17
17
42
54
57
69
84
101
106
83
37
-9
-37
-45
-42
-53
-70
-94
-114
-107
-93
-85
-88
-104
-122
-134
-141
-140
-137
-140
-149
-156
-157
-155
-167
-180
-179
-168
-141
-114
-96
-86
-79
-66
-32
11
38
44
32
15
1
-8
-12
-21
-46
-78
-103
-114
-112
-98
-70
-28
4
19
17
8
23
49
74
84
72
54
53
71
93
99
82
48
21
14
30
44
36
23
24
48
86
124
162
190
194
185
168
149
130
111
98
80
52
21
9
21
41
60
75
79
64
44
38
29
35
52
60
65
59
46
40
50
66
75
68
46
10
-14
-14
-5
6
4
-12
-20
-12
7
32
63
84
79
71
63
55
54
49
47
44
28
13
15
24
27
16
-7
-17
-26
-32
-30
-31
-28
-48
-19
41
61
80
88
62
52
58
36
4
3
17
35
58
49
17
7
-2
-37
-59
-79
-111
-127
-124
-116
-114
-94
-89
-78
-42
-31
-28
-21
-28
-32
-21
-18
-45
-79
-106
-107
-97
-76
-53
-61
-60
-67
-78
-68
-69
-73
-73
-91
-115
-133
-137
-123
-122
-122
-108
-118
-119
-121
-147
-152
-137
-119
-101
-89
-77
-50
-19
7
22
25
34
34
24
21
10
-6
-24
-56
-74
-64
-44
-21
-12
-20
-46
-66
-75
-75
-65
-66
-84
-102
-105
-92
-82
-65
-39
-31
-22
-26
-39
-48
-50
-23
5
24
41
51
66
65
82
100
96
85
51
27
14
15
44
39
13
-16
-46
-51
-45
-50
-48
-43
-41
-25
-23
-26
-24
-34
-11
22
45
55
71
90
94
73
44
42
25
19
12
16
50
59
57
68
82
97
100
67
22
-25
-50
-19
42
71
64
39
33
49
61
85
73
64
64
68
99
105
65
23
28
61
78
77
74
89
144
183
162
106
21
-70
-53
18
72
91
89
100
84
86
81
71
86
113
120
139
122
47
24
11
-8
-3
21
19
11
1
-23
-53
-65
-79
-75
-24
5
24
39
11
-33
-48
-35
-53
-55
-13
19
33
31
-12
-78
-87
-90
-93
-50
-14
7
87
104
41
29
0
-20
0
48
82
153
216
175
101
40
-46
-122
-111
-148
-163
-130
-130
-106
-19
18
39
88
101
74
84
101
62
49
102
138
144
128
-25
-95
-76
-64
-6
52
79
118
151
107
-4
-132
-184
-168
-70
-11
2
54
111
62
-63
-200
-345
-359
-304
-195
-93
-42
-70
-146
-188
-193
-174
-127
-98
-109
-24
123
158
50
-147
-228
-130
-40
-33
-2
69
146
165
156
28
-77
-175
-300
-356
-248
-131
-55
-13
-166
-273
-420
-545
-294
-378
-196
-575
-1303
-1841
-3531
-894
1788
1161
-111
-1617
-235
533
548
675
-176
387
297
-266
261
-2537
-3369
437
1595
-36
-615
-147
-33
1459
1173
580
905
-76
-1172
-712
-365
-1628
-2947
-4434
-5394
-4426
-651
711
-660
238
-435
-1122
-614
-2104
-2867
-1374
1678
3041
2937
2306
-161
-1900
-722
-1491
-758
2345
2561
3180
4026
2951
1817
1305
509
-28
610
1930
1960
2713
2889
778
-220
-803
-2222
-3083
-2044
-2302
-1604
-432
-1283
-858
-79
-1060
-1032
-842
-1216
239
930
2737
3154
3312
3122
2425
3239
2514
2443
3848
4034
4505
4414
3269
3605
2792
2511
2157
2208
1417
1472
2030
1506
1165
949
1224
-176
342
-794
-1458
-167
54
281
382
160
316
92
360
979
922
1304
1583
1319
2232
1535
828
2530
1832
1091
2685
2398
1470
2131
1491
1209
1541
1921
1219
338
1569
158
288
1276
-349
-716
-902
-1952
-1128
-132
-901
-922
-478
-1704
-1664
-271
-1907
-2281
-2173
-3099
-2677
-2828
-1189
-1961
-747
236
-1696
-640
-1188
-1213
-462
-411
-381
-707
-1227
-2121
-2092
-1180
-1185
-1229
-304
-1276
-2249
-2314
-2159
-1205
357
-306
-1173
-921
-2539
-3014
-2447
-2759
-2603
-1040
-871
-1674
-2858
-2391
-2506
-2443
-1762
-1232
272
510
-821
-1006
-1774
-2551
-1647
-355
-887
-1593
-756
-2146
-2208
-1676
-1950
-1469
-912
428
33
-438
-1804
-784
1071
-489
495
1631
1995
759
65
-971
-2308
-2640
-1951
-627
-517
-77
906
-132
-737
-567
-1994
-1818
-1528
-858
1154
89
-993
-894
-911
-1560
-1095
-396
-104
157
56
796
-940
-226
700
-11
23
206
527
59
139
-259
986
1034
-333
467
805
-105
-77
54
-1085
-682
-270
541
1364
660
761
940
1119
342
-335
109
413
-114
518
940
-193
502
-232
-547
264
240
320
537
911
134
868
1014
940
1279
1039
419
-104
809
24
-315
917
1141
1527
1872
738
-227
-1023
-1051
-988
11
541
658
1044
869
604
-26
-1323
-1872
-1399
-422
-112
1138
2129
1717
1992
1679
313
-293
-12
-364
188
1309
2013
1794
784
-194
-555
-1487
-1114
-389
488
1193
11
1204
912
-667
364
162
-1115
-1398
-1384
-1400
-31
1423
1351
1372
293
-1343
-526
-29
-290
170
927
1150
1016
1139
447
-144
-1299
-1323
-148
70
1159
1787
1992
724
-605
226
-839
-1120
-357
-213
-16
985
2205
1435
-149
-1349
-1631
-1453
-1120
115
2075
2059
2029
1496
-219
-845
-1428
-134
1968
2499
2772
1915
722
98
-141
418
60
-53
1263
2812
3132
2102
788
-885
-1701
-1819
-410
1487
1439
1757
808
-64
-764
-1230
-761
-1107
-49
82
258
407
-1097
-922
-936
-1652
-1646
-655
-345
-203
-178
-452
-806
-672
-631
-445
-28
-788
-198
1287
1188
740
880
1062
860
-38
-457
-300
-617
71
153
70
-52
-1034
-1000
-811
-1170
-1870
-1610
-2261
-1930
-947
-848
-709
-2293
-1982
-1335
-1495
-951
-655
860
1564
1123
1178
931
1140
1761
1485
2360
2686
2801
3490
3014
2337
2003
2635
2106
1158
1101
948
971
1202
1156
467
-667
-1403
-609
-155
-830
-741
-2039
-2156
-1354
-495
274
100
179
453
-110
-761
245
1090
2735
3390
1501
1766
2074
219
849
1778
2174
2113
1065
827
597
270
718
1398
26
-742
-564
-554
720
822
387
-352
-2640
-3328
-2671
-2209
-1611
-1088
-1210
-781
-1050
-2183
-2340
-2775
-2529
-1591
-1210
-426
-526
-1591
-1095
-678
-1182
-1758
-1328
-875
71
188
-424
657
-125
-555
-283
-736
-427
-1476
-1758
-1308
-615
-329
-555
-1585
-2608
-2588
-2595
-2243
-1387
-957
-588
196
-297
-301
-878
-1598
-191
861
813
1831
1997
833
146
-1102
-738
848
1380
1637
1919
1820
1494
926
54
618
1176
847
1084
1376
1819
2023
1357
1358
1241
-456
-1113
-607
-186
707
1377
964
1149
958
306
234
-681
-200
83
216
2215
3078
2833
2413
945
890
813
657
1820
2429
2303
1903
2326
1560
483
311
92
288
333
915
1934
1902
1422
1000
490
-951
-1652
-1673
-856
245
502
736
-374
-607
-902
-2419
-3080
-3270
-2117
-1713
-1814
-306
-126
-1451
-3467
-3027
-1659
-1231
-1062
-657
-160
-692
-1847
-1791
-2145
-2325
-3270
-3205
-1950
-1644
-520
-999
-977
-1673
-2292
-2576
-2979
-1793
-2115
-2090
-1940
-2131
-1679
-1921
-2576
-3314
-2788
-2634
-1693
-51
846
1113
162
-688
-789
-1135
-595
692
1107
1289
1154
1217
1694
1731
964
627
1354
1555
1665
1997
2642
2782
1825
1623
1833
1427
829
485
606
1317
1673
2263
1637
1534
1495
1139
1572
1677
2837
2565
1954
2729
2640
2731
3073
2759
2449
1986
1542
1556
2699
3094
2830
3309
2477
2488
1939
824
977
668
1426
1469
2412
1646
607
481
-50
1293
1052
1548
1433
14
695
705
618
1097
839
330
30
511
27
476
713
475
192
-1125
-1419
-1045
-742
-740
-749
-1609
-2600
-3284
-4205
-3361
-2786
-2749
-2687
-3208
-3549
-4098
-4520
-5212
-5990
-5806
-4574
-3326
-3198
-4204
-4962
-4585
-4220
-3912
-3053
-2949
-2530
-1629
-1310
-1245
-814
-1065
-2139
-2195
-1987
-1710
-1262
-485
202
199
199
115
-465
-939
-1137
-1131
-209
906
775
386
341
-151
232
164
-157
96
482
669
1375
1768
1220
1996
1908
1649
1876
1643
2564
2697
2206
1954
2651
3623
3892
3225
2166
2615
3124
3456
3165
3206
3003
3291
3760
2544
2767
2496
2691
3033
2189
2904
2698
3085
3099
1784
2383
2471
2102
2417
3023
3488
3868
2625
904
416
280
274
1277
1778
1974
3248
1726
925
-101
-981
33
733
1834
1583
1496
996
-38
-1124
-1997
-1564
-1953
-1851
-1556
-2254
-2422
-3432
-4512
-4056
-3506
-3227
-3286
-3831
-4509
-4464
-4287
-4652
-3967
-4016
-4553
-4658
-5516
-5401
-4135
-3459
-3163
-3280
-3866
-3561
-2909
-2490
-2125
-1540
-1421
-1275
-1723
-2099
-1730
-839
788
1494
1090
300
199
-210
-490
-819
1105
2806
2694
3083
577
84
-234
-166
1361
715
2489
2466
542
609
-750
803
3292
1739
3664
1104
-86
741
1318
3840
3458
3025
2697
2234
1377
1556
1492
2711
2537
3205
3434
2733
1723
1099
1547
2557
3588
3179
1643
635
1157
1067
2223
2386
2217
1114
214
102
380
641
1206
1078
1728
894
145
152
-1104
-506
-1239
-1417
-882
-2374
-3131
-3871
-3178
-606
226
311
-1551
-2822
-3312
-2901
-1380
-655
335
113
-713
-1774
-2938
-2900
-2687
-2152
-1100
-1105
-1022
-2003
-2865
-2565
-1847
-591
-473
-1023
-1949
-2482
-2251
-1556
-955
-553
-767
-1245
-1895
-2412
-2159
-1891
-1645
-1325
-1433
-1468
-1719
-2015
-1979
-1912
-1323
-804
-644
-1024
-1412
-1584
-1237
-585
-163
-20
-314
-485
-680
-855
-875
-212
472
505
296
-183
-126
107
451
776
330
212
177
449
961
746
775
631
584
-231
-2183
-2220
-692
1692
3147
2354
845
137
172
-505
-132
891
3185
4997
3533
1748
-98
-34
472
818
1418
1533
2143
2008
1742
1532
2179
2626
2019
1503
1138
894
653
1844
2915
3131
2539
959
538
1487
2521
2182
2198
2725
3039
2144
1543
1812
2572
3880
3074
1597
1053
1718
2501
2133
1799
1695
2350
2279
1278
358
603
957
1205
674
-98
160
-351
-718
-1326
-1421
-1650
-2076
-2588
-3173
-3093
-2527
-2139
-2529
-3159
-3529
-4032
-4323
-3998
-3725
-3422
-3155
-3318
-3827
-3812
-3842
-4666
-4513
-4090
-3000
-1807
-1703
-2061
-2373
-2549
-2360
-2112
-2394
-1676
-382
615
1073
680
411
403
-303
-1001
-791
75
1281
1968
1472
1338
1489
1264
477
181
534
1228
1977
2314
2458
2560
2509
1768
885
889
1582
1969
2526
3025
3246
2925
2658
2204
2353
2467
2900
3938
4271
4732
4542
4421
4356
4415
4738
5418
5994
5764
5108
4743
5514
6126
6100
5640
5189
5602
6265
6183
5838
5775
6080
6430
5367
4630
4460
4625
4395
3500
2414
1613
1142
-486
-1508
-3273
-4249
-4910
-5911
-6201
-7383
-7732
-8826
-9838
-10875
-11962
-11840
-11954
-11381
-12051
-12821
-14457
-16370
-15718
-14622
-11507
-9979
-9974
-9823
-9698
-8860
-7724
-6871
-5367
-3003
-1606
-742
16
159
755
923
1003
1799
3131
4269
5280
5366
4573
4208
3648
3287
3103
3015
3091
4135
4486
4298
3368
2258
1685
1502
1902
2355
3353
3899
4023
4217
3911
4354
4851
5156
5930
6304
7196
8204
8190
8904
8888
9000
9594
8643
9876
10329
10658
11200
9437
9536
9271
9072
8177
7688
8182
8881
9667
7202
6885
4054
2483
377
-2895
-3278
-5534
-5966
-7603
-9155
-10316
-12264
-13845
-15638
-15753
-16453
-15551
-15252
-15038
-14529
-15631
-15621
-15842
-15300
-14408
-13009
-11763
-10221
-10265
-9601
-9888
-8906
-6920
-5946
-2873
-1755
-218
987
1339
2271
2887
3420
3305
4110
3715
3711
3601
2537
2005
1257
912
867
1573
1022
1662
1411
731
628
-310
-249
445
723
1153
1742
1697
2130
2193
1988
2789
3631
4453
5510
6165
6596
7312
7818
7994
8536
8800
9662
10683
11460
11005
11248
10409
9957
10171
9493
10470
9678
10683
10055
10235
9869
8365
8613
7551
9658
10057
10824
10060
5136
2522
-3310
-4575
-4246
-4209
-3584
-4998
-7155
-10883
-13337
-17304
-16961
-15863
-15089
-13447
-14636
-15147
-16459
-17298
-18690
-18344
-17611
-16419
-13522
-12241
-10185
-8813
-9889
-10174
-10636
-10740
-6730
-3188
842
4220
4009
3571
2834
2033
2723
4609
5775
7118
7674
6006
5065
2702
934
48
-162
200
1430
2093
1744
1382
-681
-1979
-2662
-2915
-1672
-173
923
1833
1760
1040
1056
1264
1923
3811
5007
6749
7943
8382
8751
8959
8735
9489
10438
11690
13084
13567
13389
12599
11834
11104
11532
11308
11675
10961
9835
10135
9211
10393
9902
9124
10061
8598
10406
7796
4810
1847
-3639
-3364
-5795
-5429
-4807
-6011
-7212
-10838
-14949
-17520
-16785
-15959
-13707
-13147
-14721
-15099
-17775
-18675
-18882
-18079
-16258
-14384
-13109
-11950
-10973
-10140
-10453
-11042
-11193
-10264
-5250
-1816
1408
2349
1039
1278
1988
2303
4068
5755
6673
8215
6718
4632
3760
2016
2609
2205
2000
1982
2116
1993
1330
355
-913
-1473
-1647
-1403
-949
270
642
992
667
-430
192
1336
2415
4454
4777
5112
5894
5786
6669
7902
7951
10012
10147
11108
11524
11335
11923
11357
12165
11609
12794
11988
11560
10440
9910
10231
10860
11184
9950
10620
8550
10281
8942
6141
4952
-1565
-1754
-4250
-4437
-3214
-5268
-6372
-10135
-13129
-16392
-15613
-15858
-13905
-13288
-15129
-15499
-18367
-18542
-19048
-17890
-17035
-15510
-14315
-13614
-12073
-11599
-10268
-10588
-10285
-10320
-7260
-3558
59
2933
1725
2048
1213
1423
3414
4613
6657
8422
7604
6343
4655
2274
2795
2365
2389
2872
1981
2235
1666
462
-952
-2140
-2748
-2165
-1535
-822
95
186
253
-385
-800
-180
1147
3315
4569
5376
5768
5850
7070
7972
9096
10763
11589
12370
12862
12192
12838
13484
13485
14304
13390
13267
13212
12770
13004
12513
12454
12773
11840
12927
10103
7964
4183
-701
-133
-2630
-1411
-2191
-4791
-6588
-10575
-14024
-15609
-15965
-15076
-13734
-14889
-15959
-17521
-18884
-19080
-19315
-18656
-18040
-16350
-15050
-13429
-12411
-11822
-11412
-10529
-10359
-8950
-6245
-4141
216
689
1208
1686
1527
3794
5088
5931
6878
7051
6928
6801
5845
4697
4412
3509
3292
2714
2019
1558
1427
465
-212
-1213
-1903
-1579
-1729
-1584
-1756
-1661
-1778
-1101
-823
-485
451
859
1800
2389
2849
3804
4919
6131
7011
8019
8328
9330
9886
9884
10256
10438
11507
12743
13201
12535
11671
10546
9930
10835
10295
11399
11261
10639
11170
9484
9762
7459
5519
2718
-242
-2
-1501
-310
-1747
-4230
-6420
-10652
-12343
-12678
-12287
-10644
-11137
-12407
-14339
-16424
-17115
-17420
-16377
-16001
-15190
-14589
-14540
-13113
-13069
-12084
-11543
-11051
-9952
-8820
-7001
-5096
-2708
-1948
-812
-394
295
2217
3346
4741
5219
5122
5007
5217
5382
5428
5335
4239
3548
2808
2362
2701
2642
2259
1674
350
-432
-601
-680
-342
-457
-702
-706
-431
60
743
1172
1263
1544
1863
2651
3928
5226
6547
7496
7990
8001
7962
8368
9500
10609
11723
11763
11838
11432
11423
11754
11274
11501
11361
11768
12578
12102
12337
11000
8595
6897
3582
3222
2057
1759
1198
-1038
-2557
-5328
-7916
-9458
-10979
-10630
-11139
-11619
-12795
-14389
-15393
-16831
-17127
-17460
-17084
-16296
-15807
-15024
-14765
-14562
-13988
-13497
-11770
-10546
-8425
-6921
-5790
-4461
-4010
-2192
-748
664
2192
2515
3864
4663
5320
5877
5368
5202
4898
5144
5415
5431
4846
3674
2821
1946
1604
1688
1406
1357
443
-450
-992
-1202
-1020
-859
-785
-707
-782
-622
-348
298
975
2008
2663
2915
3388
3954
5183
6124
6822
7135
7172
7775
8597
9520
10011
9773
9955
9755
9934
10214
10160
10702
10615
10286
10025
9681
9685
9998
9323
8271
5911
3489
3052
1934
1906
665
-1189
-2456
-5025
-6634
-8259
-8961
-8872
-9631
-10125
-11838
-12988
-13926
-14654
-14613
-15173
-15114
-14938
-14693
-13879
-13738
-13315
-12959
-12267
-11136
-10081
-8477
-7058
-5863
-4806
-4377
-2975
-1311
233
1938
2414
3276
3904
4295
4745
4917
4897
5288
5324
5219
5069
4252
3468
2868
2117
2045
2187
2009
1819
702
-502
-1099
-1382
-851
-360
-233
-195
-464
-543
-399
-9
748
1642
2380
2832
3093
3462
4283
5458
6403
7292
7806
8292
8686
8896
9454
9598
10285
10541
10753
10713
10411
10484
10562
10674
10810
10541
10914
10034
8142
5979
3045
3614
2698
2896
1547
-1018
-2619
-5475
-7316
-8165
-8290
-7869
-8651
-10883
-12997
-14740
-15317
-15338
-15343
-15361
-15742
-15843
-16182
-15605
-15408
-14650
-14043
-13197
-11782
-10770
-9064
-7940
-6093
-5740
-4482
-3174
-1306
1145
2296
3417
3047
3922
4757
5848
6839
6967
6911
6291
5828
5756
5717
5765
5600
4443
3506
2499
2099
1791
1394
724
79
-348
-805
-810
-1243
-1299
-1206
-1267
-844
-438
140
913
1484
1833
2236
2965
3866
5237
5610
6485
6693
7152
7892
8281
9171
9500
9953
9916
10026
10226
10266
10578
10420
10484
10032
9957
9960
10308
10668
8533
7096
4020
3716
3495
2236
1946
-707
-1657
-4141
-6279
-7679
-8027
-7706
-8482
-10317
-12441
-13696
-14022
-14174
-14507
-14206
-14706
-14526
-15422
-15802
-14916
-14345
-12762
-12482
-11806
-10953
-9872
-8529
-7268
-5819
-4741
-3277
-2290
-717
593
1975
2930
3478
4156
4823
5880
6194
6418
6076
5871
5652
5592
5383
5080
4678
3702
3102
2208
1722
1493
1059
655
241
-412
-732
-945
-1111
-729
-659
-430
-198
27
409
838
1333
1957
2971
3673
4559
4983
5298
5739
6402
6993
7919
8392
8703
8938
8862
9173
9235
9362
9569
9854
10089
9804
9806
9271
9767
9828
7673
7055
3921
4066
3165
1898
2074
-55
-797
-3838
-5974
-7187
-6900
-6698
-7696
-9292
-11432
-12469
-13324
-13612
-13346
-12797
-13446
-14147
-15541
-15778
-14439
-13752
-12278
-12085
-11780
-11244
-10845
-9371
-7679
-5561
-4136
-3463
-2920
-2098
-282
1210
2753
3534
4299
4475
4731
5041
5374
6173
6231
6280
5866
5517
4930
4666
3969
3773
3649
3034
2628
1616
1004
677
346
218
211
-111
-342
-426
-482
-13
416
722
1327
1512
1988
2349
2928
3787
4484
5340
5478
6060
6451
7134
7721
8096
8192
8956
8767
9144
8993
9173
9925
9750
9578
9610
9589
10498
9479
6823
5406
2317
4740
3475
4547
2108
-1040
-3097
-6038
-5443
-5707
-4381
-6146
-7828
-11453
-12838
-13341
-12669
-11600
-12023
-12953
-15398
-16381
-16678
-14903
-13326
-12409
-12215
-13013
-13079
-12803
-10938
-8756
-6379
-5266
-4600
-4356
-4097
-2328
-652
2020
3053
3271
3210
3081
3932
5060
6002
6529
6393
5797
5762
5241
5403
5448
5155
4947
4226
3569
2863
2012
1665
1547
1368
1027
522
-91
-517
-774
-624
46
387
815
593
698
887
1543
2610
3436
4104
4478
4674
5393
5765
6422
7063
7269
8267
7775
8548
8336
8673
8947
9070
9294
9556
9796
9977
10250
7350
7296
4629
5437
5401
4101
4148
1127
-171
-2898
-3728
-4106
-3055
-4258
-6497
-8701
-10915
-10965
-11452
-10958
-11037
-12324
-14166
-15726
-15581
-14703
-13182
-12730
-12636
-13110
-13442
-12721
-11564
-9521
-8118
-6464
-6039
-5225
-4582
-3671
-1717
-293
1602
2145
2352
2706
3376
4290
4929
5826
6046
6533
5656
5734
5520
5532
5852
5435
5378
4471
3621
2765
2426
2056
2062
1714
1315
824
-96
-129
-306
57
355
353
395
177
496
1006
2040
2822
3107
3253
3155
3866
5157
5658
6561
6787
7032
7397
7031
7618
8690
8890
9346
9071
9150
9661
9208
10612
8172
7310
4976
4993
6423
4298
4572
1208
256
-2479
-3026
-3039
-2748
-3929
-6642
-7672
-10239
-9772
-10592
-10566
-10906
-12557
-13096
-14357
-14275
-14040
-13120
-12841
-12986
-12901
-13134
-12148
-11785
-9883
-8348
-7022
-6692
-6037
-4856
-3500
-1488
-957
553
810
1466
2777
3165
4379
4799
5078
5241
5652
5384
6235
5819
5928
6052
5256
5416
4933
4405
3852
3266
2773
2633
2099
1777
1678
771
557
308
-31
122
-70
423
711
712
717
1238
1551
1974
2493
2491
3015
3577
4408
5191
5469
5562
5597
6288
6871
7471
8107
7871
8492
8340
8631
9525
9181
10432
7121
6888
5804
6268
6756
4203
5222
2040
1342
-1421
-1110
-1395
-2087
-2680
-5526
-5686
-8436
-8193
-8905
-9541
-9645
-10995
-11810
-13278
-13270
-13214
-12277
-12520
-12609
-12571
-13285
-12628
-11864
-9963
-8897
-8001
-7759
-6700
-5839
-4590
-2554
-1722
-475
-322
133
1143
2236
3589
4535
4519
3932
4112
4225
5368
6126
6041
5801
4829
4251
4297
4213
3975
3857
3158
2483
2104
1490
1459
1031
530
495
-37
-380
-389
-70
150
323
153
656
777
937
1537
2179
2912
3324
4185
4327
4825
5107
5902
6554
6968
7419
7811
8222
8056
8687
9136
9315
10386
8107
7451
6838
5491
7340
5409
5516
3823
1752
21
-252
-133
-1452
-1354
-4991
-5477
-7106
-8366
-7441
-9004
-9650
-10897
-12120
-13008
-12463
-13119
-12850
-12512
-13279
-12254
-12913
-12713
-11587
-10516
-9373
-7886
-7559
-7074
-5826
-5150
-2530
-1410
-382
89
-87
1075
2067
3984
4351
5238
4453
4355
4847
5254
6520
6193
6164
5246
4911
4515
4601
4636
3832
3602
2633
2124
1612
1219
1026
780
340
-150
-255
-754
-477
-137
184
387
246
281
758
1419
1772
2395
2630
2927
3951
4208
4845
5229
5166
6259
6746
7649
7472
7726
7573
8320
9209
9020
10255
8110
6684
7092
5969
6684
6072
4968
4122
2633
322
101
84
-1588
-1702
-3741
-5010
-5595
-7494
-8027
-8056
-9260
-9993
-10815
-12664
-12267
-12400
-12832
-12291
-12594
-12580
-12222
-12765
-11973
-10397
-9651
-8347
-7676
-7589
-6554
-5449
-4102
-2228
-1397
-905
-380
-354
1238
2711
3533
3895
3808
3808
4117
4727
5215
6036
5338
4789
4539
4347
4529
4376
4103
3309
2678
1952
1881
1653
1172
1011
561
238
-72
-178
-286
-41
25
247
447
327
527
1164
1909
2083
2644
2839
3063
4178
4189
4816
5276
5614
6581
6540
7469
7285
8119
7587
8360
9081
9592
9608
5836
7281
6159
7349
6641
4578
4146
2484
2056
278
1043
-1289
-1536
-2683
-4933
-4474
-6379
-6887
-7679
-8606
-9158
-9660
-11048
-11955
-11515
-12464
-11468
-11663
-12232
-11819
-12263
-11469
-10206
-9395
-9152
-8200
-8020
-6586
-4952
-4234
-2678
-2132
-1484
-521
-53
462
1757
2599
3131
3651
3490
3907
4035
4252
4899
4960
4489
4329
4197
4123
4135
3667
3282
2730
1886
1701
1596
1268
951
663
248
-17
-142
-223
38
-165
-187
88
320
632
873
993
1399
1824
2087
2705
3082
3698
3695
4384
5151
5061
5953
6193
6739
6826
7065
7354
8180
7919
8302
8537
5974
6546
5984
6176
5645
4045
3566
2673
1689
567
792
-922
-1600
-2081
-4158
-4281
-5606
-6286
-6377
-7493
-8176
-9038
-10240
-10785
-10228
-10586
-10376
-10496
-11214
-10864
-10713
-10262
-9154
-8685
-8137
-7249
-6710
-5574
-4375
-3809
-2816
-1877
-1359
-570
405
692
1552
2327
2905
3756
3372
3831
3788
4010
4408
4939
4784
4156
4050
3787
3884
3521
3209
2956
2198
1889
1849
1705
1290
944
699
606
525
489
614
592
574
582
1048
1308
1713
1828
1988
2161
2344
3228
3349
4166
4323
4588
5101
5046
6130
6245
7036
6557
7161
6820
7720
8079
7881
8089
5043
6301
5015
5361
5190
3825
3459
1635
906
13
471
-974
-2170
-2620
-4636
-4309
-5503
-6581
-6738
-7941
-8239
-9016
-9859
-10619
-10354
-10995
-10830
-10501
-11189
-10818
-11115
-10840
-9596
-8837
-8349
-7807
-7424
-6695
-5214
-4669
-3640
-2649
-2346
-1305
-431
451
1017
1685
2271
2899
3012
3392
4033
4050
4363
4344
4475
4297
4241
4165
3936
3794
3258
3212
2872
2728
2313
1925
1728
1328
1258
1041
1070
763
630
799
649
561
637
994
1069
1261
1472
1633
2013
2025
2754
3414
3624
3826
4096
4671
5040
5598
5563
6328
6367
6459
6539
6722
7364
7707
6793
4741
5413
4834
5210
4850
3556
3192
1886
681
380
700
-406
-1396
-2354
-3694
-3165
-4805
-5616
-5884
-6908
-7107
-8032
-8989
-9428
-9092
-9688
-9292
-9362
-9933
-9637
-10049
-9370
-8266
-7935
-7629
-7166
-6971
-6171
-4865
-4225
-3053
-2651
-2293
-1465
-553
213
1239
1091
1535
2169
2414
3339
3314
3477
3307
3630
3334
3935
3888
3624
3695
3068
3311
3011
2563
2455
2211
2028
1817
1747
1143
956
561
555
648
323
335
209
343
449
841
910
1086
1097
1374
1816
1991
2591
3012
3234
3295
3268
4130
4428
4658
4733
4974
5024
4984
5269
5654
5973
6324
4735
4211
4602
3771
4548
3613
3511
2561
1384
526
572
749
-467
-696
-2919
-3259
-3371
-4563
-4360
-5385
-6016
-6819
-7535
-8300
-7874
-8091
-8825
-8165
-9171
-8873
-8780
-8973
-8120
-7788
-7412
-6981
-6442
-6281
-5060
-4327
-3629
-2535
-2481
-1675
-916
-129
908
1528
1636
2081
2500
2743
3491
3414
3266
3650
3714
4036
3934
3662
3350
3218
3214
3276
3107
2438
2423
2171
1957
1755
1448
1038
711
471
285
403
153
76
123
78
296
314
487
434
690
945
1351
1804
1620
2197
2303
2624
2659
2816
3484
3507
3733
3970
4550
4713
4798
5092
5265
5686
5827
4921
4581
4629
4062
4704
4126
3639
2888
1368
1140
1033
1339
290
-542
-1898
-2606
-2686
-3737
-3669
-4643
-5378
-5985
-6985
-7263
-7449
-7779
-8155
-8031
-8466
-8608
-8828
-9010
-8185
-7780
-7398
-7020
-6739
-6424
-5542
-4588
-3646
-2833
-2658
-2147
-1344
-451
499
1055
1442
1527
1900
2595
3275
3545
3176
3481
3644
3943
4128
3857
3737
3548
3785
3729
3478
2944
2575
2496
2237
2243
1815
1200
884
684
706
600
166
-192
-143
-114
28
141
31
45
-63
77
339
572
523
651
983
1097
1538
1897
1947
2348
2452
2727
3552
3606
3736
4071
4458
5040
5301
5414
4847
4174
4457
3812
4992
4408
4057
3389
1759
2017
1406
1796
855
254
-887
-1818
-1930
-2981
-2888
-3751
-4427
-5068
-6074
-6227
-6554
-6801
-7121
-7101
-7648
-7885
-7978
-8042
-7238
-6944
-6714
-6393
-6183
-5754
-5063
-4394
-3574
-2780
-2550
-2018
-1286
-660
314
898
1328
1816
1954
2536
2489
3224
3979
4032
3921
3122
3813
3844
4239
3955
3507
3185
2785
3053
2755
2466
1516
1020
805
460
476
41
-263
-784
-1016
-1115
-1205
-1421
-1756
-1575
-1684
-1636
-1641
-1549
-1378
-1205
-880
-521
-259
-285
151
821
1010
1575
1874
2315
2796
3065
3489
3937
4262
4503
4991
5411
5482
5687
5371
5020
5088
4500
4954
4674
4211
3527
2490
2095
1873
1762
880
547
-609
-1330
-1612
-2448
-2639
-3379
-4076
-4679
-5289
-5685
-6095
-6460
-6973
-6815
-7118
-7281
-7256
-7432
-7032
-6808
-6442
-6108
-5766
-5325
-4662
-3905
-3331
-2638
-2297
-1778
-990
-280
422
1060
1499
1847
2276
2637
3122
2988
3480
3809
3814
3825
3729
3673
3610
3511
3376
3153
2441
2382
2351
1960
1637
995
471
-19
-235
-432
-668
-1220
-1573
-1718
-1997
-2011
-2150
-2209
-2240
-2256
-2170
-1855
-1650
-1405
-977
-712
-397
-152
317
820
1427
1792
2072
2541
2922
3478
3856
4282
4700
5086
5354
5422
5810
5948
6278
6269
6524
5703
5205
4738
4322
5378
4696
4466
2682
1826
1546
1420
1485
385
-158
-1746
-2153
-2681
-2951
-3179
-4242
-4732
-5652
-5958
-6365
-6467
-6718
-6842
-6650
-7090
-7070
-7349
-7152
-6609
-6064
-5558
-5341
-5150
-4894
-4089
-3385
-2625
-2099
-1907
-1425
-912
-76
648
1098
1218
1413
1690
2156
2712
2932
3129
2652
2619
2755
2895
2541
2213
2108
1729
1867
1324
1263
556
219
228
23
-235
-901
-1091
-1459
-1304
-1446
-1681
-1973
-2328
-2047
-1939
-1612
-1673
-1677
-1670
-1460
-1029
-763
-253
-74
305
609
1014
1560
1848
2285
2617
2906
3309
3716
4186
4261
4505
4705
5036
5308
5402
5623
5594
5523
5877
6011
5915
5252
4481
4318
4115
4956
4441
3808
2228
1750
1728
1744
1679
760
82
-1093
-1273
-1848
-1997
-2554
-3396
-3716
-4402
-4588
-5111
-5304
-5606
-5734
-5775
-6111
-6034
-6390
-6049
-5776
-5463
-5264
-5276
-5123
-4866
-4191
-3738
-3178
-2908
-2713
-2338
-2075
-1386
-932
-483
-273
-4
313
716
1136
1318
1585
1530
1762
1518
1745
2034
1996
1992
1503
1686
1403
1434
1324
1132
998
422
483
215
311
-90
-307
-529
-849
-822
-1108
-950
-1178
-1085
-1245
-1241
-1173
-1171
-939
-1029
-780
-756
-474
-271
9
429
632
998
1153
1446
1811
2155
2565
2795
3130
3578
3725
3822
4048
4273
4607
4988
4906
4979
4904
5117
5449
5653
5396
4206
4297
3736
4440
4254
3564
3138
1803
1666
1111
1522
641
212
-632
-1447
-1510
-2373
-2529
-3424
-3835
-4004
-4737
-5227
-5637
-5641
-6035
-5976
-6385
-6734
-6775
-7154
-6615
-6370
-6186
-6253
-6176
-5939
-5432
-4796
-4453
-3740
-3532
-3089
-2458
-1883
-1148
-758
-243
75
621
917
1625
2025
2402
2727
2843
3136
3316
3459
3132
3592
3488
3400
3147
2900
3020
2545
2562
2168
1857
1141
886
821
427
295
-329
-558
-1096
-1230
-1318
-1381
-1535
-1781
-1725
-1909
-1641
-1573
-1396
-1276
-1198
-933
-743
-311
-14
449
757
1122
1454
1807
2299
2712
3124
3342
3603
3804
4306
4585
4723
4832
4767
5053
5037
5093
4898
4892
4930
4831
4984
4342
4440
3386
3169
2877
2333
2728
1581
1336
-169
-233
-902
-1027
-1404
-2535
-2433
-3795
-3654
-4413
-4671
-4698
-5477
-5481
-6251
-6051
-6530
-6071
-6290
-6350
-6068
-6619
-5971
-6132
-5482
-5121
-4772
-4448
-4300
-3707
-3477
-2430
-2254
-1646
-1248
-1010
-295
-42
629
832
1359
1382
1716
1876
2039
2509
2347
2685
2475
2597
2426
2507
2535
2405
2409
1671
2122
1692
1549
1246
843
1036
593
622
136
135
-313
-319
-277
-678
-498
-1037
-846
-1046
-1092
-1143
-1265
-1188
-1163
-856
-1023
-702
-748
-550
-220
-117
271
370
649
755
1103
1365
1701
1937
2093
2465
2471
2752
2932
2983
3060
3061
3214
3068
3179
3015
3018
2918
2809
2707
2414
2343
2178
2143
2310
2029
2085
1523
904
763
491
1320
564
488
-213
-178
-257
-562
-364
-970
-826
-1585
-1659
-1765
-2055
-1828
-2331
-2255
-2827
-3030
-3432
-3287
-3107
-3369
-3336
-3855
-3797
-4048
-3924
-3783
-3655
-3683
-3799
-3552
-3508
-3042
-2897
-2519
-2170
-2082
-1796
-1483
-845
-548
-157
-1
328
608
809
1378
1672
2035
1997
2144
2308
2541
2756
2899
3015
2908
2810
2696
2415
2504
2555
2343
2005
1495
1271
1140
1170
919
629
-19
-392
-481
-573
-574
-821
-1262
-1588
-1821
-1832
-1769
-1798
-1927
-2016
-2225
-2237
-2107
-1937
-1663
-1567
-1462
-1250
-1004
-758
-351
76
420
675
876
1265
1690
1992
2310
2591
2809
2999
3275
3455
3620
3736
3724
3833
3715
3760
3723
3627
3593
3551
3236
2933
2867
3016
2487
1538
1301
1181
1531
838
361
-632
-815
-883
-1145
-1462
-1829
-1866
-2570
-2779
-2807
-2894
-3030
-3379
-3358
-3475
-3456
-3687
-3581
-3487
-3459
-3189
-3234
-3045
-3117
-2912
-2600
-2166
-2064
-2038
-1684
-1536
-1137
-939
-565
-221
-147
53
372
791
900
1098
1129
1348
1500
1417
1640
1629
1556
1383
1348
1313
1332
1130
909
877
502
379
169
138
-37
-183
-535
-758
-771
-1150
-921
-1222
-1207
-1534
-1498
-1421
-1404
-1385
-1568
-1199
-1348
-1145
-1185
-1070
-827
-821
-514
-471
-231
-334
45
223
441
576
482
703
723
1018
1097
1296
1249
1292
1414
1285
1415
1347
1498
1492
1420
1329
1203
1341
1335
1441
1248
1178
1087
1060
1163
1214
1287
1159
1204
1190
1202
1342
1353
1569
1626
1725
1726
1331
1003
1319
1786
2031
1591
982
1001
1317
1344
1197
1285
995
766
374
249
370
112
-353
-567
-811
-1279
-1634
-1842
-1825
-2011
-2527
-2774
-2976
-3147
-3330
-3398
-3320
-3353
-3588
-3726
-3435
-3352
-3249
-3059
-2831
-2547
-2520
-2375
-1873
-1440
-1268
-1010
-719
-465
-205
70
635
1018
1100
1178
1500
1773
1922
1990
2209
2432
2322
2271
2361
2325
2188
1991
1976
1874
1562
1227
1012
1010
461
349
-71
-237
-554
-1078
-1007
-1268
-1308
-1845
-1868
-2110
-2125
-2255
-2389
-2257
-2649
-2547
-2586
-2380
-2285
-2278
-2152
-1962
-1648
-1629
-1153
-949
-570
-321
-145
346
569
1005
1297
1723
1923
2148
2382
2613
2891
2947
3116
3139
3214
3278
3229
3149
2999
3068
3040
2959
2675
2492
2411
2244
2165
2007
1691
1554
1316
1379
1303
1208
1003
-201
115
521
998
385
-570
-431
-291
15
-504
-314
-623
-788
-850
-1130
-653
-1124
-1318
-1312
-1279
-1468
-1990
-1980
-1810
-1571
-2300
-2354
-2369
-2590
-2609
-2732
-2332
-2436
-2672
-2855
-2431
-2284
-2328
-2037
-1948
-1640
-1929
-1839
-1367
-1047
-953
-946
-615
-677
-530
-497
110
396
209
333
471
761
792
982
1230
1466
1343
1255
1635
1658
1745
1714
1817
1869
1601
1458
1520
1705
1474
1429
1353
1148
1154
701
863
811
630
430
67
122
-157
-134
-389
-233
-646
-908
-887
-1056
-920
-1161
-1105
-1208
-1236
-1307
-1181
-1000
-1087
-928
-990
-649
-537
-363
-93
60
281
297
563
692
1018
1123
1269
1444
1438
1564
1485
1695
1792
1880
1900
1786
1676
1514
1580
1474
1434
1209
1051
1004
923
897
725
636
422
294
255
160
299
-62
75
-304
-779
-512
-601
-298
-961
-1085
-1134
-880
-1161
-1227
-928
-1242
-1152
-1542
-1285
-1055
-1400
-1541
-1449
-1160
-1400
-1426
-1542
-1177
-1186
-1384
-1095
-1110
-1056
-1065
-744
-491
-455
-610
-421
7
-44
88
194
460
531
404
612
871
973
782
931
926
919
863
896
1192
1070
910
822
888
828
740
790
874
906
684
681
752
659
572
507
571
498
350
245
293
185
-7
-92
-251
-237
-287
-274
-170
-434
-727
-973
-849
-907
-833
-1163
-999
-1242
-1656
-1149
-1505
-1167
-1369
-1600
-1373
-1293
-1542
-1220
-1140
-1467
-1101
-1443
-1258
-1042
-1079
-962
-652
-764
-649
-426
-549
-209
-177
-48
157
136
248
345
517
530
764
729
755
937
990
1064
1222
1331
1375
1500
1522
1531
1732
1692
1883
1947
1867
1944
2110
2201
2196
2301
2161
2246
2216
2163
2079
1592
1851
2046
2001
1497
1101
943
934
929
647
606
178
-41
-229
-398
-385
-738
-1035
-1283
-1233
-1525
-1829
-1997
-2064
-2093
-2370
-2440
-2614
-2677
-2729
-2697
-2567
-2700
-2747
-2768
-2554
-2334
-2203
-1994
-1832
-1673
-1615
-1284
-988
-761
-641
-500
-217
-125
94
336
654
748
758
815
935
1131
1214
1408
1439
1418
1289
1294
1372
1320
1321
1306
1217
1079
992
857
750
686
477
399
161
53
-13
-138
-184
-500
-602
-799
-621
-643
-681
-759
-965
-885
-998
-816
-848
-748
-671
-590
-463
-499
-274
-290
7
38
133
168
277
432
520
683
710
916
973
1100
1201
1298
1402
1431
1551
1501
1515
1427
1487
1605
1552
1487
1294
1260
1116
1026
959
861
753
595
587
369
232
-30
-80
-77
-164
-195
-294
-272
-349
-380
-470
-538
-627
-627
-573
-666
-864
-917
-859
-792
-773
-980
-982
-853
-757
-785
-756
-785
-893
-979
-1030
-880
-903
-981
-1051
-1058
-1143
-1295
-1357
-1394
-1415
-1534
-1470
-1433
-1409
-1402
-1417
-1284
-1218
-1143
-1043
-838
-730
-682
-448
-302
-75
-56
-210
321
478
291
697
1313
1323
1470
1800
2015
2125
2126
2401
2555
2347
2350
2522
2461
2350
2311
2318
2289
2163
2070
2013
1854
1693
1565
1354
1235
938
641
483
270
-63
-284
-479
-681
-922
-1104
-1275
-1356
-1695
-2104
-1970
-1996
-2185
-2358
-2337
-2390
-2452
-2691
-2599
-2318
-2318
-2170
-2072
-2091
-2043
-1970
-1780
-1515
-1435
-1435
-1235
-1090
-823
-645
-559
-285
-255
-223
-26
266
424
594
687
775
861
845
983
1107
1154
1126
1070
1111
1111
1127
1213
1296
1214
1118
1121
1222
1347
1362
1434
1498
1460
1493
1500
1619
1720
1746
1751
1831
1885
1947
1988
2025
2088
2052
2058
1966
1834
1648
1608
1575
1375
1104
807
700
543
392
144
-100
-347
-649
-838
-1051
-1231
-1493
-1739
-1975
-2113
-2197
-2340
-2417
-2548
-2621
-2650
-2597
-2540
-2547
-2509
-2415
-2204
-2128
-1992
-1849
-1702
-1516
-1388
-1149
-985
-816
-683
-519
-351
-281
-157
-55
104
139
172
201
241
320
349
440
396
334
267
246
270
253
241
202
172
64
12
-50
-38
-72
-125
-152
-185
-121
-165
17
-110
75
-378
-422
-27
-82
168
-240
-49
-159
59
-65
232
240
102
450
231
608
501
563
668
761
782
742
835
787
1004
811
999
1024
842
930
924
1157
1025
1016
929
1009
854
818
910
826
874
661
781
792
684
662
608
707
617
672
642
763
655
673
787
798
923
897
1023
1088
1123
1125
1178
1262
1187
1271
1121
1124
888
636
795
676
603
179
-9
-150
-204
-450
-658
-797
-1251
-1457
-1711
-1785
-1944
-2287
-2456
-2669
-2836
-3074
-3040
-3108
-3098
-3207
-3234
-3075
-3097
-2977
-2810
-2510
-2356
-2205
-1981
-1640
-1297
-1127
-735
-437
-169
9
286
700
966
1165
1325
1603
1723
1873
2023
2197
2303
2214
2254
2236
2236
2159
2114
2027
1876
1695
1547
1491
1284
1126
926
720
508
277
113
-8
-150
-339
-457
-597
-691
-811
-902
-928
-1039
-1082
-1106
-1031
-1056
-994
-994
-918
-852
-812
-701
-605
-456
-464
-267
-497
-331
-192
-37
82
-153
-58
-58
135
85
216
91
30
85
-28
132
-140
-208
-366
-365
-403
-458
-544
-653
-709
-907
-813
-892
-905
-915
-916
-790
-806
-768
-742
-591
-518
-320
-190
-70
8
93
317
507
665
812
932
1091
1235
1437
1629
1847
1927
2022
2116
2192
2322
2350
2420
2454
2392
2342
2294
2253
2155
2059
1958
1868
1706
1513
1345
1130
978
791
637
463
270
39
-134
-338
-559
-708
-883
-1004
-1170
-1365
-1528
-1650
-1797
-1880
-1923
-2010
-2037
-2084
-2076
-2035
-1988
-1918
-1855
-1766
-1709
-1640
-1537
-1432
-1321
-1214
-1059
-994
-902
-836
-738
-568
-470
-393
-328
-286
-231
-190
-134
-109
-140
-173
-173
-174
-228
-281
-332
-390
-440
-499
-530
-566
-613
-631
-641
-631
-627
-645
-605
-539
-475
-373
-271
-167
-81
-12
114
238
415
601
796
964
1085
1235
1370
1531
1697
1883
2077
2160
2224
2271
2336
2381
2441
2460
2475
2491
2465
2441
2391
2328
2244
2135
2003
1884
1775
1675
1558
1391
1202
999
766
611
327
161
-227
-440
-510
-734
-943
-1368
-1510
-1665
-1716
-1885
-1905
-2064
-2286
-2255
-2302
-2200
-2352
-2429
-2382
-2294
-2241
-2230
-2095
-2092
-1982
-1936
-1657
-1428
-1372
-1231
-1094
-887
-823
-609
-420
-229
-206
-132
43
78
151
181
368
387
359
394
428
475
432
497
505
464
330
321
324
241
167
128
110
12
-54
-84
-25
-74
-138
-146
-182
-237
-249
-162
-70
-41
7
100
171
210
269
335
407
439
521
638
726
761
817
890
920
961
974
1068
1138
1184
1199
1204
1169
1099
1010
907
853
723
595
484
372
297
178
70
-42
-159
-310
-422
-506
-626
-715
-784
-850
-899
-958
-1006
-1006
-1034
-1074
-1069
-1034
-981
-928
-873
-791
-741
-713
-626
-541
-422
-301
-160
-13
1
-4
-21
34
108
211
295
323
314
269
359
396
457
457
492
526
420
521
406
552
188
42
221
120
187
-87
120
114
253
95
248
165
-43
187
153
390
138
122
111
183
164
215
243
100
139
57
339
391
347
357
353
371
259
338
379
471
335
418
473
425
363
289
401
315
222
231
317
239
181
181
180
192
76
159
213
210
219
287
293
272
251
274
377
307
287
287
251
221
158
126
83
-23
-128
-88
-91
-148
-201
-240
-240
-346
-479
-536
-626
-748
-830
-876
-947
-1108
-1219
-1211
-1219
-1277
-1267
-1250
-1236
-1242
-1245
-1163
-1135
-1190
-1155
-1079
-1019
-914
-859
-752
-663
-625
-498
-363
-306
-247
-176
-101
31
102
218
348
351
375
453
536
613
628
661
742
730
718
780
828
831
816
823
894
895
882
920
909
867
800
706
651
590
512
489
425
345
306
269
259
228
166
163
112
30
6
-9
-16
-45
-110
-156
-190
-220
-169
-79
-33
-8
-17
-9
41
56
126
198
222
248
282
349
415
435
443
508
499
486
474
478
531
491
446
406
320
257
207
196
197
154
98
32
-41
-130
-187
-283
-362
-442
-521
-554
-608
-624
-641
-642
-665
-716
-735
-719
-650
-618
-590
-588
-607
-601
-591
-535
-483
-435
-406
-355
-296
-227
-160
-134
-113
-101
-53
8
50
64
82
76
49
60
48
50
44
30
4
-41
-94
-145
-189
-250
-294
-339
-361
-378
-398
-401
-422
-457
-521
-570
-606
-615
-604
-582
-564
-529
-526
-497
-469
-472
-400
-296
-162
-38
30
73
118
162
246
329
376
453
495
546
585
627
679
683
662
595
598
610
656
690
698
705
694
695
691
694
664
639
637
630
638
635
597
574
545
535
547
574
588
612
638
662
657
603
570
524
477
456
435
442
440
398
376
338
294
247
191
161
140
107
55
-5
-89
-151
-228
-279
-366
-458
-541
-631
-703
-781
-816
-872
-951
-1035
-1117
-1148
-1135
-1112
-1088
-1091
-1124
-1164
-1170
-1156
-1105
-1050
-999
-949
-905
-838
-758
-661
-603
-537
-453
-395
-298
-230
-189
-158
-149
-137
-103
-68
-20
9
18
43
66
71
103
105
110
91
60
70
116
169
193
235
238
236
203
176
227
273
329
346
363
364
354
354
380
445
500
559
572
581
587
619
663
669
666
655
677
688
726
778
837
858
861
892
920
963
986
1032
1032
1038
1004
993
1000
976
972
937
905
832
749
655
594
517
405
288
128
3
-106
-202
-291
-400
-532
-661
-776
-883
-947
-1006
-1086
-1135
-1205
-1254
-1302
-1348
-1378
-1350
-1326
-1287
-1230
-1212
-1162
-1123
-1056
-992
-956
-925
-881
-802
-697
-575
-479
-426
-397
-362
-309
-254
-195
-150
-151
-163
-155
-147
-121
-109
-116
-129
-167
-196
-191
-163
-135
-146
-196
-234
-236
-180
-90
-18
19
49
71
102
175
250
324
372
382
413
499
593
712
792
845
893
932
1002
1088
1168
1211
1234
1224
1216
1208
1200
1212
1171
1101
1023
967
910
853
781
697
605
472
366
271
219
180
141
101
28
-40
-106
-137
-148
-157
-168
-178
-169
-184
-168
-148
-134
-127
-136
-107
-62
-18
14
29
-3
-35
-67
-79
-106
-149
-174
-199
-243
-293
-345
-418
-494
-581
-643
-685
-720
-767
-843
-911
-970
-999
-991
-979
-950
-928
-925
-920
-876
-842
-799
-751
-720
-672
-606
-513
-425
-334
-267
-233
-211
-160
-114
-81
-38
-4
38
82
127
184
231
269
304
337
373
410
461
499
524
550
559
540
511
476
453
454
445
434
415
388
334
265
211
177
135
123
131
129
126
108
79
55
47
33
30
33
30
49
72
95
147
171
198
240
260
308
343
378
444
485
502
512
487
473
480
452
453
435
371
331
277
223
171
109
52
-5
-77
-121
-172
-229
-280
-356
-398
-418
-449
-469
-502
-549
-595
-630
-631
-638
-646
-636
-635
-651
-631
-608
-575
-536
-502
-434
-395
-363
-298
-217
-142
-62
25
48
96
138
183
234
247
260
275
290
299
349
327
307
280
241
209
165
142
95
41
-35
-108
-187
-230
-274
-322
-397
-409
-444
-526
-523
-513
-458
-439
-427
-299
-285
-425
-293
-92
-92
22
140
180
104
171
422
486
488
535
611
592
631
739
837
803
773
857
841
761
770
772
723
684
691
644
508
442
377
298
237
215
137
73
13
-23
-59
-126
-186
-230
-302
-356
-356
-392
-405
-416
-420
-449
-459
-421
-396
-375
-343
-313
-305
-303
-271
-204
-151
-108
-29
1
12
41
71
92
123
137
144
137
95
74
70
76
47
11
-46
-104
-186
-225
-231
-268
-306
-342
-409
-463
-491
-519
-509
-524
-540
-555
-570
-577
-535
-482
-443
-393
-348
-287
-223
-181
-107
-30
24
95
153
195
220
239
263
303
339
367
404
426
418
420
421
405
378
369
356
349
332
312
287
254
221
204
204
187
161
138
128
95
89
79
49
14
-13
-37
-36
-21
-10
0
-8
12
39
65
88
111
131
157
176
192
214
225
253
265
281
290
289
278
247
242
223
214
185
142
106
57
-8
-62
-133
-218
-278
-343
-386
-436
-501
-563
-624
-678
-689
-700
-710
-696
-680
-651
-646
-625
-576
-534
-462
-374
-291
-205
-132
-68
-9
78
150
226
310
370
408
424
436
466
498
534
576
590
572
547
505
470
449
409
372
311
245
173
104
45
2
-45
-100
-148
-194
-239
-272
-293
-311
-311
-336
-341
-338
-343
-333
-308
-271
-238
-228
-220
-176
-129
-63
2
41
70
96
126
175
225
274
343
392
430
454
441
433
407
384
372
352
320
269
211
146
70
-8
-64
-135
-200
-235
-294
-369
-434
-508
-563
-589
-633
-654
-657
-687
-700
-692
-695
-668
-614
-547
-456
-369
-297
-224
-168
-79
16
127
256
353
433
488
533
573
623
670
737
791
818
823
808
777
731
697
660
609
568
528
492
451
376
287
213
118
36
33
-5
-76
-132
-202
-271
-290
-314
-320
-315
-350
-358
-318
-268
-211
-150
-98
-63
-35
39
109
184
247
272
292
311
354
410
461
483
467
443
421
405
410
413
366
295
211
114
38
-37
-87
-132
-212
-322
-417
-512
-606
-673
-737
-794
-862
-923
-958
-954
-946
-931
-918
-923
-915
-891
-813
-715
-621
-532
-483
-449
-391
-303
-192
-68
30
106
170
229
297
355
402
446
509
551
560
558
549
524
496
493
470
437
385
343
305
247
188
121
68
23
-6
-42
-77
-118
-176
-223
-243
-243
-238
-233
-241
-243
-247
-241
-225
-190
-141
-91
-39
13
66
120
166
204
242
286
336
396
463
517
532
519
492
451
418
377
332
292
246
183
122
47
-29
-95
-155
-195
-237
-290
-347
-402
-451
-481
-513
-547
-574
-609
-619
-608
-602
-598
-590
-577
-564
-559
-539
-494
-435
-358
-267
-185
-117
-62
4
81
159
217
271
316
364
419
481
545
575
587
582
568
563
575
588
597
599
571
529
470
411
365
334
304
279
243
192
151
112
89
69
29
-18
-55
-79
-69
-42
-21
-13
-33
-59
-69
-54
-7
50
86
96
84
95
137
180
226
258
280
298
321
345
364
360
344
329
300
281
259
223
185
146
100
47
-13
-77
-141
-214
-297
-369
-434
-482
-511
-534
-554
-602
-659
-704
-728
-735
-730
-731
-736
-743
-738
-707
-665
-600
-541
-492
-445
-394
-340
-287
-231
-184
-127
-73
-14
32
54
94
148
214
277
318
329
329
323
340
373
393
397
378
341
305
284
274
273
250
224
189
149
127
117
117
109
83
55
27
12
14
43
80
105
108
104
118
142
184
235
275
280
269
279
314
366
402
414
393
338
303
298
313
312
296
266
229
196
181
177
134
74
14
-43
-92
-123
-161
-203
-259
-319
-355
-388
-431
-450
-463
-487
-506
-539
-548
-543
-535
-508
-492
-487
-465
-414
-337
-238
-168
-110
-70
-51
-5
56
134
206
247
266
291
316
355
407
435
447
443
433
423
403
385
371
338
303
268
221
163
99
43
11
-19
-45
-77
-115
-151
-161
-162
-164
-171
-195
-208
-218
-216
-201
-194
-198
-202
-212
-222
-199
-177
-150
-127
-108
-82
-62
-39
-12
13
15
-5
-41
-72
-92
-94
-90
-97
-118
-155
-185
-197
-190
-180
-184
-224
-269
-308
-326
-319
-309
-306
-317
-339
-362
-378
-398
-408
-418
-433
-436
-426
-407
-377
-348
-341
-328
-310
-279
-220
-147
-66
9
69
120
183
246
322
398
462
523
567
618
669
722
775
806
825
828
811
783
768
750
741
721
672
605
523
446
383
336
294
235
170
108
51
15
3
1
-14
-35
-59
-83
-94
-85
-58
-39
-43
-61
-82
-106
-115
-90
-57
-32
-26
-16
-2
13
27
43
64
63
62
86
110
114
113
86
57
43
26
20
-2
-43
-87
-134
-168
-188
-210
-231
-248
-264
-274
-293
-304
-311
-329
-346
-364
-390
-417
-442
-455
-456
-458
-460
-463
-457
-439
-416
-391
-366
-362
-367
-366
-350
-322
-297
-278
-257
-239
-227
-200
-176
-148
-112
-78
-45
-25
-13
3
32
67
106
137
147
138
131
133
146
163
180
183
176
174
176
184
190
191
199
207
215
238
260
272
283
277
264
252
254
267
277
284
286
267
227
203
202
219
222
210
186
170
167
176
202
216
207
183
157
144
150
154
161
142
103
79
69
69
77
71
54
27
-13
-50
-82
-107
-135
-168
-206
-251
-298
-346
-379
-386
-381
-369
-357
-351
-347
-336
-328
-307
-268
-220
-183
-149
-114
-83
-51
-9
37
83
127
165
207
247
279
317
359
396
432
463
491
511
538
565
582
582
563
546
534
523
506
473
419
367
323
296
268
214
150
94
57
39
19
-16
-60
-117
-168
-181
-187
-193
-217
-251
-266
-274
-276
-273
-278
-304
-332
-352
-358
-350
-331
-309
-298
-309
-328
-339
-320
-288
-250
-217
-209
-225
-247
-257
-244
-221
-215
-220
-238
-255
-255
-256
-250
-246
-257
-272
-284
-282
-274
-267
-267
-273
-291
-308
-313
-311
-297
-275
-246
-221
-203
-192
-166
-129
-82
-41
-11
10
23
41
63
87
107
129
148
157
169
169
171
177
187
206
215
208
188
172
163
172
189
203
221
225
224
224
222
225
227
233
232
239
249
258
266
257
248
229
205
186
186
188
192
185
158
143
125
118
129
144
161
177
195
209
224
229
232
241
256
280
312
338
341
323
290
269
257
247
234
211
177
142
108
80
53
12
-37
-86
-120
-133
-138
-134
-145
-181
-240
-306
-353
-377
-380
-377
-387
-405
-426
-431
-426
-410
-399
-397
-394
-386
-371
-340
-298
-259
-224
-210
-212
-220
-226
-213
-182
-151
-133
-137
-145
-150
-144
-129
-107
-89
-77
-64
-58
-53
-66
-81
-92
-89
-85
-91
-101
-115
-114
-106
-89
-78
-80
-85
-80
-46
-10
15
25
18
15
23
50
90
136
166
179
196
201
204
218
236
248
253
251
253
258
260
273
286
284
266
240
223
213
207
188
170
150
115
77
47
9
-36
-82
-115
-126
-134
-134
-135
-158
-188
-218
-237
-225
-198
-173
-154
-145
-148
-131
-111
-89
-70
-60
-38
0
55
114
170
205
228
244
265
314
360
400
421
420
400
374
354
354
372
383
383
363
329
299
264
246
235
213
194
169
140
110
76
39
2
-44
-92
-127
-155
-166
-171
-178
-182
-195
-199
-194
-181
-172
-162
-151
-156
-166
-179
-190
-202
-212
-220
-225
-232
-243
-245
-239
-218
-195
-174
-160
-164
-163
-152
-128
-93
-64
-48
-44
-51
-60
-56
-47
-36
-41
-52
-57
-49
-24
2
16
0
-22
-43
-48
-39
-28
-25
-42
-73
-114
-140
-158
-165
-168
-177
-187
-195
-196
-203
-210
-219
-223
-214
-202
-174
-157
-159
-178
-207
-225
-224
-207
-183
-164
-166
-177
-186
-190
-181
-164
-143
-133
-122
-106
-82
-49
-33
-27
-32
-40
-41
-22
14
59
93
118
142
162
189
226
273
317
349
368
400
442
487
529
563
589
599
605
613
613
608
603
600
593
572
541
507
464
424
396
381
374
362
330
284
230
174
132
109
85
51
4
-43
-68
-77
-80
-88
-108
-145
-179
-201
-202
-202
-216
-249
-284
-316
-332
-325
-312
-310
-326
-357
-388
-395
-389
-375
-368
-376
-397
-421
-441
-450
-444
-423
-397
-377
-369
-354
-333
-315
-296
-278
-260
-236
-195
-154
-106
-72
-51
-33
-4
38
86
132
156
168
166
173
199
234
268
282
277
264
258
259
262
261
239
213
195
197
215
233
240
227
207
181
174
182
200
225
237
235
215
194
174
168
162
160
161
157
154
146
140
139
137
127
113
102
97
102
109
118
110
83
40
-5
-38
-60
-69
-80
-98
-128
-150
-157
-154
-151
-157
-169
-190
-201
-196
-179
-166
-168
-191
-237
-276
-303
-313
-311
-312
-315
-321
-334
-350
-353
-348
-340
-333
-333
-329
-324
-322
-324
-329
-339
-355
-370
-374
-359
-332
-297
-265
-242
-220
-195
-151
-100
-55
-12
27
73
125
176
225
262
283
288
294
310
329
345
358
373
394
415
434
457
473
480
484
481
473
452
435
428
420
409
384
349
319
292
282
294
300
297
280
259
250
246
243
240
222
192
152
116
81
56
32
9
-24
-71
-125
-171
-205
-238
-262
-289
-320
-350
-375
-381
-388
-399
-420
-442
-459
-469
-470
-463
-454
-460
-468
-475
-468
-450
-425
-400
-384
-374
-364
-347
-323
-298
-282
-270
-265
-267
-266
-248
-209
-171
-150
-133
-120
-103
-76
-37
0
20
21
17
37
79
133
181
226
251
258
264
277
297
327
362
401
438
474
510
534
555
559
550
553
559
569
581
598
606
596
567
532
506
492
480
480
479
472
462
441
408
371
328
281
232
176
125
78
31
-14
-64
-118
-173
-226
-273
-313
-349
-381
-418
-456
-488
-513
-526
-537
-540
-552
-567
-577
-584
-573
-553
-526
-502
-491
-468
-430
-374
-306
-241
-185
-134
-86
-45
-3
41
80
109
128
139
151
171
188
201
198
182
161
144
133
126
113
80
21
-54
-117
-162
-188
-219
-266
-324
-396
-446
-468
-472
-470
-470
-481
-488
-483
-461
-424
-392
-368
-343
-309
-259
-202
-140
-78
-19
39
110
190
282
378
460
530
592
647
702
766
829
883
921
941
941
923
893
866
845
825
794
760
715
658
600
542
480
416
353
281
200
110
12
-86
-178
-255
-324
-390
-454
-512
-570
-615
-649
-674
-694
-708
-709
-697
-684
-671
-664
-662
-658
-635
-593
-536
-481
-433
-387
-349
-306
-253
-190
-121
-57
11
75
139
198
247
292
327
350
366
376
385
397
390
371
343
312
292
280
270
242
192
124
57
4
-34
-61
-80
-89
-99
-111
-123
-139
-161
-190
-214
-222
-207
-182
-148
-116
-93
-67
-43
-12
31
72
117
155
176
190
204
215
221
225
226
223
209
197
194
190
178
150
108
70
39
1
-43
-97
-157
-211
-249
