74
-88
-2
8
-70
0
-72
-56
-49
-131
-5
-168
-20
-63
-169
16
-84
-79
67
-35
-42
47
-3
13
2
26
72
-70
46
65
-88
122
-17
-55
116
36
29
52
84
71
-12
133
3
62
136
-66
90
30
34
39
-38
80
3
-4
76
1
55
94
-11
93
80
70
107
51
75
125
30
60
82
43
56
8
86
36
14
106
22
70
82
38
99
39
101
12
81
73
-20
92
12
-32
85
-54
3
13
-27
68
-87
72
33
-55
133
-29
21
102
-87
98
39
-33
36
8
-42
-32
37
-43
-41
-11
33
-71
28
-15
47
-21
-64
126
-29
-2
35
-44
40
-69
-64
35
-173
1
-71
-152
2
-51
-98
-102
-46
-14
-167
3
-30
-30
-53
-102
82
-117
7
-29
-119
107
-124
-72
49
-153
11
-83
-103
27
-116
-7
-72
-45
83
-152
23
41
-115
27
-72
-15
-18
-87
-32
-53
-70
-108
-27
-115
-99
21
-112
-108
44
-65
-114
53
-22
-35
-28
-20
29
-50
-16
63
-63
-14
104
-153
69
70
-167
106
37
-82
117
2
-43
49
49
-54
50
62
-62
26
-9
21
-101
43
-67
-51
7
-33
-39
42
10
-149
156
62
-116
100
117
-46
109
35
92
41
74
28
-32
251
-25
-34
205
-16
45
157
-39
161
127
11
118
136
53
78
135
16
82
66
88
10
-8
132
-4
34
139
-13
54
214
-88
27
218
-10
61
89
-36
150
-55
1
47
-47
19
-84
-26
11
-77
-78
66
-123
-74
93
-128
-75
113
-160
44
28
-83
-90
95
-68
-115
27
33
-72
-118
95
-79
-90
-2
-52
-119
56
-189
-88
-16
-162
-109
-86
-102
-152
-179
4
-218
-133
25
-199
-69
-24
-118
-20
-69
-89
52
-62
27
-45
-2
111
-89
35
189
-217
239
20
-148
324
-105
64
105
-61
175
-11
-72
330
-206
142
226
-342
460
-161
-70
383
-340
295
67
-166
378
-220
95
320
-381
396
12
-246
527
-435
351
-15
-142
415
-425
328
130
-368
500
-171
-67
420
-415
435
-113
-140
447
-443
289
102
-405
499
-387
30
267
-523
446
-290
-107
414
-619
469
-141
-301
509
-475
228
-50
-221
432
-518
282
87
-400
539
-516
241
121
-367
475
-447
330
-12
-372
551
-456
138
156
-397
417
-330
54
105
-370
395
-481
172
59
-414
350
-344
89
26
-347
352
-368
53
145
-470
502
-426
37
178
-425
369
-332
6
205
-473
379
-335
-45
192
-511
385
-353
0
81
-434
338
-315
-129
191
-391
183
-237
-72
75
-371
212
-282
-50
26
-249
127
-320
159
-163
-73
100
-225
234
-195
63
199
-294
244
-35
-95
229
-272
301
-154
-23
274
-316
174
135
-183
187
-30
159
29
-57
189
62
-30
-8
323
-231
177
41
-66
161
-23
-25
58
82
-32
101
28
7
232
-85
96
240
40
51
160
80
191
-54
136
215
-125
158
15
136
-121
206
-34
-78
224
-164
89
113
-100
87
-76
191
-108
21
52
-11
87
-253
338
-232
24
140
-190
127
32
-26
4
200
-101
-14
264
-139
185
-122
141
61
-195
319
-353
300
-275
216
-309
135
130
-557
519
-337
7
14
83
-310
253
26
-371
428
-387
286
-288
109
-13
-171
102
-109
147
-572
731
-501
-215
711
-769
500
-138
-67
87
241
-478
508
-156
-237
491
-506
324
-244
259
-476
517
-460
-51
555
-940
799
-403
-180
724
-894
445
278
-712
686
-339
-123
397
-440
207
-123
31
-110
45
-38
-112
136
-169
217
-137
-34
340
-388
172
262
-363
296
-138
138
-87
-104
343
-489
248
124
-381
277
-22
-15
-88
146
47
24
-44
172
39
-86
104
146
-287
436
-270
-38
425
-626
542
-93
-312
425
-62
-142
439
-462
557
-237
103
259
-169
121
165
-2
-201
363
-161
117
-150
73
147
-211
-42
386
-386
25
369
-438
214
-11
-9
74
-242
386
-216
-277
441
-260
-293
484
-312
-228
278
-184
-21
-128
113
52
-285
75
341
-718
586
-119
-434
535
-360
10
48
-155
66
-86
-325
584
-612
-78
551
-806
392
87
-463
376
-165
-146
222
-238
188
-117
-258
509
-450
-99
470
-579
213
182
-437
213
86
-302
325
-470
546
-302
-195
667
-768
340
158
-331
118
99
-222
57
52
-344
448
-520
303
-59
-393
638
-675
393
-270
178
-153
-44
171
-267
103
-46
-55
-130
226
-302
20
129
-369
350
-313
212
-258
145
33
-215
391
-499
571
-453
355
-184
65
183
-321
498
-392
556
-534
621
-266
131
269
-346
603
-312
355
-197
360
-85
114
-38
207
11
-39
97
170
-250
385
-267
268
-113
252
-300
491
-286
213
30
-10
294
-418
498
-246
236
-289
503
-359
315
-143
221
-295
708
-675
305
434
-356
16
588
-310
47
327
-222
349
-449
699
-713
497
-144
-38
-17
23
132
-426
308
139
-651
554
-66
-457
354
-14
-503
330
-58
-220
-82
-7
89
-652
590
-555
-96
195
-317
-130
126
-144
-66
-124
96
-66
-305
433
-610
230
-116
-83
-23
-212
172
-238
-245
342
-407
-122
335
-675
473
-289
42
-320
290
-46
-546
470
-271
-175
224
-509
248
-91
-431
232
-142
-370
429
-541
220
-21
-77
39
-173
141
36
-50
154
-120
18
257
-125
-10
85
138
-164
-16
276
-203
166
45
-89
255
-27
24
212
141
-193
291
158
-70
103
71
28
147
-107
181
29
-170
302
-55
-7
205
-101
172
182
-180
180
387
-212
332
57
212
100
-114
298
146
-111
91
229
-119
210
2
-4
132
-141
621
-663
357
393
-338
161
-7
400
-423
320
-249
419
-322
-25
270
-219
-33
175
-279
23
431
-590
361
97
-334
460
-325
45
140
-64
-220
190
-61
-308
297
-320
127
-313
307
-430
167
-121
-247
454
-767
433
-161
-39
-308
228
-222
-93
116
-368
-55
161
-132
-460
281
-104
-387
303
-549
426
-244
-155
177
-329
526
-753
458
-170
-110
146
-53
-295
382
-260
-334
536
-733
328
-80
-522
535
-550
155
-180
-66
-199
385
-653
21
503
-870
542
-315
-296
291
-146
-383
50
239
-524
273
-317
353
-73
-461
556
37
-318
334
169
-480
862
-409
-192
807
-485
257
85
-41
309
73
-193
317
322
-573
913
-536
-39
906
-940
595
16
-48
198
-340
246
236
-228
-22
391
-259
270
-163
288
-160
144
204
-351
593
-502
457
-95
-66
333
-88
9
160
55
-23
164
40
141
57
20
131
49
-242
575
-451
294
-47
-98
220
-75
-191
249
-18
-95
144
-383
549
-145
-633
1002
-630
-79
538
-846
265
561
-932
48
997
-1388
635
169
-835
850
-553
-143
527
-697
203
164
-382
-317
596
-386
-423
653
-693
501
-166
-415
730
-581
98
271
-358
-88
536
-270
-358
398
-236
119
-38
-254
121
76
-43
-95
-261
501
-122
-433
637
-428
6
403
-676
366
-2
-104
158
-565
436
-65
-238
38
65
-102
-274
582
-501
-102
385
-76
-393
297
151
-450
552
-606
646
85
-903
1185
-732
167
210
-516
794
-554
72
85
-55
169
-213
18
381
-148
-81
223
-93
130
23
140
-300
444
-115
-111
308
-237
312
-99
237
-89
-10
321
-139
108
231
-142
313
72
-390
884
-379
68
237
-16
33
392
-276
-195
968
-548
58
290
-182
502
-205
-204
480
-158
192
-105
1
-179
329
-225
-122
315
-635
433
-162
-24
-297
5
349
-496
74
-183
85
112
-377
93
-80
0
-9
-63
-324
261
99
-546
342
-259
234
-46
-283
311
-61
24
-13
41
-30
-317
863
-651
21
217
-312
638
-726
-54
413
-93
-410
24
272
-598
475
-750
185
510
-1170
966
-614
-531
1144
-1136
154
429
-596
179
329
-1163
1237
-412
-586
491
-104
245
-664
583
-504
643
-656
395
157
-635
952
-725
8
727
-754
365
1
-307
335
47
-695
533
61
-387
240
-269
22
138
-241
123
-413
451
-592
403
-428
382
-627
560
-151
-301
359
-540
1064
-1330
1065
-568
813
-1032
736
157
-960
1746
-1779
825
478
-694
-31
772
-295
-621
1183
-650
-8
533
-609
769
-357
-606
1412
-990
-417
1294
-976
-587
1836
-1685
287
786
-957
574
-338
223
-102
222
-431
240
77
19
-314
102
363
-443
310
-346
700
-637
-170
1534
-1943
829
777
-1202
329
514
-647
315
-263
70
49
-154
-102
-17
281
-998
1101
-721
-294
767
-673
-261
927
-1010
303
-40
-370
599
-797
214
335
-674
448
-155
-344
556
-339
77
-172
374
-418
421
-326
-41
405
-528
426
-50
-303
647
-496
388
-493
863
-597
222
80
72
-129
684
-706
141
1280
-1822
1318
295
-685
288
705
-532
301
-107
565
-427
203
300
-219
324
-262
928
-1368
1501
-683
-134
696
-432
630
-542
596
21
-193
467
-279
15
644
-708
619
-106
-347
1016
-1011
719
-432
506
128
-701
894
-140
-330
283
355
-613
685
-427
147
-54
267
-481
337
42
-578
671
-568
456
-469
77
566
-825
613
-294
-166
624
-842
237
127
-98
80
-677
811
-434
-446
783
-749
492
-345
151
300
-937
1226
-1158
497
51
-421
770
-1380
1481
-839
-494
1177
-1266
465
92
-840
709
-670
198
-464
337
-430
-75
323
-745
352
164
-856
465
229
-616
370
56
-402
275
-80
-220
109
-9
-119
133
-206
-7
297
-759
1062
-826
-78
1030
-1074
135
810
-1470
1225
-616
-308
698
-965
894
-827
220
239
-417
261
-580
679
-487
-610
1411
-1309
343
255
-559
462
-570
226
241
-647
797
-691
429
-84
-376
768
-425
-142
941
-809
382
467
-675
463
69
204
-804
1196
-600
-123
867
-1140
1392
-853
325
236
-92
6
-188
800
-1070
1105
-630
3
554
-913
1073
-696
198
191
-365
515
-596
365
-28
31
-217
435
-630
434
345
-1068
973
-321
64
-276
420
266
-1132
1177
-168
-542
882
-541
-5
349
-43
-224
199
60
22
22
-95
-124
208
256
-652
342
269
-730
531
-446
298
-645
908
-752
17
575
-1024
1031
-1320
1218
-1072
385
521
-1383
1014
-267
-227
-429
1125
-1308
319
633
-1072
703
-636
809
-914
240
544
-775
490
-327
180
230
-527
272
-30
-190
280
-459
557
-226
176
-139
47
364
-427
425
-46
-61
16
71
-30
-129
215
-114
-340
913
-946
494
570
-1586
1575
-264
-973
1372
-706
-502
1089
-974
424
-198
-7
490
-1221
1120
-486
-472
423
-374
394
-909
1011
-854
-26
622
-637
-217
626
-409
-154
1227
-1930
1483
300
-1481
1895
-897
-145
1287
-1448
890
440
-1324
1607
-1011
90
725
-630
-26
509
-186
-303
652
-559
210
694
-1386
995
266
-1072
947
-21
-500
213
490
-1205
1253
-499
-494
515
201
-608
336
140
42
-466
372
303
-706
531
351
-631
149
885
-1087
624
747
-1253
528
564
-157
-376
136
651
-984
998
-706
34
629
-888
694
-447
-326
1076
-965
-115
685
-505
374
-554
455
-368
409
-550
302
751
-1806
1620
-165
-1107
1195
-551
206
392
-860
1555
-1235
636
-299
592
-152
-292
861
-748
685
-387
-79
591
-627
-78
453
-131
-422
164
-15
-140
143
39
-994
1151
-347
-799
1357
-1389
1157
-477
-46
144
-571
1140
-1172
1095
-1266
888
563
-1565
1434
-693
-123
462
-54
-725
1340
-1315
519
876
-1501
1435
-633
217
406
-629
457
302
-343
206
210
-537
456
-423
292
-301
-45
-182
19
-32
-44
353
-1441
634
995
-2027
1149
658
-1816
1396
-355
-496
427
-52
-461
155
723
-621
56
-194
395
369
-1323
1291
-521
183
535
-583
324
445
-717
93
995
-1166
593
110
-302
350
73
28
-613
763
-425
172
80
-199
268
-521
969
-1460
1501
-870
-554
1348
-833
-472
917
-429
-608
572
-252
87
-328
605
-550
404
-241
-415
671
-453
-133
249
-189
-55
-2
-295
1172
-1612
970
416
-1167
510
375
-154
-477
1042
-784
802
-695
226
484
-811
881
-424
132
37
421
-1167
906
-394
-321
767
-943
608
32
-96
-1191
2074
-1605
213
948
-1419
869
-70
-564
22
677
-1184
450
-120
-140
-92
194
-609
277
352
-878
-76
580
-505
-101
574
-1047
700
-267
194
-725
616
-335
93
-28
-170
914
-1179
795
-292
-78
174
-133
-7
-313
414
-747
961
-691
-232
227
212
-340
-422
1171
-754
461
-341
417
148
-449
-44
358
207
-510
1162
-1697
1016
1022
-2166
1791
-790
31
550
-255
363
-197
298
-112
-254
90
752
-931
167
792
-1045
1133
-552
176
-433
536
-6
41
536
-959
1792
-1530
189
741
-447
-445
165
401
-786
1010
-1039
781
-298
-286
685
-673
709
-820
928
-471
711
-561
-130
598
-434
154
-397
1123
-1258
1237
-1032
798
-479
-296
1005
-1286
735
697
-836
-15
702
-756
215
-419
473
-64
-534
-75
979
-1014
183
176
-261
-160
438
-546
508
-494
268
805
-1674
1044
65
-612
23
634
-368
-165
669
-640
600
-840
594
-345
-680
1168
-1357
716
-407
-82
-575
395
-197
-518
902
-1239
1212
-613
227
-139
331
-509
-73
457
-719
193
-837
125
-868
124
-267
-324
247
-15
57
-260
692
22
-332
379
-191
254
-479
435
-95
-565
774
-535
42
48
491
-409
554
50
66
213
-15
808
-138
-348
587
-38
507
-481
328
492
-522
292
310
51
847
-112
114
574
236
365
186
137
480
278
-256
649
335
-213
461
616
-480
772
72
61
469
101
324
-393
807
-710
-25
625
-320
102
-66
106
-978
1489
-784
147
283
-804
408
623
-830
684
-590
-532
369
-951
-101
-957
449
-1980
-419
269
-947
-13
69
-519
-766
1085
-559
104
16
-327
-523
-419
623
-1482
929
-1247
-210
-273
-422
186
-454
-177
-186
709
-1217
984
-200
-245
-337
750
-156
-840
613
-18
-476
-447
966
-1069
341
765
-638
549
242
28
38
318
266
357
-134
293
296
195
-28
1121
-957
761
725
-572
530
-207
1052
-36
-691
936
-353
462
-116
151
294
-61
-17
984
-854
556
439
-675
1252
-1054
1139
-462
574
-160
-277
462
-356
215
191
-253
-69
16
-27
65
15
111
-68
227
-229
30
128
105
-76
-10
125
-382
343
3
-246
547
-402
-151
549
-293
81
-101
-194
411
-415
24
686
-708
444
-339
-387
393
-582
578
-1196
533
-283
-290
66
-243
418
-1074
884
-413
113
198
131
-461
-368
875
-946
563
-375
-440
15
278
-972
744
-211
-567
235
-235
91
-5
318
-55
-407
291
-214
-154
586
-812
468
-739
323
-69
-114
-1
-447
567
-548
378
131
-124
172
-336
276
-186
133
54
-489
48
-29
6
104
-173
379
-108
-342
600
-728
771
-103
-35
-105
-73
648
-707
521
140
-355
-209
1279
-1194
198
629
-546
-84
-46
474
-1144
1143
-381
-586
578
86
-146
-22
155
301
-643
525
720
-1218
969
-383
194
108
-565
1120
-1128
357
786
-1397
1146
-48
-589
1059
-1301
1037
627
-1585
1308
-583
95
350
-303
471
-1213
1134
-520
357
-438
229
617
-881
-99
885
-1075
1006
-714
-1094
1714
-1541
1092
-608
-344
777
-1183
668
-427
823
-869
-27
930
-1754
1518
-348
-836
1093
-1032
391
510
-1003
1768
-1802
625
686
-1520
1542
-793
-9
-258
321
-328
444
-703
497
-399
-247
837
-814
1082
-810
622
-334
-232
945
-458
-670
1252
-650
11
932
-1291
1458
-1053
541
989
-1230
768
329
157
-78
328
72
-139
369
388
-568
885
-524
382
337
-620
1468
-1321
501
566
-674
473
247
-606
112
23
207
-841
455
-110
-180
11
-675
907
-1017
-130
687
-540
-910
971
-615
315
-468
214
-297
-223
303
-217
-252
-93
164
4
-744
555
544
-1043
333
-218
94
-406
86
-37
130
-703
922
-1451
581
514
-764
-733
411
185
-324
-432
892
-1126
-85
751
-444
-366
557
239
-885
757
-346
-280
669
-353
-399
521
113
-259
421
294
-800
910
-322
151
392
-598
1335
-1110
547
1222
-1674
1470
-350
-313
1255
-1093
1235
-341
-157
718
-637
527
360
-869
698
-201
317
-289
139
516
-654
649
-380
496
63
-312
488
-249
102
1029
-1247
850
282
-685
1042
-718
349
513
-425
-23
1074
-913
347
812
-1132
942
-472
-11
631
-1066
374
619
-1290
269
732
-1493
1168
-760
-261
576
-502
-11
-208
-564
225
571
-1144
163
370
-614
-281
704
-943
-37
511
-1319
527
9
-686
927
-1887
1121
122
-1667
1029
-224
-508
19
454
-1024
994
-460
-1093
1493
-1253
195
783
-1464
1617
-1409
-264
1427
-1581
1268
-686
-264
-67
813
-811
-162
777
-323
-645
732
265
-576
322
109
419
-1133
1727
-1120
718
667
-380
128
43
1331
-849
135
1055
-675
625
183
-92
913
-719
878
-115
-626
1717
-875
103
115
703
-306
-124
633
-345
561
-605
333
205
-159
818
-700
-355
1075
-508
-727
841
114
-697
501
-512
-161
1018
-1108
92
421
-629
153
414
-880
170
315
-654
-249
157
-508
-322
312
-758
69
-231
-194
-195
-613
-211
-84
-417
-316
-285
11
-618
-140
81
-685
87
96
-737
137
42
-285
217
-469
232
138
-799
755
-13
-709
779
-43
-290
839
-722
344
109
-285
699
-518
827
-279
153
391
52
535
-1141
1129
320
-374
992
-716
926
509
-455
1174
-458
331
905
-194
943
101
97
688
199
588
-238
977
380
-242
1190
-72
622
612
-186
466
212
516
554
-102
442
458
-230
699
60
-300
378
399
-272
-28
722
-249
-63
47
-181
164
-115
-105
-162
-490
-93
-243
-694
132
-571
-813
-381
-592
-730
-640
-619
-940
-754
-841
-969
-1009
-918
-792
-1029
-1013
-946
-864
-1043
-933
-683
-922
-696
-851
-937
-461
-560
-634
-571
-299
-528
-544
57
-366
-161
-318
-41
327
107
-113
190
242
-144
515
333
582
391
224
327
574
408
424
997
-326
785
836
187
797
597
492
276
677
767
963
273
1065
895
414
1194
493
778
678
1159
1134
468
970
633
1289
747
716
1199
606
1280
951
794
1093
987
846
1163
619
1169
857
730
909
907
1238
751
797
523
725
554
546
401
321
-25
-239
-396
-582
-514
-888
-785
-981
-1167
-1293
-1537
-1615
-1698
-1578
-1797
-1910
-1890
-1840
-1926
-1918
-1798
-1828
-1797
-1767
-1557
-1421
-1343
-1291
-1055
-1030
-949
-681
-558
-555
-553
-363
-181
-446
-82
-232
-823
-489
-496
74
-276
-263
-123
-169
-69
-174
-143
-480
-373
-199
69
103
-211
-97
-22
-144
-157
44
72
-234
513
683
447
466
269
377
460
554
865
696
719
1235
1335
677
391
937
747
970
1094
1168
1665
889
929
1204
1080
1034
938
1138
1461
1470
1118
1549
1237
899
1201
1298
1302
1284
1322
1762
1812
1613
1785
1438
1302
1396
1570
1728
1497
1592
1132
148
-255
-430
-587
-793
-728
-704
-1018
-1328
-1682
-2290
-2488
-2841
-2790
-2433
-2633
-2410
-2605
-2681
-2745
-2889
-2637
-2532
-2369
-2018
-1517
-1112
-885
-719
-503
-563
-334
48
425
644
792
1079
953
783
705
501
561
484
651
698
333
-137
-281
-647
-1225
-1284
-930
-826
-1157
-808
-674
-1075
-1474
-1276
-1023
-1352
-807
-288
-183
-218
-150
275
-106
-61
210
521
564
927
1225
1179
1088
822
1086
1022
843
1137
1237
1050
1094
1166
997
765
518
679
846
805
1213
1335
1218
1091
1100
1384
1220
1308
1625
1970
2184
2157
2332
2232
2006
2150
2353
2574
2590
2792
2958
2874
2759
2734
2054
578
-622
-943
-441
-702
-1498
-1765
-1750
-2393
-3146
-3603
-4057
-4798
-4845
-3875
-3115
-3584
-3845
-3734
-3822
-3752
-3471
-2717
-2481
-2136
-1023
-110
-149
-344
-16
241
509
1165
1935
2324
2272
2434
2538
1942
1141
1042
940
930
1088
1062
806
-76
-454
-706
-1300
-2254
-2505
-2624
-2602
-1935
-1713
-1835
-2471
-2304
-1848
-2018
-1771
-1438
-838
-383
237
563
311
-49
-128
338
547
865
1117
1403
1560
1502
1508
1076
882
684
1076
1395
1252
1419
1375
1169
818
579
333
317
468
1065
1217
969
1463
1438
1337
1319
1723
1873
2141
2782
3100
3541
3592
3541
3380
3467
3432
3424
3723
3757
3958
4154
4376
4281
3435
463
-2550
-3199
-1500
-1176
-3429
-3643
-2666
-3264
-5017
-5668
-5912
-7383
-7299
-4580
-2352
-3183
-4132
-3602
-3539
-3889
-3060
-1817
-1549
-967
934
2486
1750
581
626
971
994
1709
3027
3234
2631
2485
2267
999
-922
-1324
-881
-828
-566
-195
-515
-1941
-2632
-2791
-3285
-3722
-3129
-2097
-1497
-1718
-1588
-1487
-2043
-2107
-1817
-866
-258
187
1075
1276
670
169
185
235
137
528
993
860
590
637
451
-268
-666
-139
188
283
645
744
580
213
400
815
754
918
1478
1921
1839
1780
1825
1763
1861
2105
2573
2662
2752
2835
3045
3039
3024
3175
3280
3788
3953
4292
4134
3886
3887
3883
3950
3685
4249
4646
5020
2499
-2735
-5330
-3948
-1801
-3872
-5692
-3885
-2807
-4328
-6162
-5889
-7083
-8801
-6338
-1706
-785
-2431
-2792
-1998
-2452
-2643
-1125
-305
-280
1219
3752
3848
1501
264
283
260
490
1661
2691
1976
1058
926
-205
-2414
-3615
-2883
-1958
-1474
-684
-607
-1557
-2792
-2957
-2478
-2739
-2326
-684
852
955
276
-79
-779
-1491
-1053
-133
451
522
1090
1672
627
-680
-1354
-1301
-1165
-591
176
80
-558
-750
-819
-1349
-1626
-1290
-158
538
1010
1206
849
360
325
1038
1515
1735
2183
2657
2729
2293
1704
1416
1372
1634
2269
2573
2356
1920
2022
1970
1881
1983
2365
3236
3851
4333
4588
4305
3957
4130
4471
4723
4762
5337
5797
6097
3415
-3092
-7182
-5690
-1923
-3565
-6659
-5429
-3409
-4895
-7666
-7516
-7814
-9124
-7103
-1444
1015
-1265
-2857
-2091
-1506
-1594
-294
1150
1604
2577
4491
4961
2157
-160
-510
74
650
1366
2220
1564
42
-959
-1925
-3777
-4977
-4098
-2320
-1236
-709
-743
-1583
-2628
-2579
-1650
-1144
-716
849
2690
3396
2408
1133
285
-741
-391
446
1204
882
363
383
-426
-1834
-3432
-3615
-3064
-2081
-1034
-852
-1269
-1771
-1692
-1589
-1437
-869
268
1361
2233
2368
1676
1140
613
1002
1472
1824
2060
2185
2357
1690
969
152
35
319
903
1571
1798
1619
1257
1193
1332
1480
1707
2593
3691
4649
4834
4960
5325
5628
5871
6033
6400
6447
6235
6511
6565
6503
5446
-365
-7648
-9523
-4464
-2066
-7053
-10062
-6843
-4678
-7787
-9803
-8575
-8656
-8915
-4146
2300
1953
-1930
-2272
275
1184
967
2090
2996
2949
3762
5584
4375
466
-1639
-1156
-236
-195
-118
-57
-1126
-2326
-3114
-3943
-5475
-5881
-4073
-1764
-684
-453
-422
-765
-898
-429
570
910
1585
3186
4546
4453
3135
1811
967
390
-366
-478
-696
-998
-1112
-1241
-2241
-3878
-4621
-4265
-3647
-3421
-2932
-2494
-1946
-1177
-612
-466
-570
325
1489
2379
2671
2528
2279
2015
2049
1702
1135
618
296
237
112
-301
-910
-1309
-1213
-873
-786
-548
-184
337
1181
1907
2482
2851
2909
3340
4179
4682
4705
4899
5817
6272
6188
6061
6437
6652
6196
5939
5346
4891
4398
4541
4528
3987
-351
-8830
-13071
-9168
-3662
-6666
-11470
-9086
-4198
-5120
-8109
-7182
-6193
-6489
-3589
3774
6242
2285
-322
1389
3269
2537
2002
2161
2071
2036
2982
2999
-198
-3961
-4875
-3415
-2559
-2862
-2702
-2178
-2578
-3198
-3285
-3661
-4114
-3039
-150
2209
2768
2339
1927
1897
2010
2144
2145
2284
2949
3773
3639
2767
898
-743
-1330
-1486
-1494
-2251
-3120
-2981
-2588
-3313
-4373
-4423
-3662
-2942
-2211
-1097
-596
-727
-151
711
999
735
897
1727
2009
1979
1683
1011
467
367
173
-258
-763
-1305
-1364
-1151
-1317
-1653
-1521
-1265
-679
-115
359
684
979
1842
2748
3521
3891
4302
4638
4739
4857
4716
4497
3988
4045
4463
4674
4241
4021
4339
4721
4625
4093
4201
4077
3803
3986
4485
5055
3220
-4015
-11912
-11680
-4400
-2324
-8167
-9944
-4255
-1574
-5533
-7813
-5624
-5068
-4939
2
5766
4317
-681
-1647
941
1790
378
33
965
1080
705
1131
182
-3045
-5285
-4124
-2023
-1799
-2349
-1421
-442
-1003
-2054
-2091
-1795
-1351
-172
1627
3050
2857
1771
1338
1671
1464
685
519
1414
2086
1854
1069
348
-1026
-2320
-2407
-2092
-2215
-2595
-2263
-2213
-2528
-2814
-2762
-3107
-3008
-1679
-405
-273
-276
485
878
1005
710
744
881
964
1113
914
649
156
-113
-266
-308
-754
-1218
-1043
-856
-867
-872
-863
-810
-355
179
532
639
995
1519
1994
2669
2857
2967
3201
3656
4103
3921
3577
3617
3631
3470
3288
3009
2788
3031
3262
3526
3767
4004
4271
4551
4762
4734
4555
4456
4886
5269
5624
1302
-8151
-13030
-7409
-1033
-5244
-10994
-7561
-2071
-4173
-7951
-6466
-5142
-6270
-4192
2724
5168
1049
-2082
-328
2297
1704
243
541
1289
958
1261
1830
148
-3115
-4149
-2343
-1111
-1911
-2290
-1100
-513
-1590
-2587
-2734
-2578
-2178
-890
1038
2267
1630
547
806
1650
1182
122
331
1520
2090
1742
1311
355
-1065
-1880
-1943
-1984
-2711
-2712
-2008
-2048
-2544
-2625
-2525
-2972
-2602
-1307
-449
-267
246
1172
1509
1321
702
218
640
1086
841
297
9
-119
-529
-748
-918
-1650
-2120
-1639
-1136
-977
-1006
-753
-469
-7
317
501
850
1118
1918
2930
3504
3519
3417
3722
3974
3990
3779
3623
3722
3799
3681
3167
2749
2783
2924
3034
3347
3608
4332
4667
5006
5166
4978
4772
4731
5231
5796
6040
762
-8753
-12639
-6230
-747
-6018
-11395
-7369
-1835
-3975
-7673
-6703
-5578
-6318
-3661
3044
5027
943
-2449
-448
2466
1850
-241
-355
1169
1383
1495
1627
81
-3175
-4517
-2713
-897
-1484
-2319
-1272
-246
-974
-2586
-2866
-2255
-1541
-432
1499
3000
2204
696
807
1700
1067
-245
83
1562
2148
1354
691
-146
-1714
-2662
-2428
-2090
-2618
-2731
-1900
-1431
-2036
-2620
-2428
-2511
-2472
-1466
-214
183
281
417
740
706
120
-188
222
608
343
-85
71
-37
-728
-1096
-1123
-1264
-1723
-1396
-976
-808
-865
-668
-119
176
391
869
1524
1817
2289
2944
3507
3671
3550
3638
3804
3993
3752
3559
3329
3011
2831
2271
2162
2219
2411
2719
3002
3280
3641
4456
4600
4732
4903
5251
5245
5383
6189
6824
5299
-2720
-11105
-11170
-3644
-2237
-8931
-10717
-5081
-2153
-5849
-7592
-6199
-6071
-6017
-1295
4666
4542
280
-1516
1174
3201
1735
-83
584
1868
2031
2200
1954
-343
-3660
-4288
-2330
-1020
-2113
-2266
-931
-576
-1743
-3229
-3066
-2570
-1895
-426
1709
2777
1658
618
1256
1901
876
-196
603
2149
2275
1595
1274
339
-1108
-2210
-2217
-2170
-2665
-2661
-2150
-1645
-2145
-2766
-3039
-3507
-3191
-2075
-1104
-636
-289
477
869
363
-71
46
631
740
661
882
849
499
143
-12
-484
-1052
-1254
-759
-359
-283
-208
-280
10
335
475
626
841
1287
2039
2768
3020
2863
2397
2251
2637
2859
2595
2455
2568
2617
2442
1890
1841
1729
1952
2604
3207
3617
3699
4447
5041
5105
4774
4538
4878
5509
6117
6636
6544
1009
-8327
-11726
-5731
-1362
-6564
-10827
-6319
-1741
-4094
-7369
-6393
-5721
-6605
-3987
2108
4719
1514
-1704
-278
2264
1610
-696
-977
402
1044
1322
1707
722
-2457
-4521
-3575
-1510
-1615
-2129
-823
362
-171
-1919
-2352
-2047
-1651
-861
948
2953
2841
1369
1117
1959
1383
-377
-736
729
1392
1085
819
441
-971
-2689
-3288
-3059
-3012
-3293
-2454
-1240
-1210
-1941
-2317
-2166
-2423
-2204
-965
502
1193
1537
2023
1886
1154
377
478
1130
1197
769
681
977
775
-238
-1142
-1522
-1828
-2066
-1629
-1103
-1182
-1581
-1494
-1115
-1189
-1407
-981
-27
772
1658
2412
2732
2672
2695
3085
3600
3793
3758
4020
4087
3683
3192
2965
2627
2221
2522
3100
3220
3330
3969
4565
4830
4879
4729
4697
5000
5482
5798
6365
5297
-1227
-8998
-9872
-4336
-2942
-7972
-9765
-5592
-3044
-5512
-7005
-5954
-5877
-6138
-3077
2028
3512
703
-1380
176
2268
1721
-183
-293
892
1436
1723
2064
1245
-1612
-3490
-2509
-692
-779
-1479
-856
-283
-837
-2070
-2321
-2097
-2050
-1626
160
1887
1422
-34
-94
1139
939
-149
-272
765
1360
1146
1355
1147
1
-1326
-1576
-1043
-1138
-1519
-1384
-714
-597
-1488
-2293
-2436
-2325
-2152
-1877
-1109
-620
-499
-55
412
284
-303
-413
-10
308
187
20
258
448
146
-164
-492
-956
-1483
-1626
-1077
-518
-399
-474
-413
-135
47
104
436
1059
1605
2289
3021
3561
3705
3335
3327
3521
3544
3312
3113
3103
2911
2751
2749
2503
2080
1714
2191
2968
3426
3794
4211
4686
4821
4587
4544
4734
5129
5622
6373
5485
-1287
-9087
-9538
-3616
-2620
-7996
-9512
-5190
-2662
-5078
-6595
-5641
-5734
-6611
-3905
1583
3634
685
-2032
-256
2534
2087
-571
-1141
303
1342
1941
2608
1903
-1184
-3838
-2992
-438
-481
-1789
-1771
-602
-566
-1793
-2424
-2450
-2521
-2444
-624
1573
1442
-430
-518
1338
1792
278
-820
156
1242
1432
1514
1465
562
-1216
-1976
-1512
-1163
-2014
-2687
-1935
-1112
-1309
-2558
-3293
-3185
-2609
-2077
-1431
-600
-409
-183
648
1630
1286
197
107
908
1459
1151
907
899
846
343
-127
-673
-1555
-2206
-1967
-672
-230
-680
-1139
-934
-359
-277
-149
221
1072
1991
2760
3329
3426
3156
3056
3474
3789
3603
3201
3039
3138
3140
2815
2295
1942
1808
1890
2100
2656
3113
3387
4042
4418
4549
4469
4671
5026
5416
6101
6854
4609
-2570
-8287
-6552
-1813
-3255
-7857
-7447
-3524
-2720
-5157
-5765
-4971
-5643
-6792
-4258
691
2343
-419
-2309
-143
2329
1448
-1005
-1427
-100
997
1885
3191
2989
138
-2778
-2107
415
492
-1083
-1569
-543
-273
-1111
-2059
-2759
-3649
-4151
-2471
-158
-146
-2116
-2394
-523
577
-618
-1961
-1484
-236
671
1296
1790
1266
-503
-1484
-684
14
-756
-1909
-1390
-87
7
-965
-1861
-2309
-2751
-2442
-1117
-78
-220
-669
-68
890
772
-255
-813
-343
516
692
804
907
439
-31
-320
-202
-697
-1589
-1896
-1252
-187
-260
-757
-1063
-794
-390
-249
207
534
937
1595
2617
3373
3273
2783
2777
3506
3923
3797
3392
3296
3180
3186
3232
2809
2400
1960
2241
2867
3276
3403
3449
3773
4172
4428
4604
4589
4911
5472
6084
5790
1535
-4749
-7203
-4055
-1783
-4467
-6816
-5195
-2731
-3061
-4502
-4554
-4524
-5516
-5699
-2785
1039
1326
-1247
-2042
332
2310
1066
-1165
-1593
-464
655
1826
2856
2303
-253
-2361
-1322
604
506
-1434
-2531
-1860
-1201
-1445
-2310
-2975
-3582
-3753
-2299
-595
-718
-2091
-2148
-478
776
635
77
49
584
1194
1841
2194
1658
551
-33
497
1099
730
-381
-1041
-659
-132
-158
-875
-1931
-2488
-2440
-1590
-848
-1048
-1700
-1975
-1137
-209
-263
-1006
-1574
-1209
-386
296
364
68
-264
-89
402
489
-128
-934
-1114
-521
243
330
-200
-605
-354
89
519
450
290
427
896
1764
2319
2400
1973
1755
2289
2777
2594
2192
2060
2290
2541
2645
2779
2776
2801
3075
3710
4266
4316
4491
4953
5464
5549
5531
5681
5874
6073
6241
5732
2208
-3253
-5831
-3630
-2002
-4247
-6529
-5650
-4018
-4437
-5338
-5439
-5477
-6730
-7479
-5107
-1527
-419
-2452
-3405
-1180
1091
942
-645
-1251
-669
112
1358
2830
3209
1545
-964
-853
1175
2033
561
-1453
-1599
-963
-509
-614
-987
-1735
-2582
-2236
-947
-169
-1286
-2589
-2140
-543
718
575
-40
-237
20
650
1342
1705
1192
270
47
1120
1853
1188
-142
-896
-555
-187
-419
-1127
-1782
-2057
-1896
-1354
-966
-1337
-2220
-2377
-1535
-876
-1006
-1629
-1807
-1361
-717
-144
8
-186
-557
-619
-231
86
-256
-771
-1053
-754
-11
306
-26
-453
-269
251
838
1142
1240
1236
1312
1816
2406
2723
2434
2081
2183
2682
2802
2396
1944
1712
1831
2089
2505
2575
2321
2023
2125
2813
3295
3278
3140
3260
3558
3820
4000
4139
4215
4411
4737
5098
4157
539
-3300
-4148
-2459
-2386
-4506
-5475
-4619
-3718
-3948
-4284
-4656
-5452
-6843
-7338
-5390
-2682
-2144
-3404
-3242
-1041
709
193
-1041
-1515
-948
119
1455
3088
3748
2709
1400
1778
3247
3668
2177
374
-212
403
1017
824
35
-903
-1662
-1916
-1538
-1388
-2149
-3340
-3490
-2423
-1149
-722
-1084
-1346
-1132
-452
-57
40
-208
-766
-701
151
1235
1538
1059
348
82
377
298
-140
-680
-905
-886
-549
3
139
-530
-1316
-1672
-1510
-1025
-948
-1157
-1219
-731
-42
344
612
386
-43
-257
105
634
651
388
108
372
924
998
617
303
253
465
776
1040
1056
797
795
1172
1595
1734
1587
1483
1744
2036
2115
2089
2040
1924
2011
2206
2322
2287
2164
2151
2173
2288
2419
2437
2287
2218
2153
2207
2269
2381
2451
2611
2746
2961
2653
450
-2237
-3045
-1846
-1704
-3027
-3490
-2756
-1996
-1970
-2046
-2245
-2875
-4086
-5074
-4438
-2844
-2102
-2819
-3022
-1830
-623
-450
-1328
-2007
-2033
-1500
-564
287
1115
974
375
581
1516
2207
1553
342
-549
-569
91
448
411
19
-289
-587
-609
-590
-1012
-1869
-2513
-2480
-1762
-961
-789
-1018
-1328
-863
-417
-109
-197
-520
-649
-345
522
1189
1583
1466
1058
812
636
449
134
-367
-724
-700
-335
44
-170
-793
-1388
-1576
-1321
-1102
-1119
-1223
-1102
-705
41
650
613
182
-161
-29
315
617
638
459
407
649
1236
1278
1023
650
386
515
719
977
1019
1007
1147
1592
1936
1916
1644
1312
1210
1400
1659
1760
1749
1543
1496
1506
1545
1501
1235
1183
1332
1735
1910
1787
1650
1552
1603
1797
2339
2873
3092
3170
3428
3818
3919
2509
-41
-1315
-752
-268
-1144
-1983
-1812
-1740
-2199
-2659
-2680
-2925
-4076
-5450
-5573
-4405
-3422
-3851
-4455
-3855
-2522
-1842
-1990
-2188
-2279
-2236
-2001
-944
472
1031
459
178
1059
2277
2457
1466
395
-21
325
765
1055
1017
699
97
-233
111
91
-741
-1946
-2286
-1709
-912
-645
-829
-1008
-1221
-1125
-985
-842
-1076
-1510
-1552
-939
-175
307
326
-46
-190
-184
71
130
-11
-268
-303
22
418
533
208
-181
-428
-385
-231
-37
-89
-319
-359
-155
230
345
214
-35
-231
-19
127
131
29
0
141
429
856
1140
1144
1034
895
844
999
1159
1287
1286
1453
1696
1869
1952
1761
1402
1026
1018
1385
1632
1689
1499
1550
1725
1748
1802
1744
1771
1835
2027
2369
2620
2665
2410
2328
2486
2717
2934
2937
2977
3105
3209
2419
380
-1700
-2109
-1674
-2010
-2844
-3023
-2500
-2502
-2763
-2805
-2748
-3344
-4714
-5179
-4236
-2793
-2514
-3078
-2849
-1787
-1012
-1234
-1726
-1970
-1865
-1740
-1183
-115
708
391
-368
-40
1024
1757
1225
411
4
114
460
659
800
810
565
149
209
382
170
-653
-1437
-1560
-1199
-774
-622
-580
-767
-1037
-1162
-1099
-918
-1152
-1621
-1559
-975
-217
257
129
-72
-281
-244
10
114
87
-278
-182
382
663
645
195
-127
-367
-243
159
158
-76
-422
-298
47
335
318
-25
-271
-356
-174
12
-33
-155
-227
-103
125
321
364
241
116
291
593
867
1067
1265
1496
1623
1786
1824
1845
1772
1716
1745
1840
2065
2149
2170
2034
2010
2050
2007
2129
2084
2120
2152
2296
2477
2523
2450
2243
2244
2451
2758
2891
2855
2810
2918
2131
-48
-2128
-2532
-1937
-2392
-3283
-3422
-2926
-2856
-3252
-3207
-3251
-3650
-4812
-5393
-4404
-2841
-2437
-3089
-2891
-1743
-825
-965
-1416
-1508
-1439
-1371
-899
180
1048
659
-159
-6
918
1467
949
1
-574
-520
-96
159
232
121
-267
-679
-548
-129
-214
-872
-1546
-1484
-872
-323
-188
-382
-398
-393
-254
8
70
-254
-814
-717
-192
437
768
626
283
45
-96
-229
-215
-374
-571
-636
-137
327
314
-101
-674
-821
-692
-563
-590
-552
-436
-297
-68
239
329
106
-201
-344
-214
34
70
-92
-84
249
520
658
699
709
763
775
1011
1407
1748
1934
1890
1990
2215
2153
2032
1922
1879
1783
1612
1702
1815
1790
1588
1604
1863
2031
2139
2043
1970
2083
2233
2473
2628
2669
2419
2174
2154
2199
2260
2317
2525
2818
2753
1065
-1673
-3027
-2202
-1641
-2589
-3284
-2902
-2424
-2734
-3022
-3030
-3347
-4397
-5472
-5075
-3307
-2129
-2741
-3444
-2817
-1541
-1171
-1682
-2021
-1901
-1551
-929
286
1577
1665
421
-222
719
2116
2229
1296
480
430
654
754
828
546
-96
-954
-1012
-514
-386
-1225
-2264
-2541
-1943
-1057
-686
-726
-1059
-1055
-879
-359
161
217
-91
-250
252
911
1447
1192
579
253
227
125
-221
-487
-902
-1249
-1277
-845
-566
-866
-1452
-1824
-1544
-1102
-841
-780
-649
-374
-80
423
800
727
433
285
572
979
1164
1014
770
742
878
841
818
639
377
322
465
809
907
845
761
858
1180
1521
1673
1836
1935
2037
2145
2287
2459
2384
2233
1984
1964
2184
2290
2220
2121
2281
2386
2352
2500
2572
2627
2715
2930
3229
3413
3537
3505
3534
2169
-1257
-4169
-3868
-2142
-2650
-4254
-4558
-3779
-3868
-4662
-4704
-4448
-4685
-5787
-5703
-3467
-1044
-1142
-2817
-2971
-1319
19
-313
-836
-759
-255
179
1248
2670
3024
1328
-515
-23
1666
2532
1353
-147
-956
-979
-821
-1088
-1414
-2113
-2679
-2479
-1328
-342
-733
-1947
-2366
-1456
-52
686
730
617
711
1014
1332
1622
1232
238
-449
17
904
1095
443
-407
-769
-798
-744
-930
-1487
-2222
-2498
-1784
-663
-360
-998
-1697
-1719
-1227
-879
-732
-598
-579
-461
151
959
1172
558
-234
-256
502
1047
881
395
149
150
371
635
609
271
-64
217
1011
1699
1756
1333
1055
1412
1922
2260
2219
2027
2053
2179
2468
2489
2287
1714
1383
1734
2170
2387
2098
1932
1938
2198
2505
2639
2686
2667
2614
2812
3193
3465
3461
3503
3741
4023
3483
-372
-5061
-6297
-3321
-1827
-3696
-4876
-4370
-3901
-4794
-5030
-4232
-4025
-4829
-5121
-2739
717
1315
-1337
-3129
-1619
754
1113
241
-188
96
233
1062
2430
2509
316
-2517
-2192
442
2598
2048
34
-1115
-1194
-658
-628
-852
-1407
-1845
-1100
702
1682
550
-1614
-2569
-1599
124
1175
997
497
241
562
885
767
-207
-1582
-1795
-532
872
814
-308
-1428
-1768
-1438
-1183
-1246
-1534
-1849
-1872
-1215
-140
10
-969
-1777
-1528
-513
212
353
-150
-570
-349
101
355
197
-211
-581
-318
575
1003
592
-293
-805
-554
-133
150
59
-99
-42
247
797
960
739
471
683
1479
2174
2479
2317
2050
2073
2377
2588
2497
2123
1716
1621
1682
1857
1865
1451
950
1091
1932
2466
2191
1824
1850
2366
2973
3459
3617
3533
3379
3490
4112
4876
3576
-1965
-6940
-6148
-1335
-486
-3816
-5544
-4875
-4346
-5213
-4862
-3795
-3827
-4955
-4445
-748
2241
762
-3251
-3837
-595
2020
1531
231
-152
-112
120
1385
2623
1684
-1346
-3214
-1303
1767
2756
707
-1416
-1949
-1482
-1029
-954
-1112
-1679
-1566
74
1926
1633
-387
-1916
-1302
573
2111
2491
1789
1103
732
1005
1148
498
-840
-1572
-745
588
748
-777
-2351
-2953
-2570
-1918
-1564
-1713
-2171
-2209
-1478
-495
-297
-1280
-2120
-1463
195
1220
992
664
362
296
426
447
435
32
-193
-103
569
916
146
-868
-1314
-803
-278
-134
-206
-252
-108
169
577
740
461
183
384
1254
1997
2025
1606
1270
1490
1853
2186
2201
1995
1906
2049
2396
2387
1736
1009
756
1214
1816
1883
1591
1273
1304
1394
1965
2744
3002
2923
2990
3740
4189
4198
3964
3910
3982
825
-4572
-6748
-2942
234
-2366
-5512
-5435
-4364
-5305
-5991
-4563
-3298
-3359
-3933
-1955
1159
1496
-1531
-3520
-955
2665
3214
1495
465
459
276
673
1952
2029
201
-2028
-1539
830
2140
1006
-1268
-2065
-1683
-1117
-1034
-1236
-1609
-1790
-718
744
737
-829
-2191
-2016
-483
1062
1682
1152
445
54
290
487
159
-572
-1142
-578
324
523
-685
-1884
-2287
-1867
-1053
-603
-709
-1349
-1639
-1107
-346
-201
-619
-773
-318
136
586
828
707
111
-142
335
828
508
-633
-1068
-703
-47
-132
-714
-1006
-1186
-1142
-930
-421
-109
-219
-266
237
985
1102
645
617
1172
1854
2172
1961
1876
1717
1723
1849
1987
1907
1296
794
716
940
792
448
200
205
472
772
810
794
1069
1323
1863
2530
3033
3246
3739
4307
4437
4359
4327
4119
4199
4799
5158
3914
-714
-6110
-6948
-2598
-112
-3148
-6447
-6361
-5240
-5601
-5621
-4155
-3285
-3514
-2899
-150
2137
1098
-2106
-2722
676
4091
3881
1427
-14
-126
255
1036
1882
1152
-1098
-2895
-1982
288
903
-1038
-3102
-3012
-1930
-1284
-1617
-2056
-2229
-1531
8
1220
828
-781
-1580
-673
1325
2352
1909
766
144
326
680
540
-264
-1030
-1101
-517
14
-216
-1482
-2528
-2411
-1319
-370
-413
-992
-1239
-838
-50
546
745
686
778
1285
1935
2093
1597
641
-204
43
1048
1361
288
-898
-1389
-1497
-1378
-1469
-1998
-2200
-1835
-1326
-803
-518
-774
-1182
-773
376
1174
1292
866
582
838
1282
1463
1249
974
887
837
1110
1274
1089
763
572
697
834
982
956
960
1068
1371
1393
1025
642
612
1032
1590
2045
2154
2394
2556
2688
2765
3020
3338
3441
4064
4524
4767
4599
3922
2741
-257
-4484
-6237
-3567
-553
-2113
-5446
-6265
-5354
-5008
-5150
-4050
-2719
-2361
-2258
-806
1158
1135
-1038
-1932
451
3317
3556
1325
-351
-542
-18
412
637
245
-1255
-2843
-2730
-1056
-340
-1419
-2967
-3115
-2304
-1817
-1792
-1904
-1594
-992
66
1113
1158
221
-417
304
1818
2653
2510
1871
1388
1263
1188
1071
591
143
-139
-5
238
-161
-1273
-2266
-2142
-1239
-548
-662
-1100
-1299
-1003
-448
279
678
674
781
1231
1954
1978
1460
964
1065
1275
746
246
10
-322
-1030
-1407
-1524
-1890
-2316
-2455
-2187
-1866
-1921
-2214
-1933
-1239
-592
-265
-4
399
841
1260
1443
1535
1546
1389
1330
1548
1655
1466
1044
872
1023
1219
1041
681
447
396
672
1020
1226
1070
806
746
937
1123
1135
1067
1221
1806
2192
2205
2134
2210
2488
2738
3064
3295
3691
3886
3620
3630
3755
2897
-185
-4506
-6140
-3547
-340
-1568
-5140
-6329
-5328
-4736
-4688
-3329
-1944
-1851
-2046
-759
1244
1180
-817
-1709
340
3018
3041
814
-946
-1019
-686
-312
452
471
-827
-2464
-2228
-612
264
-394
-1464
-1391
-861
-660
-866
-813
-596
-359
416
1204
959
-344
-1123
-507
765
1349
1080
538
308
190
-37
-155
-451
-786
-886
-376
54
-230
-1159
-1906
-1496
-574
45
60
-218
-190
55
531
1030
1184
1053
1041
1412
1693
1396
601
-51
78
558
197
-887
-1553
-1380
-1216
-1356
-1538
-1683
-1993
-2076
-1604
-929
-581
-804
-794
-206
565
757
357
308
712
1225
1492
1529
1323
850
523
511
677
531
67
-270
-221
57
111
-152
-390
-325
-24
406
747
784
694
883
1450
1963
2080
1990
2188
2690
3160
3354
3495
3647
3766
3761
3900
3866
3749
3764
3941
4022
3392
1745
-1711
-5339
-6132
-3482
-1112
-2397
-5210
-6110
-5235
-4518
-3945
-2725
-1565
-1189
-738
541
1626
1056
-619
-750
1321
3256
2697
355
-1225
-1455
-937
-310
64
-515
-2068
-3277
-3016
-1942
-1416
-1845
-2267
-1975
-1416
-1151
-1255
-1211
-870
-64
1065
1707
1314
303
-194
295
1158
1643
1388
862
522
309
30
-433
-753
-861
-601
-102
145
-279
-1085
-1234
-686
72
444
313
-47
-177
103
533
790
704
568
731
1096
1238
865
304
-1
44
149
-181
-865
-1722
-2223
-2184
-1686
-1277
-1406
-1667
-1712
-1314
-1180
-1293
-989
-195
623
945
990
847
524
302
489
1020
1321
988
488
270
297
134
-94
-104
6
122
104
86
13
19
195
598
1024
1269
1306
1265
1428
1756
2074
2231
2330
2477
2459
2434
2608
2763
2756
2729
2787
2976
3006
2691
2400
2501
2758
2639
2863
2749
1367
-1061
-3652
-5101
-4244
-1509
-718
-3127
-4978
-4568
-3556
-3263
-2575
-1429
-970
-669
-129
550
565
-397
-1111
-122
1930
2512
805
-1223
-1939
-1464
-693
-7
8
-996
-2144
-2491
-1709
-857
-753
-1204
-1289
-714
-405
-594
-916
-754
-144
625
1314
1053
39
-788
-666
33
325
158
-108
-276
-409
-556
-739
-931
-1008
-846
-410
20
69
-256
-396
-37
491
772
677
594
623
726
921
1125
1232
1024
741
632
588
355
-72
-323
-384
-449
-649
-997
-1394
-1717
-1900
-2068
-2242
-2064
-1475
-1013
-1030
-1233
-1084
-716
-406
-120
232
776
1059
974
779
737
694
489
498
681
835
627
216
-118
-246
-257
-252
-136
10
23
-43
121
483
820
976
1077
1215
1394
1525
1643
1811
1948
2000
2142
2318
2431
2292
2134
2285
2452
2691
2855
2954
2899
2923
2919
2891
3202
3486
3561
2853
1517
3
-1732
-3521
-4267
-2700
-933
-1943
-4199
-4614
-3587
-2985
-2794
-1914
-997
-745
-789
-640
-234
-529
-1442
-1521
-273
717
3
-1658
-2462
-2174
-1587
-1259
-1146
-1340
-1991
-2433
-2031
-1075
-526
-812
-1131
-807
-331
-224
-319
-175
223
719
1210
1432
1239
771
574
883
1302
1337
949
667
566
388
65
-249
-477
-642
-651
-489
-505
-820
-1103
-1064
-780
-498
-377
-408
-332
-261
-149
-15
62
70
4
80
169
143
-4
-303
-507
-601
-624
-640
-818
-1031
-1214
-1303
-1425
-1545
-1377
-917
-409
-199
-179
-189
-31
194
269
534
865
1088
915
737
638
365
173
53
177
432
516
232
-114
-129
8
49
170
377
468
468
516
734
998
1156
1168
1249
1408
1635
1730
1821
2016
2280
2462
2522
2569
2479
2387
2289
2436
2747
2756
2615
2524
2612
2650
2488
2682
2774
2737
2357
1752
1035
-511
-2603
-4098
-3675
-2179
-1712
-2788
-4118
-4397
-4027
-3554
-2786
-1961
-1572
-1658
-1568
-995
-648
-920
-1219
-756
281
714
55
-865
-1255
-1029
-603
-285
-206
-720
-1427
-1755
-1365
-712
-530
-699
-876
-762
-586
-485
-382
-206
133
554
891
862
424
32
119
438
606
418
104
-221
-439
-451
-563
-820
-1063
-1121
-951
-777
-838
-1086
-1145
-804
-359
-16
71
44
34
249
586
794
741
650
701
830
867
636
339
77
82
170
129
-103
-479
-766
-887
-832
-978
-1243
-1243
-813
-311
-177
-229
-386
-294
45
564
1099
1319
1124
798
806
960
809
512
527
788
968
883
587
305
238
386
701
990
1079
823
694
814
983
1131
1139
1274
1356
1400
1405
1463
1469
1458
1418
1428
1478
1435
1259
1085
1187
1240
1376
1291
1243
1140
1320
1608
1702
1910
2360
2623
2321
1809
1155
242
-1451
-3084
-3527
-2305
-1349
-2157
-3601
-4207
-3934
-3575
-2935
-1972
-1195
-1209
-1429
-1220
-734
-773
-1110
-804
263
1043
618
-371
-1197
-1389
-1081
-489
-46
-168
-751
-1220
-1177
-714
-320
-379
-563
-650
-537
-385
-272
-266
-213
81
506
666
260
-308
-514
-194
131
267
234
57
-133
-329
-474
-654
-888
-959
-893
-669
-681
-1066
-1380
-1415
-1041
-663
-392
-369
-456
-397
-192
94
306
539
810
1143
1391
1364
1060
849
841
1015
1163
1151
968
583
308
148
-9
-307
-565
-620
-690
-817
-869
-741
-684
-636
-423
-134
151
295
417
500
499
532
456
394
290
186
164
93
51
7
-93
-204
-230
-259
-219
-134
83
309
376
413
433
591
664
665
762
826
898
1010
1261
1400
1336
1258
1334
1556
1713
1735
1687
1664
1758
2088
2212
2219
2238
2479
2476
2269
2531
2832
2546
1592
888
287
-1105
-2991
-3952
-3059
-1823
-2014
-3191
-3747
-3440
-3063
-2634
-1752
-809
-631
-960
-713
-84
-45
-646
-791
29
852
694
-297
-1083
-1279
-1063
-704
-321
-396
-983
-1491
-1421
-1039
-937
-980
-874
-535
-234
-77
-31
-103
-198
-43
419
829
771
393
174
313
550
522
323
171
97
-35
-172
-302
-509
-697
-596
-268
-98
-270
-544
-599
-398
-52
197
301
283
262
365
575
775
842
875
882
912
840
541
121
-201
-279
-179
-182
-350
-578
-790
-995
-1020
-847
-733
-633
-532
-433
-282
-372
-1055
-1555
-969
269
671
427
213
79
156
403
587
797
736
401
333
480
115
-531
-793
-598
45
169
-363
-784
-995
-965
-674
-253
120
-29
-167
133
530
739
648
675
1025
1343
1346
1298
1345
1347
1496
1826
2204
2148
1822
1484
1504
1716
1680
1613
1625
1839
1990
2074
1932
1847
1768
1530
1171
1067
1215
739
-474
-1672
-2200
-2395
-2026
-1302
-1053
-1595
-2128
-1884
-1425
-1175
-1010
-692
-399
-186
-43
-90
-470
-801
-795
-294
165
-40
-689
-1356
-1472
-1311
-1029
-867
-936
-1105
-1186
-1128
-1094
-1065
-1074
-936
-499
5
108
-134
-231
38
402
757
966
905
671
510
602
540
316
80
73
127
57
-220
-586
-801
-855
-732
-617
-556
-642
-678
-618
-407
-220
-153
16
251
489
595
623
603
658
788
852
911
776
561
478
428
531
571
463
332
154
104
33
-83
-175
-190
-64
-45
-83
-205
-369
-420
-376
-201
-129
-244
-604
-1236
-1536
-1286
-875
-760
-1024
-1149
-1163
-1163
-1190
-1159
-924
-798
-711
-570
-343
-280
-452
-430
21
565
849
796
615
525
580
833
1171
1410
1346
1209
1161
1116
988
845
842
910
914
820
715
647
513
554
853
1191
1356
1209
1108
1144
1357
1522
1707
1960
2187
2327
2331
2136
1770
1437
1144
1120
963
795
117
-506
-900
-1258
-1790
-2480
-2810
-3030
-2835
-2329
-2081
-2353
-2505
-2105
-1582
-1297
-969
-697
-659
-570
-295
-81
-205
-500
-517
-248
-14
-38
-345
-590
-636
-601
-491
-425
-411
-487
-514
-343
-154
-125
-153
-89
211
547
715
771
699
688
666
746
884
838
674
548
499
356
110
-183
-353
-401
-367
-394
-518
-699
-751
-644
-439
-151
-63
-68
-41
140
280
341
396
474
565
586
557
516
358
166
86
51
61
27
-42
-86
-165
-273
-293
-295
-277
-272
-182
-38
18
29
52
70
105
154
176
256
303
348
304
224
58
-354
-676
-710
-583
-928
-1377
-1353
-1006
-863
-1124
-1233
-1110
-891
-739
-535
-288
-260
-441
-462
-142
93
-82
-247
2
391
505
345
271
295
244
209
334
516
547
457
481
567
508
325
267
380
514
642
764
930
1095
1165
1246
1336
1447
1612
1705
1753
1702
1727
1795
1846
1827
1778
1647
1369
1046
739
568
433
417
317
202
-36
-228
-475
-756
-830
-719
-633
-953
-1374
-1461
-1093
-799
-870
-1026
-954
-703
-643
-590
-449
-416
-568
-627
-325
-137
-356
-777
-912
-791
-594
-476
-545
-653
-667
-605
-658
-808
-909
-838
-636
-406
-211
-108
-172
-324
-250
52
339
407
368
409
510
591
509
399
359
361
324
198
85
-114
-283
-323
-191
-53
-59
-51
-36
12
67
178
266
370
460
515
477
338
223
178
177
173
86
-76
-185
-282
-503
-748
-806
-794
-790
-837
-811
-826
-867
-893
-810
-688
-615
-551
-533
-499
-434
-314
-219
-150
-146
-84
-48
-57
-62
-46
-108
-414
-705
-797
-690
-616
-612
-567
-557
-612
-651
-589
-444
-320
-87
189
368
435
405
387
427
431
489
689
931
1142
1131
1079
893
666
584
671
861
970
1008
1011
1023
988
976
915
959
1050
1234
1417
1458
1431
1232
1081
1038
1110
1210
1260
1212
1128
1050
1014
969
831
697
598
493
366
234
183
117
-42
-297
-427
-389
-429
-506
-582
-600
-563
-566
-642
-849
-1093
-1248
-1169
-849
-631
-715
-795
-739
-744
-842
-891
-813
-826
-790
-659
-549
-572
-704
-716
-618
-439
-302
-273
-270
-181
39
250
327
272
153
128
142
110
86
36
-68
-171
-289
-384
-562
-757
-854
-872
-833
-801
-793
-807
-794
-759
-718
-716
-670
-503
-295
-128
-108
-189
-313
-353
-262
-129
23
140
252
260
198
165
189
249
276
323
402
441
440
438
413
333
245
214
289
296
261
239
308
431
476
540
505
370
261
332
442
486
486
407
323
195
98
102
137
99
6
19
102
138
39
-135
-288
-312
-210
-190
-262
-349
-395
-400
-234
-69
-150
-244
-200
-195
-177
-143
-178
-218
-215
-159
-95
-96
-214
-353
-355
-329
-328
-308
-338
-424
-489
-423
-260
-35
103
127
128
233
371
406
446
586
802
990
1170
1304
1362
1344
1261
1312
1425
1485
1432
1410
1423
1302
1129
975
895
865
831
786
763
724
670
596
515
432
321
214
118
71
75
37
17
17
18
39
44
-32
-178
-270
-315
-410
-572
-672
-714
-826
-920
-900
-862
-960
-1036
-1056
-1071
-1085
-1033
-870
-777
-727
-771
-749
-672
-573
-505
-510
-468
-398
-314
-264
-183
-149
-128
-109
-55
13
-27
-100
-102
-39
-30
-41
-65
-59
-43
-77
-77
-61
10
9
-36
-65
-73
-53
-65
-122
-119
-3
106
144
95
10
-40
-13
97
131
28
-67
-141
-156
-201
-273
-362
-435
-374
-282
-178
-172
-169
-100
-52
14
36
127
190
177
146
144
148
63
-49
-131
-257
-411
-486
-489
-491
-602
-636
-637
-655
-615
-680
-709
-723
-704
-563
-441
-407
-521
-561
-491
-448
-440
-443
-393
-297
-215
-121
-74
-98
-126
-88
110
305
404
448
478
595
795
980
1069
1081
1142
1245
1334
1404
1531
1645
1695
1778
1898
1962
1896
1821
1762
1692
1552
1424
1377
1204
1015
813
550
307
123
-48
-276
-351
-357
-436
-523
-531
-524
-588
-542
-422
-423
-475
-478
-416
-348
-322
-330
-406
-521
-570
-633
-685
-801
-967
-1051
-1097
-1090
-1139
-1130
-1123
-1118
-1089
-1047
-986
-940
-883
-801
-641
-533
-483
-373
-197
-98
-44
5
146
289
334
423
499
550
528
521
555
516
489
433
379
271
160
114
25
-41
-101
-172
-260
-337
-361
-400
-398
-298
-197
-103
-111
-116
-66
-28
21
10
32
61
67
85
44
-25
-99
-148
-147
-189
-204
-198
-148
-85
-49
2
-32
-62
-68
-50
-51
-99
-171
-188
-183
-195
-199
-243
-278
-242
-113
-33
11
24
39
107
127
160
143
73
-11
-22
111
243
342
314
257
213
205
257
298
398
493
503
442
368
208
-34
-166
-100
-10
-22
-70
-229
-427
-555
-570
-582
-621
-615
-634
-558
-470
-376
-303
-224
-148
-51
137
266
366
437
540
704
819
846
796
746
711
683
660
590
520
439
408
423
395
332
305
319
378
431
501
581
663
741
779
871
950
987
997
1014
1061
1010
917
869
875
831
673
593
560
520
401
297
274
241
195
150
100
30
1
18
33
-40
-138
-174
-306
-390
-355
-262
-341
-532
-591
-730
-937
-1086
-1060
-1141
-1306
-1380
-1338
-1375
-1575
-1671
-1704
-1694
-1684
-1612
-1494
-1384
-1292
-1238
-1083
-927
-849
-780
-618
-422
-287
-200
-93
31
-4
-54
-9
147
256
270
310
360
369
294
240
286
356
439
533
639
663
579
547
566
586
543
513
558
591
480
379
384
388
342
276
249
134
-24
-142
-194
-253
-388
-405
-325
-228
-228
-248
-219
-152
-95
-53
-5
6
50
87
193
236
191
143
61
18
-57
-138
-194
-214
-261
-337
-352
-390
-384
-382
-377
-348
-239
-147
-83
-37
-22
50
131
314
444
551
618
690
775
747
727
700
727
765
723
636
495
306
199
227
239
117
-66
-239
-438
-556
-565
-571
-639
-674
-707
-737
-728
-740
-757
-745
-694
-582
-461
-428
-442
-429
-340
-246
-133
0
120
162
127
144
181
216
256
291
330
380
454
506
557
555
536
574
678
771
816
842
887
1017
1091
1120
1103
1058
1083
1154
1218
1223
1228
1196
1194
1200
1188
1126
1049
1047
1079
1023
848
704
605
598
559
440
267
115
-36
-147
-190
-290
-421
-587
-624
-600
-671
-797
-859
-878
-937
-907
-939
-1017
-1070
-1097
-1123
-1170
-1170
-1224
-1296
-1305
-1288
-1347
-1366
-1242
-1111
-1054
-1028
-998
-1012
-1022
-1003
-924
-834
-746
-652
-578
-437
-366
-393
-401
-366
-292
-258
-207
-122
-37
-4
-45
-30
-5
-19
2
68
146
142
103
104
154
247
342
454
510
487
468
473
450
378
307
352
449
530
528
434
399
338
294
280
254
214
115
61
24
-6
-71
-171
-284
-367
-393
-347
-314
-277
-255
-267
-192
-139
-95
-156
-180
-99
47
179
148
85
-14
-106
-141
-104
-92
-149
-155
-140
-153
-183
-131
-62
-11
76
206
341
391
390
426
531
617
676
731
796
830
772
739
798
877
869
835
893
927
828
642
505
431
356
295
308
330
236
134
131
187
232
189
124
138
248
399
496
583
652
688
701
755
754
658
567
555
593
580
502
325
111
-24
-49
-95
-150
-226
-340
-413
-443
-450
-518
-595
-654
-687
-709
-764
-785
-778
-740
-708
-717
-782
-835
-859
-887
-984
-1080
-1075
-1000
-924
-890
-888
-898
-852
-772
-690
-607
-537
-484
-419
-295
-136
-114
-186
-208
-144
-103
-166
-269
-358
-400
-429
-451
-428
-405
-404
-408
-403
-405
-417
-397
-343
-286
-240
-209
-185
-181
-160
-91
-52
-22
13
57
94
122
199
291
354
331
311
344
371
377
335
310
292
281
263
220
138
44
18
37
90
160
198
168
166
242
331
366
409
491
597
701
749
765
764
821
919
991
1046
1049
1010
1007
1039
1041
957
906
947
1015
1035
945
831
680
557
509
504
531
461
396
372
377
365
308
311
301
294
183
-139
-390
-357
-210
-127
-37
-28
-334
-756
-875
-865
-1069
-1322
-1359
-1320
-1409
-1488
-1491
-1567
-1732
-1808
-1702
-1525
-1452
-1485
-1444
-1249
-1051
-864
-649
-430
-339
-381
-292
-66
103
73
7
90
163
198
236
292
304
256
278
410
516
452
376
385
467
537
549
537
580
578
491
452
418
387
295
256
321
318
246
208
272
305
290
284
306
320
325
365
448
490
451
417
384
357
280
152
74
40
-1
-50
-96
-139
-223
-322
-329
-298
-302
-342
-323
-228
-140
-53
-33
32
128
232
311
415
566
594
618
621
631
566
376
307
290
216
149
-19
-183
-289
-360
-395
-465
-464
-453
-434
-412
-335
-240
-213
-167
-62
86
157
134
97
84
96
135
234
287
285
241
176
138
68
-11
0
81
108
90
6
-90
-189
-275
-290
-301
-307
-316
-352
-359
-372
-406
-396
-338
-246
-170
-156
-162
-134
-82
-17
48
72
112
151
172
196
175
139
133
203
263
233
176
76
11
23
70
89
19
-51
-81
-126
-165
-187
-222
-287
-371
-352
-304
-303
-357
-339
-219
-96
-29
-75
-82
-37
38
146
212
188
123
122
168
232
212
169
163
142
181
238
229
127
47
82
122
98
73
91
136
194
242
229
189
164
159
160
150
75
-14
-27
-16
-47
-144
-207
-216
-215
-212
-227
-248
-262
-223
-103
-17
49
120
192
309
386
436
449
444
442
391
336
297
271
251
211
151
109
38
-75
-136
-158
-188
-151
-95
-21
-32
-76
-72
-31
22
23
29
9
-18
-39
-64
-420
-80
102
-387
18
-95
-216
-211
-731
-358
-168
-505
-423
-443
-382
-344
-552
-535
-356
-328
-357
-283
-197
-189
-287
-274
-141
-108
-113
-129
-240
-130
2
-195
-201
-119
-307
-352
-224
-153
-136
-164
-278
-337
-352
-316
-165
-107
-74
37
121
163
144
110
222
276
262
353
346
303
387
404
406
443
329
260
308
330
356
328
308
360
378
387
408
333
251
226
229
277
288
317
300
203
152
215
292
175
47
123
244
242
150
162
267
268
149
158
295
316
211
116
147
171
68
-59
-82
-6
31
-10
-54
-22
-20
-97
-64
16
112
180
216
313
360
358
338
368
387
360
325
269
222
163
99
0
-125
-228
-288
-309
-354
-426
-491
-538
-576
-607
-634
-655
-640
-580
-531
-545
-589
-609
-573
-502
-475
-468
-488
-451
-405
-414
-412
-443
-393
-365
-373
-356
-358
-347
-368
-327
-236
-151
-112
-121
-95
-34
18
53
60
-13
-92
-116
-70
-3
22
-15
-60
-9
17
46
83
86
148
221
354
455
462
501
559
626
682
720
746
782
799
763
724
666
590
539
541
565
572
526
415
306
254
248
206
39
-195
-313
-293
-311
-384
-423
-552
-726
-704
-525
-458
-616
-702
-727
-728
-627
-477
-402
-464
-482
-477
-427
-384
-392
-437
-439
-285
-159
-89
-30
-14
-15
24
128
211
195
163
226
287
337
377
383
387
363
325
311
363
417
451
502
550
582
546
507
569
618
613
560
502
457
372
283
253
266
250
194
112
23
-40
-113
-231
-314
-375
-460
-474
-476
-452
-468
-518
-487
-404
-289
-204
-127
-78
-57
-48
-51
-47
-49
-60
-39
-28
-110
-227
-335
-372
-380
-413
-444
-459
-451
-413
-333
-281
-254
-248
-188
-103
-77
-57
-62
-85
-101
-59
-12
-31
-98
-129
-89
-45
-13
-39
-71
-32
-4
30
94
145
174
156
189
295
350
340
327
324
331
333
275
238
165
104
105
111
140
142
175
198
188
167
200
271
330
372
352
328
311
324
348
277
184
107
33
-6
-62
-101
-146
-221
-271
-276
-308
-354
-379
-411
-409
-415
-421
-401
-394
-339
-243
-152
-100
0
122
224
333
397
472
562
655
682
657
625
574
484
403
352
258
163
101
99
44
-26
-61
-102
-70
-50
-26
12
43
104
147
153
124
59
-12
-30
21
51
-4
-117
-264
-355
-398
-448
-491
-565
-572
-501
-497
-553
-642
-730
-757
-689
-530
-383
-328
-310
-239
-146
-85
-34
20
57
108
193
222
217
161
147
169
149
143
121
113
95
117
151
163
190
205
280
355
415
473
489
525
581
620
592
560
531
522
483
438
406
357
325
260
212
141
100
51
-57
-149
-243
-265
-264
-260
-234
-232
-262
-307
-314
-305
-284
-256
-259
-240
-208
-251
-313
-351
-322
-292
-289
-269
-289
-329
-371
-377
-340
-362
-407
-405
-364
-305
-243
-180
-145
-118
-85
-24
15
-1
26
86
135
156
159
166
123
86
114
185
238
239
189
177
210
239
244
241
288
301
325
352
353
305
190
90
47
61
29
-65
-161
-190
-172
-172
-149
-176
