88
2
84
29
-36
73
54
-1
40
-29
136
-12
13
109
-28
94
13
21
225
-181
137
133
-94
136
-48
183
-112
120
98
2
146
-46
102
196
-19
11
206
24
18
94
95
9
25
72
33
11
77
-68
130
-3
-69
117
-54
76
-61
-3
128
-123
121
-73
-12
150
-130
49
49
-38
91
31
1
59
59
98
-59
113
103
-102
164
-72
67
33
-131
96
37
-86
-81
128
-98
-17
-63
89
-7
-112
75
-39
63
-52
-68
89
-41
10
56
-71
148
-86
14
82
-26
1
-38
137
-88
39
-32
90
-27
-60
19
54
-52
-165
191
-47
-90
7
18
74
-157
63
6
16
-108
-41
85
-29
-147
41
89
-130
23
44
48
-35
-79
189
-58
-90
89
3
2
-64
74
-123
-13
106
-181
14
85
-159
124
-25
-52
18
71
-127
46
64
-152
71
67
-126
18
86
-19
-19
-30
135
-76
25
50
-31
93
-66
40
6
-21
49
-162
64
41
-101
0
100
-12
3
78
-28
74
77
-42
82
-11
103
-123
147
-10
-118
247
-239
62
85
-116
19
-91
134
-36
-236
230
-79
-11
-110
-32
176
-239
-59
83
-13
-104
-56
44
102
-252
105
145
-250
109
-21
-7
-13
-59
57
-63
-39
-10
-62
25
-85
-37
80
-121
-70
90
-55
-85
-20
25
-73
-95
60
-10
-70
-53
148
-87
10
7
-29
108
-148
119
-107
54
110
-179
155
-49
-15
85
-220
198
-65
-58
131
-227
280
-168
-74
132
-126
92
-108
15
181
-238
104
-24
57
73
-183
227
19
-15
77
14
166
-136
178
45
-131
274
-203
115
43
-97
195
-140
66
108
-101
62
-11
-119
231
-206
25
106
-154
233
-325
236
104
-262
196
-1
20
146
-282
368
-10
-214
324
-291
357
-170
-167
382
-262
43
-20
-14
143
-250
79
106
-264
279
-228
114
66
-142
-20
82
34
-80
58
-20
81
-13
125
-144
213
-6
-104
100
120
-123
28
60
-10
62
-40
-38
77
-16
-63
3
-12
-90
-28
26
-168
-16
18
-193
61
-59
-33
35
-42
-31
124
-9
-76
127
4
-97
54
67
-41
-195
69
-69
-113
29
-258
109
-53
-333
265
-158
-203
111
-186
292
-429
84
103
-144
46
-248
197
-120
-230
309
-244
42
-17
-263
373
-293
-82
91
-141
78
-240
100
-47
-189
22
-8
-84
52
-116
-46
296
-523
430
-23
-393
465
-265
168
69
-346
545
-325
52
131
-43
178
-309
436
-21
-172
261
-99
171
100
-260
320
106
-234
175
-15
73
-32
-17
179
-68
16
84
-25
35
154
-164
9
220
-86
46
51
16
75
-46
169
-122
270
-203
22
335
-375
289
-162
102
-25
42
58
-28
113
-28
117
76
-177
347
-205
40
203
-234
254
-179
160
-160
123
61
-267
296
-10
-312
399
-167
-102
453
-506
462
-285
199
86
-430
680
-573
270
121
-503
635
-409
132
-45
-115
243
-203
-76
61
-34
-27
-86
-111
227
-381
232
52
-304
251
27
-199
132
154
-213
106
26
-83
153
-186
64
-78
7
73
-348
281
-265
-81
125
-375
302
-331
44
117
-495
489
-220
-175
-11
264
-305
17
65
49
-118
-83
193
-241
295
-464
205
29
-125
-287
344
-380
46
130
-405
156
-10
-170
-6
167
-281
205
-149
88
-166
340
-300
-36
401
-525
418
53
-305
284
-48
115
-82
114
233
-401
580
-414
164
179
-197
244
-94
138
63
-139
179
72
-98
133
32
17
135
31
-35
7
174
-23
-96
420
-417
278
171
-185
95
165
39
-200
490
-128
-240
516
-161
-84
243
-73
153
-43
-56
133
228
-437
322
54
-40
187
-217
350
-80
-197
375
-201
84
17
-180
600
-747
414
153
-448
412
-352
242
-49
-321
715
-796
383
313
-828
926
-615
61
382
-479
188
-57
233
-246
-241
561
-551
130
77
-352
163
65
-541
316
-52
-398
260
-367
193
-108
-218
231
-424
268
-158
-242
354
-615
506
-369
-236
546
-569
-53
250
-506
596
-623
228
-125
-90
118
-287
261
-248
-127
266
-246
-57
358
-583
243
152
-359
200
-253
190
-194
-190
431
-395
-21
108
-255
202
37
-689
782
-437
-87
208
-245
359
-452
232
184
-364
438
-145
-15
283
-208
277
-168
147
136
-92
115
79
81
-455
578
-200
-132
111
-225
466
-382
62
93
-121
271
-284
67
290
-215
50
103
210
-300
199
330
-600
525
27
-350
349
-109
-25
122
95
-280
201
121
-337
454
-317
438
-253
1
532
-577
522
-163
-90
463
-434
516
-404
327
141
-552
671
-230
-213
104
163
-276
275
-234
113
74
-147
126
-45
108
73
-448
722
-649
428
16
-646
992
-801
376
37
-425
487
-215
-54
-32
94
81
-135
-45
227
-304
253
-134
-323
616
-406
-53
85
239
-382
2
-132
290
-257
-275
246
-35
-52
-145
-158
384
-269
-109
132
205
-19
-521
878
-486
195
31
-212
469
-171
-191
188
187
-341
214
-314
448
-329
97
-38
-275
803
-897
404
100
-241
368
-290
-174
592
-477
182
-173
152
261
-627
536
-304
13
416
-919
839
-37
-801
906
-573
79
266
-617
600
-324
-50
226
-325
322
5
-468
559
-415
83
422
-788
843
-544
7
427
-528
523
-439
212
260
-536
518
-262
102
-38
-47
121
-30
11
-93
203
-74
-189
240
52
-316
267
31
-180
233
-169
-19
183
-192
120
3
13
193
-292
393
-167
1
-16
106
19
-243
508
-110
-415
560
-36
-404
468
-306
154
-237
344
-163
-61
104
-280
130
238
-443
343
-233
151
-82
-63
326
-324
30
169
-55
-41
-121
181
-116
-6
123
-367
481
-494
179
-37
-286
261
-196
-100
243
-176
59
54
-90
15
-138
173
-10
-140
53
134
-158
146
-302
147
344
-725
605
-414
141
122
-462
576
-535
234
-174
31
83
-306
386
-402
86
96
-357
379
-341
75
109
-293
270
-128
205
-422
188
275
-643
652
-441
-16
300
-406
463
-359
125
20
-96
99
-88
-91
176
-124
-62
235
-321
218
118
-338
328
-263
344
-79
-203
630
-653
607
-240
-90
601
-657
697
-469
436
-8
-527
951
-805
511
-177
18
104
65
163
-315
551
-329
129
162
-392
664
-544
238
-94
120
168
-401
655
-577
470
-86
-1
213
-121
272
-124
20
412
-397
223
264
-347
134
157
-158
-97
189
-51
-137
155
77
-291
123
248
-583
451
90
-568
504
104
-366
109
195
-223
105
-220
356
-443
237
24
-395
375
-516
64
-86
112
-581
395
-341
-84
166
-411
247
-456
530
-670
292
-121
-206
274
-452
210
-166
-204
-13
-7
-162
32
-395
575
-635
395
-382
91
122
-599
682
-609
345
-193
112
-348
405
-564
321
-215
-338
404
-536
649
-945
598
-24
-487
529
-212
-253
722
-963
1090
-679
147
538
-885
1253
-1282
1042
-47
-720
1054
-310
-25
409
-524
861
-696
397
-2
-66
660
-903
956
-76
-74
-84
688
-234
-30
386
-117
241
-29
217
-156
441
-121
-38
83
363
-468
431
-68
-20
410
-109
125
-4
259
-36
70
137
101
-107
375
-72
-37
-34
201
-201
45
31
112
23
-264
228
125
-322
163
-157
94
-133
41
78
-508
628
-384
139
-255
329
-321
-47
124
-159
-149
362
-761
524
-80
-574
419
-426
132
-118
-281
291
-488
328
-174
-386
471
-560
307
-482
231
-24
-346
78
-95
-275
245
-420
158
-193
-57
272
-478
287
-133
-3
18
-101
134
-293
128
153
-345
333
-56
-320
539
-241
-251
395
-154
-143
320
-161
-75
259
-114
195
-466
638
-373
86
113
-330
730
-733
381
152
-142
-132
475
-642
702
-174
-472
956
-418
123
-178
747
-394
-458
1134
-666
56
661
-414
277
101
33
-24
-86
453
-560
634
-162
-372
742
-564
159
17
136
-175
342
-155
147
-35
209
-209
-213
682
-590
413
-196
78
-77
229
-157
-17
141
-334
573
-442
152
-320
354
41
-408
372
182
-453
547
-496
383
-89
-338
477
-464
388
-683
593
-234
-460
371
86
-490
428
-307
179
-224
-78
195
-363
277
-405
294
106
-683
659
-358
-107
251
-603
422
-299
-196
157
-228
-121
54
-223
265
-448
309
-74
-276
114
197
-425
266
-333
62
368
-402
181
-199
298
-266
-175
270
-20
-450
677
-729
500
7
-554
747
-558
399
62
-318
908
-1100
758
27
-750
911
-576
132
400
-623
709
-528
203
234
-449
460
-444
594
-298
-122
314
42
-156
249
-278
476
-213
-168
612
-400
114
280
-190
99
82
-391
291
37
-249
252
-298
228
-244
-107
410
-767
405
13
-244
310
-482
335
-102
-216
215
-271
97
19
-349
198
-64
-301
236
-137
-277
293
-234
-16
-162
319
-364
85
200
-151
118
-452
488
-226
-155
152
-221
524
-620
260
287
-747
801
-922
706
-201
-139
394
-228
123
154
-32
22
-163
136
88
109
-185
63
121
178
-496
398
24
-68
-2
54
120
158
-110
-229
275
302
-674
394
339
-628
791
-752
741
-356
59
14
-294
594
-855
563
-267
57
75
-248
57
115
-251
-144
170
-386
346
-418
200
-126
-46
73
-282
526
-412
-132
887
-1095
432
453
-1051
970
-544
-85
440
-532
490
-514
229
322
-876
932
-535
-30
420
-552
410
-159
-37
533
-620
601
-82
-199
531
-687
593
-250
-56
649
-921
1037
-238
-428
706
-382
300
-67
-51
334
-144
20
524
-728
600
196
-597
622
4
-103
15
137
122
-103
104
113
-69
277
165
-237
357
-223
373
-179
213
-66
-252
612
-452
308
-285
152
236
-364
429
-398
36
404
-682
375
105
-614
532
-202
-211
147
120
-423
151
233
-335
-56
215
35
-192
183
-164
348
-557
423
-225
-12
577
-1084
1066
-373
-342
829
-1150
1101
-602
-204
1026
-1308
995
-282
-235
357
-232
310
-114
-258
798
-969
647
-103
-497
430
-24
-150
9
86
-358
601
-617
121
-51
44
229
-874
780
-289
-418
514
-337
-25
155
-413
703
-521
-248
423
-296
-31
-78
195
-424
331
-158
-128
227
-519
466
-418
221
19
-269
438
-584
394
-242
-249
694
-923
364
235
-357
128
-139
48
-38
-124
148
-251
359
-353
-261
813
-986
279
351
-607
344
-326
362
-22
-700
649
-282
212
-424
223
203
-301
112
12
-151
330
-160
-349
902
-820
260
227
-439
485
-549
673
-490
400
296
-931
1154
-757
37
368
-425
390
-388
385
-161
-146
254
-291
246
-538
615
-357
22
-117
111
46
-421
535
-604
438
97
-661
840
-417
-134
244
-191
479
-961
899
-211
-394
474
-227
268
-235
5
275
-16
-180
-49
242
-58
-150
160
231
-458
431
-87
-2
231
-535
434
123
-520
535
-323
680
-883
418
320
-696
688
-761
762
-632
149
64
-92
-33
-394
618
-551
191
-108
75
-235
-127
199
-270
-39
246
-356
339
-326
255
246
-503
175
288
-310
107
206
-310
405
-484
622
-201
-179
580
-663
732
-414
-150
586
-578
34
213
-105
-35
-241
298
-219
-79
184
-400
104
395
-639
162
314
-574
365
-4
-173
-24
269
-133
-112
178
96
-324
249
251
-555
811
-567
96
552
-246
-224
409
257
-516
314
446
-303
-185
577
-20
-559
870
-488
-39
251
-264
215
-54
185
-694
1061
-600
-135
219
75
-219
-102
213
-205
-8
317
-581
792
-557
338
13
-159
618
-583
70
323
351
-879
967
-537
223
270
-164
87
248
-286
372
-327
431
-396
-7
535
-814
760
-405
28
62
-19
-67
251
-650
781
-501
-203
556
-679
386
-247
162
-97
-277
653
-864
628
-245
-240
219
-382
314
-216
23
240
-394
503
-251
46
101
-452
880
-960
633
-428
120
436
-690
215
341
-427
201
69
-324
504
-685
355
-102
-168
69
-119
177
-337
343
-309
132
-371
409
-435
141
-142
102
-83
-292
117
179
-242
-149
398
-439
509
-607
538
-511
416
-186
131
50
-108
468
-382
265
-181
469
-575
535
-268
352
-377
106
737
-1113
1210
-930
528
56
-242
165
52
-28
-229
453
-248
-44
122
371
-614
923
-656
442
-330
337
-148
-15
341
-237
301
-259
523
-715
961
-1185
1177
-522
-143
325
-259
319
-383
320
-299
432
-758
1011
-1093
958
-674
434
-141
-109
536
-1052
1198
-1090
711
-492
555
-285
-70
225
-13
-196
283
-540
450
-431
139
111
-240
14
-138
247
-669
822
-1043
708
-558
314
83
-770
935
-1204
843
-476
296
-354
468
-570
480
-101
-148
177
-658
669
-381
1
357
-573
301
374
-1007
1314
-1508
1399
-1166
319
374
-996
1704
-1777
702
312
-311
-208
770
-950
909
-720
187
697
-1407
1517
-1165
92
913
-754
391
151
-780
1048
-566
168
-10
-720
1239
-1155
545
251
-336
7
375
-309
-242
1002
-1231
384
256
502
-938
470
549
-892
713
-718
1081
-1035
410
460
-601
287
-92
80
-2
-477
1064
-686
-524
1683
-1929
1283
-627
-18
147
-632
1108
-972
128
389
-415
134
140
-657
420
-163
103
-272
82
10
377
-442
168
507
-528
96
682
-1175
1046
134
-1222
1616
-1118
531
-116
123
-159
-86
671
-639
84
334
-299
13
299
-896
1293
-782
70
-152
1302
-1643
798
57
4
-122
-503
1820
-2833
3379
-2862
1558
-21
-916
938
-1201
1630
-1378
67
906
-866
65
648
-1376
1683
-1718
743
30
-308
-94
-247
460
-272
-244
-205
1032
-1236
651
-608
952
-559
-835
898
-64
-656
911
-955
629
667
-1993
2277
-1374
417
181
-758
1273
-1234
617
74
-1092
1687
-1098
-417
1917
-1834
950
-389
462
-392
-49
224
-112
59
405
-437
-59
962
-1599
1466
-644
363
-572
770
-340
-4
59
261
-631
238
628
-1072
1059
-704
196
135
-503
384
-520
662
-748
-14
874
-1111
525
-84
-403
485
-531
452
-400
-107
885
-1197
751
-138
-230
222
-24
169
-414
665
-352
-56
94
-250
322
-38
-386
520
-606
418
166
-472
450
-540
770
-421
12
664
-825
802
-273
-465
1201
-791
12
845
-711
521
154
-405
412
-363
432
39
-187
441
-277
-101
1089
-1315
698
463
-1242
1440
-873
142
674
-1262
1230
-657
5
830
-1343
1141
62
-971
1211
-625
-133
559
-610
456
-167
-138
372
-540
640
-329
-174
651
-768
348
78
-191
116
-152
-46
35
-75
125
-193
28
81
-330
91
126
-191
-138
147
-1
-217
230
-252
41
-79
-71
69
-115
189
-396
313
-114
-200
98
-142
246
-324
-53
348
-275
-206
327
-358
-39
177
-354
186
88
-208
-66
103
-154
-18
-3
91
-238
44
77
-105
161
-282
73
70
-132
212
-242
70
188
-287
283
-234
160
-69
-335
463
-133
-136
165
92
-156
-67
190
145
-355
219
-61
-167
460
-330
43
132
-21
-155
296
56
-250
69
300
-29
-62
371
-311
278
-141
9
360
-291
234
-61
164
364
-459
268
35
51
48
1
269
-292
316
-33
113
16
-73
18
-60
314
-340
347
-218
157
-70
-139
150
-295
160
-240
212
-130
52
24
-108
169
-67
-33
96
210
-92
177
-49
85
82
-268
285
-149
16
63
9
87
-74
2
-78
59
-243
86
52
-92
-133
22
123
-299
170
-160
-41
18
-209
80
23
-17
-185
28
-71
-52
-123
-38
-23
-104
-147
-36
209
-317
23
97
-221
114
-53
32
31
-68
69
-9
144
-97
-11
9
-115
-141
114
-90
-189
152
-248
214
-269
-117
34
-445
47
-192
60
-11
-62
-67
100
-180
11
61
-93
254
-173
369
138
-18
166
-147
224
-30
114
100
145
166
-58
176
-142
38
-134
-164
203
-18
30
172
-96
-33
-55
-101
64
-145
37
-78
120
21
-101
36
-246
105
-96
179
50
47
208
-187
242
-97
-3
157
-89
296
106
152
170
-69
129
-6
111
94
138
99
159
34
55
163
-217
110
-4
55
0
53
2
-155
-58
-91
-18
-116
144
-263
204
9
-159
112
-218
-30
-137
15
-50
-46
-6
-149
13
-32
-135
-32
-44
-122
-43
38
-188
-51
-54
-201
94
-181
-24
-61
-145
-45
-90
-30
24
-101
94
10
-59
168
-120
152
-2
87
115
93
77
81
101
-3
142
-39
147
80
113
138
15
51
72
-5
62
131
17
169
26
82
13
-20
98
-98
50
0
-45
10
-87
-12
-196
-32
-154
-83
-28
-209
79
-360
43
-283
-72
-128
-197
4
-290
30
-267
24
-206
-114
-78
-60
-163
8
-184
-57
-73
-152
88
-255
134
-145
144
-91
87
168
-31
265
-39
225
59
87
180
75
208
131
217
239
121
313
172
255
258
295
288
358
382
386
507
349
510
445
678
571
824
790
884
935
974
963
941
1006
865
1198
867
1055
924
725
-2
-483
-624
-810
-774
-1069
-930
-1181
-1532
-1977
-1905
-2230
-2761
-2715
-2287
-1930
-1837
-1854
-1629
-1727
-1779
-1140
-424
-26
90
719
823
996
1041
1032
961
763
1037
1186
1284
1171
989
581
14
-57
-121
-386
-901
-993
-1070
-1180
-1348
-1269
-1421
-1943
-1679
-1398
-819
-815
-531
-302
-164
92
403
745
696
952
1286
1906
2117
2220
2099
2035
1805
1996
2226
2134
2017
1780
1771
1946
1645
1654
1445
1320
1071
1242
1520
998
733
466
771
972
1385
-40
-2033
-2594
-1411
15
-1293
-2061
-1492
-1667
-2817
-3090
-1756
-2895
-4952
-3898
-560
352
-2419
-2865
-1561
-1299
-1543
61
2569
1215
88
1280
3425
2450
265
1049
1743
2165
2025
3153
2350
-90
-1143
-254
709
-371
-887
-1105
-1337
-1657
-1692
-1457
-2591
-3247
-2553
-1340
-1316
-1978
-1883
-1888
-1552
-1036
290
598
-229
98
939
1513
824
1030
1260
1282
1255
1631
1833
946
167
501
954
786
391
188
133
-218
-61
56
149
-114
278
892
987
751
546
1064
1399
1883
2317
2768
2629
2649
2966
3153
2941
2478
2390
2476
2577
2536
830
-2538
-4062
-2203
5
-1630
-3770
-3221
-2815
-4585
-5642
-3935
-4239
-6656
-6057
-986
896
-2665
-4644
-2262
-50
-48
1510
4441
4219
1743
2303
5084
4806
1491
1276
3190
4091
3311
2434
1715
-1518
-3029
-2239
-392
-892
-3129
-3457
-3715
-3409
-3971
-3720
-3790
-4013
-2713
-1108
484
-260
-1095
-906
366
1670
2118
2825
2590
2402
2236
2795
2845
1565
980
1061
1739
1303
424
-388
-1469
-1834
-1927
-1159
-1145
-1719
-1925
-1561
-904
-1121
-1040
-771
-40
892
1818
2613
2632
2444
2451
3204
3428
3377
3510
3719
3867
3369
3375
2796
2086
1703
1845
2163
1376
780
176
184
-117
-1579
-4612
-6508
-4426
-1268
-1451
-4176
-4059
-2764
-3595
-4606
-3109
-1870
-3644
-4335
247
3601
566
-3263
-1717
2097
2394
2482
4528
4890
2001
581
2952
3890
784
-1436
374
2335
1428
-354
-1566
-2935
-4437
-3682
-999
-375
-2165
-3727
-3098
-1848
-1781
-1913
-1361
-590
163
1506
2510
2212
727
115
1440
3216
3636
2961
2045
1518
774
-430
-621
-643
-976
-1524
-1352
-755
-1661
-3490
-3711
-3176
-2456
-2070
-1106
-239
-818
-1057
-819
282
526
1049
2042
3137
3286
2951
2937
2285
2035
1881
2626
3046
2608
2013
1044
319
-196
-176
91
155
463
418
387
210
22
384
580
1297
1745
2329
2697
2186
-388
-3606
-3359
127
2466
334
-1752
-1063
-870
-3132
-4307
-2684
-3353
-5227
-3802
615
1233
-4198
-6213
-2979
423
463
854
3228
2770
632
429
3134
3004
200
-90
2782
5051
3008
746
-656
-1671
-2072
-1324
780
342
-1757
-3052
-2430
-1466
-2402
-3002
-2632
-1127
-107
477
748
-64
-1000
-951
1111
2694
2920
2070
1733
1865
1750
1373
935
1047
499
103
-269
-817
-1645
-2843
-2797
-2272
-1646
-1838
-2135
-1961
-2282
-2321
-1839
-1001
-424
84
607
1107
1291
1194
1533
1702
2285
2532
2849
2942
2411
2144
1611
1468
905
958
1045
985
820
576
603
229
661
746
1469
1890
2380
2717
2506
2654
2482
2835
1841
-1284
-3892
-2847
953
1454
-1644
-3596
-2519
-2420
-4654
-5024
-3981
-4717
-6512
-4095
237
-567
-5383
-6227
-1493
1770
1540
1708
3537
3439
1543
2343
4445
3830
789
772
3703
5093
2557
-427
-1376
-1751
-1831
-1407
-97
-1041
-3158
-4030
-2647
-1599
-2614
-3317
-2507
-619
365
908
818
394
-256
492
2439
3762
3467
2119
1938
2207
2065
1378
663
406
-181
-276
-105
-716
-2983
-5307
-5052
-3592
-2324
-2598
-2428
-2418
-2425
-1949
-1309
-408
-936
-29
1757
3486
3478
2251
1756
1541
2459
3002
3802
3484
2179
1865
1565
1504
527
-451
-470
-100
377
468
42
-706
-732
-265
1391
2100
2331
2675
3111
4004
3990
4134
3891
3921
3690
1861
-1803
-3667
-1763
959
-325
-3693
-3934
-2972
-4194
-6371
-6076
-5338
-6687
-7114
-2859
124
-2621
-6113
-4076
1194
2763
2153
3412
5193
4478
3352
4791
5800
3605
1240
2230
4814
4255
1159
-1330
-2173
-2416
-2883
-2337
-2150
-3351
-4740
-4714
-3162
-2888
-3774
-3903
-2330
-400
602
1146
1063
1117
932
2008
3504
3975
3389
2470
2730
2515
1951
763
49
-422
-1102
-1069
-1245
-2239
-4360
-5170
-4760
-3887
-3391
-3010
-2355
-2143
-1706
-1256
-623
-253
-48
1070
2348
3536
3350
2790
2226
1934
2372
2407
2794
2199
1752
1099
533
211
-615
-995
-1020
-423
-164
-93
-383
-486
-321
333
1503
2531
3248
3576
3886
4394
4921
4942
4778
4653
4967
4977
3935
-351
-5135
-5496
-1503
528
-2760
-5692
-4851
-4215
-6619
-7915
-6582
-6245
-7874
-5489
274
1552
-3277
-5705
-1055
4119
4751
4450
6315
7052
5198
4337
6053
5511
1863
-14
2190
4586
2254
-1875
-4363
-4723
-4827
-4604
-3334
-3311
-4626
-5789
-4505
-2641
-2593
-3128
-2542
59
2335
3368
3215
2692
2192
2367
4009
5027
4985
3459
2170
1975
1449
416
-1086
-1859
-2470
-2607
-2505
-2914
-4465
-5852
-5665
-4590
-3561
-3474
-3009
-2285
-1594
-727
191
874
1108
1585
2825
4060
4336
3358
2734
2634
2607
2345
1958
1495
753
141
-294
-448
-1049
-1776
-1744
-1430
-991
-1024
-1052
-803
-385
340
1201
2218
2785
3205
3854
4543
4882
5067
5402
5760
5705
5295
4604
3976
3146
315
-4777
-7644
-5327
-1195
-2271
-6371
-7310
-5769
-6312
-8434
-7458
-5837
-6411
-6843
-1864
2871
796
-3869
-2574
3779
6483
5793
6211
8033
7023
4747
5102
6057
3856
14
-218
2663
2980
-678
-4281
-5379
-5227
-5345
-4428
-3126
-3434
-4695
-4683
-2420
-1204
-1554
-2007
-326
2158
3525
4079
3677
3310
2570
2906
3897
4316
3331
1590
914
583
-21
-1367
-2385
-3007
-3353
-3192
-2969
-3009
-4323
-5217
-4702
-2992
-1983
-1882
-1058
-379
270
560
1493
1895
1777
2230
3150
4292
3704
2829
1784
1561
1454
1056
1127
535
34
-655
-962
-1144
-1683
-1976
-1765
-1035
-233
54
-83
-301
184
635
1608
2341
2975
3573
3598
4313
4103
4161
3610
3965
4284
4128
3698
2787
2542
1472
-722
-6052
-8575
-6091
-1624
-1707
-5327
-5969
-4703
-4954
-6814
-5641
-3722
-4213
-4578
-209
4187
2296
-2558
-2048
3386
6237
5721
5708
7044
5785
3303
3038
4082
2267
-1222
-1779
1015
2161
-698
-4273
-5746
-5497
-5130
-4087
-2775
-2415
-3590
-3809
-2198
-904
-879
-1547
-338
1880
3545
3790
3263
2778
1799
1779
2496
3468
2910
1389
758
147
-142
-1548
-2222
-2608
-2932
-2689
-2503
-1945
-2905
-4063
-4436
-3082
-1583
-826
-503
-164
534
786
1561
1816
2002
1815
2036
2969
3295
2867
1450
646
418
418
353
-177
-837
-1275
-1342
-1201
-1368
-1857
-2163
-1923
-847
195
450
170
234
772
1540
2313
2849
3280
3451
3979
4592
4787
4301
3529
3861
4283
4339
3812
2994
2588
1912
448
-4124
-7680
-6604
-2025
-907
-4211
-5399
-4504
-4204
-6203
-5678
-3584
-3915
-5114
-2124
3299
3052
-1651
-3013
1548
4987
4615
4524
5933
5794
3423
2611
3707
2644
-849
-2577
-328
2034
323
-3279
-5288
-5177
-5291
-4853
-3489
-2333
-2996
-3962
-2706
-938
-429
-1677
-1468
809
2917
3514
3329
3335
2561
1902
2177
3322
3259
1883
805
725
818
-363
-1697
-2698
-3007
-2946
-2757
-2262
-2638
-3436
-4165
-3700
-2689
-1884
-1424
-1090
-216
550
1297
1429
1610
1572
1758
2455
2962
3234
2484
1745
1065
763
587
215
58
-397
-582
-923
-1078
-1368
-1688
-1916
-1553
-587
148
510
300
552
821
1529
2150
2727
3243
3588
3908
4240
4579
4118
3767
3581
4091
4077
3625
3016
2472
2173
1426
-1491
-6218
-7710
-4339
-618
-2021
-4934
-4820
-3808
-4947
-6104
-4516
-3185
-4919
-4625
291
3869
1093
-3143
-1381
3147
4700
3808
4765
5917
4520
2585
2726
3658
1270
-1970
-1956
858
1906
-1102
-4136
-5168
-5074
-5334
-4657
-3279
-2855
-3641
-3988
-2191
-1127
-1310
-2369
-1131
1370
3015
3683
3431
3633
2563
2262
2817
3672
3382
1968
1383
1147
868
-426
-1321
-2126
-2464
-2429
-2054
-1601
-2335
-3343
-3847
-2944
-2022
-1716
-1232
-512
155
661
1200
1581
1477
1324
1501
2386
2929
2542
1494
857
749
331
147
-224
-508
-1027
-1371
-1137
-1184
-1491
-1994
-1958
-948
-79
320
399
651
972
1238
1956
2404
2744
2764
3255
3709
4129
4287
3678
3538
3588
4216
4176
3665
2974
2440
2489
2478
161
-4408
-6681
-4386
-779
-1499
-3990
-4188
-3299
-4156
-5212
-4117
-2879
-4689
-5422
-1372
2651
1539
-2683
-2246
1298
3063
2560
2952
4351
3678
2268
2091
3230
1625
-1543
-2582
-564
1602
-73
-2409
-3761
-3858
-4138
-4129
-2800
-1946
-2181
-2741
-1158
563
691
-602
-920
920
2440
3218
3504
3771
3132
1968
1799
2387
2369
1300
281
553
805
332
-1029
-2050
-2560
-2784
-2366
-1887
-1385
-1881
-2721
-3211
-2774
-1717
-1271
-1020
-565
290
932
1030
946
809
601
508
873
1380
1481
859
-12
-300
-333
-482
-805
-929
-744
-645
-438
-357
-355
-500
-748
-386
629
1667
1937
1732
1915
1943
2243
2301
2479
2712
2738
3067
3177
3659
3151
2738
2222
2497
2945
2581
2248
1629
1664
1601
761
-3002
-6359
-5874
-2315
-924
-2804
-3709
-3181
-3123
-4709
-4398
-2812
-3280
-5139
-3610
1020
2566
-373
-2365
-118
2333
2488
2365
3752
4325
3013
1991
2887
3315
1099
-1568
-1560
765
1204
-503
-2267
-2319
-2419
-3027
-2909
-2066
-1414
-2250
-2162
-719
947
624
-724
-364
1101
2242
2329
2783
2980
2541
1636
1509
1859
1386
503
-212
144
120
-485
-1173
-1758
-2072
-2545
-2544
-2145
-1900
-2126
-2909
-3002
-2220
-1575
-1491
-1440
-852
-176
249
584
1059
1191
645
476
1193
2131
1890
861
519
714
661
101
-148
-176
-449
-775
-579
-236
-405
-950
-1459
-691
-22
282
527
653
1075
1065
1741
2141
2392
2280
2242
2829
3248
3949
3500
3312
3194
3278
3240
2927
2772
2315
2102
2052
1413
-2052
-5724
-6057
-2860
-1521
-3384
-4473
-3681
-3602
-5069
-5026
-3295
-3273
-5491
-4589
-197
2290
197
-1879
-21
2366
2434
2070
3579
4854
4014
2565
3174
4207
2878
-119
-1146
515
1108
-391
-1921
-1726
-2136
-3324
-4135
-3352
-2317
-3110
-3597
-2617
-455
-267
-1180
-1115
-182
445
260
1298
2376
2895
2004
1275
1774
1970
1527
579
706
972
874
262
-178
-381
-1246
-1852
-2083
-1559
-1504
-2272
-2737
-2491
-1589
-1385
-1456
-1285
-648
-81
41
651
1057
1361
1255
1280
1792
1775
1524
945
1006
1185
846
441
15
-125
-505
-787
-790
-621
-636
-923
-945
-528
-182
-25
2
343
848
1188
1441
1535
2001
2400
2736
3152
3618
4019
3866
3635
3747
4124
4127
3641
3255
3019
2879
2397
152
-3192
-5018
-3689
-2013
-2626
-3784
-3922
-3762
-4863
-5598
-4723
-4036
-5405
-6319
-3857
-662
-234
-1971
-1729
-73
952
1131
1900
3577
3723
2986
2428
3541
4070
2593
706
230
1193
746
-190
-867
-851
-1280
-2737
-3211
-2784
-2319
-3197
-3807
-2747
-1396
-1101
-1652
-1453
-960
-732
-585
114
1255
1625
1558
1394
2001
2391
1841
1422
1300
1629
1455
1166
861
554
140
-774
-1278
-1370
-1672
-2485
-2912
-2515
-2000
-1917
-1783
-1523
-1117
-954
-839
-463
272
1002
1142
1378
1725
1827
1599
1394
1553
1721
1656
1463
1359
1473
1243
677
79
7
-194
-331
-304
-200
-13
-325
-201
-272
121
248
353
714
1259
1966
2083
2547
2777
3205
3185
3210
3547
3724
3696
3348
3255
3353
3170
2985
2128
-316
-2863
-3661
-2157
-1907
-2883
-3538
-3209
-3395
-4627
-4825
-4392
-4512
-6120
-6013
-3495
-1302
-1402
-2163
-1138
121
515
540
1443
2718
3007
2609
2884
4117
4541
2980
1391
1218
1530
940
-54
-136
59
-383
-1770
-2414
-2390
-2573
-3404
-3906
-2970
-2116
-1762
-1920
-1609
-1142
-1193
-1182
-891
166
899
1132
1142
1581
2027
1677
1363
1208
1611
1549
1268
1072
985
894
120
-444
-822
-911
-1394
-1801
-1723
-1496
-1456
-1794
-1695
-1513
-882
-796
-849
-318
246
411
89
437
889
965
877
1100
1635
1574
1092
806
1177
1380
979
598
490
571
47
-197
-230
8
29
-242
1
44
451
154
136
374
542
1011
962
1493
1695
2035
2052
1847
1935
2029
2182
2050
2196
2242
2294
2091
2195
2340
1183
-272
-1250
-659
-209
-843
-1285
-1429
-1188
-1907
-2334
-2160
-2289
-3472
-4477
-3965
-2692
-1883
-2241
-1857
-1144
-370
-212
-240
417
700
949
779
1297
2287
2404
1961
1420
1697
1657
1225
594
515
874
521
-82
-446
-82
-318
-1045
-1373
-1359
-994
-1374
-1615
-1640
-1331
-1266
-1676
-1518
-1106
-677
-1072
-1222
-808
-260
5
-1
282
593
711
443
428
642
781
695
479
640
579
250
-170
-393
-333
-520
-743
-969
-1033
-950
-1053
-1087
-1050
-983
-1002
-995
-858
-757
-443
-272
-65
19
420
729
375
425
380
670
789
699
815
769
851
536
464
672
658
460
206
545
694
604
452
506
924
899
967
933
1191
1364
1179
1311
1417
1653
1429
1588
1718
1839
1876
1623
1837
1723
1686
915
-65
-463
-605
-666
-1200
-1387
-1465
-1540
-1585
-1886
-1833
-2123
-2523
-3199
-3225
-2550
-2188
-1812
-1581
-1026
-645
-493
-274
-15
438
510
311
448
888
1377
1368
1245
1202
1030
919
524
531
510
494
259
-283
-59
-69
-152
-592
-790
-666
-766
-789
-1032
-797
-755
-727
-614
-295
153
-67
-245
-442
-61
94
17
-6
91
469
280
107
-272
-180
-498
-1043
-1130
-1040
-575
-730
-758
-748
-501
-327
-570
-524
-425
23
81
313
730
894
1131
835
909
789
837
816
630
1003
899
725
418
216
91
-92
-270
-476
-523
-476
-289
-445
-375
-308
-144
-43
136
438
529
663
453
603
718
1009
1137
1061
1267
1091
1122
994
896
878
858
1047
1136
1372
1288
1068
910
600
176
-340
-366
-311
-342
-364
-343
-211
-316
-328
-327
-562
-1113
-1656
-1861
-1540
-1371
-1337
-1059
-831
-537
-669
-625
-426
-551
-567
-622
-263
68
396
437
346
436
269
165
12
-26
10
79
128
21
-82
-147
-295
-354
-273
-329
-198
-214
-266
-350
-350
-171
-289
-124
182
343
233
18
55
-3
207
228
382
572
488
427
95
108
-151
-323
-261
-104
141
-1
-92
-267
-294
-279
-458
-462
-465
-439
-497
-512
-298
-176
-85
-250
-408
-327
-391
-305
-313
-47
95
111
116
206
434
417
421
282
451
552
693
563
389
251
53
-19
-102
-41
-93
5
-84
9
-7
-13
38
167
684
892
1068
1199
1351
1442
1455
1407
1711
2057
2230
2243
2236
2302
1698
1029
466
518
632
437
286
64
-69
-593
-899
-1080
-1338
-1812
-2659
-2916
-2746
-2487
-2367
-2271
-1820
-1636
-1502
-1437
-1155
-736
-674
-696
-628
-131
127
205
267
320
479
368
314
154
3
123
68
184
238
364
377
98
45
32
141
113
50
174
346
317
203
61
134
142
58
-56
-225
-166
-245
-89
-138
-59
-10
-88
-299
-417
-286
-323
-349
-561
-349
-318
-172
-179
-241
-152
-482
-508
-621
-374
-365
-306
-212
-185
76
-39
-31
-187
-55
7
-53
68
156
413
242
102
46
251
447
291
292
290
467
439
458
676
664
745
759
868
1092
1080
1138
1184
1283
1572
1715
1611
1489
1403
1544
1549
1411
1503
1586
1600
1432
1299
1393
1543
1242
701
91
-162
-101
-325
-535
-892
-865
-882
-1020
-1108
-1309
-1622
-2284
-2868
-3053
-2713
-2559
-2532
-2252
-1892
-1478
-1469
-1434
-1361
-1145
-958
-898
-380
225
730
719
667
785
887
948
899
1152
1205
1174
811
587
586
561
434
277
406
311
221
-115
-375
-430
-399
-309
-263
-352
-298
-479
-678
-818
-889
-693
-743
-515
-505
-339
-416
-582
-573
-557
-407
-536
-501
-438
-304
-373
-332
-280
-177
-168
-275
-376
-423
-358
-333
-305
-231
-140
-33
60
121
144
62
126
138
236
390
420
255
74
126
170
168
195
264
275
376
532
589
662
742
981
1033
1103
1395
1608
1755
1803
1742
1887
1951
1974
1999
2101
2190
1991
1860
1842
1927
1820
1620
1382
1558
1598
1026
83
-772
-750
-830
-1011
-1253
-1305
-1247
-1618
-1987
-2215
-2325
-2842
-3521
-3554
-3005
-2405
-2200
-1971
-1475
-1058
-812
-703
-425
60
570
696
783
1078
1478
1606
1328
1320
1118
1071
860
738
921
808
483
-177
-283
-285
-413
-877
-1187
-1186
-1245
-1220
-1429
-1313
-1308
-1260
-1387
-1350
-848
-770
-824
-1125
-923
-402
-112
100
78
359
402
311
211
242
393
166
7
-34
-164
-464
-566
-760
-662
-703
-1039
-951
-922
-642
-691
-663
-612
-547
-116
94
229
285
461
473
594
658
838
1036
989
1048
933
1047
934
715
665
808
1054
1070
1095
1064
1127
1160
980
979
1126
1276
1289
1432
1805
1926
1961
1827
2014
2064
2147
2162
2301
2538
2468
2500
2325
2381
1394
-291
-1427
-1542
-1030
-1355
-1733
-1876
-2052
-2537
-3276
-3469
-3352
-3698
-4439
-4243
-3065
-2186
-2032
-2029
-1423
-841
-421
-20
586
1559
2027
1898
1950
2626
3161
2764
2063
1794
1830
1717
1163
746
583
355
-538
-1521
-1640
-1690
-2047
-2704
-2724
-2220
-1974
-2129
-2314
-2151
-1878
-1876
-2014
-1292
-261
187
140
141
738
1078
959
916
985
1443
1421
1168
1174
1187
752
-282
-789
-861
-815
-1244
-1619
-1632
-1453
-1368
-1722
-1703
-1429
-1188
-1174
-1054
-572
-47
155
57
248
727
951
919
840
1071
1370
1143
1085
1144
1407
1244
680
557
587
700
434
305
418
585
518
217
350
541
657
442
556
1188
1661
2143
2208
2579
2659
2511
2421
2582
3178
3032
2905
2676
2872
3178
2065
-242
-2646
-2676
-1623
-1335
-1942
-2438
-2363
-3351
-4173
-4352
-3612
-3870
-5195
-4839
-2962
-796
-1000
-1754
-1374
-363
551
895
1995
3161
3823
3354
3053
3761
4128
3237
1617
1381
1601
1495
731
33
-235
-1043
-2250
-3359
-3228
-2805
-3053
-3642
-3479
-2569
-2150
-2293
-2521
-2108
-1353
-978
-670
310
1646
2009
1299
1121
1602
1958
1683
1456
1750
1980
1611
696
308
214
-493
-1665
-2102
-1745
-1429
-1900
-2481
-2852
-2826
-2787
-2828
-2213
-1579
-1109
-1241
-838
24
646
793
433
772
1424
2003
2163
2050
2094
1928
1595
1383
1531
1483
1014
466
280
410
371
83
-168
-240
-98
-305
-233
243
499
718
650
1100
1704
2238
2366
2321
2779
3036
3287
3251
3546
3652
3431
3151
3008
3341
3416
2493
-295
-2578
-2758
-1350
-1111
-2109
-2686
-2902
-3437
-4528
-4470
-3673
-3876
-5104
-4777
-2264
-119
-543
-1510
-1156
91
990
1595
2727
3796
3968
2926
2526
2995
3198
1799
176
75
626
497
-535
-1165
-1612
-2204
-3376
-3762
-3048
-2489
-2874
-3534
-2815
-1780
-1309
-1785
-1892
-1510
-744
-217
382
1592
2095
1850
974
1225
1798
1891
1398
1003
1365
1370
1076
240
-191
-645
-1347
-2065
-2026
-1312
-1234
-1738
-2454
-2391
-2100
-1783
-1550
-1119
-453
-114
-115
231
841
1067
859
750
1304
1774
1867
1525
1223
1166
997
681
635
731
501
-99
-526
-350
-61
-102
-291
-287
-19
375
448
645
1074
1261
1246
1230
1835
2390
2713
2741
2657
2995
2997
3002
2671
2809
2921
2621
2572
2401
2552
2254
959
-1958
-4401
-4214
-2331
-1791
-2802
-3376
-3530
-3836
-4555
-4158
-3197
-3398
-4273
-3492
-681
1199
157
-1163
-659
918
2125
2664
3326
3562
3271
2177
1786
2253
2216
804
-641
-446
116
-55
-1332
-2141
-2509
-2654
-2905
-2890
-2078
-1876
-2337
-2723
-1826
-624
-363
-759
-883
-334
348
730
995
1428
1596
1069
571
881
1410
1230
530
245
502
627
188
-436
-866
-1106
-1374
-1372
-1091
-935
-1176
-1508
-1632
-1395
-979
-677
-414
-173
151
410
483
734
922
880
904
920
1331
1417
1186
791
442
459
338
245
49
-139
-330
-388
-373
-222
-63
-73
19
185
648
888
1063
1117
1143
1407
1490
1733
1706
1819
1886
1932
2101
2243
2415
2198
1998
1807
1942
1914
1660
1539
1501
1694
1899
552
-2472
-4921
-4011
-1675
-1415
-2419
-3078
-2750
-3472
-4058
-3226
-2223
-2728
-3930
-2542
367
1361
-478
-1606
-612
978
1882
2312
2946
3021
2062
1040
1166
2062
1749
-121
-902
-205
523
-381
-1791
-2336
-2232
-2167
-2283
-1450
-904
-1210
-2250
-1924
-338
566
344
-417
-127
354
750
816
1107
1337
916
342
129
724
526
-239
-794
-492
191
-11
-595
-1248
-1364
-1554
-1661
-1247
-750
-842
-1598
-1588
-948
-548
-475
-530
-127
324
536
662
692
882
819
824
1116
1376
1115
422
135
54
234
184
-53
-198
-269
-346
-597
-503
-231
-195
-137
194
535
801
964
1115
1231
1618
1873
1966
2055
2217
2346
2130
2223
2150
2318
2308
2210
2263
2088
2012
1626
1728
1750
1669
1404
1427
1685
1905
1143
-1801
-4188
-3860
-1038
-346
-1676
-2552
-2583
-2791
-3409
-2679
-1622
-2043
-3215
-2317
267
1267
-686
-1947
-1016
937
2033
2541
2833
2243
1340
491
922
1561
1266
-346
-1139
-288
228
-593
-2337
-2812
-2641
-2179
-1785
-1319
-992
-1863
-2696
-2368
-690
134
-144
-602
-436
-86
-48
209
375
431
209
115
410
716
270
-600
-1046
-655
-152
-164
-587
-1098
-1316
-1487
-1355
-947
-488
-634
-1106
-1094
-462
288
355
259
298
506
814
1067
1224
1125
906
775
939
1280
1209
626
-6
-165
24
120
-19
-448
-718
-836
-762
-545
-349
-310
-456
-218
349
886
1025
909
990
1283
1678
1903
1910
2044
1883
1756
1643
1730
1769
1443
1306
1239
1646
1787
1719
1518
1419
1524
1622
1939
1961
2059
2275
1482
-1064
-3352
-2503
65
435
-1157
-2056
-1788
-2226
-3110
-2481
-1258
-1857
-3081
-2143
360
763
-1681
-2634
-1275
756
1540
1758
2157
1676
805
13
812
1540
1042
-375
-859
189
165
-918
-2277
-2317
-1710
-1304
-984
-774
-1004
-2035
-2572
-1791
-345
104
-371
-746
-562
-196
-56
-100
-19
69
270
487
584
396
-400
-1042
-1141
-335
273
267
-404
-1026
-1037
-1017
-692
-517
-230
-251
-377
-495
-430
-232
-281
-452
-447
49
336
235
-3
-309
-386
-244
60
546
481
135
-520
-558
-181
-133
-152
-378
-261
-177
43
30
45
123
174
457
847
1360
1296
983
919
1320
1825
1982
1734
1558
1589
1567
1539
1418
1586
1504
1480
1635
2030
2218
1901
1676
1587
2079
2221
2277
2182
2023
2141
2164
820
-2124
-3925
-2292
180
-225
-1906
-2513
-2333
-2882
-3224
-2014
-1361
-2614
-3076
-1162
1014
57
-2301
-2196
-220
1621
2137
2626
2477
1485
503
597
1709
1712
613
-733
-420
323
-183
-1727
-2808
-2592
-2156
-1463
-966
-721
-1578
-2717
-2546
-950
467
368
-60
-28
398
450
478
484
389
241
320
748
937
369
-784
-1292
-1107
-437
-210
-503
-1117
-1635
-1617
-1458
-1012
-894
-763
-719
-423
-300
-607
-707
-567
-12
379
745
770
335
-10
-136
53
341
429
348
82
-76
-393
-693
-650
-538
-255
-176
38
-137
-404
-558
-448
99
500
738
753
991
1059
1187
1376
1511
1610
1674
1989
2035
1878
1575
1450
1458
1402
1552
1564
1738
1675
1701
1747
1711
1656
1581
1738
1807
1762
1665
1762
2073
2054
-250
-3330
-4219
-1540
209
-1045
-2624
-2666
-2307
-3157
-3104
-1940
-1861
-3351
-3060
-432
1135
-838
-2905
-2011
270
1641
1888
2206
1817
788
156
761
1613
1186
-210
-827
-31
496
-430
-1987
-2420
-1969
-1166
-647
-332
-747
-1787
-2191
-1478
24
595
450
110
264
434
361
360
131
134
218
752
781
197
-716
-1405
-1308
-755
-81
-18
-393
-823
-1068
-929
-659
-459
-289
-238
90
365
489
263
-6
80
358
761
702
626
320
207
236
348
533
315
131
-117
-150
-282
-435
-643
-562
-448
-482
-440
-405
-258
-342
-231
31
320
547
528
726
962
1143
1207
1233
1483
1629
1732
1637
1539
1466
1325
1375
1318
1446
1332
1224
1112
1053
1260
1271
1340
1105
1139
1149
1299
1438
1488
1530
1604
700
-2012
-3746
-2608
-38
-330
-2095
-2655
-2179
-2517
-3312
-2381
-1659
-2615
-3329
-1369
783
-224
-2715
-2618
-254
1470
1884
2050
1965
966
38
414
1383
1363
296
-452
207
651
-197
-1907
-2475
-1766
-1115
-566
-394
-242
-1064
-1716
-1361
-208
436
-68
-206
195
812
542
21
-400
-445
-212
142
580
330
-290
-950
-972
-427
135
383
70
-325
-425
-150
197
238
112
298
550
834
914
677
226
-335
-246
315
902
733
224
-200
-350
-252
-138
-134
-404
-489
-449
-204
-240
-667
-1112
-1138
-480
132
469
212
-132
-106
210
787
1177
1389
1234
1091
1262
1485
1663
1497
1521
1716
1932
1970
1462
945
474
463
576
886
1037
838
497
288
520
587
671
578
823
1017
1132
1215
1210
1217
1134
133
-2039
-3374
-2274
-318
-625
-1841
-2042
-1656
-2321
-2833
-2009
-1531
-2436
-2469
-402
1033
-207
-2021
-1456
150
1092
1436
1994
2005
989
324
596
856
219
-795
-1106
-417
-206
-1039
-2307
-2768
-2381
-1855
-1170
-590
-614
-1430
-1802
-1047
123
432
226
422
821
938
561
431
299
186
382
949
1418
938
52
-637
-676
-354
-58
67
-141
-331
-586
-632
-655
-711
-682
-624
-129
274
477
166
-23
203
514
741
607
650
476
399
335
455
513
102
-166
-144
55
-121
-471
-828
-872
-684
-440
-250
-240
-212
-224
-35
132
228
259
371
651
1027
1322
1228
1049
884
973
1155
1201
1133
941
877
868
851
699
537
294
152
301
494
551
443
549
686
831
870
1117
1229
1270
1394
1691
1999
2051
1462
-358
-1932
-1499
554
822
-337
-1014
-692
-1029
-1656
-1238
-963
-1977
-2549
-909
600
-216
-2258
-2294
-1076
-241
30
383
392
-469
-764
-338
102
-531
-1389
-1517
-684
129
-140
-1118
-1952
-1769
-1069
-96
365
237
-410
-770
-231
448
490
111
75
504
889
794
323
-383
-782
-450
284
598
164
-478
-711
-680
-461
-314
-250
-351
-434
-268
-113
-120
-439
-490
-227
419
814
689
318
-130
-59
213
444
254
-95
-92
137
205
-56
-329
-556
-622
-432
-153
-134
-458
-656
-543
-346
-207
-188
-50
143
404
709
835
721
550
608
827
1131
1133
875
646
526
597
575
601
497
371
248
249
336
235
160
122
336
477
722
991
1069
1183
1464
1901
2175
2241
2301
2503
2563
2517
2561
2555
2498
2207
856
-1323
-2621
-1556
-360
-909
-1898
-1750
-1749
-2929
-3346
-2609
-2475
-3453
-2617
-497
46
-1581
-2557
-1495
-483
37
601
1433
1246
638
709
985
678
-214
-421
-27
560
515
-344
-1424
-2019
-1787
-1336
-793
-671
-965
-1333
-1244
-634
-434
-542
-533
77
697
855
743
386
44
-129
366
901
861
320
-113
-139
-121
-148
-207
-236
-330
-224
-94
-128
-449
-803
-662
-416
-71
60
20
-83
-205
-1
156
106
-249
-298
-111
135
214
133
31
-273
-310
-118
148
52
-192
-115
188
314
176
75
199
465
602
655
536
307
99
109
353
589
513
351
323
358
290
67
63
194
460
644
816
820
603
444
597
1095
1313
1356
1192
1194
1189
1122
1307
1432
1534
1382
1437
1514
1359
1144
943
1136
1263
1358
534
-1147
-2220
-1683
-755
-1152
-1823
-1720
-1510
-2120
-2318
-1797
-1932
-2827
-2308
-578
-40
-1199
-1710
-967
-366
-146
536
1331
1101
712
1019
1491
841
-117
-376
-14
363
300
-1
-740
-1311
-1465
-1164
-823
-802
-920
-1110
-799
-449
-373
-625
-612
-101
343
609
582
500
126
-79
186
560
603
247
240
300
169
-178
-417
-394
-449
-348
-240
-216
-489
-784
-778
-565
-311
-243
-194
-239
-198
-15
80
43
-16
11
151
267
287
168
65
96
190
257
228
51
-205
-320
-191
68
-28
-302
-465
-348
-119
-27
-35
-26
49
76
233
373
510
460
522
756
905
1019
902
807
828
957
1238
1396
1315
1070
797
697
720
794
916
976
911
785
685
665
560
549
711
954
1025
1022
1066
1051
1052
931
994
1100
1038
579
-351
-1008
-1014
-608
-683
-934
-793
-717
-1028
-1419
-1293
-1423
-1974
-1984
-1210
-713
-1235
-1571
-1299
-1079
-1211
-1031
-274
24
-19
112
588
613
38
-36
240
579
584
662
705
414
155
98
196
-8
-163
-158
8
91
-114
-218
-429
-538
-505
-377
-302
-446
-498
-362
-191
-243
-450
-613
-649
-596
-406
-221
-153
-215
-281
-286
-245
-271
-259
-151
-9
-53
-136
-206
-284
-322
-400
-237
-190
-130
-169
-82
-77
-202
-285
-302
-89
-5
13
30
181
247
188
131
194
133
-32
-147
-71
162
238
286
273
300
232
214
211
205
121
132
302
472
492
349
298
268
278
266
318
192
121
84
260
382
343
317
211
232
92
173
289
394
451
554
651
601
488
462
507
555
622
762
990
1030
890
640
616
525
390
424
593
676
451
342
316
324
182
113
251
394
419
397
484
415
228
14
-93
-164
-278
-403
-541
-735
-905
-1064
-1253
-1368
-1498
-1544
-1567
-1577
-1560
-1576
-1535
-1381
-1282
-1214
-1177
-1033
-895
-868
-706
-498
-268
-296
-283
-145
7
57
-13
53
79
106
120
186
231
152
102
78
73
18
-118
-141
-69
62
102
78
137
173
169
82
95
152
280
342
496
628
536
387
302
327
273
232
222
344
287
134
-14
-103
-240
-458
-487
-455
-432
-465
-401
-390
-371
-424
-362
-230
-56
86
191
382
570
637
651
749
835
860
728
692
644
623
518
488
431
297
127
60
119
37
5
-20
165
228
249
281
347
444
398
420
502
678
756
784
820
941
960
776
543
507
614
663
717
836
763
352
-37
-219
-305
-546
-671
-687
-817
-964
-1017
-1051
-1224
-1509
-1520
-1244
-1052
-1002
-1040
-942
-820
-693
-521
-310
-236
-279
-246
-50
187
184
153
181
357
392
300
212
213
229
207
295
410
551
491
383
285
281
414
474
497
443
320
108
-134
-259
-323
-386
-423
-410
-323
-348
-510
-741
-767
-675
-508
-340
-295
-196
-236
-260
-286
-227
-191
-193
-203
-161
-38
36
62
40
56
32
68
57
192
226
219
325
388
394
269
204
273
425
452
463
438
430
300
180
198
112
-10
-57
45
104
26
-134
-294
-427
-458
-447
-427
-402
-378
-350
-355
-410
-460
-494
-499
-431
-368
-247
-141
-19
32
108
118
80
85
232
428
487
572
626
754
769
779
777
732
666
646
687
704
656
539
477
481
478
451
404
373
353
317
382
472
569
499
450
363
243
178
97
22
-127
-134
-121
-90
-209
-382
-563
-745
-766
-729
-611
-650
-683
-712
-752
-760
-810
-856
-896
-821
-681
-549
-523
-480
-448
-347
-217
-186
-196
-250
-292
-305
-352
-342
-272
-225
-201
-264
-250
-244
-273
-219
-88
119
221
302
381
397
378
407
566
634
677
715
728
703
568
489
493
518
523
518
488
389
280
113
64
-4
-77
-84
-153
-117
-182
-216
-350
-422
-459
-534
-487
-422
-268
-291
-224
-183
-151
-167
-249
-240
-175
-64
-35
-15
-10
-62
-111
-146
-89
-32
-69
-64
-79
-29
-19
-18
36
39
8
-55
-57
-30
29
94
245
296
313
244
224
332
427
518
574
604
600
584
556
565
518
494
476
518
551
583
524
412
316
264
373
300
235
115
61
29
-92
-162
-322
-420
-496
-456
-455
-546
-695
-840
-832
-842
-787
-762
-793
-833
-868
-801
-720
-678
-635
-602
-542
-421
-267
-129
-80
-114
-82
14
165
254
276
354
430
492
505
525
574
612
610
631
684
676
705
687
647
597
478
446
417
427
423
320
233
151
125
54
-71
-135
-122
-101
-150
-170
-195
-198
-243
-238
-186
-131
-81
-129
-89
-106
-138
-178
-173
-148
-270
-414
-510
-504
-539
-645
-735
-754
-751
-730
-679
-574
-537
-507
-386
-219
-72
-55
-12
-3
63
128
218
241
217
150
-12
-75
-173
-118
-204
-281
-327
-286
-160
-138
-174
-233
-165
-119
-2
171
394
474
440
449
530
604
659
775
894
967
922
867
905
933
887
839
829
876
782
644
477
300
197
75
76
51
-64
-258
-462
-567
-583
-592
-657
-717
-744
-675
-582
-515
-516
-582
-642
-554
-414
-244
-158
-175
-254
-299
-270
-212
-158
-165
-221
-279
-261
-199
-102
-40
-27
-70
-32
88
206
229
214
262
342
375
357
376
380
367
325
365
396
376
279
163
147
138
155
90
72
66
9
-73
-193
-280
-348
-407
-437
-437
-421
-442
-534
-582
-557
-530
-527
-458
-384
-271
-169
-13
106
187
232
321
457
501
577
483
506
498
486
430
291
220
44
-65
-184
-262
-441
-622
-675
-635
-556
-634
-674
-705
-670
-608
-606
-472
-362
-220
-67
78
228
246
245
269
377
536
649
691
646
600
582
583
546
494
334
263
214
257
319
267
223
82
97
137
209
220
218
240
265
345
372
403
378
398
373
397
433
447
458
372
297
203
137
1
-92
-111
-166
-259
-415
-501
-558
-575
-630
-629
-559
-461
-378
-350
-301
-315
-334
-251
-90
101
191
206
122
18
3
35
40
-82
-209
-292
-291
-226
-236
-335
-470
-525
-470
-408
-347
-345
-361
-335
-215
-56
9
-29
-60
7
131
218
292
385
433
399
377
429
393
317
235
258
311
301
261
230
206
85
27
5
66
73
44
25
-55
-64
-101
-78
-128
-218
-299
-358
-259
-224
-166
-164
-208
-311
-398
-333
-339
-396
-487
-500
-472
-442
-327
-266
-298
-400
-356
-217
-67
-2
7
91
209
326
388
413
412
422
489
654
760
770
712
638
585
518
493
479
485
436
308
177
73
10
-43
-2
20
42
33
-12
-10
30
111
144
159
207
258
259
245
198
177
222
325
433
434
310
152
96
118
112
67
48
-3
-138
-309
-404
-479
-583
-665
-680
-648
-743
-795
-748
-668
-622
-627
-520
-380
-275
-216
-150
-90
-54
-99
-101
-58
-90
-117
-196
-225
-170
-102
-93
-187
-186
-87
-23
-1
-16
10
-5
-13
117
266
340
189
89
92
176
243
226
268
276
359
310
215
113
49
21
0
82
87
-4
-223
-385
-398
-318
-230
-183
-210
-282
-302
-244
-149
-83
-76
-57
54
139
191
216
237
250
292
423
577
597
558
548
581
637
570
486
355
263
143
47
22
-3
-70
-169
-213
-223
-190
-184
-181
-210
-209
-176
-81
-116
-204
-240
-227
-217
-281
-239
-245
-290
-335
-271
-177
-134
-94
-54
29
48
66
114
155
195
224
312
387
405
409
424
450
472
464
418
383
371
373
335
261
222
81
-83
-231
-243
-228
-291
-310
-343
-333
-429
-462
-421
-320
-217
-247
-281
-347
-392
-416
-417
-331
-256
-214
-237
-272
-210
-176
-113
-16
124
184
168
175
215
217
83
-13
0
83
77
-1
-118
-241
-350
-372
-288
-241
-240
-288
-275
-196
-79
-23
32
23
31
53
113
201
166
168
127
173
224
271
255
234
183
124
139
150
215
187
213
230
209
150
90
71
15
-11
-20
27
86
67
39
-13
-11
70
151
263
246
207
138
118
208
214
187
116
149
184
131
0
-70
-109
-161
-160
-143
-160
-299
-364
-317
-244
-261
-333
-371
-380
-356
-246
-126
-79
-145
-163
-37
51
52
31
44
67
107
208
293
259
176
116
109
84
81
92
106
189
325
423
391
304
220
282
347
408
434
411
430
347
279
215
186
157
125
205
274
216
131
83
143
204
124
65
-24
-84
-159
-207
-220
-297
-427
-550
-597
-683
-747
-766
-703
-669
-698
-698
-654
-630
-652
-630
-493
-392
-366
-322
-296
-262
-286
-227
-84
65
119
125
183
253
299
239
202
206
225
168
103
70
72
9
-70
-30
-3
-8
-76
-80
-61
-38
-8
28
103
166
189
277
329
316
258
246
335
437
546
597
640
570
463
335
230
169
93
71
58
12
-125
-269
-381
-487
-560
-510
-376
-257
-266
-311
-347
-361
-324
-252
-77
34
130
118
136
180
158
154
203
295
328
383
401
436
