0
-6
9
49
28
53
63
34
42
24
10
-2
-18
-4
-2
-11
4
9
-11
5
-5
-21
5
-3
1
26
12
27
38
13
29
10
2
3
-22
-14
-11
-13
-2
-8
-13
2
-4
2
12
5
12
26
28
33
42
41
57
48
61
77
46
65
50
27
45
9
-5
-1
-24
-10
-10
-23
-6
-14
-8
-1
-16
13
16
-5
14
15
7
5
-14
-17
-24
-22
-24
-27
-4
-2
1
9
16
29
21
24
27
24
35
33
14
27
33
36
37
26
54
48
45
47
37
46
33
8
2
-6
-18
-31
-47
-37
-42
-58
-66
-60
-54
-49
-46
-34
-29
-21
-11
-25
-14
-17
-14
-19
-35
-25
-14
-22
-33
-33
-21
-18
-42
-42
-31
-39
-42
-40
-20
-19
-20
-3
12
26
41
59
71
71
67
62
51
31
-2
-23
-36
-55
-73
-72
-81
-82
-66
-68
-65
-22
-31
-28
-6
41
40
15
33
43
18
12
15
1
-1
0
-7
-10
-15
17
-2
-19
5
3
15
14
21
-13
44
23
16
27
5
40
34
15
49
41
21
14
-20
-7
5
-46
-23
-5
36
27
15
64
69
59
61
39
78
76
0
74
38
27
60
-7
1
9
-19
29
9
-49
42
8
11
38
-27
57
37
-31
46
22
14
23
-11
6
50
-22
-6
13
-9
1
-32
-31
-13
-72
-62
-53
-100
-65
-55
-127
-40
-62
-100
-27
-116
-59
-1
-156
-4
-15
-120
39
-49
-42
29
-88
3
-3
-123
53
-85
-46
26
-171
47
-21
-137
58
-81
-20
46
-103
108
-8
-54
169
-69
35
134
-123
112
38
-90
136
-123
14
96
-199
118
-33
-91
115
-191
48
48
-250
138
-85
-125
142
-191
39
120
-242
200
-63
-68
183
-217
111
28
-133
100
-101
5
75
-182
167
-29
-6
177
-101
178
82
-74
273
-71
49
176
-116
213
8
35
225
-103
277
75
-10
276
-43
172
113
-48
182
-110
93
88
-206
258
-82
-22
166
-98
162
45
-71
234
-139
94
91
-147
132
-80
-44
55
-86
60
-87
-8
65
-62
35
83
26
-51
54
138
-145
103
50
-150
134
-29
-53
159
-83
43
51
-126
210
-110
-121
185
-184
-42
157
-302
86
118
-283
173
-31
-50
83
-183
119
-39
-213
190
-161
-162
176
-328
39
42
-305
176
-191
-35
110
-228
127
0
-200
224
-125
-114
164
-228
57
-40
-160
78
-186
25
16
-212
54
-8
-169
125
-161
31
-17
-86
58
-58
-62
66
-16
-48
87
-33
81
-69
25
17
-33
19
29
-25
-21
73
-61
30
24
-53
-19
37
-85
17
-66
-111
89
-130
-68
115
-123
-19
48
-22
11
60
-54
151
-48
59
99
-2
129
-36
81
134
-2
46
74
14
-42
78
-24
17
-13
-11
91
-113
99
-36
50
4
79
5
118
58
21
71
98
22
38
106
-16
85
-1
68
48
22
54
89
8
43
45
9
57
-33
87
-49
-37
93
-126
57
-108
55
-54
23
45
-17
69
54
-4
15
130
-136
172
-48
35
13
-42
168
-134
12
78
-70
24
-14
-86
8
-92
-135
92
-213
4
-9
-228
98
-99
-16
54
-48
52
47
-85
106
-10
-49
86
-117
47
73
-159
57
-56
-90
113
-202
92
-44
-182
125
-225
17
-65
-172
12
-85
-164
92
-178
-42
43
-222
190
-73
-34
84
-19
79
-61
76
73
-116
104
5
-90
101
-147
-9
97
-82
7
1
-12
-8
-183
112
-60
-171
115
-137
-119
57
-58
-110
77
4
-70
91
63
-82
110
-18
18
-58
92
-33
-18
-18
111
-107
20
119
-191
165
-38
-73
210
-120
47
152
-110
214
-18
-2
227
-157
143
88
-40
219
3
127
96
32
41
149
-78
160
-59
111
12
-116
155
-106
42
128
-151
145
7
-60
127
-4
-63
154
-124
37
153
-226
263
-48
-100
231
-181
114
50
-196
188
0
-103
225
-129
21
183
-285
200
42
-317
363
-240
-39
274
-245
123
110
-195
164
8
-175
178
-87
-70
146
-324
171
-122
-173
135
-138
-106
89
-204
-3
-7
-217
47
-143
9
-133
-30
-28
-110
-63
68
-131
-68
149
-193
54
35
-50
64
65
-77
47
128
-317
211
-132
-163
77
-213
-12
12
-224
50
-99
-113
-3
-117
-12
86
-197
34
175
-180
135
49
9
11
102
181
-66
28
271
-172
50
190
-224
162
44
-233
264
-125
-84
232
-225
99
35
-103
229
-168
168
171
-160
206
120
-154
177
-139
-62
156
-272
43
153
-253
178
-31
-32
151
-191
212
-37
-136
245
-201
61
-92
-121
63
-30
-138
321
-280
255
120
-42
180
162
-100
197
49
121
113
-61
294
-16
9
129
200
-200
240
-17
-62
207
-276
199
-35
-107
32
-62
-97
-270
-174
197
85
-106
365
-148
-68
-34
-7
-31
57
103
-99
-25
-139
-280
52
-59
8
158
13
17
-67
-20
113
-190
176
-73
-204
64
-350
96
20
-136
279
-151
-16
-45
-217
222
-92
-53
363
-432
64
131
-495
478
-231
-74
327
-392
154
105
-251
269
-90
-113
334
-481
372
-37
-257
346
-70
-124
184
-145
39
198
-193
267
60
-291
273
-282
166
20
-201
88
55
-389
221
-7
-277
347
-282
127
-2
-106
57
143
-152
256
-109
5
112
-154
128
3
37
4
19
5
-41
-62
128
-27
-29
51
-36
6
-99
75
-129
169
-140
82
39
109
-46
233
-106
79
298
-402
357
24
-149
40
260
-246
141
-75
39
62
-307
411
-270
-82
170
-216
-135
285
-396
-23
88
-366
50
-106
27
-224
100
-117
-85
-126
218
-199
4
121
-43
83
-213
308
-258
-16
267
-333
284
82
-391
441
-64
-224
267
-6
-142
78
180
30
-36
144
146
-58
60
140
8
90
63
-43
92
122
-226
183
32
-96
63
38
9
-91
61
-103
85
-61
38
-115
149
-259
199
-197
-105
87
-197
-99
103
-272
-4
32
-188
84
71
-188
53
69
-117
27
40
-58
23
-208
122
101
-341
332
-136
44
34
14
73
-55
133
53
-121
383
-136
-19
430
-279
214
175
-116
267
-16
20
182
-101
212
-173
147
-35
-88
-6
106
-257
177
-74
-52
97
-94
55
-120
-51
178
-308
52
70
-234
-179
175
-184
-174
29
25
-20
-111
18
130
-120
-3
-49
181
-168
62
-69
205
-263
79
119
-148
38
33
110
-55
-35
307
-208
-27
108
-20
-120
321
-348
255
-123
-115
201
-124
1
-56
-70
-1
-54
18
-24
-49
89
-46
58
-27
166
-154
89
94
3
7
61
31
-77
32
-25
-114
7
-83
-176
141
-127
-276
128
-153
-188
-188
232
-270
-122
212
-69
-303
281
127
-490
587
-389
335
-55
-85
359
-177
1
345
-181
-90
417
-545
435
30
-309
410
-116
132
-191
131
172
-174
-1
226
-51
-60
203
-333
351
26
-170
30
345
-428
316
-145
276
-195
-25
334
-210
23
-47
159
-322
189
-317
112
10
-370
405
-390
356
-211
-217
516
-351
-113
381
-74
-135
256
-131
70
27
15
291
-39
162
179
12
65
189
-126
102
205
-301
318
8
-171
49
75
-198
41
-31
-13
-38
-102
258
-199
154
-204
195
-282
22
191
-122
0
52
102
-122
126
110
-290
216
-209
151
-250
129
-253
90
-280
139
-131
-257
249
-187
-155
78
173
-319
105
275
-423
491
-15
-238
357
73
-437
469
-5
-241
205
-105
253
-207
-23
315
-397
206
-70
-36
82
-304
219
-44
-224
334
-445
128
297
-448
469
-392
76
0
-261
6
-20
-162
127
-383
338
-134
-551
753
-572
-79
429
-483
257
-145
-69
101
-40
106
-158
-163
476
-562
226
321
-612
631
-431
53
379
-603
438
93
-579
793
-312
-330
631
-368
47
517
-404
397
102
-183
479
-289
82
459
-580
220
299
-166
-51
194
-245
6
206
-208
69
184
-301
-32
339
-384
43
313
-347
60
292
-359
123
34
-140
130
-143
36
97
-285
165
66
-241
372
-294
75
410
-279
105
422
-389
172
81
-129
118
29
132
-359
324
14
-212
340
-115
146
-54
-163
381
-186
-526
980
-819
99
606
-844
748
-429
-198
511
-232
-234
360
-247
-279
137
-232
332
-510
228
-86
-70
42
-577
631
-357
-271
291
-36
-412
340
-235
-222
231
-139
216
-546
616
-359
-86
-139
360
-223
-79
230
-41
202
-297
198
-96
64
39
57
18
-65
-103
-51
549
-727
396
405
-682
425
124
-400
220
24
-149
409
-650
354
31
-501
501
-521
158
101
-317
110
200
-472
472
-250
3
396
-301
24
181
-82
-92
40
73
-228
399
-238
-87
236
-133
173
323
-788
327
379
-604
719
-398
-2
691
-643
119
604
-663
678
-67
-199
520
-84
-418
586
-206
-29
156
-68
91
-81
-204
402
-167
-377
599
-117
-697
911
-571
71
367
-321
69
-44
78
-290
511
-402
244
-1
-218
229
-85
27
-75
27
-100
300
-387
86
89
-274
208
-241
132
-257
2
411
-192
-179
277
-42
-124
56
-205
422
-223
110
4
-234
310
-37
-119
193
60
-268
479
-523
391
34
-642
621
-137
-298
225
-165
-168
191
-643
352
-185
-275
197
-262
256
-152
-113
321
-310
159
164
-441
344
-343
-43
138
-423
662
-571
200
482
-806
475
383
-966
663
80
-752
760
-865
693
-426
-331
675
-552
111
453
-611
417
-39
-417
410
-193
-318
455
-375
380
20
-566
546
-162
-27
17
92
339
-598
448
-357
338
-221
-12
197
116
-275
-85
745
-1033
529
432
-195
34
257
380
-566
651
-29
-337
398
212
-603
173
573
-844
474
143
-625
734
-444
-254
1115
-896
-50
1020
-703
-22
724
-1017
832
-2
-439
730
50
-506
503
104
-382
336
-36
160
47
-175
285
233
-611
248
142
-505
602
-440
29
461
-514
-43
298
-166
-66
429
-721
600
22
-473
244
150
-460
282
-106
-422
554
-371
-74
225
-64
-386
333
-109
-219
110
-46
83
-22
-286
-13
520
-1142
860
408
-1379
1330
-583
-134
158
27
-248
401
185
-675
545
-321
-6
-195
524
-514
-36
581
-1244
1163
-806
47
219
-152
89
-531
287
-89
-303
241
57
-72
-175
198
125
-440
409
-45
5
451
-339
-75
432
-425
-72
699
-844
162
378
-571
259
-480
100
-128
145
-56
-287
349
-687
1079
-694
-270
1057
-913
337
216
-134
3
468
-465
-56
683
-624
228
146
248
-489
101
464
-780
308
85
-128
-67
-27
82
13
-378
288
324
-265
-122
509
-337
121
329
-57
367
-63
-48
96
-60
136
-309
231
313
-567
328
79
-473
330
-156
-173
286
-389
544
-394
-89
231
-245
63
76
-162
179
-407
377
165
-641
647
-68
-187
261
-230
250
-162
-125
657
-517
74
356
-526
343
-22
-250
266
5
-248
186
-203
319
-312
-13
147
-89
-329
476
84
-796
794
-167
-261
282
-125
-234
747
-572
-6
537
-1031
794
-145
-244
218
8
-100
21
-339
-72
175
8
-74
-117
430
-506
104
118
-243
85
236
-424
633
-325
-240
701
-606
414
-362
23
344
-138
3
-1
158
64
-326
-90
450
-541
287
171
-162
68
-53
368
-629
585
-75
-539
908
-29
-1055
1295
-607
-352
767
-852
379
231
-565
716
-254
-242
454
-510
525
-437
-72
648
-715
355
206
-526
407
-80
-196
359
-125
-253
316
-121
156
-328
350
-226
-418
611
-559
27
243
-472
413
-128
-474
741
-693
330
102
-327
615
-632
114
297
-146
-282
329
39
-152
226
-79
176
-9
253
-351
485
-71
-363
398
-171
-30
175
55
-405
545
-95
-410
157
505
-721
518
-168
-238
334
-440
253
52
-258
33
178
-35
-304
-24
323
-419
95
243
-400
623
-524
-30
529
-408
36
-115
560
-433
34
-39
340
-456
227
-91
-246
647
-963
935
-400
-451
542
-596
428
-390
-230
591
-59
-607
490
42
-316
-7
-272
567
-362
172
36
-92
338
-577
340
-49
70
69
-182
156
564
-833
409
863
-1742
1420
-442
-142
789
-661
338
158
-389
-35
641
-1162
963
-356
-439
898
-754
444
-82
-305
59
283
-707
349
310
-717
684
-473
353
-452
319
113
-328
165
134
240
-513
721
-696
262
-206
303
-461
343
196
-1079
1460
-1146
549
-233
-436
942
-549
-112
350
297
-949
1468
-1399
1334
-766
-457
1678
-1651
756
164
-396
365
-7
-718
1163
-1027
302
670
-1535
1847
-1467
425
533
-972
699
-126
-143
663
-635
-53
1320
-1980
1411
134
-1272
1702
-979
-170
1229
-1404
251
1505
-2473
1909
-457
-1243
1863
-980
-726
1822
-1380
-649
2912
-3588
2013
718
-2415
2151
-492
-1158
1886
-1067
-940
2512
-2670
1161
1004
-2140
1395
129
-1063
1034
-312
-941
1775
-1655
292
1026
-1699
640
671
-1586
1155
599
-2201
2228
-801
-1188
2255
-1830
244
1529
-2063
932
810
-1654
1264
-290
-571
1468
-1956
1125
687
-1735
1219
122
-1227
882
98
-1342
1788
-1517
509
1046
-1396
500
-149
16
-291
891
-1919
2388
-1214
-391
1427
-1220
393
738
-916
315
1479
-2380
2363
-756
-363
951
-731
334
426
-1167
929
486
-1473
1273
-426
-395
250
-210
-51
492
-751
498
-15
-403
315
-505
325
-43
153
-301
454
-307
-38
464
-784
695
-638
255
-81
114
-165
-214
381
-237
-202
-24
-21
498
-923
720
166
-714
1176
-1638
1381
-612
-384
778
67
-883
995
-313
-386
389
-367
188
489
-1139
1019
-170
-418
475
-583
438
-303
141
-339
68
172
-321
62
111
400
-915
608
467
-1124
867
364
-1099
1344
-527
-515
1144
-1074
798
-439
434
-338
333
-355
587
-564
112
861
-2043
2540
-1135
-1664
2964
-1759
-518
1870
-1485
147
1224
-1818
1577
-613
-851
2016
-2237
1379
28
-1133
1129
-342
-842
1560
-1372
35
1409
-1995
564
1075
-1174
145
17
357
-184
-1023
1753
-1408
395
607
-1275
1285
-448
-773
1123
-430
-372
1300
-1822
1701
89
-2345
3333
-1800
-438
2127
-1903
737
616
-1143
1209
-667
-33
472
-183
-80
-324
1135
-1068
-214
1329
-896
-730
1734
-1556
665
771
-1863
2125
-1326
-54
1358
-1506
1124
-227
-333
749
-119
-423
335
-219
562
-859
680
-255
15
70
-631
435
295
-1448
882
145
-847
781
-573
164
411
-1587
1718
-1151
-275
952
-707
145
178
-570
959
-553
-585
1178
-68
-1112
1407
-128
-1072
1284
-529
-474
1183
-1421
1035
-129
-406
667
-440
-87
439
-578
470
46
-436
532
-170
-154
898
-1932
1797
-943
167
33
-887
1444
-911
-923
1833
-1611
340
283
-582
649
-387
-23
157
-360
824
-897
28
1027
-328
-678
1362
-693
296
-693
680
301
-1061
1048
-760
517
73
-1035
1029
-226
-482
33
426
-258
-277
467
-640
813
-471
-226
349
-174
5
-464
600
-515
531
-1259
1668
-1095
-441
1268
-503
-313
675
-228
-236
505
-719
567
75
-528
358
197
201
-517
422
-11
252
-161
34
19
340
-189
-242
567
-347
-51
-135
226
362
-1174
1182
-523
333
-94
-3
240
-239
228
229
-428
502
112
-713
862
-51
-917
1527
-1397
871
250
-795
751
-616
326
128
-596
768
-519
40
178
304
-995
1456
-1308
752
429
-1477
1829
-1174
-83
838
-862
560
-290
-320
436
-186
-920
1296
-1182
352
114
-434
53
82
-317
378
-518
543
-450
-64
531
-784
350
16
294
-824
770
-607
379
-139
-39
78
-222
699
-784
217
46
404
-677
371
531
-996
1559
-1805
977
87
-573
398
-193
108
-128
42
-4
162
-287
-120
79
-252
110
-274
26
76
-522
516
-589
665
-424
52
586
-584
161
188
-26
140
-158
178
411
-826
499
-148
10
132
-553
675
-231
-325
485
-628
468
-140
-258
320
16
-149
225
40
-49
132
-394
684
-415
-314
697
-731
285
-79
-639
635
-1224
-19
58
-654
51
193
-614
140
380
-608
790
-93
-56
1037
-128
337
665
42
104
304
102
111
327
7
497
184
-152
221
304
-825
774
-608
20
324
-993
591
-357
-328
-272
324
-376
128
139
137
240
-558
475
-93
-266
294
-166
80
204
-292
503
-288
-121
100
-13
23
-21
102
113
9
-184
276
-497
399
-98
13
513
-811
839
-523
-488
850
-876
315
215
-1013
1147
-641
-639
919
-869
41
261
-569
425
-494
110
224
-581
445
-517
23
-30
-54
190
-230
178
-26
-559
605
-77
-322
693
-543
734
213
-407
323
-8
264
47
85
658
-603
-26
460
-482
-4
122
-54
177
-106
128
374
-395
306
-70
-86
312
-372
619
-183
-181
178
172
47
-283
278
14
-27
175
187
-15
-293
-285
76
219
-537
307
-39
-419
283
-140
-22
-375
-129
272
184
11
-156
211
-205
-257
381
-7
-205
79
12
505
-218
-203
320
-159
-39
33
244
172
-326
261
451
-408
-143
64
-30
35
-131
491
142
-360
-28
4
20
-73
-31
195
145
-50
193
91
-212
-330
-95
45
239
-199
-102
317
-421
-96
141
-378
-70
-92
357
71
-290
120
-58
-531
45
305
-410
195
88
-194
165
-206
-220
177
-317
-160
426
-105
-142
134
-205
89
-170
-259
342
-30
-166
486
124
-99
-247
-228
213
9
-64
342
212
-269
112
145
-28
-168
101
361
171
188
134
105
44
-163
225
330
-8
139
588
263
151
226
-127
2
57
175
417
151
-82
77
67
40
42
-94
12
225
157
298
90
-288
39
12
-128
51
-15
-61
12
-37
26
-61
-379
-242
49
-144
-65
3
-71
-199
-365
30
-227
-259
-142
-197
49
-283
-242
-360
-540
-459
-399
-246
-347
-521
-431
-381
-461
-475
-328
-651
-303
-203
-138
-148
-255
-190
-357
-186
-193
-73
-27
105
195
112
54
14
23
-21
27
198
214
183
105
184
200
84
89
86
284
284
249
299
415
166
164
198
418
202
119
324
527
269
105
492
28
-16
180
415
456
445
420
630
614
364
617
603
684
632
839
875
786
785
777
969
1004
1000
1448
1338
1202
1413
1380
1114
504
-133
-491
-672
-522
-522
-738
-1168
-1423
-1439
-1931
-2224
-2356
-2373
-2036
-1671
-1390
-1627
-2135
-2124
-1926
-1678
-1284
-686
-211
46
512
727
607
319
218
721
952
1258
1472
1352
1051
630
373
19
-498
-743
-554
-277
-376
-502
-708
-1067
-1293
-1427
-898
-944
-687
-279
-177
-41
-261
-270
-353
-333
-19
503
820
805
825
678
649
374
458
503
495
652
740
767
503
130
154
-37
-23
79
121
81
180
7
254
84
33
268
271
467
565
700
562
545
493
738
672
600
755
763
719
701
802
801
783
874
1344
1405
1407
1604
1598
1602
1487
1981
2083
2259
2514
2319
242
-2152
-1827
-666
-520
-1392
-1410
-1124
-1868
-2738
-2834
-3629
-4699
-3875
-1390
-462
-1587
-2423
-2557
-2917
-3007
-1825
-365
-313
409
1926
2670
2017
529
296
414
779
1950
2885
2597
1712
955
592
-310
-1251
-1327
-1219
-430
240
413
-537
-1722
-2465
-2416
-1857
-1340
-1086
-820
-555
-420
-246
-782
-1230
-1242
-664
627
1288
1112
667
184
159
305
286
131
-14
196
697
812
307
-184
-536
-476
190
488
460
96
-219
28
160
242
20
-10
205
547
1042
918
514
278
486
940
1133
1089
933
738
738
904
823
603
473
500
858
1060
966
707
431
449
861
1241
1537
1601
1654
2075
1999
2141
2088
2084
2405
2828
3627
3613
944
-2755
-3520
-1521
-263
-1359
-2051
-1854
-2314
-3258
-3576
-4244
-5645
-5296
-1691
599
-449
-2204
-2958
-3094
-3176
-1682
307
995
1050
2534
3973
3092
1024
48
71
806
2183
3447
3381
1604
369
-353
-1085
-2092
-2400
-2084
-1186
-101
186
-650
-2430
-3363
-3026
-1920
-669
186
647
819
725
693
-47
-819
-843
-152
1114
1541
1367
400
-776
-1494
-1180
-830
-754
-676
-357
6
-402
-768
-1223
-1523
-1436
-534
538
715
109
-24
-83
224
347
723
1051
915
1437
1591
1376
571
-49
60
445
743
947
611
199
-284
-343
-100
-468
-306
93
557
1035
964
715
441
341
736
1429
1859
2048
1965
2100
2224
2170
2181
2166
2152
2467
2847
3055
3029
2931
3212
2318
-1308
-4692
-4218
-1435
-413
-1881
-2656
-2766
-3092
-4169
-4399
-4686
-5378
-3260
593
2224
-54
-2504
-3112
-2682
-1839
53
2149
2377
2514
3500
3848
2208
-166
-795
219
1588
2760
3071
1812
-335
-1856
-2349
-2499
-2630
-2620
-1700
-504
186
-327
-1738
-2683
-2817
-1659
177
1349
1717
1436
1101
907
289
-176
-394
-31
821
1579
1588
459
-795
-1704
-1785
-1299
-743
-703
-1244
-1629
-1479
-1504
-1659
-1573
-1124
-423
310
1052
924
194
-351
364
1193
1438
1471
1071
794
568
527
361
62
-195
365
911
1037
385
-452
-844
-744
-127
417
592
536
492
770
861
613
533
568
1173
1862
2256
2127
1654
1233
1297
1319
1441
1517
1406
1418
1374
1473
1115
678
426
1010
1759
2211
2704
2979
3351
2427
-1353
-5298
-5019
-1285
862
-394
-2000
-2259
-2527
-3767
-4183
-4509
-4865
-2899
1383
3036
269
-3348
-4505
-3519
-2344
-49
2145
2524
2192
2778
2963
1225
-1192
-1938
-100
1759
2743
2904
1117
-1096
-2740
-2971
-2374
-2281
-1989
-1103
177
408
-405
-1906
-2666
-2326
-769
1245
2203
1968
1168
788
410
124
-166
-80
325
950
1504
1338
21
-1361
-2032
-1798
-1093
-583
-2
-314
-685
-700
-725
-933
-1200
-960
-306
529
964
970
177
-715
-713
119
532
528
409
381
327
173
-109
-554
-931
-767
-71
363
235
-316
-521
-322
63
276
465
557
550
1106
1388
1448
1155
801
992
1431
1538
1482
1237
887
871
888
937
683
483
464
791
924
901
709
844
1151
1486
1893
2049
2294
2317
2549
3256
3688
4092
4653
3000
-1892
-5822
-3945
116
843
-1874
-3237
-2638
-3122
-4227
-4718
-5406
-5603
-2402
2271
2902
-914
-4321
-4201
-2704
-981
1236
2758
2713
2730
3217
3223
731
-1864
-1862
267
2175
2447
1564
-437
-2606
-3814
-3535
-2846
-2698
-2474
-1158
194
228
-1122
-2332
-2321
-1049
822
2577
2918
2134
1263
1099
989
551
95
146
559
789
939
182
-1176
-2395
-2405
-1479
-762
-859
-1222
-947
-762
-663
-667
-575
-614
-299
563
1344
978
91
-272
-176
352
625
801
542
-44
-170
-10
-273
-751
-914
-588
-129
88
-267
-626
-968
-719
-81
614
932
978
1014
1170
1413
1269
1116
1240
1551
1864
1979
1660
1225
726
696
979
936
998
776
729
731
693
559
177
455
897
1528
1897
1989
2085
2086
2087
2501
2760
2817
3350
3825
4441
4124
612
-4736
-6867
-3836
-79
-414
-3034
-3884
-3542
-4036
-4906
-5331
-5587
-4218
33
3570
2589
-1501
-4119
-3510
-1529
732
2509
3201
2873
2744
2836
1861
-437
-2502
-1854
462
2091
1762
104
-1944
-3707
-4132
-3266
-2514
-2310
-1836
-621
499
8
-1156
-1850
-1445
193
2072
3155
2836
1752
922
659
533
345
123
57
270
485
106
-745
-1902
-2587
-2110
-1148
-245
-330
-790
-808
-649
-445
-395
-316
-180
181
947
1287
863
-41
-633
-354
326
707
461
-78
-500
-358
-462
-563
-756
-954
-584
-16
361
144
-502
-561
-61
677
1172
1323
1262
1204
1340
1594
1603
1365
1284
1594
2008
1945
1543
881
543
451
760
831
756
546
315
560
582
569
434
534
791
1257
1717
1697
1707
1785
1950
2221
2258
2452
2715
3122
3457
3710
3383
-198
-5335
-6996
-3425
-297
-1109
-3479
-4087
-3516
-4118
-4443
-4725
-4885
-3453
745
3801
2496
-1418
-3583
-2774
-1121
766
2082
2592
2157
2046
2028
1112
-1233
-3072
-2218
-29
1295
911
-322
-2011
-3459
-3665
-2807
-2078
-1904
-1264
361
1314
889
-452
-1044
-654
661
2320
3174
2909
1859
1193
871
545
-157
-616
-714
-239
234
-11
-890
-2122
-2749
-2321
-1312
-828
-730
-868
-710
-244
90
-115
-590
-497
338
1191
1391
1064
230
-269
-198
231
468
-39
-481
-286
-1
-313
-726
-1015
-1065
-745
-94
289
90
-216
-242
394
917
947
1033
1019
1327
1505
1609
1589
1359
1163
1316
1714
1469
1214
621
499
636
738
758
739
520
402
842
875
994
788
856
1065
1447
1904
1948
1799
1739
2022
2318
2289
2277
2384
2699
3055
3459
3718
3239
-334
-5553
-6724
-3291
-45
-928
-3303
-4212
-3830
-3968
-4326
-4183
-4780
-3257
572
3687
2492
-1459
-3780
-3215
-1297
414
1764
2249
1927
1824
1919
1272
-832
-2869
-2340
-214
1319
1184
126
-1416
-2992
-3647
-2902
-2073
-1790
-1331
174
1247
923
-369
-1242
-1036
-146
1443
2581
2668
1533
508
-84
-342
-670
-993
-816
-494
-100
-161
-605
-1712
-2619
-2518
-1518
-487
-130
-104
-295
-380
-440
-40
210
213
415
852
1376
1186
404
-437
-656
-482
89
487
34
-362
-506
-423
-350
-363
-539
-392
60
420
685
530
268
247
773
1420
1832
1820
1672
1699
1687
1873
1677
1311
1024
1010
1146
1217
914
525
206
285
420
540
481
337
497
575
916
791
662
825
1019
1401
1707
1870
1706
1661
1736
2024
2165
2042
2209
2592
3036
3292
3568
2833
-1138
-6147
-6554
-2665
94
-953
-3350
-3759
-3435
-3889
-4251
-4286
-4436
-3240
469
3277
2208
-1659
-3822
-3311
-1691
-44
1221
2200
2131
1956
2058
1681
-271
-2549
-2423
-457
1254
1468
909
-437
-2396
-3404
-3191
-2408
-2117
-1508
-72
1191
967
-363
-1371
-1489
-703
731
2139
2600
1943
764
256
-39
-344
-984
-921
-315
156
214
-186
-1076
-2307
-2350
-1553
-581
-313
-335
-254
-303
-541
-403
-353
-384
-314
289
1142
1139
409
-559
-732
-455
16
341
227
58
-143
-69
-47
-413
-712
-644
-71
766
943
902
513
333
520
888
1393
1539
1650
1639
1842
1789
1496
1243
886
998
1321
1465
1643
1185
740
467
409
485
575
508
619
743
720
663
381
367
367
655
930
1289
1354
1325
1315
1255
1407
1531
1916
2191
2523
2871
3011
3203
2501
-709
-4723
-5222
-2348
-97
-1029
-3000
-3502
-3102
-3383
-3789
-3759
-3923
-3115
-522
1998
1660
-1056
-3077
-2798
-1522
-235
918
1863
2168
1776
1776
1542
293
-1586
-2164
-848
684
1306
902
-138
-1741
-3129
-3312
-2641
-2115
-1595
-546
543
735
9
-787
-1047
-663
208
1378
2281
2317
1538
767
157
-249
-572
-640
-421
-78
188
-24
-731
-1558
-2112
-2263
-1747
-1024
-449
-290
-239
-388
-402
-457
-432
-207
111
899
1252
1380
889
210
-219
-190
149
286
490
367
222
40
-109
-560
-705
-965
-693
-112
240
413
100
57
18
305
616
873
1050
1359
1427
1486
1309
914
728
765
1034
1290
1331
1112
890
607
534
439
334
336
511
628
666
488
290
307
467
798
1178
1568
1855
1929
1973
1978
2037
2337
2468
2831
3261
3510
3714
3549
1477
-2883
-5551
-4138
-1374
-905
-2384
-3592
-3660
-3804
-4529
-4579
-4435
-4166
-2653
99
1879
851
-1460
-2726
-2123
-897
459
1740
2649
2943
2527
2630
2236
689
-1037
-1549
-503
906
1480
1019
-88
-1801
-3080
-3565
-2987
-2345
-1785
-898
-117
377
187
-437
-962
-1005
-333
901
2248
2840
2283
1376
729
524
149
-40
-290
-177
211
333
54
-716
-1583
-2283
-2295
-1588
-677
-443
-558
-551
-300
-178
-553
-814
-850
-420
483
965
1064
606
27
-238
-200
-83
-134
-303
-381
-133
-131
-386
-682
-950
-971
-711
-192
369
749
830
948
1028
1200
1247
1178
1327
1555
1786
1907
1930
1632
1286
839
593
640
770
784
633
363
103
-47
-281
-399
-442
-174
36
417
591
571
432
261
568
965
1369
1745
2015
2154
2316
2403
2576
2635
2577
2866
2876
1249
-2023
-4060
-3082
-1492
-1396
-2527
-3277
-2847
-2776
-3235
-3476
-3508
-3385
-2682
-1168
349
388
-816
-1799
-1810
-1015
-287
448
1282
1905
2007
2163
2170
1658
377
-923
-991
-6
1268
1629
1165
158
-1098
-2172
-2479
-2303
-1990
-1658
-1245
-321
318
312
-448
-1412
-1479
-805
337
1322
1716
1652
1177
672
340
7
-231
-463
-209
298
639
567
-155
-855
-1382
-1501
-1364
-936
-410
-342
-435
-548
-478
-634
-724
-594
-209
149
490
775
851
785
462
387
571
712
683
643
486
544
538
526
493
319
260
216
260
276
230
131
68
194
235
276
316
288
434
439
570
569
782
853
616
576
441
612
700
664
677
492
359
345
326
375
293
175
250
361
524
538
506
379
523
774
1250
1512
1495
1606
1742
2088
2355
2486
2745
2577
877
-1476
-2758
-2120
-982
-1038
-1825
-2121
-1917
-1877
-2342
-2859
-2982
-3086
-2867
-2074
-1075
-659
-1275
-1951
-2255
-1855
-1164
-364
453
987
1463
1680
1888
1745
1015
88
-501
-127
795
1401
1321
503
-512
-1605
-2145
-2089
-1743
-1498
-1635
-1455
-915
-258
-208
-716
-1301
-1330
-781
-34
721
996
1001
675
584
724
908
928
754
613
770
1072
1123
991
459
218
163
206
352
341
253
-115
-352
-286
-144
-134
-342
-503
-600
-419
-371
-363
-182
-181
-57
-103
-26
-90
-240
-258
-376
-245
-62
39
138
184
161
49
-63
51
234
453
524
622
731
878
808
747
611
562
567
532
699
787
819
587
370
157
164
134
100
213
284
410
331
146
55
38
91
209
465
701
857
782
774
826
805
963
1049
1234
1380
1356
1419
1368
1601
1694
1398
553
-411
-902
-840
-615
-770
-982
-990
-776
-848
-1131
-1746
-2205
-2545
-2854
-2653
-2298
-1921
-1844
-1917
-1982
-1832
-1553
-1282
-903
-744
-358
19
326
577
509
335
-62
-131
17
476
783
949
907
664
495
269
226
143
-14
-131
68
426
703
668
363
-49
-351
-445
-328
-6
181
255
73
-9
129
113
145
-53
-137
-137
-65
136
112
30
-144
-113
-58
-17
-58
-145
-345
-509
-471
-364
-251
-173
-172
-279
-260
-282
-142
-22
-4
-106
-190
-141
-113
28
119
153
110
126
250
334
255
361
262
382
478
565
488
304
216
275
537
514
582
423
419
465
486
584
511
456
358
546
668
698
576
379
311
306
378
491
544
439
442
444
517
438
292
235
214
335
527
744
617
644
695
758
841
871
1082
1224
1431
1290
898
158
-624
-862
-784
-619
-772
-1002
-946
-949
-1055
-1228
-1516
-1704
-1893
-1943
-1822
-1757
-1600
-1661
-1664
-1567
-1426
-1106
-953
-807
-792
-717
-512
-208
-3
151
207
144
163
130
152
190
256
317
304
284
455
459
473
230
199
133
214
500
479
506
269
295
184
330
384
344
349
62
117
148
210
75
-232
-427
-567
-534
-547
-477
-512
-402
-326
-372
-422
-482
-517
-505
-308
-152
-82
-125
-184
-111
-165
-331
-365
-354
-163
1
-36
-33
-93
-94
-124
-69
88
166
174
241
401
439
525
432
340
547
590
652
611
499
471
503
567
621
593
515
422
545
661
730
688
559
702
750
720
681
638
600
633
609
637
704
644
651
633
581
615
462
507
484
539
524
462
452
331
407
352
475
626
843
934
955
750
272
-71
-470
-633
-629
-562
-407
-428
-604
-733
-963
-1063
-1272
-1466
-1675
-1793
-1859
-1745
-1630
-1659
-1578
-1603
-1326
-1137
-865
-684
-646
-662
-496
-177
79
167
39
28
52
229
386
407
442
384
298
342
296
330
252
118
113
254
403
538
537
442
444
274
167
76
31
50
-26
-61
-174
-290
-494
-612
-642
-693
-737
-810
-700
-440
-290
-407
-515
-633
-609
-473
-402
-280
-243
-96
-51
-5
-28
-13
32
-47
-26
52
110
126
86
-22
-62
-77
-96
115
212
361
297
297
310
226
229
280
367
499
574
669
832
796
739
597
468
464
628
700
739
807
758
789
645
535
438
412
483
541
596
568
486
236
165
110
186
293
311
366
323
326
238
181
134
260
344
441
566
612
578
537
610
889
1089
968
689
215
-160
-403
-566
-519
-497
-502
-429
-441
-658
-923
-1172
-1431
-1491
-1532
-1440
-1135
-1045
-1067
-1201
-1452
-1349
-1297
-1058
-634
-542
-202
-158
-128
-191
-234
-283
-309
-308
-182
220
333
378
47
-184
-340
-210
31
172
313
164
290
395
488
418
170
-74
-74
37
127
189
-1
-128
-260
-228
-43
-16
-164
-346
-502
-576
-411
-456
-368
-341
-324
-333
-406
-369
-370
-284
-137
-13
-83
-91
-107
-105
-38
-67
-18
60
245
475
550
569
412
324
474
712
822
864
790
682
713
658
737
563
408
342
494
581
540
225
-127
-182
-148
215
294
286
94
131
269
467
466
366
295
372
670
782
796
461
417
325
394
518
495
466
327
350
375
414
266
159
217
387
568
660
672
628
585
592
793
1030
1153
1053
672
32
-437
-766
-835
-855
-867
-820
-803
-909
-1120
-1291
-1598
-1818
-2123
-2084
-1862
-1425
-1253
-1347
-1543
-1724
-1583
-1284
-880
-665
-417
-214
66
265
335
215
-17
-98
77
431
740
884
727
449
170
6
-14
13
-4
-27
84
274
353
203
-138
-521
-607
-556
-393
-184
-142
-138
-159
-205
-232
-301
-409
-310
-318
-263
-319
-241
-40
3
-84
-360
-512
-570
-293
-133
47
131
86
97
54
222
261
316
282
353
557
775
750
554
324
128
117
248
483
518
420
168
63
177
310
295
250
123
250
560
778
815
659
492
631
766
907
1086
920
738
633
725
845
885
698
545
436
333
460
460
506
392
327
383
511
548
386
258
235
264
480
644
685
822
814
875
874
953
1237
1483
1870
2118
1469
-107
-1704
-1934
-1175
-710
-996
-1561
-1684
-1677
-1823
-2339
-2609
-2759
-2930
-2687
-1999
-1117
-1106
-1806
-2575
-2546
-1812
-791
-112
285
567
744
894
966
1087
741
322
172
681
1505
1877
1516
640
-242
-842
-1012
-890
-537
-456
-656
-799
-726
-560
-723
-1098
-1317
-1195
-618
4
515
699
581
269
46
183
523
785
700
429
299
386
410
167
-194
-333
-408
-466
-345
-302
-528
-987
-1243
-1026
-768
-419
-342
-434
-406
-237
17
264
434
470
470
593
815
867
830
584
408
454
549
579
487
394
420
444
559
608
527
408
296
448
712
906
858
775
683
587
608
682
792
847
821
948
1050
1035
986
848
772
555
528
570
513
440
257
281
353
411
432
356
362
335
434
688
1006
1440
1734
1925
2058
2143
1940
44
-2626
-3545
-1994
-335
-262
-1461
-2425
-2565
-2624
-2858
-3039
-2718
-2538
-2356
-1529
-452
-552
-1866
-3216
-3459
-2106
-175
1095
1388
1125
638
522
695
930
838
384
337
945
1953
2229
1226
-369
-1661
-2162
-1740
-990
-327
-329
-893
-1472
-1560
-1200
-1077
-1163
-1105
-560
182
990
1296
1110
604
70
-51
424
1174
1481
1262
741
413
283
126
-197
-491
-718
-677
-468
-346
-298
-549
-1104
-1401
-1104
-520
-65
-90
-301
-386
-140
83
212
352
411
587
817
1173
1232
1046
653
408
569
806
963
870
593
278
122
265
395
413
543
633
782
954
955
804
743
800
1081
1463
1644
1625
1392
1204
1036
953
933
856
773
623
523
438
317
177
-113
-232
-228
-135
78
125
61
-130
-38
89
425
716
945
1272
1495
1872
2226
2634
2991
2994
1252
-1637
-3164
-2005
-25
167
-1370
-2819
-3133
-3011
-3232
-3724
-3620
-3284
-2904
-1995
-947
-1046
-2430
-3900
-3846
-2029
124
1504
1601
1058
632
528
827
1202
1141
765
558
962
1760
1777
554
-1278
-2487
-2665
-1973
-1106
-726
-888
-1499
-1869
-1695
-1099
-639
-650
-511
239
1184
1708
1605
944
458
288
601
1228
1590
1526
865
293
-141
-321
-517
-768
-907
-886
-578
-571
-654
-907
-1211
-1502
-1309
-462
198
439
258
-105
-171
-106
199
520
698
727
690
718
820
744
354
188
144
372
658
720
311
-246
-534
-493
-268
20
165
98
176
394
770
983
863
723
922
1276
1581
1714
1603
1384
1088
969
1048
1044
814
702
579
561
533
242
103
-18
86
160
238
365
357
385
430
494
643
949
1199
1350
1666
1946
2162
2373
2642
2858
3143
3004
1207
-2063
-3879
-2623
-605
-230
-1934
-3611
-4028
-3780
-3805
-4037
-3887
-3350
-2664
-1831
-968
-1185
-2440
-3628
-3306
-1240
1262
2451
1940
991
422
571
886
1067
1023
606
225
401
901
696
-560
-2098
-2731
-2249
-1367
-898
-905
-1212
-1564
-1557
-1008
-60
481
515
449
690
1237
1613
1457
1056
1004
1150
1440
1415
1171
726
210
-146
-155
5
-71
-506
-1025
-1013
-827
-598
-508
-523
-329
-171
16
135
191
-73
-236
148
531
823
747
366
-51
-36
217
107
90
43
-42
-110
-212
-216
-529
-669
-686
-415
88
378
312
78
114
305
695
1075
1231
1186
1184
1141
1197
1381
1408
1162
973
1026
1115
1138
883
689
463
419
504
396
166
-126
-266
-222
96
284
384
431
472
574
744
832
958
993
1096
1366
1558
1712
1754
1750
1863
2027
2295
2761
2918
1043
-3061
-5475
-3654
-369
422
-1698
-4291
-4961
-3988
-3391
-3543
-3544
-2680
-1720
-894
-222
-559
-2239
-3832
-3460
-717
2399
3346
2048
271
-397
-35
742
1439
1558
1010
346
286
740
745
-530
-2205
-2808
-1870
-470
75
-356
-1187
-1792
-1745
-989
224
911
753
416
565
1180
1465
1266
822
896
1299
1572
1403
728
-20
-529
-505
-133
303
144
-437
-1024
-1255
-1015
-832
-591
-331
-154
84
192
76
-131
-337
-270
48
337
504
253
21
-220
-488
-636
-771
-757
-648
-377
-470
-570
-680
-692
-589
-346
1
172
482
602
589
582
634
584
725
890
1104
1138
1260
1263
1125
1057
927
874
835
754
675
595
486
379
318
404
386
248
182
308
485
648
782
772
732
655
773
908
899
1052
1095
952
945
955
951
951
1093
1192
1363
1674
1910
2038
2606
2385
-841
-4919
-5272
-1694
1362
564
-2651
-4597
-3819
-2573
-2613
-3126
-2749
-1947
-1170
-198
243
-1018
-3259
-4055
-1983
1652
3749
3024
735
-665
-501
457
1412
1758
1335
426
-14
402
929
205
-1609
-2738
-2093
-486
398
18
-829
-1371
-1325
-538
608
1389
1305
720
667
1325
1832
1523
836
594
1094
1537
1412
755
-92
-791
-960
-711
-349
-385
-930
-1581
-1698
-1374
-1031
-891
-905
-796
-678
-458
-304
-250
-162
-72
194
511
640
487
214
-270
-659
-527
-12
113
-218
-846
-1296
-1260
-1052
-923
-934
-866
-710
-474
-245
-160
-386
-423
-65
527
1154
1495
1377
1115
1117
1191
1318
1341
1247
1062
897
905
832
749
531
278
206
261
446
412
308
152
221
546
868
1035
998
982
1036
1294
1563
1649
1530
1336
1173
1161
1172
1182
925
668
616
615
711
623
754
1238
1621
-561
-4755
-6090
-2924
744
819
-2041
-4155
-3495
-2254
-2052
-2398
-2109
-1157
-223
850
1144
-158
-2251
-3106
-1505
1587
3613
3060
875
-763
-580
408
1233
1545
1101
302
-320
-92
452
350
-907
-1930
-1617
-384
510
233
-539
-1051
-879
-148
773
1199
991
507
331
680
1033
828
246
-110
87
505
538
-55
-843
-1299
-1159
-793
-435
-266
-594
-1086
-1166
-875
-406
-74
-75
0
184
385
378
165
13
26
191
429
564
246
-96
-352
-418
-288
-241
-276
-486
-869
-1176
-860
-423
-422
-984
-1290
-1030
-563
-111
72
83
46
210
443
753
842
682
521
745
1124
1288
1173
673
279
268
605
873
960
864
632
395
362
519
520
416
191
153
414
637
588
407
304
239
350
515
648
661
489
389
374
532
503
230
20
63
340
565
738
832
907
1098
1521
2129
2356
401
-3343
-4937
-2167
1680
2134
-803
-3378
-3198
-1936
-1603
-1862
-1834
-1141
-423
28
28
-797
-2354
-3215
-1850
1102
3148
2629
564
-818
-609
625
1706
1942
1453
549
-75
150
817
835
-238
-1401
-1331
-427
197
-67
-850
-1251
-1076
-378
369
625
298
-291
-588
-125
700
566
276
167
338
338
324
-60
-720
-754
-491
-113
-23
78
-603
-1076
-955
-739
-520
-243
33
-59
65
163
26
71
221
228
422
840
884
550
276
263
147
290
433
378
169
-33
-328
-551
-454
-380
-644
-927
-863
-500
-211
-491
-928
-1228
-819
-227
132
307
416
397
455
695
817
715
412
440
550
745
667
190
-224
-253
-64
55
193
97
-122
-303
-181
-46
12
-47
-222
-218
-87
195
334
357
335
291
393
542
777
931
830
720
720
908
961
835
690
603
662
815
974
1068
1134
1355
1720
1948
1543
-336
-2670
-3042
-814
1129
549
-1478
-2786
-2323
-1433
-1075
-1241
-1028
-191
398
376
-211
-975
-1670
-1384
99
1846
2339
1289
-285
-794
-7
898
1273
1057
583
-32
-396
-250
-141
-535
-1215
-1538
-1266
-881
-853
-1467
-1919
-1607
-700
-23
227
169
-38
-143
-7
469
772
742
499
444
701
754
388
-171
-511
-486
-203
40
-6
-290
-682
-733
-578
-217
83
158
212
437
636
626
502
454
516
494
551
539
329
49
-42
84
260
288
49
-184
-222
-142
-13
-58
-166
-237
-310
-284
-215
-264
-358
-622
-913
-707
-135
8
-542
-1011
-932
-609
-208
-32
-157
-412
-387
-268
-207
-163
-173
-347
-322
-54
129
143
-142
-222
-41
300
585
535
559
631
562
711
1056
1236
1086
832
641
541
532
529
571
554
553
611
434
258
168
21
98
319
631
740
648
648
781
924
1119
1303
1541
1825
1938
1907
1723
1145
-305
-1943
-1880
-166
935
103
-1593
-2568
-2266
-1493
-1083
-1146
-1053
-542
-131
-324
-851
-1218
-1370
-935
-36
1031
1361
532
-784
-1193
-412
384
480
115
-261
-660
-934
-790
-566
-736
-1055
-1178
-1047
-648
-381
-515
-636
-322
349
730
779
584
627
858
960
1015
933
839
500
258
318
395
77
-404
-616
-514
-300
-163
-190
-365
-355
-159
81
319
428
437
369
472
672
788
743
537
447
421
521
356
33
-191
-329
-307
-349
-442
-715
-912
-979
-861
-721
-703
-728
-729
-652
-575
-502
-481
-402
-394
-244
-114
-65
-177
-461
-630
-521
-364
-353
-456
-727
-892
-744
-384
-170
-205
-190
-99
116
230
287
225
197
390
587
881
916
666
434
416
612
702
677
533
402
408
536
522
404
343
325
331
351
542
626
562
622
770
840
907
879
752
751
902
1057
979
870
710
540
597
679
668
564
452
421
475
542
513
316
-286
-1550
-2438
-1716
-321
89
-753
-1706
-1863
-1398
-845
-670
-845
-699
-8
302
-179
-1056
-1363
-1014
-470
188
698
846
220
-566
-470
354
793
449
6
-73
25
104
122
-66
-271
-286
-200
-57
-40
-55
-188
-303
-186
128
557
469
105
-30
212
368
228
70
-8
-33
-59
3
67
-5
-287
-345
-250
-121
-36
-148
-270
-249
-151
-17
3
-124
-119
5
116
90
77
71
54
-158
-345
-406
-449
-438
-427
-448
-576
-829
-965
-943
-755
-531
-351
-219
-151
-113
-192
-236
-196
-186
-100
142
309
275
74
-90
-186
-264
-70
113
122
-196
-714
-769
-515
-434
-552
-459
-179
-28
139
295
280
251
602
1045
1258
1206
1072
883
717
633
749
931
896
658
496
616
648
449
308
276
233
288
422
479
265
57
160
284
376
403
356
284
165
241
408
507
446
256
223
279
341
331
340
270
87
117
282
449
526
548
600
547
503
598
574
-233
-1344
-1467
-520
183
-267
-1114
-1445
-1162
-796
-574
-629
-752
-548
-12
259
-265
-802
-687
-87
381
677
990
865
257
-105
255
845
814
393
55
-127
-277
-214
-88
-304
-725
-851
-608
-510
-670
-796
-578
-384
-332
-234
-30
-33
-282
-352
-128
124
13
-225
-396
-453
-488
-520
-623
-742
-667
-432
-310
-553
-780
-768
-591
-358
-177
49
174
134
10
-54
64
60
49
119
217
350
300
187
10
-166
-145
18
211
171
19
-8
25
-22
-122
-162
-81
67
190
203
193
152
171
227
266
367
293
184
88
71
231
310
207
12
-72
-133
-206
-232
-270
-546
-1182
-1504
-1140
-654
-569
-661
-720
-769
-563
-113
203
169
149
508
870
795
458
162
144
352
733
1084
1139
900
561
549
748
834
904
996
1016
909
912
1088
1113
990
870
839
864
881
910
905
881
857
848
822
661
459
318
299
228
171
187
241
307
209
166
219
326
513
610
725
756
632
408
-130
-1011
-1471
-938
-173
-149
-939
-1523
-1586
-1494
-1448
-1338
-1241
-1104
-748
-388
-502
-1213
-1688
-1314
-432
205
352
237
-178
-587
-457
71
338
165
26
165
51
-222
-429
-528
-731
-874
-570
-173
-131
-534
-734
-537
-263
-93
77
205
147
37
87
211
238
108
71
183
280
209
156
120
2
-33
8
131
36
-91
-165
-73
-21
-124
-171
-141
34
82
46
-82
-221
-192
-39
-23
-77
-234
-442
-530
-455
-285
-176
-108
-161
-256
-287
-208
-61
44
164
365
467
428
239
130
121
215
358
415
423
264
209
151
170
166
161
196
299
384
440
460
318
282
353
538
637
501
40
-499
-610
-246
70
-4
-188
-232
-156
5
141
156
73
141
478
742
538
154
-82
-86
148
428
617
482
124
-41
115
268
255
126
90
62
-60
-60
-5
-89
-200
-212
-101
-35
-33
-93
-157
-157
-145
23
132
158
56
-15
-104
-268
-378
-327
-88
98
155
63
18
51
93
156
259
374
419
518
482
-43
-1032
-1633
-1216
-397
-251
-754
-1200
-1311
-1278
-1270
-943
-585
-360
-109
242
333
-156
-593
-432
137
655
955
1033
699
216
13
185
225
-23
-63
119
191
-151
-521
-609
-665
-685
-485
-93
79
-138
-359
-338
-191
-60
76
263
401
520
588
609
503
289
253
347
498
498
329
203
35
4
113
196
118
-3
59
142
157
92
171
370
559
713
719
670
566
611
737
799
717
582
617
661
603
385
210
40
-65
-75
-37
-32
-148
-253
-361
-405
-406
-334
-237
-210
-238
-254
-189
-115
-83
-19
37
89
59
69
60
-7
-102
-221
-293
-352
-357
-389
-410
-495
-632
-696
-702
-676
-574
-500
-433
-530
-699
-738
-580
-455
-440
-396
-363
-366
-454
-389
-268
-192
-79
98
185
12
-243
-246
-121
-170
-123
94
222
117
14
63
213
223
257
477
645
691
631
584
615
543
529
575
619
612
570
553
438
403
348
298
295
143
38
2
51
145
215
264
136
-37
-125
-108
-39
-41
38
178
255
299
308
338
302
325
488
709
850
778
429
-212
-721
-647
-63
190
-61
-395
-474
-467
-721
-821
-615
-444
-301
-33
210
-31
-549
-679
-350
100
389
582
569
315
118
184
269
36
-182
32
329
327
67
-132
-186
-371
-388
-184
-34
-87
-214
-100
78
123
-24
-136
-128
-104
-59
-61
-84
-268
-440
-482
-357
-297
-315
-345
-445
-549
-567
-418
-315
-340
-335
-251
-145
-207
-276
-219
-141
-80
-62
-50
-87
-160
-172
-205
-265
-289
-317
-270
-276
-278
-259
-266
-241
-308
-321
-288
-222
-212
-142
-34
65
14
-53
-63
-56
6
24
153
289
383
375
300
213
194
293
376
438
481
494
468
365
272
252
271
249
250
257
319
353
284
223
178
100
-32
-2
184
329
210
-112
-324
-320
-252
-276
-222
-161
-170
-301
-320
-134
-87
-136
-134
-32
-59
-76
-21
4
-13
14
247
365
290
162
120
172
148
197
310
303
228
110
171
208
99
106
362
650
684
581
458
411
337
382
583
713
761
718
647
553
469
396
405
467
568
659
600
503
363
169
41
10
161
299
238
114
21
91
210
228
137
117
95
48
-79
-270
-482
-660
-771
-752
-622
-583
-604
-798
-877
-867
-849
-868
-858
-756
-754
-703
-644
-547
-527
-592
-541
-487
-445
-415
-447
-411
-346
-362
-369
-460
-554
-538
-427
-204
-50
-37
-7
28
82
130
118
144
275
451
594
649
573
488
441
416
449
466
472
433
310
202
139
69
8
-47
-40
48
55
50
51
138
270
276
262
236
232
196
171
193
277
268
128
9
-77
-113
-150
-197
-222
-157
-185
-331
-486
-587
-589
-570
-509
-423
-381
-318
-253
-176
-193
-256
-272
-245
-54
87
150
112
102
145
125
180
203
196
239
231
262
245
134
48
-53
-42
64
162
164
116
34
-12
-32
-88
-136
-94
-38
60
229
354
433
337
271
305
348
377
432
431
388
265
129
-2
-145
-280
-328
-273
-138
-20
-102
-237
-357
-334
-223
-95
-22
5
-34
-35
-76
-55
-18
16
44
48
94
-35
-90
-98
-14
46
53
10
-37
-64
-44
27
51
39
24
101
180
231
167
111
144
252
373
470
539
548
579
625
667
629
497
263
134
154
187
118
-70
-196
-264
-351
-397
-465
-567
-648
-687
-615
-527
-536
-587
-551
-504
-411
-346
-287
-247
-235
-137
-31
53
2
-138
-257
-279
-243
-137
-124
-217
-313
-386
-287
-168
-140
-221
-317
-282
-213
-142
-164
-213
-253
-249
-206
-71
0
-73
-125
-43
161
229
216
212
213
279
361
400
316
135
83
188
280
307
252
183
147
138
206
253
176
106
194
352
430
417
318
294
324
388
463
510
502
447
502
531
468
215
41
-7
14
80
110
68
-106
-271
-363
-307
-296
-304
-291
-222
-166
-186
-210
-231
-238
-253
-175
-106
-166
-267
-359
-383
-333
-354
-309
-266
-288
-303
-325
-291
-278
-244
-153
-32
-20
-73
-65
-39
-38
-72
-55
-42
63
179
101
-58
-61
62
161
246
366
442
358
249
240
267
290
266
254
253
305
263
185
173
135
145
203
361
372
258
125
144
200
252
343
324
213
98
135
223
328
309
193
120
114
124
148
171
94
-12
-66
-52
-76
-174
-235
-298
-296
-290
-275
-279
-310
-294
-240
-137
-45
-86
-154
-141
-122
-64
-29
61
139
126
122
172
176
56
-81
-138
-43
80
124
112
86
19
-35
-19
-27
-24
-103
-93
-22
14
18
-73
-140
-236
-301
-340
-320
-318
-273
-199
-195
-170
-181
-140
-122
-83
23
105
197
204
198
191
134
49
6
36
98
122
94
48
-44
-137
-214
-147
-80
-79
-88
-145
-92
-31
-10
-38
4
48
84
99
83
107
-4
-53
7
88
64
-63
-162
-193
-92
-93
-118
-134
-154
-136
-105
-51
-19
-20
5
173
297
366
300
98
8
27
129
237
234
123
-57
-296
-388
-432
-390
-319
-255
-181
-186
-253
-414
-454
-368
-150
36
151
124
52
-58
-174
-197
-119
-50
-58
-62
-111
-220
-333
-354
-273
-191
-146
-25
3
-42
-127
-161
-177
-126
-53
29
142
158
95
-8
-96
-124
-75
-12
90
177
193
144
44
-38
51
246
415
546
611
651
619
499
405
388
463
558
574
561
520
468
335
177
119
161
279
392
421
343
226
162
197
285
258
117
-114
-167
-70
-18
-42
-152
-259
-340
-314
-204
-182
-338
-456
-419
-317
-240
-244
-334
-372
-371
-373
-329
-332
-388
-366
-223
-102
-143
-398
-550
-505
-388
-288
-235
-244
-348
-426
-353
-196
-127
-185
-232
-154
-58
90
223
267
179
83
142
263
242
159
212
340
422
375
372
315
145
28
108
362
462
343
207
138
76
48
61
155
243
246
274
253
173
28
-12
38
95
165
253
359
299
174
51
10
12
53
179
263
277
142
21
-88
-134
-139
-148
-147
-121
-111
-190
-332
-515
-568
-508
-403
-294
-243
-273
-365
-461
-478
-362
-158
-27
24
-27
-77
-81
-91
-18
16
73
77
-28
-105
-126
-133
-216
-249
-172
-164
-188
-82
-36
-40
-42
29
85
75
91
91
34
-56
-58
-45
24
33
-34
-18
95
114
19
-12
104
162
181
250
263
238
147
135
170
215
227
232
269
278
217
199
260
290
210
134
125
57
11
12
25
51
6
-16
-3
-35
-72
-179
-140
-51
8
75
102
79
-18
19
102
169
168
157
120
150
231
321
374
326
274
221
244
315
403
395
286
90
-15
-7
-62
-121
-246
-379
-407
-394
-335
-372
-563
-674
-639
-486
-315
-275
-291
-333
-342
-234
-62
39
-72
-162
-108
65
167
106
17
-135
-219
-116
41
87
-42
-229
-224
-155
-145
-168
-135
-86
-87
-56
23
107
46
16
111
259
332
316
246
180
190
251
323
282
208
177
201
283
295
201
196
252
307
340
393
449
409
274
237
212
143
142
113
143
122
62
-17
-129
-262
-396
-462
-404
-309
-313
-398
-509
-558
-596
-513
-354
-168
-50
-54
-84
-149
-106
3
86
102
72
24
4
5
-1
-4
-16
-46
-103
-120
-122
-157
-201
-180
-122
-151
-159
-196
-249
-271
-245
-166
-134
-136
-136
-108
-97
-89
-134
-164
-89
-5
156
339
416
351
237
232
301
353
432
502
481
436
323
283
284
247
228
203
269
273
207
127
75
26
27
88
95
23
-162
-220
-200
-104
6
-14
-90
-223
-264
-254
-253
-261
-300
-241
-126
-51
-70
-133
-205
-208
-97
84
200
158
28
-175
-294
-196
62
208
206
169
118
74
45
10
-93
-176
-61
170
268
171
-58
-287
-347
-326
-219
-93
-69
-114
-196
-169
-83
-121
-140
-61
29
97
139
183
170
79
19
36
53
81
70
62
104
105
83
81
74
-18
-179
-219
-167
-109
-126
-126
-108
-148
-208
-238
-214
