16
10
3
-4
-14
-27
-37
-45
-50
-46
-41
-35
-31
-25
-20
-17
-8
0
6
9
7
5
1
-2
-5
-12
-16
-24
-29
-34
-43
-49
-54
-53
-48
-44
-38
-36
-36
-34
-32
-32
-39
-47
-55
-59
-60
-63
-59
-57
-60
-59
-54
-45
-39
-34
-31
-31
-37
-46
-51
-53
-48
-46
-41
-38
-31
-28
-22
-11
-1
8
12
14
19
24
27
27
34
39
41
41
36
35
30
31
37
42
46
42
37
28
18
8
1
2
9
17
27
39
41
38
29
25
22
20
18
13
12
8
4
0
-6
-13
-18
-18
-14
-6
3
14
21
23
25
27
29
32
33
33
32
30
27
27
28
29
28
31
36
42
47
47
45
39
30
22
12
4
0
4
12
20
25
22
9
-2
-9
-17
-19
-14
-10
-10
-12
-17
-27
-39
-46
-47
-45
-43
-40
-36
-30
-27
-27
-25
-25
-31
-38
-39
-43
-51
-59
-64
-67
-67
-64
-62
-59
-54
-47
-37
-26
-18
-13
-13
-15
-22
-33
-45
-53
-59
-56
-53
-52
-53
-55
-55
-56
-45
-28
-13
-1
10
17
18
10
9
13
15
17
19
20
12
0
-14
-25
-35
-42
-46
-39
-26
-15
-9
-10
-14
-19
-23
-21
-16
-15
-11
2
18
34
44
49
50
49
47
45
44
43
41
44
51
50
49
48
47
42
42
42
38
27
15
12
10
11
20
31
40
45
57
65
56
45
39
32
28
25
30
32
28
21
10
3
-2
-3
-2
4
15
21
27
39
48
54
61
65
65
62
67
67
63
60
67
66
58
49
39
25
9
-2
-6
-7
-8
-8
-9
-6
-3
1
8
20
32
38
43
44
38
30
26
21
15
3
-6
-11
-15
-22
-29
-35
-49
-65
-76
-76
-75
-80
-82
-75
-69
-76
-75
-65
-59
-60
-59
-56
-60
-65
-59
-49
-38
-26
-11
0
11
26
38
47
57
67
69
68
74
84
89
90
92
99
106
109
94
83
73
57
38
32
29
11
-1
-4
-13
-54
-84
-80
-49
-32
-28
-36
-62
-78
-67
-41
-30
-22
-33
-55
-61
-38
-23
-26
-13
-4
-30
-57
-38
-17
-21
-29
-11
-28
-71
-79
-54
-41
-43
-34
-34
-45
-50
-29
-11
6
22
18
-6
-15
6
26
41
56
67
51
35
43
64
77
95
98
88
81
96
108
116
120
116
81
42
12
5
8
-8
-40
-67
-62
-61
-78
-91
-84
-91
-121
-144
-124
-101
-101
-101
-90
-74
-68
-62
-65
-57
-40
-24
-20
-13
-1
-6
-5
13
55
80
82
71
70
85
87
88
91
92
70
60
89
106
85
41
36
42
13
-22
-28
-22
-52
-87
-79
-74
-97
-104
-84
-70
-97
-107
-80
-64
-77
-94
-97
-88
-91
-107
-125
-132
-113
-291
-456
-305
70
47
-394
-445
-155
-86
-243
-39
253
20
-271
-45
317
259
109
207
262
138
196
401
444
322
279
310
314
305
305
243
258
254
163
42
61
66
-90
-180
-84
-98
-249
-366
-288
-276
-304
-258
-240
-256
-300
-232
-177
-94
-5
34
-30
-27
23
79
54
61
127
105
89
69
135
124
80
106
123
92
-28
-49
-34
-65
-124
-131
-138
-164
-208
-193
-173
-126
-117
-177
-186
-107
-9
-8
46
145
216
241
326
438
473
530
578
648
692
839
900
885
894
984
1030
1050
1147
1043
731
568
459
-121
-626
-97
771
110
-1457
-1805
-939
-841
-1503
-1250
-669
-1471
-2748
-2273
-810
-715
-1584
-1392
-616
-856
-1371
-507
751
549
-253
168
1059
838
329
1076
2061
1606
734
1038
1629
1042
360
836
1390
599
-282
-309
-359
-912
-1013
-289
-514
-1466
-2083
-1763
-1475
-1347
-1129
-1124
-1390
-1572
-1342
-929
-412
-129
-85
-221
-75
133
446
823
1081
990
874
927
904
883
1176
1577
1464
1200
1181
1209
1016
1036
1407
1528
1211
999
983
1078
1168
1436
1507
1305
1088
986
888
840
976
1029
624
-468
-1222
-912
221
216
-1148
-2108
-1855
-1662
-2201
-2005
-1164
-1491
-2973
-3196
-1955
-1354
-1902
-1742
-856
-876
-1521
-1060
269
554
2
301
1255
1221
596
960
2050
2090
1325
1350
1893
1553
616
706
1418
1183
224
-26
185
-247
-981
-823
-300
-636
-1378
-1549
-1201
-1668
-2356
-1984
-704
-431
-1654
-2415
-1818
-870
-546
-219
31
-408
-1104
-805
264
839
731
408
206
4
177
674
1081
983
614
310
368
522
616
772
990
1096
729
518
728
1126
1252
1237
1356
1344
1176
1163
1549
1990
2124
1951
1802
1738
1758
1819
1799
1670
1354
1081
277
-906
-1315
-143
824
-602
-2752
-3021
-2039
-2372
-3052
-2214
-1441
-2985
-4681
-3617
-1719
-1835
-2759
-1919
-944
-1658
-2247
-633
1085
696
-96
893
1925
1253
688
2044
3417
2549
1402
1910
2565
1502
560
1461
2263
1047
-306
-87
295
-665
-1266
-514
-200
-1397
-2288
-1922
-2165
-2820
-2209
-529
-927
-2761
-3319
-2069
-1074
-654
-132
-210
-1068
-1490
-537
658
1199
1034
640
311
330
725
1402
1844
1654
928
613
915
1077
1062
1387
1818
1451
684
707
1226
1378
1314
1492
1691
1347
1121
1302
1769
2219
2438
2287
1955
1879
2036
2097
2082
2235
2040
1602
464
-912
-1422
-180
1230
-74
-2710
-3593
-2617
-2654
-3342
-2597
-1590
-3167
-5395
-4756
-2519
-2120
-3164
-2514
-1396
-2010
-2933
-1528
632
674
-276
550
1731
1194
359
1631
3510
2999
1657
1921
2742
1857
632
1441
2638
1595
-165
-289
269
-530
-1468
-754
-132
-1242
-2551
-2598
-2494
-2988
-2600
-1420
-1557
-2830
-3344
-2671
-1928
-1296
-538
-446
-1035
-1281
-728
191
935
1288
1120
722
612
892
1454
2077
2135
1611
1162
1176
1214
1182
1547
1909
1474
760
692
1054
1096
1052
1318
1387
1013
757
1014
1466
1809
1968
2113
2010
2028
2137
2250
2293
2161
2270
2240
2018
1021
-767
-1683
-519
1633
1010
-2058
-4061
-3145
-2406
-2883
-2670
-1513
-2524
-5473
-5809
-3197
-1610
-2811
-3328
-2259
-2218
-3401
-2619
-23
1067
-221
-459
947
1338
476
1003
3293
3837
2160
1489
2611
2756
1414
1412
2997
2863
721
-273
507
563
-643
-687
280
-297
-2029
-2732
-2118
-2290
-2703
-1883
-1047
-1822
-3374
-3386
-2250
-1231
-659
-330
-716
-1397
-1459
-519
688
1275
1211
520
129
246
1002
1816
2162
1728
1050
702
861
1003
1293
1742
1665
1040
436
656
942
1003
1142
1427
1258
733
572
1081
1616
1945
2115
2080
2061
2013
2277
2466
2724
2650
2335
2027
2154
2161
532
-1696
-1714
1135
2281
-871
-4404
-4058
-2309
-2969
-3860
-2395
-1756
-4982
-7488
-5110
-1827
-2426
-4436
-3463
-2173
-3385
-4187
-1468
1261
333
-1334
41
1753
879
156
2567
4885
3366
1341
2332
3844
2584
1249
2801
4169
2070
-217
415
1621
351
-925
31
617
-1305
-3043
-2330
-1210
-1990
-3711
-3426
-1987
-1332
-2773
-3773
-2852
-1548
-1289
-1280
-608
-670
-1471
-1219
557
1539
1107
363
280
602
1068
1899
2326
2134
1501
956
982
1579
2046
1985
1586
1541
1344
881
994
1595
1872
1337
935
1053
1124
1152
1524
1976
2157
1864
1801
2130
2607
2885
2700
2635
2573
2424
2200
2255
1577
-680
-2091
-275
2507
1016
-3233
-4790
-2786
-2307
-3814
-3347
-1646
-3299
-7235
-6989
-3196
-1908
-4270
-4799
-2992
-3026
-4660
-3385
78
661
-1449
-1400
1037
1437
134
1185
4244
4390
1978
1786
3875
3881
1798
2088
4195
3658
724
142
1734
1504
-546
-543
809
-121
-2583
-2993
-1525
-1629
-2864
-3552
-3375
-3388
-3176
-2695
-2767
-2918
-2755
-2426
-2079
-1311
-779
-904
-952
-263
262
162
346
704
1037
1157
1558
1778
1688
1702
1717
1618
1824
2157
1972
1463
1490
1933
1615
1349
1675
1929
1413
915
1304
1667
1654
1697
1968
1972
1887
2021
2515
2773
3031
3067
2962
2928
2815
2710
2511
2564
1048
-1243
-1578
1497
2832
-770
-4695
-3919
-1570
-2780
-4380
-2795
-1598
-5142
-8153
-5556
-1919
-3059
-5715
-4417
-2494
-3846
-5083
-2124
979
-234
-2181
-383
1948
999
-6
2608
5282
3623
1444
2821
4824
3334
1577
3383
5058
2819
140
1082
2500
899
-804
433
1131
-1153
-3231
-2325
-1229
-2298
-3346
-3284
-3153
-3893
-3939
-3402
-2917
-2851
-2906
-2890
-2539
-1760
-1357
-1047
-687
-175
-192
13
542
993
1245
1521
1799
1598
1627
1971
2072
1833
1972
2224
1920
1430
1619
1872
1588
1420
1512
1502
1085
1065
1275
1262
1302
1478
1535
1428
1563
1967
2250
2472
2840
2905
2872
2928
3058
3056
2643
2673
2017
-39
-1659
-329
2786
1869
-2842
-5191
-3028
-1682
-3811
-4401
-2129
-2713
-7205
-8312
-4309
-2017
-4851
-6218
-3824
-2937
-4997
-4777
-806
890
-1385
-2025
623
1914
480
843
4302
5238
2597
1681
3958
4869
2559
2195
4556
4626
1545
228
2021
2300
17
-571
832
252
-2363
-3223
-1734
-1664
-3004
-3240
-3038
-3826
-4656
-3585
-2643
-3201
-3457
-2579
-2032
-2292
-1949
-924
-464
-334
240
636
572
545
1134
1918
2184
2075
1759
1773
1959
1939
2134
2641
2558
1540
819
1455
2002
1544
1302
1582
1463
579
503
1398
1626
1247
1123
1472
1574
1430
1884
2518
2956
2909
2741
2758
3166
3549
3722
3796
3611
2979
980
-1044
-1105
1723
3752
800
-4166
-5425
-3038
-2389
-3917
-3187
-1894
-4509
-8889
-8041
-3664
-2679
-5346
-5643
-3882
-4456
-6056
-4095
-44
363
-1810
-1625
544
714
-260
1645
4925
4651
2054
2006
3966
3856
2129
3156
5225
4042
945
514
2147
1569
-152
297
1380
-307
-2962
-3023
-1634
-1971
-2873
-2416
-2537
-4279
-5485
-4040
-2380
-2259
-2567
-2662
-2924
-3049
-2028
-440
385
383
8
-322
-67
855
1825
2290
2142
1714
1258
1433
2113
2434
2409
2318
1969
1182
882
1561
2055
1735
1444
1416
1126
777
1072
1718
1740
1465
1297
1277
1487
1878
2266
2367
2588
2887
2725
2601
3065
3682
3729
3519
3572
3360
1984
-542
-1721
388
3807
2842
-2550
-5801
-4078
-2259
-3578
-3637
-1609
-2881
-8122
-9642
-5245
-2261
-4281
-5933
-4573
-4503
-6363
-5357
-1106
707
-1395
-2337
-597
360
-224
1061
4275
5008
2697
1779
3457
4271
3008
3018
4976
4935
2307
876
1983
2383
888
524
1417
830
-1611
-2859
-2149
-1695
-2110
-2598
-3043
-4120
-4874
-4516
-3421
-2625
-2414
-2872
-3490
-3343
-2200
-923
-250
-96
-49
-168
-132
315
1327
2174
2188
1675
1410
1795
2048
1966
2138
2507
2296
1384
988
1466
1752
1478
1341
1486
1310
717
691
1193
1507
1359
1185
1358
1571
1636
1805
2239
2706
2831
2553
2677
2871
3132
2978
3106
3566
3691
2617
-429
-2530
-1411
1558
2023
-318
-2285
-3697
-5812
-6203
-2931
-273
-2533
-6435
-7214
-6314
-6189
-5007
-2647
-2409
-4970
-6207
-4430
-2498
-1219
-63
689
28
-1011
-463
1297
3141
4190
4105
3648
3228
2932
2988
3614
4585
4326
3154
2414
1972
1436
951
1199
1230
325
-641
-1332
-2014
-2413
-2318
-2004
-2359
-3238
-3893
-4345
-3886
-2887
-1994
-2021
-2715
-2953
-2626
-1819
-757
80
255
-274
-730
-410
508
1427
1712
1483
1247
1030
1021
1417
1957
2222
1736
1226
1046
1156
1420
1590
1690
1580
1316
1128
1034
1277
1656
1836
1803
1572
1456
1487
1781
2247
2532
2743
2813
2656
2567
2734
3268
3605
3605
3490
3286
2777
695
-1879
-1951
1606
3784
461
-4806
-5660
-3740
-3504
-4079
-2368
-1685
-5556
-9333
-7860
-4268
-3510
-4511
-4374
-4770
-6369
-6009
-2884
-280
-392
-1084
-828
-621
-318
1144
3577
4867
4106
3011
3126
3954
4254
4146
4720
5120
4069
2454
2000
2467
1976
720
381
735
348
-1199
-2488
-2705
-2551
-2534
-2636
-2718
-3390
-4756
-5453
-4247
-2271
-1514
-2532
-3700
-3981
-3126
-1478
143
774
60
-1025
-1289
-296
1370
2471
2369
1573
906
850
1369
2340
2976
2617
1683
1078
1150
1526
1972
2243
1979
1353
852
769
1031
1458
1750
1616
1198
912
881
1080
1568
2134
2449
2348
2154
2019
2195
2655
3265
3576
3510
3108
2838
2712
1381
-1053
-1850
1123
3609
1126
-3812
-5039
-3462
-3255
-3683
-1971
-1227
-4771
-8397
-7248
-4150
-3434
-3981
-3746
-4540
-6395
-5984
-2879
-517
-529
-1038
-1103
-1311
-865
936
3258
4362
3860
2855
2566
3347
4160
4301
4475
4667
3924
2483
1952
2454
2269
1351
938
762
-241
-1600
-2105
-1993
-2175
-2484
-2759
-3188
-3702
-4189
-4506
-4468
-3538
-2476
-2502
-3307
-3595
-3003
-2152
-1221
-179
197
-359
-893
-433
766
1827
2250
1975
1323
993
1248
1903
2632
2991
2535
1477
889
1247
1863
2095
1992
1620
970
417
632
1328
1741
1534
960
552
425
812
1416
1986
2155
2003
1806
1927
2228
2635
3054
3492
3578
3374
3262
3470
3700
2476
-278
-2032
278
3633
2733
-2183
-4653
-3618
-3291
-4191
-2732
-715
-3293
-8078
-8309
-5045
-3715
-4602
-4143
-3988
-6091
-6911
-3934
-608
-366
-1122
-766
-728
-980
383
3179
4762
4177
3180
2978
3469
4111
4404
4523
4513
3929
2699
1819
2080
2256
1364
477
134
-712
-2389
-3083
-2168
-1747
-2573
-3477
-3825
-4449
-5056
-4304
-2839
-2415
-3201
-3899
-3800
-3066
-1907
-770
-435
-586
-586
-295
92
864
1833
2082
1474
1119
1352
1624
1720
1949
2112
1746
1261
1049
982
950
977
981
749
494
437
332
204
269
529
703
738
772
732
752
1051
1500
1822
2081
2321
2386
2326
2664
3269
3676
3634
3592
3599
3684
3781
4017
4008
2365
-616
-2248
293
3365
2191
-2506
-4822
-4317
-4224
-3994
-1691
-640
-4500
-8479
-7506
-4702
-4192
-4099
-2864
-3940
-6877
-6389
-2520
-376
-833
-386
255
-1045
-1539
1162
4080
4290
3505
3493
3103
2651
3482
4687
4599
3785
3255
2538
1749
1812
2019
1266
335
14
-413
-1349
-1777
-1718
-2173
-2748
-2752
-2689
-3139
-3376
-3018
-2887
-3045
-2918
-2603
-2444
-2170
-1598
-1404
-1446
-1061
-449
-317
-336
146
733
718
643
829
1003
858
840
1065
1139
1075
1027
959
823
724
737
718
756
867
770
525
494
756
1085
1335
1597
1606
1288
1062
1347
1997
2544
2732
2636
2331
2143
2340
2940
3516
3597
3187
2836
2880
3254
3505
3671
3374
1286
-1971
-3085
246
3379
1532
-3365
-5139
-4352
-4660
-4967
-2382
-516
-4023
-8579
-8299
-5079
-4152
-4298
-3282
-3520
-6024
-6483
-3160
-196
8
-114
309
-341
-958
953
3995
4976
4056
3577
3549
3407
3604
4457
4875
4310
3453
2702
2115
1926
1893
1359
478
-72
-412
-1259
-2188
-2528
-2623
-2975
-3409
-3454
-3595
-4035
-4309
-4064
-3481
-3037
-2833
-3003
-3193
-2903
-1958
-1037
-564
-502
-450
-429
-196
524
1480
1919
1550
1084
1047
1300
1558
1870
2081
1797
1141
853
1134
1509
1548
1388
1166
818
514
619
1078
1459
1424
1246
1197
1259
1231
1215
1569
2123
2331
2003
1695
1760
1995
2274
2783
3205
3003
2257
1950
2432
3169
3402
3179
2841
1662
-978
-3413
-2170
1761
2975
-984
-5035
-5173
-4218
-4754
-4078
-1141
-1093
-5617
-8540
-6530
-3766
-3547
-3095
-2080
-3305
-5585
-4449
-873
769
591
1287
1552
-54
-377
2494
5228
4853
3859
4110
3986
2873
2817
4158
4533
3389
2361
1895
1157
310
44
-24
-562
-1282
-1903
-2800
-3674
-3885
-3527
-3487
-3810
-3855
-3871
-4204
-4427
-3705
-2496
-1935
-2094
-2329
-2226
-1885
-1030
215
1099
956
395
318
897
1681
2292
2601
2382
1880
1466
1467
1744
2100
2238
1982
1446
1032
944
1010
1130
1231
1192
824
438
361
540
751
911
1062
1028
901
780
766
866
1242
1716
1814
1409
1026
1118
1422
1688
1963
2215
2137
1660
1422
1626
2091
2244
2299
2126
661
-2150
-3889
-1682
1864
2016
-1882
-4742
-4693
-4248
-4309
-2568
-9
-1103
-5237
-7187
-5154
-2854
-1837
-1059
-1072
-3059
-4406
-2553
420
1634
1750
1970
1026
-536
211
3340
5142
4168
3051
2977
2657
1894
2304
3475
3387
1881
689
390
104
-380
-678
-892
-1522
-2177
-2596
-3011
-3590
-3792
-3493
-3434
-3695
-3655
-3283
-3341
-3604
-2989
-1638
-968
-1293
-1483
-954
-313
179
946
1730
1785
1238
1027
1502
2164
2639
2776
2406
1695
1220
1292
1597
1840
1860
1444
641
51
91
487
683
582
204
-347
-722
-590
-79
252
295
150
-76
-284
-238
140
544
802
894
858
617
480
763
1417
1903
1962
1856
1770
1726
1725
2033
2513
2749
2733
2481
1260
-1115
-2538
-492
2859
3086
-542
-3310
-3263
-2645
-2714
-1461
668
-82
-3559
-5575
-4249
-2438
-1472
-754
-801
-2623
-3846
-2381
-87
605
779
1560
1042
-853
-935
1884
3873
2961
1726
2006
2072
933
597
1776
2346
1178
7
-142
-233
-854
-1224
-1169
-1450
-1869
-1967
-2042
-2654
-2991
-2505
-2042
-2232
-2284
-1728
-1546
-1995
-1795
-486
389
75
-344
32
511
732
1227
1853
1870
1374
1309
1565
1637
1617
1901
1852
1126
537
711
945
521
124
158
93
-495
-865
-655
-538
-887
-1138
-974
-843
-881
-748
-506
-578
-667
-290
288
484
414
517
616
626
906
1537
1852
1584
1382
1688
2125
2372
2651
3027
3022
2629
2461
2856
3308
3487
3403
2530
404
-1685
-1029
1861
3381
1043
-2278
-3579
-3184
-2922
-2273
-852
-786
-3015
-5449
-5679
-4553
-3192
-2077
-1823
-3283
-4688
-3919
-1879
-938
-858
-99
332
-694
-1599
-119
2197
2744
1831
1521
1901
1745
1378
1646
2167
1943
1448
1253
1000
320
-74
71
-124
-822
-1094
-720
-941
-1894
-2411
-1930
-1562
-1699
-1673
-1328
-1322
-1631
-1309
-425
112
-27
-230
-167
110
596
1184
1363
986
613
685
843
805
884
1071
838
81
-376
-236
23
-64
-218
-330
-550
-770
-764
-616
-626
-610
-430
-326
-457
-413
-4
363
358
443
924
1411
1443
1251
1303
1552
1851
2104
2309
2299
2153
2018
2120
2451
2883
3036
2788
2385
2127
2097
2276
2613
2829
2558
1406
-600
-2436
-2122
297
2093
574
-2669
-4549
-4256
-3383
-2582
-1610
-1374
-2656
-4526
-5271
-4704
-3313
-1672
-949
-2166
-3825
-3504
-1461
-210
-249
58
724
417
-505
-6
1800
2894
2555
1955
1834
1745
1683
1892
2020
1601
1148
1110
946
222
-283
-109
-105
-840
-1468
-1235
-980
-1434
-2030
-2066
-1945
-1978
-1748
-1253
-1184
-1517
-1426
-885
-616
-733
-572
-237
-209
-260
143
652
545
119
36
304
536
712
855
705
287
28
83
247
500
838
906
427
-45
39
442
539
472
601
708
407
92
337
833
966
798
801
885
848
901
1242
1398
1124
841
952
1189
1243
1317
1465
1507
1399
1513
1851
1994
1885
1832
1996
2058
2089
2207
2421
2155
1069
-664
-1762
-821
1423
2343
278
-2647
-3944
-3243
-2170
-1276
-893
-1546
-3148
-4471
-4756
-4279
-3074
-1588
-1164
-2735
-4275
-3681
-1468
-153
-93
-167
-24
-213
-312
599
1947
2562
2257
1966
1824
1686
1682
2056
2075
1379
768
978
1247
617
-364
-827
-828
-979
-1060
-1074
-1402
-2148
-2570
-2468
-2329
-2171
-1721
-1357
-1742
-2286
-2043
-1142
-577
-372
-157
-31
-315
-434
155
963
1320
1269
1163
915
631
791
1354
1572
1139
644
561
631
545
413
278
-39
-431
-575
-453
-437
-584
-701
-769
-871
-824
-476
-144
-142
-243
-115
173
408
717
1151
1406
1263
1059
1157
1515
1914
2221
2331
2031
1624
1550
1965
2386
2525
2459
2217
1870
1640
1907
2262
2345
2036
1330
-164
-1751
-1593
515
2187
994
-1817
-3734
-3636
-2600
-1352
-649
-1051
-2336
-3339
-3646
-3701
-3154
-1646
-321
-956
-2651
-3206
-1942
-536
131
248
108
-306
-424
241
1042
1362
1406
1637
1570
1060
692
1018
1326
1121
774
801
830
522
213
5
-313
-665
-405
134
78
-740
-1283
-1153
-871
-820
-626
-317
-446
-940
-1089
-637
-242
-63
89
203
-133
-569
-598
-303
-86
157
480
328
-411
-1008
-806
-240
147
190
-7
-490
-905
-870
-567
-375
-243
-13
-65
-530
-879
-586
-17
314
348
262
4
-263
-126
397
814
882
882
890
775
645
834
1183
1284
1132
1103
1205
1187
1107
1192
1348
1340
1309
1476
1688
1637
1445
1460
1735
1957
1962
1850
1779
1515
662
-590
-1025
28
1515
1519
-243
-2263
-3162
-2739
-1615
-620
-783
-2097
-3428
-3802
-3647
-3425
-2862
-1879
-1544
-2362
-3232
-2983
-1858
-841
-218
-73
-335
-631
-190
802
1570
1735
1799
2040
2168
2036
1927
2093
2284
2320
2230
2138
1878
1479
1121
922
665
344
196
175
-130
-762
-1238
-1384
-1391
-1409
-1335
-1390
-1691
-1950
-1770
-1424
-1343
-1426
-1287
-968
-799
-772
-693
-543
-452
-296
-5
355
552
546
389
281
392
689
954
962
736
420
262
339
510
533
396
250
158
39
-110
-129
8
145
169
112
18
-97
-133
13
254
404
404
378
357
333
332
440
633
793
846
791
709
667
689
755
828
923
991
916
685
524
611
815
914
843
694
486
275
252
327
124
-545
-1132
-982
-254
244
-126
-1092
-1969
-2097
-1488
-650
-370
-809
-1471
-1780
-1812
-1702
-1310
-611
-142
-327
-826
-1039
-780
-248
429
867
763
212
-58
287
979
1448
1491
1229
918
775
793
831
798
785
750
567
204
-95
-240
-278
-366
-490
-677
-888
-1041
-1041
-955
-986
-1137
-1231
-1081
-856
-732
-702
-602
-480
-411
-353
-205
16
234
433
518
442
308
378
703
1086
1230
1105
850
622
471
463
655
871
856
581
267
9
-177
-168
120
402
298
-161
-575
-650
-477
-249
-101
-126
-371
-694
-796
-603
-335
-211
-220
-272
-370
-530
-570
-345
35
253
193
64
26
65
150
345
594
714
647
582
580
636
674
725
813
877
813
620
517
581
709
685
519
359
336
318
261
209
251
294
175
-5
-74
-18
-104
-357
-570
-540
-430
-371
-413
-499
-695
-922
-999
-845
-630
-565
-683
-873
-954
-946
-931
-982
-926
-771
-652
-708
-787
-726
-566
-434
-341
-244
-156
-109
-77
-18
50
164
283
420
517
539
400
204
202
469
776
866
759
553
339
256
472
831
970
786
492
299
201
206
322
446
399
140
-209
-433
-450
-324
-238
-238
-323
-519
-766
-849
-633
-370
-296
-357
-388
-447
-579
-581
-333
-109
-173
-324
-264
-114
-102
-91
93
278
200
15
67
348
506
425
321
356
476
542
608
658
581
362
231
348
543
544
319
55
-140
-224
-187
-11
103
-26
-373
-668
-689
-496
-277
-223
-384
-653
-861
-829
-569
-268
-161
-292
-460
-468
-310
-126
52
211
261
146
48
183
465
615
579
546
579
560
531
618
768
778
716
767
837
757
603
619
739
790
786
782
709
524
363
338
388
377
264
103
-44
-157
-228
-234
-203
-267
-474
-691
-728
-665
-688
-775
-773
-728
-826
-1011
-1004
-736
-488
-475
-584
-617
-623
-618
-503
-248
-46
-108
-290
-344
-176
5
109
189
250
189
14
-71
51
239
281
196
105
67
33
43
139
231
187
14
-100
-59
45
91
80
49
-30
-130
-143
-20
103
78
-66
-162
-103
2
37
-23
-71
-75
-114
-139
-66
53
48
-54
-95
-14
43
-9
-49
16
90
86
53
57
70
67
98
194
300
328
288
239
274
398
520
551
533
555
535
462
500
698
823
725
615
621
612
467
367
429
465
350
216
197
188
94
-32
-110
-209
-328
-385
-377
-417
-548
-648
-694
-740
-875
-973
-892
-706
-621
-695
-784
-852
-891
-804
-533
-292
-299
-464
-553
-512
-389
-188
-2
-10
-237
-400
-324
-105
118
314
353
152
-81
1
343
603
635
554
440
287
243
417
658
709
573
368
222
219
399
564
508
291
94
7
-16
53
145
144
-9
-217
-355
-361
-288
-242
-258
-315
-396
-501
-556
-467
-274
-195
-281
-389
-403
-391
-368
-215
14
92
-45
-175
-156
-4
230
496
608
487
319
312
459
652
847
911
730
453
411
620
762
696
538
377
188
66
152
305
301
106
-105
-232
-259
-179
-58
-24
-121
-259
-336
-344
-307
-259
-249
-287
-325
-330
-345
-392
-436
-425
-360
-292
-283
-342
-388
-365
-316
-302
-271
-223
-225
-270
-237
-96
2
-1
-26
19
94
137
181
245
260
181
105
142
247
292
256
193
148
108
103
183
288
312
230
137
107
114
151
228
275
197
43
-52
-51
-3
3
-48
-116
-168
-229
-333
-397
-333
-207
-180
-290
-419
-463
-445
-407
-306
-140
-43
-145
-353
-444
-332
-155
-15
55
22
-138
-269
-179
73
246
229
135
43
-35
-51
40
189
308
292
134
-62
-82
97
263
251
168
117
44
-49
-5
199
308
222
135
172
211
207
299
451
442
268
174
236
250
134
76
122
85
-86
-201
-158
-134
-232
-338
-325
-277
-344
-482
-540
-460
-374
-373
-392
-392
-432
-510
-484
-321
-201
-204
-196
-110
-57
-94
-61
143
376
456
450
472
520
557
648
812
898
825
675
584
579
642
754
820
738
533
338
272
315
364
354
255
104
-52
-179
-252
-256
-233
-251
-345
-490
-608
-619
-523
-410
-386
-466
-572
-612
-502
-301
-159
-172
-243
-247
-190
-87
64
204
169
-14
-144
-103
-1
60
127
150
-2
-269
-350
-153
72
87
-30
-115
-156
-191
-147
13
126
58
-94
-97
45
150
144
137
197
208
124
96
222
335
282
174
196
285
266
144
93
148
166
54
-74
-84
-62
-172
-355
-397
-313
-341
-525
-619
-529
-455
-537
-614
-552
-488
-549
-581
-410
-158
-52
-119
-173
-96
74
252
435
589
618
506
428
571
853
992
851
634
546
550
559
612
691
614
341
81
31
110
148
109
23
-143
-341
-440
-389
-315
-341
-437
-521
-546
-548
-567
-583
-525
-396
-318
-348
-378
-323
-239
-187
-100
44
160
146
59
25
95
200
269
297
287
246
190
185
237
304
304
233
164
138
117
96
126
193
209
93
-47
-55
54
90
-21
-118
-74
-1
-75
-196
-144
34
67
-59
-90
40
108
46
57
169
153
-26
-77
95
211
107
-26
-26
-35
-139
-177
-60
16
-88
-216
-237
-239
-284
-270
-154
-76
-156
-317
-426
-443
-362
-215
-127
-188
-329
-439
-468
-397
-234
-104
-149
-304
-334
-204
-85
-24
39
68
-34
-141
-31
239
401
345
246
247
325
430
543
644
670
604
503
479
576
682
638
466
314
247
196
122
70
33
-74
-252
-392
-448
-488
-552
-579
-544
-518
-567
-640
-644
-570
-477
-395
-317
-229
-182
-195
-200
-130
11
159
265
291
214
117
129
293
473
514
419
278
168
156
283
492
598
486
226
14
23
249
461
411
133
-150
-291
-299
-159
79
169
-55
-372
-448
-301
-170
-114
-47
-22
-144
-281
-189
99
312
302
202
166
182
194
253
410
519
427
206
57
29
25
22
47
22
-150
-369
-471
-474
-470
-442
-381
-395
-545
-666
-576
-394
-305
-295
-242
-184
-198
-198
-40
211
377
418
401
419
516
666
804
916
996
989
865
751
778
869
840
689
535
395
202
-8
-123
-153
-238
-440
-676
-833
-920
-1008
-1097
-1114
-1055
-1052
-1159
-1248
-1165
-955
-773
-692
-664
-629
-550
-395
-163
65
178
165
160
270
449
617
757
848
839
738
652
666
743
800
763
608
394
241
169
116
81
59
-16
-207
-416
-493
-431
-339
-272
-237
-290
-398
-417
-242
23
185
177
88
50
110
257
463
649
682
529
344
321
456
600
660
617
463
244
113
152
249
255
146
-44
-250
-363
-334
-245
-246
-349
-470
-536
-524
-422
-266
-183
-232
-311
-279
-132
6
65
124
246
347
343
337
455
612
620
515
484
562
595
538
496
503
469
343
194
107
66
12
-63
-176
-349
-548
-644
-588
-488
-504
-654
-816
-869
-816
-714
-604
-524
-525
-601
-625
-508
-318
-188
-132
-129
-174
-215
-145
21
137
134
73
34
29
58
136
208
184
60
-73
-91
-4
59
11
-79
-120
-133
-144
-112
-46
-62
-168
-199
-72
54
37
-66
-105
-47
50
121
145
113
51
3
14
120
257
298
180
31
12
110
210
255
244
152
2
-64
56
243
296
178
18
-73
-75
32
204
275
140
-59
-144
-120
-88
-26
88
115
-34
-208
-196
-79
-24
-22
12
35
-40
-119
-69
68
145
133
119
141
140
84
52
105
175
176
147
167
189
141
67
70
149
214
214
190
148
56
-65
-100
16
139
114
-45
-191
-273
-338
-355
-276
-186
-222
-367
-475
-476
-436
-389
-304
-205
-203
-312
-380
-300
-149
-38
30
70
54
-1
3
91
201
309
378
353
246
185
265
374
416
412
372
248
105
102
208
217
91
-12
-31
-73
-147
-148
-90
-109
-221
-294
-264
-204
-192
-180
-150
-136
-109
-36
33
6
-55
-19
86
150
145
108
57
21
47
103
125
95
29
-60
-113
-71
18
47
12
-31
-104
-221
-265
-158
-15
25
2
-7
-53
-167
-220
-96
105
211
192
121
17
-73
-19
208
394
339
142
14
3
17
44
96
95
-17
-178
-281
-286
-250
-245
-289
-346
-390
-437
-469
-439
-382
-379
-396
-296
-102
7
-38
-118
-100
28
209
375
468
455
356
254
271
486
756
847
716
545
448
412
459
641
815
726
390
91
28
101
160
184
161
21
-238
-436
-410
-256
-190
-272
-377
-430
-484
-504
-407
-252
-213
-298
-314
-195
-74
-48
-37
20
61
49
55
126
188
181
138
128
176
223
230
201
162
133
103
92
124
149
95
-8
-40
3
16
-23
-27
6
-26
-102
-132
-98
-63
-45
-23
-15
-17
5
48
52
29
50
65
22
-44
-71
-98
-162
-217
-233
-269
-346
-424
-472
-495
-492
-473
-489
-546
-583
-556
-506
-494
-483
-425
-370
-416
-500
-454
-257
-92
-80
-105
-60
4
55
169
368
515
520
469
506
630
743
791
791
766
700
623
605
669
702
574
373
304
375
406
320
228
172
66
-64
-85
16
39
-103
-266
-294
-247
-229
-230
-210
-200
-264
-354
-360
-279
-218
-214
-207
-175
-183
-230
-229
-146
-63
-68
-129
-156
-123
-89
-74
-62
-40
-35
-58
-66
-41
-16
-17
-17
27
57
6
-83
-103
-44
8
31
43
32
-30
-101
-97
-30
-8
-63
-122
-148
-177
-221
-222
-172
-166
-224
-249
-203
-197
-240
-202
-74
-15
-93
-146
-86
-56
-123
-127
15
116
35
-63
1
130
162
142
170
210
195
184
266
346
317
271
312
382
380
345
377
462
502
437
361
348
400
462
474
437
357
267
216
235
277
276
220
114
-18
-99
-75
4
13
-59
-146
-201
-225
-213
-130
-48
-90
-249
-358
-290
-156
-116
-185
-253
-297
-345
-332
-213
-91
-93
-186
-233
-199
-146
-116
-110
-112
-136
-175
-197
-178
-119
-67
-81
-126
-142
-114
-86
-40
49
139
158
132
143
190
213
208
231
255
247
194
115
69
81
135
170
149
72
-30
-110
-115
-25
65
52
-46
-139
-204
-245
-220
-125
-50
-87
-233
-365
-396
-315
-200
-153
-163
-181
-210
-236
-193
-54
35
-15
-98
-106
-58
-7
63
129
106
12
-33
26
135
219
256
251
207
216
308
408
463
451
407
336
272
287
366
395
330
232
152
69
11
30
126
178
72
-100
-188
-169
-128
-125
-138
-161
-249
-379
-423
-359
-297
-330
-419
-482
-513
-523
-498
-423
-341
-328
-362
-368
-310
-215
-126
-74
-69
-102
-148
-163
-85
23
57
18
-40
-46
-17
7
79
183
197
99
25
77
181
234
236
255
270
230
177
204
271
310
296
265
261
223
136
99
173
278
261
137
52
31
35
72
138
134
41
-61
-73
-12
29
21
-29
-104
-151
-96
27
114
111
49
-23
-1
111
221
267
252
199
144
177
287
379
395
370
326
233
165
224
330
332
219
147
129
93
44
40
88
83
42
-14
-99
-182
-204
-159
-104
-93
-164
-281
-376
-404
-369
-291
-252
-303
-457
-573
-567
-491
-387
-293
-201
-292
-511
-597
-440
-222
-156
-185
-212
-264
-350
-346
-213
-62
-10
-67
-176
-228
-147
-10
72
165
172
99
42
107
362
497
460
320
291
337
405
357
316
25
-185
387
522
209
9
-306
-373
-192
-241
-221
-163
-264
-354
91
-145
-845
-483
-248
-581
-744
-839
-57
173
-896
-1045
-189
520
-142
-799
-811
-362
213
266
28
-418
-571
-198
225
-92
-588
-280
964
1151
-269
-957
186
1498
1150
69
38
1130
1644
1634
1855
1632
1120
1175
1502
1384
1131
1394
1409
603
-27
418
1030
488
-505
-713
-599
-931
-1143
-827
-617
-1105
-1706
-1725
-1282
-1001
-996
-885
-899
-1008
-675
-43
231
-1
-208
61
483
659
907
1310
1216
654
453
865
1134
789
428
410
378
193
41
-3
-183
-644
-980
-965
-730
-529
-435
-623
-947
-939
-665
-340
-64
97
158
161
244
528
814
842
700
692
839
937
920
821
607
333
133
60
60
-57
-299
-481
-585
-652
-674
-727
-893
-1021
-971
-791
-544
-362
-321
-327
-331
-215
139
517
709
688
618
631
756
915
1011
1018
915
772
663
598
493
318
108
-69
-187
-274
-319
-422
-607
-804
-911
-876
-791
-757
-779
-793
-813
-783
-643
-466
-423
-440
-401
-291
-159
-94
-97
-111
-153
-210
-144
-46
-26
-110
-196
-228
-248
-314
-376
-319
-265
-288
-258
-113
8
4
-64
19
257
424
464
517
585
569
545
604
725
753
601
430
392
435
418
305
123
-55
-160
-213
-204
-148
-135
-229
-359
-409
-358
-286
-220
-136
-34
31
72
177
297
333
324
392
566
711
724
626
499
429
437
483
521
501
366
108
-111
-126
6
84
9
-110
-211
-299
-312
-154
43
73
-59
-161
-96
6
44
69
145
171
53
-69
-63
2
-19
-100
-137
-147
-222
-351
-406
-421
-475
-535
-556
-556
-584
-591
-599
-618
-598
-503
-411
-384
-353
-286
-227
-178
-90
64
176
125
58
88
185
238
213
165
144
164
182
197
196
145
51
8
42
99
91
43
17
14
24
7
22
53
62
39
19
16
13
45
30
67
33
-57
-98
-86
-83
-152
-150
-182
-255
-405
-432
-410
-421
-406
-415
-405
-488
-494
-368
-174
-46
-20
73
160
202
255
393
582
705
702
687
727
735
720
729
794
769
623
525
512
465
340
226
204
190
42
-128
-239
-330
-407
-423
-397
-429
-543
-661
-678
-596
-522
-473
-407
-370
-384
-373
-247
-55
54
52
36
100
196
207
203
262
289
274
284
343
394
331
213
196
292
351
356
348
300
207
125
161
307
373
283
152
85
120
182
198
169
120
77
38
47
96
133
72
-38
-67
-29
4
-40
-114
-182
-245
-258
-213
-151
-151
-242
-338
-331
-288
-288
-315
-338
-391
-453
-470
-442
-380
-393
-447
-466
-466
-432
-364
-298
-282
-264
-211
-132
-68
-40
16
87
157
248
348
415
413
395
414
459
521
596
631
568
443
356
359
411
424
358
201
-29
-201
-204
-106
-118
-289
-494
-613
-662
-682
-645
-605
-597
-660
-708
-672
-546
-372
-250
-220
-240
-206
-90
62
212
311
370
400
413
441
473
513
566
591
582
525
454
428
423
400
349
320
310
283
194
74
19
44
77
38
-54
-123
-145
-168
-166
-122
-126
-219
-311
-297
-202
-141
-159
-164
-179
-235
-257
-178
-56
-2
-60
-130
-128
-120
-137
-125
-82
-82
-110
-133
-124
-82
-71
-50
-20
-31
-51
-11
71
162
215
