-5
-10
-2
9
21
37
41
22
-2
-9
-4
-4
-1
8
22
35
30
1
-38
-71
-79
-72
-68
-67
-60
-47
-34
-36
-59
-86
-99
-92
-68
-51
-35
-10
10
18
7
-18
-38
-44
-30
1
17
14
-4
-28
-53
-90
-128
-150
-153
-143
-122
-93
-74
-79
-90
-95
-100
-110
-105
-63
-2
45
67
62
38
10
0
10
25
32
33
35
38
39
31
9
-15
-23
-17
-8
2
18
40
57
54
38
22
21
42
71
88
82
65
61
71
72
52
20
-5
-25
-34
-29
-25
-38
-66
-81
-89
-103
-107
-97
-83
-80
-87
-78
-60
-53
-37
-7
20
31
33
52
78
92
92
94
106
114
118
125
127
109
79
68
76
75
56
39
33
40
57
77
88
77
57
57
79
96
95
91
79
66
56
48
31
-2
-33
-56
-80
-102
-121
-130
-135
-140
-153
-165
-177
-181
-166
-143
-124
-124
-121
-111
-93
-70
-50
-32
-26
-28
-22
-14
3
32
61
80
72
55
60
74
77
69
51
41
32
39
59
62
44
18
3
-11
-26
-30
-17
-2
3
1
-2
-5
-12
-15
-20
-36
-47
-34
5
37
43
24
-2
-18
-26
-23
-13
1
23
49
67
53
10
-36
-57
-65
-63
-60
-56
-46
-41
-40
-47
-64
-73
-70
-55
-29
-2
13
24
34
42
42
21
-3
-16
-15
-7
8
20
18
11
4
13
24
23
20
27
41
54
62
75
82
64
29
5
0
-4
-5
2
5
-12
-34
-35
-21
-18
-31
-38
-39
-38
-36
-25
-8
8
16
21
23
18
16
26
47
75
95
106
120
136
139
130
107
80
63
48
46
39
20
0
-22
-33
-39
-46
-44
-35
-21
-8
1
9
26
43
43
24
-2
-25
-34
-18
-2
-5
-20
-32
-36
-47
-70
-88
-91
-80
-63
-46
-38
-42
-50
-52
-49
-48
-47
-42
-26
-13
1
14
26
33
31
28
28
28
21
8
-2
-5
-5
-6
-13
-37
-59
-67
-55
-38
-33
-33
-26
1
33
61
67
50
34
32
44
50
44
31
16
8
0
-17
-39
-62
-85
-100
-106
-91
-63
-41
-32
-37
-50
-54
-55
-48
-29
0
31
67
104
126
118
96
85
77
71
71
84
96
88
64
43
27
-3
-36
-55
-62
-58
-43
-18
7
2
-16
-23
-13
-1
-1
1
17
34
43
38
25
1
-34
-53
-48
-43
-47
-58
-64
-68
-81
-90
-94
-91
-87
-82
-61
-26
7
26
40
65
79
75
68
74
95
108
109
108
96
71
38
8
-13
-42
-71
-82
-78
-80
-98
-123
-135
-135
-125
-101
-67
-38
-28
-16
8
34
41
36
50
74
86
104
122
123
102
72
67
62
49
37
29
28
20
5
-12
-27
-41
-53
-50
-36
-20
-4
19
38
44
33
24
37
59
78
84
81
72
50
29
10
-11
-40
-73
-91
-88
-72
-66
-75
-89
-92
-88
-72
-54
-40
-31
-18
11
33
46
70
98
111
100
74
62
62
70
82
87
80
67
60
53
34
4
-29
-44
-35
-17
-2
-8
-26
-32
-22
-2
17
23
30
40
57
76
89
96
95
84
65
40
21
7
-2
-17
-43
-61
-80
-107
-137
-163
-173
-167
-142
-103
-72
-66
-62
-50
-33
-21
-14
1
26
45
57
60
44
22
8
2
-6
-35
-63
-66
-44
-48
-70
-77
-64
-40
-45
-54
-61
-68
-63
-48
-33
-40
-49
-37
-27
-43
-77
-92
-81
-67
-58
-52
-49
-44
-43
-33
-13
-4
2
20
47
73
80
75
87
102
107
102
92
82
64
57
65
71
65
39
11
-18
-58
-78
-87
-72
-44
-39
-42
-48
-40
-35
-38
-22
-1
19
24
29
35
17
7
13
23
28
20
17
23
30
18
6
-15
-32
-28
-14
14
20
16
28
45
50
46
37
29
38
45
52
69
75
75
79
80
77
62
42
31
15
18
36
56
69
60
36
26
40
55
60
52
52
86
102
106
106
117
126
120
124
137
151
156
158
167
155
126
112
98
78
47
20
9
5
-2
-1
2
-9
-33
-65
-61
-33
-19
-8
15
36
32
19
16
14
8
-2
-6
-2
-9
-12
12
36
26
-18
-54
-66
-73
-104
-138
-147
-140
-113
-101
-112
-151
-201
-205
-166
-131
-106
-76
-25
38
58
42
31
44
48
35
13
25
50
54
28
-32
-76
-99
-104
-99
-106
-107
-78
-18
35
9
-35
-47
-20
8
-4
-2
19
50
77
68
30
-11
-39
-49
-45
-28
-21
2
6
-14
-58
-91
-92
-105
-134
-185
-191
-176
-163
-161
-188
-198
-213
-210
-188
-160
-144
-134
-100
-53
-9
9
18
44
51
62
66
72
124
173
191
190
212
235
205
167
118
117
169
179
186
176
182
199
183
155
117
77
84
116
146
149
149
155
180
186
162
142
140
128
69
49
-74
-50
-78
-73
-64
-80
-137
-39
-9
-68
70
-294
-246
-279
-284
-188
-211
-382
-301
-145
-131
261
-224
-303
-329
-279
-130
-159
-549
-523
-313
-83
252
186
306
241
400
269
190
-83
-594
-939
-1034
-1382
-1213
-1211
-1357
-973
-1356
-1729
-1438
-975
-527
-327
-1024
-753
-130
1299
2079
1476
1480
1529
2818
3258
2972
2037
1503
2269
2994
2841
2003
1552
1427
2257
1932
909
16
-196
-40
-567
-1674
-2826
-2839
-2857
-2872
-3529
-4028
-4282
-3941
-3775
-4547
-4753
-4732
-4268
-3725
-3733
-3794
-2685
-1763
-1010
-533
-282
388
1414
1674
1844
2473
3042
3989
4536
4898
5345
6347
6573
6892
7069
6840
7101
7332
6993
6827
6556
5995
5880
5361
5155
4432
2959
1620
357
-149
-1109
-2695
-3955
-4782
-4892
-5013
-5914
-6125
-6086
-6580
-6875
-7607
-7393
-6979
-7369
-8035
-7446
-6388
-5253
-4477
-4300
-2907
-1736
-1148
-607
271
1010
1661
1056
1280
2040
1451
2537
1042
1639
1999
823
1962
1003
1295
1446
634
996
1261
1078
1530
562
899
1093
1014
1040
1674
1820
2597
3174
3194
5295
4553
6138
5788
6043
7009
5963
5590
4828
3143
3657
2440
1775
1593
-50
1231
96
526
-288
-651
-1286
-2390
-3359
-4411
-4634
-6260
-7041
-7864
-7852
-7031
-7114
-7023
-6117
-6250
-5006
-5140
-4948
-3852
-4372
-3670
-4159
-3700
-2509
-2330
-1799
-1461
-705
244
839
915
1542
1556
1396
1603
1738
1872
2105
1354
1825
2376
2327
3329
2989
4285
4240
4752
5128
5448
6092
6266
6475
5560
6990
6448
7373
7115
5259
4713
3875
3630
3826
1694
1
-156
-1371
-427
-1661
-1837
-1958
-2844
-3273
-3862
-3621
-4081
-5278
-7507
-7236
-7096
-6714
-7163
-8179
-7015
-6227
-6133
-4878
-4059
-3101
-2550
-3783
-2198
-1887
-2387
-2392
-3278
-2201
-1646
-2273
-1141
-403
653
1755
1392
2673
3632
3431
3009
2633
2641
3121
2304
2327
3909
4599
5759
6378
8451
10488
10959
10817
11698
12168
11701
9208
5533
6061
4073
2850
256
-1866
-465
-1544
-1725
-1636
-1147
-728
-1665
-3500
-3363
-4160
-5544
-8230
-10466
-10421
-10292
-10831
-11506
-10358
-9281
-7491
-7471
-5685
-3399
-3179
-2990
-3710
-2541
-1020
-1930
-2754
-2676
-1660
-1506
-1281
-745
760
1717
1022
2534
3345
4366
4037
2721
3128
3501
3279
2741
1956
2894
3445
3221
4352
5209
7561
7992
8328
8981
10466
10678
9754
8917
5369
6316
3461
2618
1607
-1936
-885
-2221
-1431
-790
-1755
-992
-746
-2086
-1816
-2993
-3212
-4984
-8204
-8808
-8706
-8856
-10312
-10559
-10138
-7270
-7653
-6754
-4530
-3682
-2460
-3841
-2980
-497
-1622
-2982
-4350
-3583
-1719
-3489
-3314
-2405
-394
295
550
1957
4301
4595
3413
3562
4618
5331
3733
2126
3124
4491
4805
4883
6151
9512
10313
11217
11179
14823
14299
12433
9642
7301
8919
3890
1692
-1473
-2176
-1996
-3959
-3699
-2354
-2131
-1995
-2561
-2200
-1000
-3027
-4817
-7580
-8392
-9748
-10876
-12833
-13116
-12464
-12228
-9960
-9407
-6261
-4682
-3946
-2095
-1419
628
775
-491
-1073
-1313
-1244
-1271
-2061
-2585
-442
-754
1299
2353
3303
5670
4491
5469
6144
5758
5689
3570
2669
3508
2717
2857
3157
3608
6579
7192
8230
10892
11742
13347
12011
9783
9178
8169
4933
2835
-1130
-2306
-2708
-5023
-3682
-4529
-3328
-2494
-2209
-1173
-246
-1396
-1804
-4397
-6407
-6689
-9207
-10445
-12586
-13291
-11949
-11500
-11116
-8635
-7279
-4627
-3511
-2579
234
479
-154
-1051
-1639
-1008
-2031
-4442
-4046
-3959
-2769
-2181
-1428
1332
2963
3640
4843
5946
6996
6984
4797
4840
4894
4426
3948
2774
4110
6063
6177
8139
9845
12342
13751
12691
12956
12018
10781
8294
5005
2735
-312
-2684
-4188
-4844
-5092
-5371
-4793
-3533
-2154
-1947
-1774
-1728
-2781
-4164
-6171
-7257
-8862
-11341
-12949
-13419
-12821
-12339
-12054
-9845
-7516
-5009
-3651
-1581
628
1450
1023
246
1022
-57
-973
-3096
-2881
-2106
-2337
-1448
-359
1913
3397
4283
5780
7547
8219
7770
6842
6781
6899
5224
4298
4127
4828
5827
6015
7679
9982
11523
12052
11833
11257
11739
9539
7469
4507
1379
-365
-2980
-4393
-5613
-6481
-6547
-5621
-5186
-3940
-3462
-2705
-2719
-3974
-4430
-4949
-6627
-8889
-11252
-11703
-11580
-12713
-12754
-11412
-9234
-7418
-6372
-3711
-484
333
1377
894
2784
2739
321
-647
-1753
-1212
-2283
-3299
-2423
-782
76
1006
2468
5077
6798
6294
6707
7514
8258
7535
5641
5780
6665
6442
6295
6606
8398
10259
8621
10302
9360
10706
9686
6381
6698
3177
2346
-567
-2259
-3386
-4812
-6109
-5812
-5718
-5430
-4900
-5312
-4209
-5054
-5192
-5681
-6360
-8099
-9037
-10676
-10174
-11328
-12178
-11150
-10995
-8661
-8380
-6409
-3693
-2247
-358
-89
2296
3073
1761
1657
1253
1523
648
-1077
-645
371
408
781
1504
3432
4857
5298
5929
7426
8268
8960
7587
8306
9121
8614
8707
7350
9584
9115
8940
8321
7696
8794
6764
5738
4417
3231
1662
-178
-1250
-1846
-3527
-4405
-4779
-4802
-4873
-5728
-5455
-5533
-6140
-6815
-6676
-7101
-7703
-9236
-9351
-8873
-9836
-9697
-10130
-8690
-7542
-7467
-5901
-4357
-2632
-1633
-1439
601
1334
1937
939
788
2111
1339
1161
-489
702
1219
664
667
1589
2998
3294
3155
4502
6418
7042
6559
6938
8459
8898
9175
8173
10216
9399
10200
9134
8002
8487
6474
6065
4345
2933
1687
525
-844
-1104
-2532
-2698
-3285
-3623
-3317
-3963
-4219
-4418
-5118
-6434
-6506
-7602
-7347
-9465
-10290
-9800
-10310
-10114
-10773
-9649
-7769
-7741
-7063
-5353
-3656
-2064
-2599
-1189
230
626
149
-359
529
488
238
-858
384
819
1022
998
1743
3446
4066
4295
4855
6300
7480
7157
6901
8149
8581
9855
8187
10154
10467
10919
10910
9090
10303
8701
8053
5942
5036
3157
1722
-387
-1117
-1992
-3530
-3852
-4704
-4103
-4634
-5115
-5175
-5273
-6319
-6560
-7693
-7511
-8869
-10337
-10349
-10989
-10638
-11407
-11160
-9883
-8964
-8217
-6935
-5260
-2937
-1991
-1322
476
1254
1491
1745
1109
2274
1630
478
886
644
1641
1065
813
2448
3135
4185
4550
5307
7055
7649
7353
8735
8866
10476
9702
9346
11394
10018
11569
8811
9153
8246
7672
6032
4461
3148
1448
945
-1396
-846
-3230
-2671
-4039
-3780
-4043
-4552
-4662
-5563
-5524
-6818
-6663
-7959
-8024
-9782
-9662
-10243
-10070
-10769
-10556
-9695
-8875
-7841
-7701
-5674
-4238
-2960
-2152
-1636
320
236
156
795
428
1130
81
-233
661
665
653
807
1165
2953
3357
3713
4946
5574
7384
7121
7933
9046
9707
10915
9885
11568
11975
12143
11665
10202
9946
9668
7625
6060
4306
2088
2101
-1010
-854
-2540
-3319
-3412
-4253
-3918
-4304
-4675
-4993
-5428
-6685
-6323
-7978
-8074
-9970
-10716
-10861
-11540
-11906
-12145
-11427
-10347
-9502
-9035
-6893
-5363
-3497
-2634
-1940
152
589
604
1166
913
1290
924
-156
972
900
841
1181
1048
2955
3665
3811
5018
5512
7114
8008
7478
9764
9093
11175
10362
11019
12285
11822
11886
9711
10582
8013
9209
4876
5083
2410
1272
516
-1617
-1619
-3466
-3261
-4472
-3192
-5402
-3952
-5758
-5347
-6201
-7478
-7020
-8534
-9012
-10430
-10540
-10981
-10550
-11985
-10386
-10311
-8852
-8291
-7344
-5060
-3915
-2378
-1969
-455
973
1111
778
1459
1260
1806
577
356
1212
756
881
548
1458
2781
2834
3264
4262
5449
6796
6664
7679
8632
9709
10388
10338
11786
11949
12121
10760
10378
9877
9095
7145
4936
3969
2161
1206
-992
-1546
-2621
-3122
-3930
-3689
-3952
-4151
-4573
-5106
-5053
-6184
-6643
-7674
-8381
-9436
-10352
-10940
-11086
-11635
-11564
-11210
-10462
-9396
-8648
-6814
-5447
-3788
-2448
-1513
-302
747
1143
1372
977
1244
1637
996
1108
710
1152
1280
1406
2264
2995
3480
4124
5155
6309
7471
7390
8713
9321
10452
10891
11120
12481
11507
12689
10996
10020
10013
7991
7242
4912
2356
2131
460
-1111
-1786
-3979
-2779
-3879
-4876
-3885
-5062
-4235
-5388
-6464
-5996
-7035
-7773
-8745
-10528
-9972
-10776
-11763
-11600
-12058
-10690
-10353
-10015
-8265
-6332
-4880
-3787
-2751
-363
728
576
1568
1490
2904
1865
1493
1850
1646
1700
989
1001
2063
2406
2329
3111
3566
5337
5773
6097
7414
8353
9582
9969
10095
11784
12516
12003
12015
11378
10649
10121
7920
6647
5571
2479
1973
-51
-1081
-1890
-4018
-3607
-3776
-4702
-4380
-4967
-4853
-4631
-6559
-6170
-7093
-7813
-8543
-10561
-10527
-10970
-11958
-12030
-12221
-11394
-10298
-10284
-8376
-6653
-4854
-3477
-2807
-305
919
1671
1653
2148
2840
2588
1906
1541
1633
1277
793
308
1205
1589
1769
2002
3005
4390
5158
5679
6866
8205
9007
9819
10106
11177
12472
11960
11973
12083
10152
10983
8986
7667
6998
3449
3217
1724
-233
-342
-2694
-3041
-2358
-4663
-3585
-4614
-4643
-3995
-6705
-6463
-6651
-7576
-7920
-10652
-10976
-10316
-11974
-12079
-12829
-12099
-10902
-11379
-9987
-7718
-6471
-4865
-4176
-1782
643
235
1439
1859
2856
3513
2115
2421
2792
2267
2128
862
1552
2728
1971
2347
2603
3977
5669
4887
6031
7382
8719
9724
8650
10617
11465
11835
11000
11643
11208
10009
9431
7294
7529
5179
2600
1993
586
-388
-1328
-3890
-2792
-3431
-4996
-3642
-6061
-3817
-4813
-6951
-5811
-7540
-6574
-8019
-10981
-9649
-10273
-11366
-11246
-13150
-10239
-10344
-11031
-8488
-7897
-4867
-4690
-3904
-692
274
912
1645
2014
3085
3066
1952
2360
2001
1906
1307
435
1167
1940
1327
1683
2190
3528
4968
4237
5567
7270
8087
9007
8222
10557
11693
11162
11710
11401
12587
10425
9764
9130
8219
6755
3919
2548
1859
11
-1391
-2930
-3837
-3058
-5096
-4561
-5200
-4959
-4749
-6774
-6564
-6477
-6657
-7842
-9882
-10138
-9130
-11465
-11703
-12487
-11215
-10393
-11915
-9636
-7849
-5834
-5226
-4143
-1216
746
857
1686
2188
3348
3590
2262
2441
1921
2176
1141
131
591
1199
1180
946
1643
3249
4649
4377
5579
7117
9132
9238
9185
11539
11878
13085
11683
12763
13188
10262
10825
8612
8100
6703
2634
2511
1257
-700
-653
-3985
-3337
-3059
-5284
-3554
-5632
-4503
-4441
-7091
-6286
-6922
-7307
-8139
-11497
-10736
-10503
-12336
-12819
-13840
-11736
-11510
-12113
-10365
-7678
-6185
-4948
-4009
-1022
1080
1453
2174
2819
4021
4197
3201
2462
3013
2521
2278
877
1277
2539
2105
1994
2225
3932
5256
4826
5095
7186
8145
8364
8335
8703
11307
9822
10526
10770
11058
10554
8112
9136
7574
7177
4533
2768
1749
966
-839
-1986
-3666
-3372
-3704
-5554
-4445
-5497
-4133
-6045
-6860
-6138
-5940
-6517
-8411
-9314
-8384
-9080
-11136
-10979
-11174
-9759
-11174
-10569
-8387
-7029
-6011
-5289
-3471
-824
363
493
1328
2304
3410
2957
1870
2019
2405
1557
535
-233
717
1087
174
543
1740
3439
3851
3988
5635
7775
8554
8969
9614
11606
12020
12298
12373
12818
13087
10133
11055
8830
8676
6787
3363
3192
1285
449
-903
-3325
-3058
-2987
-5240
-4072
-5600
-4078
-4836
-7182
-5916
-6814
-6466
-8311
-10267
-9698
-9886
-11683
-12382
-12809
-11469
-11953
-12322
-10636
-8690
-7130
-6436
-5087
-2058
76
1115
1108
2670
4038
4438
3541
2646
3584
2949
1975
770
960
1709
1026
137
1176
2647
3675
3562
3738
6333
7316
7866
7710
8718
10899
10044
10209
11081
10887
12199
8599
8909
9516
7464
7885
3249
2934
3371
761
222
-1959
-2890
-1248
-4895
-4191
-4293
-5098
-3974
-7457
-6571
-5624
-6578
-6967
-9328
-9200
-7926
-10039
-10585
-10771
-10916
-9724
-11829
-10185
-8465
-7889
-6384
-6902
-3927
-1482
-1148
-382
93
1643
3283
1825
2152
2371
2306
2174
348
984
1552
1210
737
773
2213
3870
3303
3874
5479
7079
8705
8090
9628
11294
11697
12022
12397
12618
13907
10627
10819
10338
8730
8911
4092
3695
2876
863
12
-2696
-3602
-2616
-5476
-4990
-5149
-5667
-4248
-7485
-6614
-6169
-6608
-6910
-9278
-9508
-8847
-10297
-11448
-11678
-12131
-11218
-12350
-11402
-9484
-8115
-7086
-5859
-4124
-803
627
726
2311
2933
4728
4123
3163
3830
3187
2551
1662
646
1584
733
-74
309
935
2693
2591
2644
4222
5430
6525
6695
7216
8778
9110
9573
9378
10495
11246
10897
9710
8638
10046
8514
7778
5162
4190
4066
2223
792
-256
-1566
-1611
-3312
-4403
-3376
-4682
-4247
-6163
-6671
-5491
-6527
-6960
-8518
-9361
-8697
-9645
-10908
-10752
-11515
-10708
-11000
-11497
-8843
-8468
-7225
-6553
-5450
-2186
-1354
-951
182
717
2478
2489
1488
2267
1639
1888
1083
352
1375
829
521
495
1086
2457
2623
2535
3340
4754
5988
6525
6469
8052
9167
9568
10363
10764
12334
12684
11922
10708
11793
11156
10136
8295
5514
6180
3784
2562
750
-1127
-1286
-2498
-4381
-3654
-4815
-4735
-5533
-7556
-5655
-6787
-6752
-8082
-9778
-8768
-9312
-10329
-11081
-11645
-10928
-11253
-11781
-10762
-9522
-8668
-7989
-7173
-4846
-2596
-2019
-1162
-317
1905
2863
2788
2599
3179
3191
3096
2007
2113
2390
1540
1204
689
1967
2378
1796
2000
2918
4785
5567
5492
6720
8344
9003
9919
10187
11324
12521
11630
12165
9755
11310
10659
7973
7811
4594
4974
3389
793
603
-1231
-2320
-1775
-4847
-3350
-4082
-5471
-4662
-7258
-5404
-6128
-7466
-7278
-9023
-8954
-8560
-10762
-10516
-11504
-11410
-10737
-12358
-10738
-9947
-9416
-8441
-7658
-5259
-3292
-2843
-1350
-276
1568
2878
2591
3088
3488
3784
3355
2378
2250
2263
1273
860
619
1394
1886
1550
1818
3037
4649
5249
5554
6432
8329
8512
8932
9374
10072
10699
10365
10351
10834
10113
8922
9674
7128
8504
6053
4430
4335
1855
2124
32
-2107
-1502
-3269
-4297
-3933
-6412
-4507
-6537
-7399
-6329
-7978
-6492
-8270
-9446
-8118
-9495
-9858
-10192
-11351
-9731
-11422
-11008
-9815
-9620
-7948
-7599
-6488
-3812
-2743
-1156
-88
324
2985
2751
3330
3487
3529
3831
2996
2192
2750
2175
1832
1513
1438
3010
2671
2819
3262
4453
5378
5560
5907
6855
7820
7282
8737
8007
9572
9572
9162
10092
9372
9498
8559
8630
6943
7754
4440
4452
2655
1590
1012
-1764
-2152
-2778
-3741
-4565
-4871
-6164
-4780
-7617
-6857
-7101
-8150
-7319
-10237
-9280
-9478
-10514
-10671
-11604
-11345
-10123
-11488
-9923
-9456
-8385
-6728
-6869
-4233
-2807
-1502
-47
-91
2060
3102
3092
3622
3609
4480
4360
3215
3583
3485
3121
2712
1897
2821
2863
2513
2486
2794
3898
4012
3931
4482
5402
5726
6340
5900
7362
7297
7786
7750
8029
8859
8774
7750
6990
8277
6761
7139
4347
4145
3958
2064
1269
-176
-1384
-1415
-3583
-4398
-3969
-5826
-5152
-7477
-7629
-6706
-8157
-7604
-9003
-9238
-8231
-9247
-9456
-9411
-10035
-8897
-10095
-9775
-8315
-8395
-7222
-7149
-5732
-3219
-2940
-1218
-410
1188
2902
3007
4002
4291
4661
4668
3723
3589
3556
2679
2233
1098
1744
1887
1522
1670
1637
3008
3328
3305
3866
4505
5140
5107
5357
5723
6724
5894
6359
6716
6996
8124
7000
7520
6728
8023
6972
6606
5228
4709
4070
2312
1781
40
-433
-2217
-2848
-4287
-3750
-5331
-5542
-6778
-6906
-6295
-7578
-7030
-8314
-7996
-8279
-8270
-8782
-8663
-9155
-8627
-9076
-8615
-7364
-7235
-6222
-5948
-4161
-2794
-1761
-1068
163
1346
2448
2973
3368
3878
4095
3938
3863
3608
3500
3171
2239
2227
2038
2046
1767
1143
1503
1873
1798
2028
1794
2628
3065
2640
3451
3537
4294
4049
3910
5057
4689
5419
5526
5372
6736
5504
5811
6839
5000
6791
4266
4120
4784
2346
3324
972
-241
558
-2220
-2075
-2836
-4828
-3271
-6303
-5882
-5492
-7025
-5600
-7685
-7220
-6078
-7438
-6805
-7331
-7618
-6305
-7978
-6990
-6769
-6892
-5711
-6191
-4632
-3617
-2929
-1738
-1202
512
1766
2299
2594
3188
3937
3888
3498
3189
2969
2766
1555
1287
979
699
502
-469
216
509
444
739
545
1590
1912
2043
2731
2823
3636
3936
4175
4724
5210
6116
6331
6641
7637
7689
7397
8134
7362
8180
6762
5886
5863
4298
4205
2456
1165
936
-478
-1524
-1891
-3631
-3020
-4949
-5347
-5193
-6314
-5680
-6915
-7277
-6891
-7401
-7439
-7659
-8338
-7164
-8030
-7777
-7311
-7212
-6257
-6380
-5392
-4048
-3406
-2392
-1853
-593
653
1076
2066
2126
2987
3062
2762
2830
2306
2139
1398
654
642
15
-292
-753
-1173
-388
-551
-191
-123
432
1301
1426
1880
2535
2968
3267
3413
3895
4433
4675
4756
4967
5826
6154
7001
7231
7092
7834
8155
8128
8383
7186
7227
6355
5380
5106
3280
2373
1110
-706
-1017
-2404
-3272
-3962
-5668
-5529
-6240
-6601
-6372
-7570
-7365
-7448
-7699
-7470
-8174
-8013
-8002
-8597
-8071
-8109
-7982
-7867
-8045
-7011
-6395
-5568
-4873
-4189
-3051
-1877
-795
117
1069
1750
2399
2829
3326
3595
3650
3182
3176
2973
3110
2681
2055
2065
2063
2228
2057
2083
2514
2627
2901
3236
3684
3986
4118
4350
4770
5188
5567
5425
5563
6006
6218
6826
6717
7073
6620
6744
6760
6755
6283
5626
4723
4176
3744
2746
1807
216
-324
-1404
-2335
-3286
-4103
-5080
-5999
-6797
-7009
-7270
-8092
-8598
-9395
-9123
-9310
-9617
-10025
-10010
-9949
-9771
-9704
-8978
-8430
-8006
-7213
-6137
-4550
-3337
-2357
-1335
264
1694
3125
3583
4669
5572
5943
6131
6251
6435
6172
5500
4912
4674
4096
3535
2342
1970
1734
1442
816
501
567
613
401
429
683
832
954
902
1120
1494
1760
1663
1759
2285
2733
2955
3339
3580
4692
4954
5693
5769
6078
6677
6376
6397
5703
5181
4437
3400
2162
1231
-571
-1479
-3267
-4354
-5263
-6494
-6898
-7917
-8088
-8150
-8060
-7899
-7671
-7558
-6741
-6606
-6095
-5824
-5562
-5048
-5270
-4905
-4659
-4285
-4102
-3951
-3425
-2588
-2049
-1217
-569
625
1554
2389
3370
3887
5124
5346
5590
5906
5709
6025
5317
4548
4292
3199
2895
1804
992
893
-163
-423
-948
-1257
-868
-1559
-1325
-1185
-1167
-574
-907
-392
-180
-141
339
-3
620
657
848
1309
1290
2138
2505
2933
3756
3727
4438
4889
4804
5625
4888
5141
4778
4206
4253
3069
2442
1880
679
359
-735
-1519
-1808
-3149
-3244
-3953
-4259
-4231
-5044
-5037
-5166
-5355
-5258
-5788
-5752
-5734
-6137
-5962
-6136
-5778
-5525
-5425
-4809
-4173
-3375
-2578
-1943
-831
200
1170
1933
2833
3522
4248
4534
4750
5081
4859
4563
3962
3552
3096
2267
1184
454
-432
-886
-1928
-2601
-3009
-3374
-3485
-3752
-3618
-3336
-3240
-3003
-2607
-2019
-1408
-1141
-710
-176
609
1025
1479
2042
2804
3598
4176
5028
5922
7009
7602
8538
9017
9729
10094
10119
10204
9670
9213
8283
7282
6130
5044
3420
2310
627
-386
-1638
-2803
-3519
-4562
-5075
-5741
-6197
-6521
-6852
-7273
-7284
-7704
-7748
-8147
-8321
-8360
-8666
-8674
-8781
-8706
-8525
-8249
-7825
-7142
-6551
-5579
-4727
-3497
-2348
-1121
30
1358
2423
3571
4481
5135
5931
6004
6516
6146
6136
5770
4846
4348
3380
2580
2050
743
487
-299
-860
-827
-1615
-1109
-1295
-1334
-756
-989
-263
-177
-191
361
219
504
775
421
1116
1052
1440
2212
2189
3409
3793
4610
5590
6288
7184
8008
8006
8885
8612
8806
8579
7355
6994
5385
4484
2994
1343
-141
-1716
-3454
-4426
-6117
-6823
-7847
-8731
-8913
-9521
-9106
-9196
-9046
-8736
-8322
-7852
-7297
-7271
-6718
-6619
-6252
-6054
-5924
-5445
-5292
-4969
-4574
-3931
-3127
-2427
-1646
-507
577
1872
2825
3966
5073
6041
6909
7295
7978
8137
8225
7906
7565
7341
6472
5843
4597
3847
3044
1910
1039
-21
-734
-1218
-2149
-2214
-2676
-2919
-2877
-3262
-2657
-2742
-2601
-2413
-2521
-1944
-2022
-2085
-1963
-2195
-1783
-1993
-1831
-1449
-1328
-642
-358
426
1468
2295
3481
4218
5538
6592
7393
8049
8182
8694
8368
8302
7524
6661
5683
4403
3189
2075
580
-382
-1833
-2771
-3362
-4389
-4513
-5328
-5438
-5549
-5741
-5493
-5541
-5613
-5329
-5554
-5209
-5159
-5278
-5077
-5383
-5122
-5058
-4916
-4564
-4445
-4014
-3361
-2763
-1838
-1130
-175
919
1943
3128
4105
5087
6008
6594
7230
7477
7834
7579
7439
6633
6341
5526
4428
3729
2193
1730
279
-634
-1442
-2391
-3055
-3607
-4478
-4305
-5065
-4995
-5204
-5572
-4995
-5352
-5015
-5009
-4875
-4419
-4343
-4228
-3750
-3620
-2971
-2857
-2292
-1515
-1027
-255
414
1424
2445
3285
4385
5550
6560
7682
8374
9290
9919
10465
10676
10759
10427
10369
9505
8589
7935
6370
5531
3615
2364
1203
-315
-1415
-2590
-3739
-3944
-5128
-5382
-5699
-6222
-5952
-6652
-6400
-6392
-6669
-6482
-6766
-6846
-6500
-6910
-6688
-6931
-6798
-6372
-6446
-5930
-5444
-4953
-4171
-3530
-2536
-1382
-621
557
1458
2644
3652
4327
4950
5513
5836
6019
5951
5796
5591
5071
4603
4002
3458
2905
2266
1569
1326
711
496
84
-469
-460
-1109
-1179
-1619
-2029
-2275
-2937
-3310
-3603
-4213
-4317
-4924
-4955
-5015
-5176
-4926
-4824
-4359
-3859
-3378
-2474
-1708
-839
52
971
2085
2926
3908
4740
5564
6298
6835
7366
7598
7834
8057
7968
7991
7717
7520
7245
6845
6577
6290
5616
5425
4392
4060
3512
2298
2079
508
-22
-1072
-2275
-2922
-4241
-5354
-5696
-7223
-7213
-8241
-8742
-8694
-9620
-9090
-9359
-9332
-8798
-8868
-8205
-7537
-7377
-6239
-6092
-5064
-4328
-3772
-2682
-2039
-1244
-248
318
1401
2100
2790
3617
4160
5087
5690
6140
6675
7125
7503
7785
7862
7994
7800
7547
7150
6789
6271
5662
4852
4053
3345
2501
1577
703
-113
-850
-1595
-2332
-2985
-3651
-4183
-4752
-5325
-5627
-6067
-6485
-6733
-7011
-6920
-7127
-6999
-6770
-6499
-5967
-5502
-4902
-4143
-3427
-2502
-1709
-836
81
733
1569
2233
2950
3621
4155
4654
5113
5570
5956
6123
6418
6569
6715
6671
6722
6620
6483
6152
5903
5611
5325
4987
4502
4197
3592
3579
2408
2459
1752
1191
937
-285
-337
-1212
-1878
-2223
-3303
-3618
-3918
-5124
-4784
-5958
-5734
-6081
-6687
-6144
-6502
-6271
-5979
-6292
-5396
-5129
-4922
-4067
-4074
-2908
-2716
-2277
-1374
-1015
-451
142
299
1302
1393
1838
2091
2290
2937
3157
3260
3647
3788
4104
4155
4178
4410
4226
4107
3817
3591
3361
2850
2166
1635
1122
543
-201
-740
-1269
-1674
-2243
-2518
-2725
-2956
-2988
-3161
-3005
-2814
-2804
-2640
-2529
-2319
-2047
-2087
-1861
-1760
-1813
-1660
-1755
-1620
-1613
-1695
-1520
-1481
-1292
-1075
-1025
-653
-349
-5
385
617
1067
1385
1659
1999
2192
2379
2438
2430
2511
2571
2470
2370
2183
2137
2067
1863
1773
1683
1584
1543
1448
1483
1463
1465
1471
1516
1486
1563
1488
1458
1425
1045
1350
804
860
321
-49
-179
-687
-1031
-1304
-1927
-1869
-2473
-2696
-2621
-3017
-2628
-2971
-2777
-2399
-2397
-2063
-1971
-1813
-1221
-1412
-1141
-1089
-1027
-820
-1078
-964
-777
-891
-758
-861
-646
-304
-329
-77
182
571
989
1080
1416
1864
2073
2271
2302
2534
2731
2646
2530
2556
2480
2378
1981
1730
1633
1335
939
542
226
44
-362
-722
-876
-1119
-1225
-1471
-1558
-1437
-1522
-1561
-1543
-1536
-1341
-1520
-1524
-1534
-1648
-1522
-1666
-1603
-1502
-1570
-1464
-1419
-1345
-935
-1053
-788
-714
-545
-273
-339
-194
-137
-185
-25
-122
-27
10
-109
60
21
133
219
226
385
434
513
712
715
869
982
1156
1312
1442
1629
1877
2037
2245
2474
2615
2840
2914
3073
3146
3191
3150
3133
2935
2957
2779
2592
2480
1972
2042
1645
1395
1133
519
362
-156
-652
-904
-1589
-1757
-2151
-2627
-2603
-3086
-3023
-3159
-3318
-2999
-3075
-2910
-2830
-2947
-2582
-2623
-2585
-2444
-2532
-2270
-2301
-2249
-1918
-1847
-1550
-1333
-1101
-577
-375
-62
258
513
889
1024
1197
1411
1420
1505
1531
1575
1650
1606
1557
1563
1477
1468
1365
1202
1151
964
766
607
363
215
-29
-288
-340
-524
-597
-690
-786
-688
-742
-756
-655
-714
-615
-647
-589
-401
-448
-350
-256
-104
120
185
380
625
801
1015
1122
1329
1531
1570
1625
1624
1679
1625
1445
1390
1268
1219
975
791
690
588
345
86
-183
-360
-590
-914
-1223
-1509
-1720
-2037
-2271
-2411
-2399
-2520
-2549
-2507
-2340
-2182
-2092
-1897
-1676
-1491
-1296
-1155
-957
-773
-645
-421
-209
74
329
511
771
1031
1314
1578
1761
1964
2114
2210
2317
2384
2446
2528
2526
2664
2633
2704
2676
2711
2648
2679
2633
2586
2505
1976
2048
1468
1378
938
494
427
-22
-259
-497
-967
-859
-1241
-1498
-1520
-1970
-1889
-2372
-2622
-2626
-3000
-3066
-3310
-3471
-3220
-3484
-3398
-3326
-3211
-2874
-2873
-2654
-2318
-2289
-2022
-1979
-1678
-1271
-1148
-834
-499
-40
444
727
1198
1736
2150
2581
2913
3317
3609
3736
3794
3942
3991
4004
3819
3633
3550
3302
3057
2776
2468
2194
1757
1273
864
270
-190
-835
-1319
-1725
-2201
-2571
-2938
-3270
-3439
-3674
-3691
-3743
-3752
-3633
-3612
-3497
-3378
-3241
-3012
-2799
-2530
-2229
-1898
-1437
-1026
-569
-74
488
1003
1417
1813
2178
2522
2723
2821
2935
2994
2996
2873
2701
2603
2384
2231
2044
1881
1779
1534
1312
1087
857
678
344
118
-66
-301
-461
-699
-772
-794
-852
-824
-804
-726
-657
-679
-642
-600
-599
-614
-728
-754
-800
-889
-954
-1018
-972
-884
-804
-733
-651
-553
-489
-440
-446
-425
-448
-547
-619
-715
-733
-785
-823
-731
-599
-415
-237
-33
227
471
604
879
978
1151
1102
1028
956
793
662
462
261
161
-22
-182
-343
-521
-583
-740
-808
-887
-927
-982
-1044
-1035
-951
-804
-684
-506
-293
-29
243
465
764
1024
1277
1507
1657
1783
1823
1811
1923
1952
2042
2114
2143
2192
2141
2157
2227
2208
2160
2020
1888
1768
1581
1282
1030
643
323
46
-374
-541
-959
-1159
-1430
-1720
-1874
-2131
-2368
-2492
-2776
-2764
-2923
-3025
-3022
-3096
-2928
-2850
-2725
-2484
-2310
-2038
-1822
-1637
-1303
-1074
-828
-638
-486
-253
-89
29
253
486
768
1009
1204
1511
1828
2065
2294
2472
2652
2738
2672
2688
2625
2466
2250
1921
1727
1444
1048
740
381
200
-65
-392
-565
-842
-1041
-1296
-1570
-1617
-1799
-1928
-2023
-2084
-1968
-1986
-1927
-1742
-1613
-1368
-1292
-1119
-921
-823
-644
-560
-437
-339
-340
-250
-174
-102
-34
-45
95
189
348
444
515
570
576
629
720
812
897
939
1035
1171
1287
1416
1465
1594
1702
1786
1864
1860
1863
1764
1669
1577
1454
1290
1045
818
653
489
345
206
49
-105
-299
-471
-645
-862
-1068
-1283
-1431
-1589
-1762
-1935
-2090
-2160
-2183
-2154
-2105
-2020
-1915
-1796
-1649
-1478
-1295
-1108
-934
-699
-478
-229
-6
213
491
718
989
1204
1382
1541
1626
1671
1691
1605
1495
1355
1203
1081
877
746
595
479
402
346
394
429
451
471
522
569
602
549
494
412
321
228
87
-5
-83
-157
-222
-278
-272
-242
-250
-227
-204
-140
-81
-19
46
78
84
83
124
194
273
321
371
384
356
304
217
122
12
-156
-302
-543
-757
-961
-1171
-1322
-1517
-1625
-1697
-1777
-1821
-1867
-1849
-1793
-1781
-1750
-1693
-1645
-1590
-1560
-1472
-1307
-1170
-976
-780
-517
-227
19
343
692
1081
1412
1685
2000
2252
2535
2645
2800
2896
2884
2919
2767
2763
2624
2426
2256
1989
1808
1531
1154
903
562
295
-17
-356
-542
-780
-987
-1138
-1272
-1316
-1435
-1529
-1530
-1514
-1502
-1509
-1514
-1496
-1528
-1599
-1592
-1583
-1538
-1519
-1503
-1404
-1303
-1247
-1093
-978
-748
-608
-496
-316
-196
-44
71
188
407
495
591
686
781
949
1006
1118
1235
1321
1422
1462
1519
1579
1570
1616
1644
1705
1741
1732
1750
1760
1772
1764
1686
1618
1480
1373
1196
1033
871
689
533
349
193
26
-137
-258
-376
-461
-554
-651
-731
-907
-1040
-1222
-1361
-1539
-1741
-1881
-2027
-2174
-2292
-2390
-2422
-2472
-2540
-2468
-2407
-2314
-2288
-2245
-2076
-1948
-1830
-1704
-1578
-1406
-1295
-1162
-915
-704
-484
-321
-120
160
348
526
681
869
1068
1170
1253
1367
1473
1547
1562
1591
1673
1684
1708
1677
1719
1737
1700
1691
1697
1733
1731
1675
1663
1633
1607
1604
1575
1629
1585
1547
1488
1426
1368
1221
1074
936
743
567
348
126
-96
-436
-698
-1007
-1232
-1486
-1789
-2049
-2325
-2541
-2746
-2947
-3102
-3235
-3348
-3384
-3403
-3338
-3289
-3164
-2977
-2746
-2511
-2252
-1962
-1670
-1401
-1127
-794
-482
-191
108
423
745
983
1218
1504
1726
1955
2124
2295
2454
2513
2555
2588
2581
2606
2525
2478
2439
2371
2353
2303
2317
2312
2233
2163
2051
1938
1787
1536
1349
1133
876
564
208
-91
-399
-740
-1046
-1275
-1452
-1642
-1845
-1963
-2052
-2175
-2324
-2430
-2465
-2522
-2625
-2681
-2675
-2635
-2578
-2506
-2330
-2109
-1890
-1628
-1331
-955
-572
-241
147
511
849
1133
1339
1624
1804
1945
2045
2112
2209
2213
2184
2157
2067
1972
1813
1651
1507
1309
1116
954
777
681
573
368
213
67
5
-162
-240
-375
-408
-483
-615
-635
-702
-754
-758
-714
-606
-525
-394
-246
-158
-19
92
168
222
202
166
131
13
-115
-282
-436
-577
-743
-873
-944
-1086
-1068
-1134
-1111
-962
-965
-898
-830
-722
-668
-636
-629
-534
-564
-529
-527
-483
-485
-568
-548
-549
-530
-557
-556
-505
-443
-389
-299
-207
-75
46
201
411
613
807
960
1096
1290
1463
1608
1704
1699
1746
1690
1634
1602
1557
1502
1361
1230
1097
976
784
618
470
354
183
-33
-196
-420
-616
-867
-1038
-1194
-1386
-1547
-1687
-1739
-1778
-1825
-1799
-1715
-1653
-1579
-1510
-1358
-1209
-1076
-891
-668
-430
-224
-29
181
431
660
883
1094
1289
1417
1510
1550
1601
1607
1558
1509
1417
1368
1265
1171
1113
1052
994
917
862
828
749
638
543
449
373
239
109
9
-94
-204
-281
-364
-378
-399
-433
-420
-441
-430
-445
-438
-427
-423
-428
-398
-427
-400
-386
-340
-225
-177
-70
-9
80
200
275
343
384
386
420
410
430
437
387
365
355
414
448
449
477
509
506
502
511
538
522
456
418
371
314
241
205
193
190
182
192
239
270
296
295
294
285
247
180
104
55
-8
-88
-187
-263
-284
-328
-379
-417
-469
-485
-545
-546
-545
-586
-628
-694
-720
-709
-762
-772
-722
-671
-560
-524
-432
-349
-316
-254
-197
-105
-34
-19
35
111
153
232
286
387
476
501
542
564
603
609
561
492
397
240
69
-130
-285
-414
-570
-664
-747
-805
-833
-860
-835
-768
-714
-620
-544
-447
-353
-303
-260
-218
-160
-118
-129
-126
-138
-160
-183
-201
-169
-198
-245
-304
-350
-378
-438
-480
-502
-529
-515
-532
-532
-532
-571
-568
-596
-608
-616
-650
-683
-731
-792
-813
-852
-851
-857
-886
-827
-812
-720
-616
-521
-399
-327
-247
-154
-123
-84
-60
-89
-43
-78
-52
3
-45
-43
-34
-88
-97
-86
-97
-82
-152
-235
-277
-332
-403
-472
-519
-528
-533
-503
-451
-385
-286
-205
-114
-17
7
-3
-5
-5
28
27
23
56
57
103
143
235
390
543
727
919
1083
1250
1406
1519
1633
1699
1748
1739
1696
1620
1535
1422
1271
1111
939
780
595
412
212
25
-152
-308
-469
-580
-676
-767
-855
-916
-913
-891
-860
-844
-789
-760
-735
-728
-688
-647
-649
-658
-642
-582
-537
-498
-448
-353
-216
-75
80
249
385
527
652
793
941
1047
1166
1227
1248
1284
1262
1240
1205
1168
1162
1137
1093
1059
1009
967
922
907
919
915
899
872
864
838
843
820
777
711
622
512
363
198
62
-68
-233
-411
-602
-752
-923
-1084
-1147
-1175
-1168
-1169
-1180
-1144
-1134
-1121
-1097
-1080
-1050
-1062
-1072
-1059
-1038
-1005
-970
-930
-848
-749
-661
-583
-497
-382
-260
-157
-75
20
84
80
108
139
215
252
258
324
404
513
620
728
859
963
1060
1186
1287
1389
1435
1444
1462
1464
1479
1485
1461
1408
1304
1200
1101
973
867
702
538
366
177
16
-161
-343
-524
-698
-831
-935
-1031
-1122
-1229
-1311
-1401
-1508
-1567
-1629
-1712
-1808
-1902
-1938
-1941
-1936
-1904
-1840
-1747
-1664
-1558
-1404
-1197
-986
-792
-597
-412
-254
-135
-39
73
173
258
335
395
457
521
592
681
802
940
1079
1206
1345
1451
1586
1715
1833
1949
1993
2038
2070
2032
1979
1899
1800
1658
1485
1335
1164
933
669
426
237
57
-143
-306
-437
-558
-655
-681
-641
-609
-598
-578
-548
-491
-466
-473
-515
-556
-624
-718
-828
-962
-1131
-1319
-1493
-1675
-1704
-1732
-1825
-1850
-1853
-1901
-1876
-1839
-1788
-1685
-1624
-1549
-1483
-1400
-1313
-1218
-1088
-971
-862
-711
-553
-395
-169
83
356
635
890
1185
1475
1747
1995
2247
2508
2732
2925
3064
3142
3126
3033
2940
2849
2715
2519
2307
2065
1805
1547
1349
1132
945
794
496
337
180
-49
-224
-350
-611
-794
-937
-1177
-1400
-1603
-1756
-1923
-2073
-2191
-2300
-2368
-2431
-2514
-2525
-2522
-2584
-2579
-2547
-2518
-2495
-2505
-2419
-2310
-2153
-1981
-1809
-1617
-1383
-1143
-883
-572
-253
60
346
673
999
1296
1541
1710
1904
2121
2295
2452
2578
2662
2685
2668
2687
2698
2665
2615
2478
2323
2190
2065
1956
1810
1650
1486
1317
1167
1029
905
781
648
544
456
368
243
81
-80
-215
-346
-477
-617
-779
-952
-1087
-1192
-1265
-1319
-1390
-1448
-1501
-1537
-1565
-1584
-1614
-1631
-1649
-1661
-1692
-1704
-1715
-1733
-1689
-1657
-1556
-1437
-1307
-1148
-941
-705
-457
-210
59
355
653
938
1158
1377
1570
1730
1876
2006
2096
2136
2119
2112
2089
2061
2000
1896
1810
1713
1599
1475
1367
1274
1171
1070
980
881
767
636
496
364
242
122
-6
-163
-330
-509
-695
-866
-1046
-1185
-1307
-1407
-1500
-1583
-1623
-1645
-1644
-1599
-1559
-1499
-1440
-1398
-1333
-1262
-1163
-1055
-973
-871
-774
-701
-639
-594
-479
-336
-186
-50
61
166
221
272
363
476
532
535
511
500
509
486
472
456
425
358
284
228
178
126
72
26
28
47
23
1
-51
-53
-23
16
79
156
229
261
267
309
355
368
384
345
366
351
281
202
126
70
-26
-151
-258
-376
-510
-663
-827
-938
-1065
-1165
-1260
-1339
-1398
-1461
-1480
-1433
-1342
-1202
-1073
-913
-750
-604
-419
-243
-87
80
211
311
379
404
430
428
433
438
445
433
418
390
390
395
390
393
400
448
454
431
426
424
447
473
484
510
506
489
457
438
451
448
441
440
442
442
413
379
364
360
388
379
361
330
263
213
120
41
-41
-147
-292
-468
-629
-770
-891
-995
-1058
-1098
-1114
-1126
-1080
-1001
-862
-696
-530
-335
-157
37
197
347
453
556
641
692
697
701
679
594
509
427
348
232
110
12
-73
-169
-222
-238
-248
-242
-235
-226
-144
-85
-43
2
59
103
138
191
206
183
182
173
147
159
191
203
217
234
271
329
388
438
478
541
562
553
537
544
509
452
399
336
283
207
116
48
5
-53
-82
-107
-109
-103
-118
-87
-38
29
90
132
164
210
248
307
335
326
280
187
94
7
-99
-225
-350
-485
-593
-693
-768
-814
-857
-865
-851
-803
-740
-689
-634
-544
-464
-396
-317
-262
-214
-198
-190
-161
-122
-118
-116
-119
-87
-72
-59
-36
-32
-9
-9
17
42
66
96
105
127
168
202
244
263
285
321
314
317
317
339
364
349
355
355
352
377
382
458
533
584
636
681
753
786
786
755
714
671
616
513
402
267
123
-28
-169
-254
-345
-434
-517
-551
-552
-559
-569
-571
-540
-515
-505
-498
-495
-483
-498
-501
-495
-498
-517
-541
-590
-623
-655
-688
-701
-708
-710
-725
-728
-731
-703
-637
-541
-424
-304
-178
-68
60
196
340
472
571
662
750
842
945
1022
1101
1184
1241
1311
1352
1407
1461
1483
1506
1481
1464
1437
1357
1256
1122
961
805
605
445
292
129
-1
-151
-267
-373
-485
-554
-610
-643
-647
-677
-693
-695
-730
-743
-759
-768
-746
-780
-805
-834
-837
-795
-766
-734
-688
-676
-661
-640
-593
-529
-489
-414
-345
-290
-239
-202
-156
-110
-73
-29
-3
33
53
65
87
103
124
126
110
91
95
119
151
180
240
276
311
336
346
362
345
340
319
277
211
148
87
43
-31
-94
-145
-192
-206
-200
-167
-148
-115
-75
-21
21
64
102
147
187
218
258
287
292
283
273
261
244
215
184
135
97
79
62
46
6
-30
-46
-77
-89
-98
-94
-111
-143
-155
-169
-192
-236
-270
-269
-275
-291
-291
-303
-288
-304
-304
-288
-279
-267
-285
-281
-264
-251
-214
-187
-185
-169
-184
-182
-182
-151
-115
-104
-85
-65
-53
-39
-22
3
31
44
78
132
179
194
198
216
237
245
256
267
274
280
300
363
417
481
534
573
623
645
662
703
706
706
692
646
609
522
452
374
272
192
106
42
-16
-104
-169
-241
-302
-352
-431
-487
-537
-587
-652
-719
-771
-813
-865
-900
-937
-954
-960
-939
-877
-806
-714
-618
-496
-368
-235
-101
41
167
285
386
479
541
567
582
568
525
453
375
293
201
88
-19
-121
-209
-296
-329
-321
-304
-272
-224
-120
13
159
302
439
574
687
793
890
977
1005
1011
1001
985
944
871
795
711
636
545
485
402
321
203
87
-24
-152
-286
-447
-594
-757
-922
-1065
-1192
-1299
-1401
-1498
-1535
-1555
-1540
-1499
-1408
-1279
-1128
-948
-735
-515
-280
-55
159
388
569
740
877
987
1045
1041
997
919
816
691
566
427
288
123
-24
-125
-187
-226
-259
-268
-255
-219
-159
-57
47
141
225
304
382
439
484
538
603
668
748
819
875
912
937
1002
1055
1092
1118
1102
1090
1023
930
848
738
615
443
239
51
-155
-337
-478
-642
-770
-947
-1091
-1195
-1300
-1340
-1402
-1454
-1487
-1525
-1516
-1483
-1462
-1407
-1397
-1334
-1264
-1190
-1076
-1007
-937
-855
-774
-641
-547
-474
-385
-323
-203
-99
26
164
255
341
442
552
709
801
878
937
983
1069
1134
1200
1270
1285
1301
1303
1304
1343
1336
1323
1279
1235
1200
1133
1063
999
896
780
662
535
436
294
163
40
-77
-168
-269
-346
-417
-516
-589
-648
-687
-725
-778
-840
-906
-996
-1065
-1128
-1184
-1241
-1348
-1400
-1474
-1518
-1555
-1564
-1536
-1525
-1473
-1407
-1312
-1210
-1072
-912
-704
-526
-349
-164
25
228
396
585
760
931
1096
1243
1373
1488
1593
1697
1785
1837
1863
1846
1807
1752
1669
1584
1461
1298
1118
906
716
503
291
87
-122
-306
-469
-595
-675
-752
-808
-838
-835
-781
-738
-651
-562
-474
-392
-344
-262
-184
-117
-51
-14
22
32
23
33
16
8
-18
-76
-114
-174
-227
-273
-319
-338
-345
-350
-343
-366
-378
-376
-361
-315
-281
-254
-239
-231
-212
-158
-91
0
67
126
206
278
362
424
484
533
546
536
524
501
468
381
285
208
132
58
-28
-101
-155
-206
-217
-217
-199
-175
-165
-119
-75
-12
31
73
108
146
183
228
251
261
263
244
234
189
162
106
37
-37
-125
-197
-291
-383
-464
-531
-575
-614
-657
-687
-728
-747
-747
-727
-695
-683
-669
-664
-655
-616
-572
-504
-425
-348
-251
-154
-32
113
255
419
565
708
837
936
1016
1076
1104
1133
1137
1122
1076
996
942
882
827
793
751
703
640
550
507
441
378
302
184
75
-71
-210
-320
-464
-600
-748
-895
-1012
-1146
-1239
-1312
-1378
-1422
-1463
-1453
-1418
-1372
-1299
-1218
-1111
-996
-869
-708
-555
-392
-244
-92
78
223
361
480
618
769
901
1013
1113
1199
1274
1343
1403
1463
1488
1468
1427
1375
1315
1242
1146
1044
918
770
631
506
408
302
171
69
-35
-110
-186
-279
-360
-454
-523
-601
-680
-768
-874
-979
-1092
-1185
-1250
-1311
-1362
-1414
-1451
-1445
-1444
-1405
-1367
-1315
-1255
-1206
-1118
-1014
-908
-802
-705
-573
-419
-275
-110
31
203
354
512
678
839
987
1114
1216
1319
1410
1486
1564
1604
1634
1629
1612
1564
1495
1413
1316
1190
1033
862
686
519
333
155
-16
-154
-294
-395
-467
-505
-543
-584
-595
-580
-550
-528
-521
-532
-535
-572
-601
-639
-667
-702
-759
-808
-839
-858
-859
-857
-831
-770
-721
-668
-630
-584
-524
-486
-443
-397
-373
-345
-343
-332
-303
-268
-227
-181
-115
-26
43
122
226
353
503
620
742
854
959
1067
1167
1269
1354
1395
1415
1421
1408
1390
1334
1269
1172
1083
998
901
801
693
599
515
447
382
311
233
159
87
24
-45
-144
-274
-407
-535
-649
-774
-904
-1042
-1181
-1307
-1429
-1503
-1562
-1628
-1691
-1745
-1742
-1701
-1664
-1603
-1534
-1457
-1351
-1255
-1101
-948
-800
-639
-494
-309
-145
12
151
270
401
541
652
792
897
1016
1126
1210
1314
1406
1500
1561
1597
1638
1662
1656
1636
1573
1524
1430
1317
1199
1055
929
790
664
562
465
362
250
126
34
-67
-168
-265
-376
-472
-596
-719
-826
-935
-1033
-1142
-1241
-1310
-1365
-1383
-1383
-1388
-1367
-1350
-1311
-1253
-1188
-1093
-1013
-935
-844
-746
-617
-510
-405
-305
-210
-117
-41
43
124
193
262
330
387
439
473
512
568
634
696
736
775
795
801
793
777
769
737
685
621
559
517
477
452
427
416
396
390
393
414
427
424
424
408
382
326
257
175
99
-11
-103
-194
-258
-322
-402
-454
-503
-534
-568
-604
-623
-627
-647
-650
-670
-683
-697
-717
-706
-702
-680
-657
-612
-552
-485
-414
-339
-271
-198
-129
-54
33
105
188
246
323
393
465
525
564
594
616
639
662
661
648
624
590
575
540
515
485
461
448
445
446
445
421
397
350
293
233
138
53
-63
-178
-292
-397
-484
-575
-664
-716
-755
-751
-737
-721
-699
-684
-655
-612
-570
-530
-505
-489
-448
-401
-318
-239
-158
-77
8
120
236
347
451
526
578
624
675
730
739
724
688
662
633
603
573
543
493
441
386
338
293
231
164
99
51
6
-48
-95
-126
-141
-152
-157
-145
-140
-147
-171
-181
-183
-197
-239
-281
-315
-348
-387
-411
-418
-393
-368
