-33
-46
-57
-68
-77
-83
-90
-96
-97
-93
-90
-85
-78
-72
-66
-59
-55
-50
-46
-45
-44
-42
-41
-43
-43
-44
-46
-48
-48
-52
-51
-51
-55
-53
-52
-49
-43
-39
-32
-22
-13
-5
7
15
24
34
43
52
56
57
55
54
57
58
60
58
57
55
56
56
58
59
64
68
73
75
77
81
78
75
69
67
61
54
46
36
29
23
19
19
20
19
23
23
21
25
21
17
15
12
9
7
1
-6
-7
-15
-17
-15
-18
-19
-20
-15
-18
-15
-17
-21
-16
-15
-14
-10
1
8
17
25
28
32
31
32
30
33
29
25
22
13
6
4
-1
-10
-14
-17
-15
-9
-5
-1
6
9
15
20
26
29
26
30
29
30
28
27
27
26
32
37
43
40
42
44
46
42
38
39
43
47
45
47
44
43
41
44
40
37
26
17
10
-5
-11
-20
-26
-26
-20
-12
7
12
12
14
6
11
10
9
5
-5
-8
-14
-17
-35
-51
-69
-85
-88
-99
-100
-104
-107
-102
-101
-97
-97
-94
-94
-90
-72
-60
-48
-39
-29
-14
-8
-8
-2
4
8
13
14
25
28
23
19
17
9
12
10
11
16
11
16
23
33
38
38
41
46
48
38
34
23
11
-5
-16
-21
-33
-30
-20
-4
16
29
46
49
45
48
48
39
32
37
35
29
25
18
12
-6
-19
-29
-37
-42
-48
-52
-64
-71
-68
-74
-71
-62
-60
-52
-46
-40
-31
-18
-8
0
13
10
6
3
1
5
6
-9
-18
-18
-21
-13
-11
7
21
38
51
58
70
77
94
107
118
122
117
116
105
93
77
68
72
67
67
47
29
18
-1
-10
-25
-25
-18
-18
-22
-30
-30
-30
-24
-4
8
17
25
26
18
5
-12
-28
-39
-39
-40
-38
-33
-35
-29
-27
-33
-29
-33
-31
-15
6
24
33
38
40
40
26
9
5
15
11
1
1
3
12
17
17
15
18
28
35
42
26
22
29
36
59
69
81
84
83
77
65
56
51
34
27
11
-17
-13
-30
-44
-50
-57
-71
-79
-69
-68
-48
-47
-52
-33
-24
-33
-32
-22
-14
-11
6
22
14
14
7
-11
-11
-3
10
34
67
56
60
50
35
45
28
15
-16
-26
-46
-52
-28
-50
-36
-55
-55
11
26
72
62
94
134
111
138
185
164
171
165
118
109
72
-6
58
-27
-1
-56
5
5
-73
49
-1510
-1360
-85
-301
30
223
199
830
776
586
765
-1021
-2376
-411
708
191
-105
-610
-464
-315
-995
-1199
-1868
-2093
-492
1014
1116
1077
1209
961
45
-370
503
178
-331
90
551
585
94
-325
-832
-1382
-2053
-1946
-369
120
660
1313
754
559
313
615
-21
-755
281
546
1101
1345
358
512
2
-921
-595
-1022
-1370
-998
-486
-317
-663
-491
-169
-292
-207
-514
-609
488
476
1079
1494
1006
949
651
419
-46
-121
101
-18
548
535
523
788
321
-68
113
-3
-321
-76
206
293
126
123
-305
-923
-1089
-965
-934
-477
-917
-422
50
-226
98
45
41
116
577
929
1116
1084
886
872
765
639
534
698
357
174
615
244
284
416
-98
255
-205
-311
-36
-259
262
165
250
114
295
165
-284
239
65
406
324
86
578
232
567
242
-286
429
-32
429
58
-407
134
33
-122
355
-367
-151
-184
116
88
-119
235
80
267
-406
-65
-588
-678
-620
-773
-673
-439
-332
-45
187
-222
71
536
152
402
201
49
607
277
128
533
332
-121
-124
-344
-275
-286
-362
-50
-244
-784
385
57
-840
-816
-809
-762
-617
-135
876
25
-30
404
-426
-303
-383
514
280
197
676
872
84
-587
385
-79
97
285
-218
375
-273
-395
-255
-400
-605
212
386
-10
-141
-34
597
-693
-59
-31
-294
543
-427
599
487
267
-91
-265
291
-491
334
72
54
826
229
22
-410
-768
-31
258
-16
-67
204
440
458
-288
-599
-610
-664
-399
-49
788
668
486
586
-770
-379
-285
-352
496
379
501
1131
321
-984
3
-1067
-459
462
-287
524
203
398
575
-189
79
-8
71
-513
-992
204
-28
-283
537
500
-79
-407
-1114
-432
-241
-671
-45
356
333
662
368
150
-415
-692
-775
-573
-151
-34
548
850
383
-320
-607
-1166
-1285
-238
551
205
332
404
462
-38
-296
-315
-537
-439
-242
199
-55
253
515
-63
-533
-804
-270
-460
-560
209
262
822
329
311
543
204
22
-598
-510
-213
-500
-10
-110
21
408
-36
-883
-1366
-1371
-699
-60
53
784
761
173
-229
-627
-963
-637
-94
357
667
622
300
56
-7
-772
-780
-123
-312
87
292
41
-220
-252
-17
-423
-303
-305
-521
231
589
104
369
-91
-680
-106
-246
-353
-69
42
-443
-553
-264
-695
-742
-331
-525
-75
313
-651
-862
-29
-324
-169
182
52
711
299
86
275
-104
-23
-272
-39
613
145
159
64
106
169
-636
-343
34
-98
298
280
24
370
-32
-107
275
-578
-427
55
-69
502
287
475
1098
384
133
357
-119
-22
78
358
952
801
1031
688
232
206
-419
-84
173
481
864
676
540
-127
-214
260
320
571
298
303
213
-125
444
714
491
375
537
315
158
-24
-176
-278
347
743
762
650
341
-63
66
-358
-663
-28
-125
-153
95
232
-137
-367
-398
-318
-507
-196
-70
-75
144
-187
-447
38
-34
-463
-398
-578
-139
27
-139
-199
-215
-471
-350
-56
-334
-413
-112
-442
-185
33
-50
-216
-651
-593
-470
-339
-453
-109
168
-183
-185
-102
-20
-290
-674
-225
-84
204
255
11
243
126
-301
-154
240
224
111
-7
18
116
77
14
-106
-86
118
354
364
164
235
238
117
105
246
548
123
118
368
-171
195
277
-91
65
333
318
236
514
476
541
778
532
342
450
371
265
201
73
530
722
630
368
216
-88
-142
413
366
540
683
611
322
136
19
-12
429
377
288
586
477
478
197
255
405
95
456
321
438
669
337
548
821
729
288
79
48
166
-60
10
512
556
330
-167
-288
-152
-509
-709
-608
-117
110
-167
-168
-736
-725
-976
-1333
-845
-1008
-737
-107
-164
-500
-536
-896
-1100
-719
-1034
-924
-473
-291
-50
-371
-788
-1154
-1385
-1273
-965
-431
-100
-267
-316
-637
-534
-759
-1321
-1104
-829
-440
-188
57
-140
-521
-748
-1081
-874
-670
-421
-284
-189
258
133
-123
-314
-164
-175
229
215
-102
334
521
682
744
758
426
93
-5
-185
37
469
791
703
713
588
386
208
332
635
768
1225
1600
975
608
783
533
471
565
944
944
1420
1657
1750
1370
648
543
211
-281
76
429
683
1253
1598
1598
673
183
-188
-485
85
643
1091
1316
1051
1368
1120
728
146
-458
-257
134
437
898
1192
1195
1261
699
127
-168
-658
-482
152
464
854
801
159
-161
-441
-1008
-823
-933
-1206
-945
-848
-633
-435
-671
-996
-1176
-1677
-1822
-1332
-1056
-562
-519
-956
-1557
-1663
-1169
-1502
-1516
-1446
-1149
-668
-688
-1020
-1537
-1456
-1227
-1136
-1481
-1605
-1022
-1015
-567
-801
-1174
-844
-1342
-1392
-1607
-1062
-611
-1026
-620
-64
88
-33
100
-389
-197
167
-410
-121
46
353
606
725
1409
1535
1276
147
-323
-379
-333
874
1144
762
1025
769
259
535
89
-429
-190
13
720
831
919
1157
1851
2018
1175
-431
-1409
-234
1086
1867
2256
2181
1902
1213
-135
-245
297
1016
1778
1152
764
2068
1888
1183
1186
50
-396
-451
-378
349
1698
2423
2428
1661
156
-1034
-1950
-2711
-337
1739
2012
3376
2300
763
593
-902
-688
-531
-1379
-881
76
2167
3692
2346
-367
-2541
-2660
-2095
-1750
-273
332
1827
2279
698
-1486
-2215
-1977
-2293
-1506
-1550
-7
1578
2055
1196
-1018
-1716
-1909
-2029
-2406
-2715
-795
891
1587
298
-1736
-1631
-1313
-1887
-2486
-2526
-1158
-15
-2
-675
-1598
-892
-544
-852
-1623
-1588
-570
-124
-461
-746
-411
34
-371
-1335
-1749
-1569
-1282
-959
-1002
-952
-392
-145
-234
-608
-930
-730
-489
-464
-438
-206
-38
70
61
-104
-188
-261
-261
-197
-137
46
316
430
355
295
344
464
575
558
548
542
476
488
450
513
647
650
601
402
311
298
241
304
388
512
576
443
316
237
247
243
248
278
338
385
458
464
357
497
-223
-679
-695
-122
1409
1781
1732
1347
975
846
225
-157
146
1150
1879
1736
883
412
550
765
717
308
270
638
908
952
714
605
723
616
396
192
182
613
716
552
76
-238
-8
189
274
153
-59
-52
-180
-361
-363
-295
86
227
78
-245
-494
-325
-213
-52
-61
-211
-170
-311
-466
-463
-426
-196
-99
-167
-298
-409
-368
-211
-130
-145
-92
-16
82
78
-57
-138
-162
-200
-60
-44
-33
57
110
-2
-514
-377
-561
-46
-664
-2162
-1741
-684
1417
1550
199
-943
-324
505
-402
-1348
-1342
873
2628
1592
-109
-1343
-1007
20
-185
-767
-964
174
969
289
-163
-588
-50
524
-173
-837
-689
532
1262
643
-319
-2615
-2705
-1730
-668
1465
791
756
-386
-1205
-1612
-1995
-763
246
2188
2991
1782
763
-683
-367
-108
71
790
737
1321
1263
908
387
721
607
236
66
-584
67
860
548
514
398
-214
-1087
-1473
-1657
-149
739
564
262
-313
67
-146
-943
-1636
-1326
829
1711
1591
1359
748
1405
514
-1108
-1187
30
433
794
553
1668
2399
1298
-659
-2058
-712
-181
187
81
367
1861
1768
659
-446
-608
-711
-1166
-781
-440
697
1057
439
547
-325
-1602
-1623
-1932
-226
786
819
1027
-462
-603
-1103
-648
54
13
407
127
225
551
500
543
358
193
776
1076
1147
1342
1071
259
-255
53
932
1385
932
695
492
240
35
-32
332
670
608
87
-115
-17
305
113
-148
-88
-275
113
73
-176
328
376
524
-174
-559
-74
303
856
931
1139
1208
945
588
368
452
339
908
1260
1393
1740
1252
1044
387
-135
348
584
1278
1522
1097
1369
613
189
-284
-745
-20
258
561
713
507
350
-296
-1111
-1044
-1012
-670
-516
-827
-412
-466
-892
-1196
-2076
-2290
-2161
-2616
-2334
-2130
-2082
-1808
-2777
-3240
-3428
-3659
-3141
-3525
-3428
-3014
-2927
-2721
-2926
-3088
-2826
-2849
-2960
-2582
-2426
-1624
-1050
-1222
-1052
-1179
-1025
-646
-605
-139
83
678
1138
495
613
340
455
956
912
1311
1465
1687
1660
1413
1443
1266
1121
1009
779
1238
1699
1920
1842
1041
754
927
1302
1168
1047
1894
2645
2524
1707
1203
1377
2121
1665
1222
1988
2445
3258
2830
2355
2580
2594
2256
1238
1029
1958
2724
2582
2080
2128
2663
2700
1909
1079
824
1257
1601
1675
2056
2301
2761
2207
1333
442
-103
-239
-662
-723
-663
-444
-576
-1172
-2394
-3205
-3931
-4458
-4387
-4486
-3731
-3280
-3548
-4057
-5256
-5850
-6190
-6299
-5636
-5085
-4267
-3864
-4017
-4050
-4282
-4270
-3987
-3713
-3256
-2440
-1831
-1035
-594
-467
-190
-389
-274
-269
83
716
985
1287
1400
1337
1428
1373
919
613
355
527
1038
1476
1577
956
711
668
495
888
1399
1764
1405
586
79
385
784
1336
1913
1979
2412
1921
1120
975
1602
2291
2457
2760
2809
2779
2424
1999
1921
2026
2638
2628
2647
2494
2367
2100
1315
2074
2419
2538
2012
1334
1304
1587
2550
1980
1919
1909
1216
548
154
610
1533
1884
2048
1715
1142
776
-577
-822
-1256
-478
265
-256
-206
-1415
-1675
-2132
-2714
-2365
-2477
-2041
-2056
-2570
-2822
-3065
-2958
-2854
-2923
-2963
-3149
-3179
-3261
-3299
-3099
-2558
-1834
-1825
-1848
-2134
-2334
-2043
-2053
-1467
-1232
-758
-378
-881
-889
-1253
-1379
-1118
-1035
-950
-675
-721
-915
-562
-646
-282
-72
-429
-242
-518
-470
-256
-443
-163
43
153
258
59
-16
-44
11
272
545
777
879
743
517
490
486
678
922
986
1180
1089
971
967
835
910
937
897
961
948
941
921
878
928
986
995
1025
1027
1028
1060
1048
1059
1131
1229
1289
1289
1253
1154
1116
1139
1203
1280
1343
1341
1264
1198
1155
1230
1302
1364
1365
1356
1343
1302
1311
1266
1241
1220
1202
1160
1059
1010
942
894
824
688
540
376
237
-22
-294
-505
-627
-746
-854
-943
-1117
-1250
-1478
-1669
-1772
-1847
-1864
-1941
-2031
-2168
-2278
-2293
-2259
-2177
-2098
-2034
-1986
-1944
-1922
-1849
-1749
-1613
-1440
-1313
-1182
-1070
-952
-847
-741
-633
-535
-429
-339
-219
-110
-47
24
74
115
189
309
407
500
621
699
740
737
697
719
783
831
893
953
1007
998
972
935
930
922
854
798
754
767
769
774
781
713
627
525
460
471
507
555
586
547
475
436
389
382
382
377
427
476
510
537
590
655
685
665
662
680
749
854
910
960
998
1035
1025
983
955
934
925
911
876
840
802
746
678
561
492
416
321
274
211
112
-72
-265
-474
-619
-753
-859
-961
-1040
-1100
-1250
-1385
-1517
-1705
-1705
-1917
-1866
-2045
-3143
-3965
-4265
-3517
-2587
-2332
-1816
-1229
-1406
-2027
-2875
-2299
-1182
-595
-770
-967
-112
781
693
-358
-1117
-866
-389
-552
-667
-341
335
407
-396
-981
-238
650
650
165
-272
23
127
281
446
595
513
-31
-46
-1471
-2412
-2869
-1831
1168
1711
1971
266
-1986
-3272
-4317
-2282
599
2616
3175
1955
304
-661
-438
-32
875
1954
2385
2701
2112
2062
2545
2302
2555
2441
2446
2918
2432
2401
2565
2309
3156
2929
2346
2358
1677
2366
2334
2667
3648
3924
3709
2594
1598
1903
2589
2795
2992
1848
1570
383
-366
-380
-529
578
-112
-581
-1454
-2100
-2038
-2715
-3251
-3451
-3632
-3645
-3538
-4087
-3700
-4699
-5189
-5274
-5448
-4473
-4539
-4304
-4107
-3877
-3302
-2763
-2585
-2392
-2344
-2320
-1314
-592
154
663
114
230
300
475
1235
1067
1140
1218
755
1029
929
736
858
39
-26
-59
-78
172
-62
-234
-210
-423
-438
-204
-527
-142
-289
-6
536
404
670
478
387
884
1106
1570
1927
1662
1781
1747
1751
1951
2089
2539
2981
2668
2274
2013
1945
2658
2479
2530
2733
2440
2711
1929
1817
2325
2278
2647
1893
2010
2420
2464
2460
1991
2331
2435
2493
2159
2272
2706
3103
2959
2856
2547
2969
1454
-54
-1106
-1760
990
102
468
-973
-3052
-3100
-4874
-4443
-3826
-3746
-4045
-4663
-6143
-5264
-5796
-6477
-6540
-7903
-6245
-5641
-5224
-4691
-5468
-5674
-4928
-4734
-2906
-2102
-2490
-1535
-1867
-584
394
292
1059
586
151
613
714
1598
1740
917
810
644
825
1046
374
226
316
246
331
23
-147
-347
-925
-1093
-707
-452
-232
-642
-825
-527
-279
-35
68
300
740
841
564
738
836
1656
2054
2178
2525
2405
2587
2405
2280
2476
2567
2520
2589
2650
2903
2986
2576
2491
2330
2136
2356
2533
2437
2182
1191
1499
2486
2789
2690
1564
1498
1904
2039
2078
2367
2856
3054
2119
1578
1993
2601
2673
1505
812
1020
1216
789
463
302
390
-343
-1536
-1748
-1604
-1232
-1748
-2740
-2935
-3198
-3471
-3891
-4318
-4217
-4212
-4662
-4595
-4465
-4201
-4200
-4841
-4662
-4231
-3492
-2684
-2610
-2343
-2254
-2183
-1487
-750
-69
232
61
31
392
734
1104
1200
910
915
666
768
1168
1161
1142
722
323
458
337
304
285
48
214
-57
-166
-212
-505
-516
-691
-651
-356
-247
-115
-127
-144
9
0
109
287
572
738
853
907
1211
1612
1517
1585
1541
1771
2057
1754
1932
1927
1828
1746
1272
1644
1785
2048
1891
1339
1647
1438
1756
1432
1163
1611
1403
1710
1411
1452
1697
1294
1341
1440
2097
2474
2097
1517
1357
906
1010
350
163
1013
382
1008
-302
-831
-1017
-2070
-1532
-1954
-1722
-1993
-2811
-3396
-3476
-3574
-3606
-4251
-5055
-4850
-4883
-4446
-4472
-4753
-4876
-4966
-5037
-4189
-3729
-3373
-2938
-3264
-2111
-1482
-914
-371
-879
-388
17
406
1201
1015
1061
1036
707
1270
1434
1411
1262
470
558
846
1025
1288
788
475
274
35
216
353
291
399
82
-22
162
97
295
118
76
313
429
639
737
678
911
922
1039
1338
1381
1654
1639
1731
1976
2017
2226
2210
2171
2416
2498
2476
2374
2192
2286
2319
2279
2313
2033
1853
1865
1893
2315
2371
2179
2108
1752
1734
1627
1648
1914
1997
2129
2001
1805
1657
1332
995
403
210
123
158
323
-40
-145
-621
-1031
-1360
-1729
-1564
-1803
-2080
-2342
-2495
-2443
-2683
-3073
-3438
-3559
-3503
-3401
-3371
-3272
-3022
-2860
-2771
-2562
-2363
-2131
-2140
-2162
-1796
-1499
-1295
-1400
-1547
-1418
-1290
-1090
-1132
-1148
-970
-846
-663
-671
-551
-525
-611
-630
-593
-371
-234
-268
-292
-225
-178
-174
-366
-404
-308
-155
-26
-8
54
75
104
171
336
515
730
845
844
892
927
1024
1093
1140
1214
1244
1314
1401
1539
1682
1737
1721
1668
1628
1633
1697
1741
1768
1747
1706
1663
1610
1564
1551
1577
1603
1572
1542
1527
1422
1328
1225
1142
1145
1121
1122
1162
1164
1211
1218
1213
1209
1155
1087
978
947
988
981
982
929
833
754
693
637
574
490
392
231
33
-135
-328
-552
-790
-1032
-1230
-1390
-1566
-1705
-1834
-1952
-2029
-2164
-2258
-2304
-2351
-2378
-2436
-2438
-2415
-2376
-2300
-2256
-2186
-2111
-2032
-1924
-1820
-1711
-1646
-1590
-1535
-1416
-1316
-1290
-1262
-1280
-1226
-1153
-1093
-930
-823
-729
-699
-709
-638
-570
-492
-414
-335
-241
-155
-71
7
72
136
217
354
455
538
593
632
729
797
890
928
977
1036
1049
1095
1144
1212
1302
1365
1408
1409
1347
1343
1331
1338
1324
1294
1195
1178
1017
973
871
813
701
-287
-658
-100
1178
2010
1911
1573
1432
1389
937
644
1117
2112
2366
1905
1335
1430
2152
2199
1637
1216
1197
1152
713
198
208
622
697
259
-206
-230
-274
-618
-1079
-1363
-1368
-1482
-1862
-2312
-2397
-2452
-2421
-2547
-2517
-2586
-2581
-2858
-2930
-3095
-5362
-6730
-6244
-2023
1781
1511
-450
-2363
-3417
-4655
-5232
-3143
1258
3856
3194
971
-166
597
325
-1087
-1357
-176
1536
2036
1138
1214
1461
890
55
-781
19
831
552
374
693
1500
1503
307
-329
-306
-569
-379
-237
619
1506
908
292
34
449
714
416
630
1255
1252
1216
1364
1769
2306
2054
1893
1862
1911
2164
1895
1835
2222
2168
1924
1587
1737
2503
2421
2074
2051
2053
2297
2076
1693
2141
2335
2654
2772
2609
2122
525
-36
299
1444
1515
759
447
-320
-1192
-1825
-1724
-1038
-1133
-2166
-2496
-2995
-3141
-2970
-3672
-3671
-4201
-4391
-3955
-4047
-4258
-4318
-4666
-4301
-3675
-3449
-2570
-2949
-3233
-2778
-2491
-1356
-851
-490
-29
-464
-606
13
381
811
629
543
962
631
695
756
540
488
297
489
695
402
323
90
-283
-204
-70
168
29
-485
-289
-342
-509
-280
-79
314
-218
-752
-250
140
384
564
855
1081
728
665
1270
1340
1132
1053
1459
1901
1621
1630
1548
1281
1318
1444
1908
2022
1758
1469
1532
1556
1602
1890
1812
1711
1526
1525
1821
1420
1393
1831
2019
1762
1336
1675
2022
2226
2069
2312
1558
629
401
739
1752
1354
1047
225
-322
-457
-314
-170
-278
-908
-1879
-1871
-2236
-1869
-2249
-2897
-3129
-3717
-3379
-3314
-3409
-3915
-4016
-4117
-3532
-3281
-2876
-2603
-3268
-2962
-2774
-1759
-1387
-1221
-974
-868
-852
-665
-113
12
301
-150
300
386
255
379
293
577
338
214
453
441
74
108
-119
50
-207
-101
323
15
-271
-492
-234
-332
-340
-203
49
-156
-343
138
305
261
77
423
750
390
458
798
1231
1249
849
1325
1443
1614
1487
1459
1744
1715
1920
1770
1819
1691
1970
2042
1901
1798
1915
2149
2058
1884
2043
2336
2191
2172
1974
2301
2363
2420
2897
2874
2859
1851
1050
1236
1467
2423
2094
1663
836
-80
-202
-1
564
363
-111
-1203
-1591
-2044
-1934
-1767
-2248
-2689
-3413
-3395
-3450
-3409
-3776
-3705
-3912
-3889
-3659
-3576
-3090
-3599
-3460
-3218
-2414
-1741
-1515
-1229
-1326
-1239
-1206
-403
-122
410
-177
-256
-174
-221
534
247
811
122
-36
-187
37
291
226
158
-123
-74
-311
93
-223
-300
-849
-637
-540
-401
-451
-437
-176
-598
-235
-297
217
-63
-280
32
228
611
694
892
921
667
651
955
1115
1293
1391
1548
1480
1337
1721
2111
2205
1843
1853
1861
1935
2245
2278
2730
2397
2235
2297
2267
2564
2381
2450
2592
2920
3197
2957
2453
1203
1068
1276
2260
2496
1578
895
-153
-183
-93
544
509
-121
-1388
-2219
-2329
-2112
-1664
-2057
-2668
-3645
-3915
-3854
-3669
-3793
-3959
-3905
-4168
-3992
-4059
-3400
-3425
-3569
-3413
-2870
-1981
-1879
-1569
-1493
-1117
-1082
-540
113
540
441
-337
-95
-59
585
786
827
734
102
-54
-23
544
452
467
60
-72
-229
-272
1
-136
-292
-630
-519
-520
-449
-568
-467
-670
-819
-494
-107
282
-138
-315
-179
167
443
797
996
945
696
670
1201
1332
1384
1628
1828
1852
1731
1949
2235
2116
1774
2051
2533
2510
2316
2279
2481
2410
2089
2219
2598
2666
2467
2420
2764
2727
2821
2184
1535
1544
1656
2610
2195
1548
574
259
225
494
856
551
52
-1410
-1898
-1972
-1476
-1313
-1955
-2702
-3526
-3711
-3631
-3412
-3660
-3745
-4169
-4222
-4214
-4209
-3688
-3794
-3664
-3594
-3051
-2544
-2250
-2208
-1977
-1436
-1204
-494
-220
184
164
-261
-28
217
713
1037
899
878
527
240
315
650
889
941
665
453
350
150
213
103
12
22
7
55
2
-237
-225
-253
-236
71
39
239
85
55
219
270
608
837
1009
846
802
976
1223
1283
1327
1602
1755
1699
1491
1714
2186
2275
2241
2043
2216
2452
2447
2474
2696
2674
2675
2641
2741
3085
3310
3477
3273
2508
1499
1668
2117
3057
2969
2069
1070
84
199
510
1110
813
204
-1122
-2159
-2352
-2059
-1300
-1827
-2755
-3857
-4246
-4051
-4073
-4187
-4256
-4316
-4641
-4825
-4812
-4383
-4336
-4499
-4179
-3581
-3028
-2942
-3029
-2909
-2330
-1941
-1106
-562
-275
-288
-734
-247
2
751
934
990
826
480
624
802
1362
1189
1336
928
817
740
632
897
681
586
513
441
310
90
-90
11
3
115
103
27
-126
-179
-35
360
654
457
347
404
983
987
809
972
1122
1450
1399
1421
1825
1930
1996
2033
2054
2126
2265
2398
2629
2924
2752
2726
2909
3031
3144
2912
3038
3461
3736
3600
2061
1509
1440
2616
3468
2597
1688
184
62
-67
780
828
369
-642
-2318
-2295
-2433
-1596
-1798
-2681
-3624
-4413
-4049
-3989
-4006
-4471
-4684
-4789
-4683
-4555
-4406
-4464
-4872
-4726
-3964
-3151
-2986
-3145
-3335
-2793
-2384
-1676
-851
-754
-781
-1175
-528
226
831
861
735
714
596
936
1213
1683
1450
1319
1233
1276
1505
1456
1462
1116
856
936
1207
1076
608
293
435
511
341
355
383
360
-81
1
510
812
660
584
739
736
744
870
1278
1644
1378
1069
1268
1532
1862
1988
1952
1802
1892
2259
2383
2600
2384
2460
2916
2881
3033
3028
3024
2987
3569
3097
2034
1751
1520
3318
3060
1733
418
-96
494
798
1057
312
-292
-1945
-2617
-2001
-1376
-1078
-2687
-3942
-4599
-4197
-3384
-3607
-4261
-5037
-5415
-4995
-4432
-4270
-4251
-5015
-5306
-4514
-3380
-2803
-3170
-3779
-3534
-2483
-1891
-1019
-1004
-1212
-1377
-1247
66
838
974
413
83
389
1004
1514
1684
1410
909
1048
1353
1790
1821
1336
1169
1038
1193
1530
1454
1114
678
457
653
1002
1053
905
542
408
604
797
1085
1233
1171
1084
1063
1288
1643
1881
1741
1486
1566
1985
2649
2434
2052
1846
2306
3023
2998
3073
2666
2779
2969
3264
3657
3615
3434
3497
3214
1622
1757
2354
3979
3509
1273
64
-327
816
1120
1314
-4
-1364
-2672
-2558
-1422
-1286
-1717
-3690
-4789
-5025
-4262
-3311
-3890
-5407
-6266
-5914
-5044
-4360
-4823
-5203
-5974
-6068
-4808
-3495
-3080
-4104
-4650
-4124
-2602
-1913
-1530
-1703
-2052
-1718
-1380
-13
331
149
-160
-172
570
998
1273
917
768
732
1296
1710
1522
1224
851
1069
1327
1486
1523
1152
773
739
1011
1414
1156
600
616
717
1222
1308
1323
1058
833
1276
1592
2052
1851
1944
1734
1771
2614
2865
3236
2375
2263
2626
3213
4041
3687
3247
2854
3170
3818
3937
4326
4317
4086
4023
2022
1544
2393
4151
5027
2077
-45
-1107
690
2012
2091
507
-1961
-2798
-2969
-1233
-1092
-1684
-3634
-5704
-5281
-4341
-2823
-3577
-5912
-7276
-6531
-4965
-3959
-4546
-5727
-6207
-6605
-5127
-3479
-2948
-3719
-4897
-4180
-2613
-1521
-1456
-1243
-1450
-920
-717
-594
132
176
1186
1375
1031
492
484
1210
1971
2243
1578
1145
288
986
1783
2142
1775
490
17
208
1052
1589
1510
212
-459
-271
671
1641
1009
397
-151
183
1018
1803
1947
1362
1094
1168
2137
2594
2993
3196
2361
2621
3403
4295
4590
3751
3948
4633
4395
4892
5325
5293
5428
4441
3522
2837
3474
4632
5286
3214
976
514
666
2096
1651
895
-863
-2772
-3002
-2193
-1374
-2183
-3920
-5942
-6034
-5215
-4221
-4289
-6479
-7930
-7514
-6081
-5140
-5506
-6538
-6840
-7066
-6332
-4420
-3746
-4051
-4987
-4831
-3150
-2037
-1919
-1625
-1615
-1454
-826
-504
555
677
629
1087
1299
1265
1286
1576
2032
2287
1883
2004
1774
1562
2044
2393
2349
1413
618
1007
1625
1688
1513
1033
521
250
374
1204
1412
666
305
417
1070
1634
1411
1518
1094
1111
1590
2235
2742
2543
2602
2156
3233
3526
3804
4135
3685
3823
4617
5461
5844
5390
4011
3164
3017
4897
6031
5450
2030
498
1400
2902
3886
1910
98
-1963
-1948
-1117
-620
-1151
-3278
-5040
-6062
-4979
-4027
-4210
-6242
-8475
-8276
-6745
-5344
-6008
-7458
-7911
-7511
-6685
-5839
-4896
-5061
-5343
-5369
-4222
-2930
-2787
-2599
-2428
-1538
-1060
-991
-716
-281
551
890
1123
857
902
1137
1757
2297
2295
1824
1312
1521
2150
2696
2336
1623
985
1086
1763
2028
1853
1098
790
835
1155
1583
1592
1244
838
1009
1679
1983
2065
1830
1907
2091
2242
2930
2978
3381
3156
3282
3562
3695
4041
4148
4433
4504
4987
5042
5251
3999
2014
2818
4800
5642
4855
1133
-130
1150
2634
3528
1539
-1107
-2631
-2460
-1325
-149
-1599
-4000
-5638
-6593
-4916
-3972
-4185
-6105
-8682
-8335
-6253
-5190
-5463
-6941
-7990
-7434
-6805
-5358
-4174
-4866
-5367
-5454
-4105
-2733
-2734
-2894
-2233
-1383
-1380
-917
-666
233
517
283
753
549
763
1285
1921
1954
1649
1103
1330
1721
1926
2374
1810
1291
877
1252
2016
2121
1555
1087
942
1007
1624
1835
2060
1690
1172
1735
2092
2696
2589
2790
2867
2733
3265
3380
4306
4035
4262
4463
4739
4970
5029
5587
5679
6216
6056
5955
4185
2309
4400
6317
6979
4298
-271
290
1894
3900
3642
449
-2408
-3279
-2523
-827
-369
-3360
-5473
-7386
-6872
-4546
-4260
-5433
-8459
-10221
-8528
-6285
-5922
-6542
-8511
-8726
-7879
-6937
-4922
-4743
-5436
-5779
-5149
-3662
-2354
-2376
-2198
-1307
-1425
-933
-686
-12
1095
1177
943
899
842
1484
2246
2110
2028
1533
1169
1599
1775
2338
2183
1247
714
833
1480
1910
1569
1031
925
506
863
1480
1794
1767
1011
1170
1897
2239
2440
2642
2713
2990
3289
3293
4202
4479
4588
5043
4856
5572
5776
6192
6544
7024
7025
5449
3458
3795
6711
7832
6260
1666
139
1850
3858
4476
2063
-1142
-2768
-2491
-1295
-310
-2018
-4617
-6634
-7310
-5681
-4395
-5149
-7548
-9878
-9531
-7424
-6334
-6724
-8132
-8794
-8393
-7503
-6060
-5037
-5219
-5492
-5261
-4216
-3211
-2503
-2208
-1247
-900
-976
-578
-215
926
1569
1687
1388
1138
1422
2259
2903
2631
2344
1631
1637
2056
2564
2707
1837
928
822
1414
1775
1560
956
759
551
552
1029
1415
1478
1031
899
1316
1838
2079
2357
2448
2465
2962
3263
3876
4192
4157
4689
4996
5421
5851
6209
6656
7420
6603
4532
3341
5155
7846
7931
4676
689
1003
2990
4745
3825
770
-1940
-2747
-1887
-753
-636
-3348
-5865
-7410
-7037
-5139
-4944
-6531
-9278
-10463
-9021
-7261
-7041
-8159
-9268
-9354
-8597
-7661
-6139
-5668
-6103
-6052
-5420
-4272
-3265
-2969
-2237
-1302
-1224
-1019
-581
141
1282
1556
1350
1250
1257
1946
2769
2858
2645
2225
1760
2049
2420
2949
2800
1635
1034
1160
1812
2085
1573
957
652
435
768
1227
1361
1128
711
955
1490
1569
1867
2196
2389
2904
2836
3339
4249
4073
4888
5236
5254
6036
5964
7054
7998
7220
4618
3475
5829
8534
8952
4854
1408
1656
3877
5965
4607
1536
-1410
-2087
-1180
188
-110
-2717
-5613
-7402
-6614
-4957
-4668
-6545
-9631
-10614
-9089
-7518
-7375
-8604
-9772
-9523
-8985
-7813
-6337
-6164
-6473
-6503
-5662
-4032
-3279
-3010
-2121
-1573
-725
-1610
-1524
756
1455
2448
1353
437
1227
2135
3317
3872
2498
1399
1757
2299
3742
3546
2262
1388
384
1351
2558
2448
1543
-17
-108
1207
1443
1446
1303
364
616
1034
1797
2546
1826
1805
2322
3005
3343
3587
3736
4315
4569
5085
5654
5760
6373
6635
7801
7197
3983
3572
5927
8497
8460
3832
893
1906
3872
5623
4057
464
-1823
-2431
-1050
595
-706
-3445
-6071
-7484
-6103
-4834
-5037
-6989
-10248
-10576
-8569
-7325
-7342
-9069
-9864
-9318
-8948
-7775
-6442
-6457
-6637
-6550
-5573
-4199
-3771
-3448
-2445
-1645
-1328
-1099
-1009
353
1203
1595
1820
1203
1604
2373
3032
3277
2823
2189
2201
2466
3074
3692
2774
1709
1242
1641
2451
2298
1591
994
564
681
1212
1428
1382
740
508
1218
1404
1620
1823
2163
2329
2369
2708
3358
4030
4163
4387
4701
5323
5566
6395
7053
7500
6998
4237
3654
6283
8354
8720
4719
1113
2048
4359
6064
4674
920
-1455
-1729
-691
947
-57
-2932
-5455
-7142
-5836
-4341
-4788
-6718
-9732
-10529
-8556
-7447
-7505
-8825
-10141
-9735
-9173
-8244
-6840
-6740
-7010
-6707
-6119
-4463
-4297
-3900
-2513
-2053
-1272
-1632
-1450
-213
982
1627
1819
1053
945
1862
3004
3829
3334
2492
2078
2194
3195
4125
3705
2378
1151
1514
2830
3007
2427
1508
812
809
1210
1902
1999
1079
575
796
1603
1738
1884
2202
1820
2275
2296
3353
3786
3536
4247
4308
5198
5394
5612
6672
7334
6371
4285
3262
5625
8282
8038
4970
1377
1670
4069
5713
4510
1520
-1415
-1779
-655
478
426
-2628
-5196
-6587
-5928
-4233
-4454
-6578
-9073
-10020
-8598
-7121
-7397
-8616
-9799
-9762
-9003
-8136
-7150
-6870
-7138
-6968
-6034
-5144
-4546
-4078
-3425
-2323
-2079
-1980
-1515
-740
542
1112
1085
770
650
1579
2671
3150
2869
2273
1931
2369
3194
3727
3348
2089
1643
2208
2878
3009
2373
1803
1576
1361
1770
2095
2063
1610
1202
1734
2096
2312
2211
2486
2708
2408
3057
3298
3699
4129
4133
5012
4973
5176
5697
6389
7390
6924
5221
3229
4612
7386
8327
6474
1785
1092
2854
5057
5142
2037
-626
-2078
-1423
-37
82
-1803
-4719
-6460
-6516
-4998
-4636
-5999
-8345
-10010
-9161
-7702
-7242
-8039
-9320
-9491
-9020
-8244
-7321
-6548
-6576
-6510
-6044
-5006
-4298
-3682
-2928
-2075
-1422
-1608
-1396
-770
583
1485
1528
918
703
1406
2257
3088
2915
2404
1763
1682
2496
3253
3136
2071
1236
1257
2027
2495
2259
1542
846
735
1056
1667
1878
1446
1148
1014
1637
2136
2283
2435
2322
2590
3025
3657
3762
4367
4527
4853
5136
5549
6217
6473
6933
7521
7588
5765
3995
4761
7597
8509
6301
2183
1207
3182
4934
4689
1989
-874
-2218
-1739
-626
-419
-2496
-5242
-6966
-7186
-5832
-5475
-6777
-9065
-10673
-10056
-8429
-8106
-8633
-9806
-10071
-9555
-8978
-7876
-6903
-6841
-6853
-6390
-5454
-4226
-3639
-2915
-1882
-1649
-1194
-1787
-904
1372
1631
1923
714
614
1904
2532
3237
3265
2222
1706
2046
2791
3787
3056
1810
1324
1061
1874
2325
1888
1338
358
240
946
985
1299
1199
774
765
809
1591
2342
2153
1878
2531
2918
3477
3764
3978
5146
5164
5335
5674
6199
6834
7557
8022
8687
8013
5766
5005
6673
9251
9117
6180
2442
2519
4453
6048
5073
1676
-958
-1872
-800
11
-634
-3273
-5790
-7255
-6957
-5872
-5944
-7527
-10073
-11180
-10271
-8957
-8854
-9584
-10761
-10928
-10521
-9768
-8371
-7615
-7654
-7626
-7267
-6003
-4873
-4129
-3033
-2593
-2150
-1907
-1229
97
1145
1525
1373
1240
1464
2423
3218
3450
3198
2605
2567
2826
3309
3673
3253
2408
1740
1792
2275
2310
1840
1370
991
674
664
982
1231
1013
594
461
867
1335
1861
1755
1867
2126
2437
2893
3324
4041
4249
4599
4726
5369
5981
6325
7231
7039
7896
8088
6564
5904
5457
8158
9045
7221
4104
2415
3937
5461
5528
2984
471
-1124
-1059
148
-306
-1718
-4636
-6409
-6511
-5945
-5463
-6629
-8757
-10386
-10356
-9195
-8584
-9192
-10350
-10599
-10425
-9565
-8690
-7850
-7698
-7749
-7446
-6411
-5193
-4510
-3484
-3014
-2421
-2155
-1713
-514
561
1221
1181
1126
1268
2185
2931
3111
3088
2720
2815
2862
3135
3459
3339
2734
2174
2021
2137
2353
2014
1707
1127
755
786
880
1231
1115
851
532
516
867
1706
2004
1777
1672
2012
2960
3066
3629
3922
4421
4638
4687
5391
6160
6438
6976
7130
7926
7889
6185
5481
5697
8124
8190
6297
3345
2580
4163
5274
4794
1966
-226
-1318
-684
-33
-754
-2580
-4906
-6163
-6147
-5619
-5665
-6993
-9048
-9922
-9692
-8742
-8618
-9193
-9901
-10183
-9974
-9336
-8331
-7649
-7424
-7415
-6945
-6024
-4986
-4151
-3268
-2696
-2176
-2049
-1268
-458
-509
1309
1451
1376
1225
1122
2464
2913
3046
3118
2586
1765
2555
3497
3653
2746
1399
1856
1964
1787
1961
1615
1128
281
108
1156
1304
721
572
484
641
795
1315
2123
1963
1452
1965
3020
3001
3321
4024
4253
4491
4499
5477
6383
6270
6481
7050
7502
8223
6779
5817
5433
6287
8498
7199
5172
2366
2773
4279
4821
3148
454
-968
-1613
-758
-857
-2134
-4111
-6238
-6749
-6427
-6131
-6584
-8328
-9811
-10199
-9589
-8697
-8857
-9487
-10105
-10018
-9396
-8388
-7483
-7109
-7039
-6872
-6083
-4830
-3680
-2973
-2274
-2096
-1332
-895
287
1011
360
2041
1772
2359
2423
2159
3090
3190
3171
3313
2806
2003
2983
3281
3164
2149
912
1664
1782
1555
1506
955
254
-208
-169
1003
995
256
254
147
575
912
1539
2301
1621
1368
2136
3511
3926
3741
3966
4356
5101
5415
6390
6546
6510
6469
7413
8025
8602
7921
6126
5741
5509
8067
7769
5862
3115
2033
3516
4182
3458
818
-1169
-2193
-1769
-1423
-2485
-3979
-6222
-7198
-7230
-7232
-7224
-8494
-9867
-10385
-10424
-9676
-9615
-9922
-10201
-10301
-10132
-9290
-8554
-7647
-7211
-7090
-6375
-5666
-4456
-3553
-2823
-2087
-1654
-1120
-510
448
1323
1781
1582
1867
2355
2921
3264
3253
3211
2961
2920
3143
3399
3222
2847
2392
2151
2049
1859
1814
1386
1011
644
508
554
396
334
209
76
-17
273
599
857
1304
1318
1596
1610
1974
2918
3252
3684
3909
4160
4622
5641
5998
6271
6463
6079
7355
7574
8663
7371
6071
5593
5868
8643
6896
5600
2653
2653
4156
4364
3360
699
-762
-1717
-1118
-1292
-2395
-3953
-6033
-6381
-6508
-6503
-6914
-8349
-9215
-9651
-9498
-8799
-9154
-9268
-9415
-9546
-9143
-8462
-7765
-6830
-6594
-6436
-5758
-4954
-3903
-2909
-2300
-1744
-1385
-948
-9
1001
1659
781
1619
2282
2619
2979
2298
2935
3028
2963
2948
2952
2460
2616
2873
2372
1909
1173
1566
1606
961
803
515
274
-54
-205
301
281
-244
-37
280
424
589
751
1478
1384
1346
1780
2703
3381
2940
3356
3689
4409
4797
5377
5632
5703
5826
6258
7018
7191
7401
5675
5098
4447
6479
7438
5706
3423
1234
2511
3342
3257
1300
-766
-1953
-2271
-1507
-2141
-3104
-5199
-6632
-6720
-6806
-6443
-7265
-8404
-9167
-9505
-8945
-8551
-8552
-8749
-8862
-8985
-8339
-7608
-6535
-5838
-5939
-5492
-5041
-3805
-2845
-1882
-1523
-1151
-622
-233
970
1513
2202
1960
1948
2238
2821
3373
3345
3501
2968
2905
2676
3112
3332
3009
2590
1986
2045
1846
1949
1714
1464
968
466
506
511
765
504
401
211
156
398
810
1186
1058
1342
1167
1717
2202
2549
3182
3134
3148
3540
4142
4603
5346
5148
5173
5660
5536
6677
6553
6993
6287
4865
4503
4409
6878
5793
4441
1837
1397
2646
2882
2338
104
-1182
-2326
-1926
-1792
-2543
-3648
-5594
-6042
-6392
-6253
-6324
-7120
-8101
-8763
-8869
-8198
-7859
-8084
-8091
-8375
-8281
-7719
-6938
-5874
-5580
-5590
-5357
-4449
-3454
-2486
-1820
-1476
-1067
-823
-76
1138
1552
2338
692
850
3151
3142
3604
2222
1893
2731
3128
3113
3619
2296
1491
2398
2410
2620
1482
873
1409
801
670
929
543
158
-235
-206
809
292
66
654
572
775
605
1262
1848
1659
1618
2175
2957
2853
3090
3632
3892
3851
4203
4769
5045
5104
5059
5844
5913
6263
5401
4196
3483
3968
6011
5092
3605
884
1054
2184
2477
1694
-455
-1562
-2358
-1797
-1722
-2369
-3497
-5410
-5777
-6025
-5493
-5579
-6596
-7604
-8252
-7863
-7229
-6999
-7318
-7671
-7968
-7701
-6876
-5960
-5178
-5307
-5273
-4929
-4012
-2880
-2057
-1601
-1397
-1272
-806
384
1141
1738
1566
1415
1891
2419
3016
2921
2871
2743
2907
2856
2903
3085
2891
2587
2088
2118
1928
1878
1750
1414
1142
628
432
410
394
294
214
-36
-302
-242
20
369
335
143
152
660
956
1156
1516
1438
1689
2083
2503
2808
3039
3074
3392
3924
3876
4155
4357
4528
5086
5140
5543
4536
3645
2741
4087
5686
4427
2919
652
1428
2431
2694
1502
-291
-1551
-1936
-1021
-1176
-1836
-3487
-4842
-4964
-5121
-4819
-5274
-6108
-7039
-7486
-7175
-6448
-6575
-6914
-7219
-7442
-7028
-6477
-5547
-4813
-5093
-5189
-4743
-3779
-2644
-2029
-1793
-1425
-1242
-650
525
1271
1906
1422
1794
897
2166
3768
3025
3441
1865
2131
2975
3412
3606
3118
1555
1374
2720
2524
2502
1246
797
1029
300
827
747
154
-343
-792
-470
34
-574
-304
4
-681
-327
-393
533
1112
356
777
1119
1583
1747
2511
2633
2725
2860
3128
4404
4049
4599
4481
4798
5393
5383
6375
5143
4336
3213
5017
6376
5103
3532
1251
2469
3237
3161
1824
73
-910
-1256
-671
-1187
-1923
-3569
-4540
-4577
-5028
-4991
-5528
-6160
-6785
-7310
-7069
-6646
-6781
-7032
-7150
-7261
-6812
-6416
-5520
-4748
-4922
-4821
-4280
-3259
-2310
-1748
-1552
-1088
-800
-214
569
1380
1837
1438
1531
1979
2589
2949
3012
2834
2483
2478
2467
3072
2931
2312
1942
1655
1825
1773
1593
1187
699
130
-102
-28
-74
-219
-776
-1110
-1183
-1136
-1009
-979
-1077
-1150
-1205
-779
-374
-144
78
52
427
576
1152
1514
1857
2388
2475
2872
3334
3762
4117
4506
4671
4892
5299
5569
6182
6379
5571
4522
3634
5702
6612
5428
3607
1340
2489
3510
3376
2056
209
-1274
-1098
-438
-1053
-1674
-3720
-4592
-4488
-4922
-4678
-5235
-6189
-6813
-7323
-6912
-6349
-6540
-6650
-6829
-7045
-6715
-6140
-5159
-4478
-4859
-4767
-4134
-3308
-2291
-1796
-1626
-1148
-1018
-483
544
1137
1577
1413
1608
1812
2565
1690
2144
3506
2479
2226
1157
1818
3025
2757
1800
1282
346
374
1921
1729
852
-759
-1153
-73
-146
-217
-663
-1394
-1715
-1643
-1068
-204
-934
-1540
-1149
-1215
-442
-66
284
607
-80
32
1156
1888
2006
2158
2227
2578
2653
3474
3959
4304
4023
3908
4619
4959
5506
5745
5509
4693
3094
3335
5555
5527
4425
1982
1106
2379
3233
2484
1296
-354
-1531
-898
-880
-1000
-1833
-3566
-3859
-4380
-4572
-4427
-4820
-5366
-6198
-6743
-6174
-5797
-5846
-5874
-6242
-6565
-6324
-5753
-4449
-4030
-4573
-4516
-4034
-3139
-2188
-1889
-1561
-1325
-1339
-668
364
923
1293
953
1395
1584
2239
2137
2031
3376
2668
2692
1938
2265
3034
3035
2584
2241
1759
1235
2358
2462
1962
828
106
866
789
727
478
85
-427
-681
-514
234
-76
-732
-511
-708
-457
-190
194
758
215
-137
366
1188
1618
1453
1796
1604
1976
2357
3028
3379
3175
3080
3459
3877
4188
4612
4663
4994
4577
4084
2103
4110
5522
5189
3896
734
1725
2955
3746
2635
1162
-651
-894
350
-7
-135
-2140
-3282
-3386
-3728
-3336
-3590
-4234
-5237
-6292
-6300
-5500
-5571
-5644
-6016
-6789
-6886
-6754
-5669
-4664
-5134
-5682
-5504
-4866
-3937
-3002
-2907
-2523
-2751
-2590
-1405
-419
324
181
40
370
1146
1857
2353
2482
2057
2327
2613
2955
3343
2875
3048
3065
2957
2651
2467
2479
2770
2497
1605
1113
788
1018
1031
490
-1
-807
-1009
-714
-520
-743
-1296
-1697
-1539
-1249
-1148
-786
-803
-844
-978
-706
-2
388
570
579
1149
1272
1747
2355
2773
3225
3189
3444
4095
4266
4848
5131
5475
5530
5519
5403
3025
4594
6095
6217
5201
1665
2111
3740
4503
3335
1651
-338
-555
497
62
-131
-2090
-3639
-3582
-4053
-3676
-4180
-5031
-5773
-6837
-6917
-6111
-6314
-6429
-6819
-7598
-7489
-7344
-6355
-5162
-5502
-6128
-5876
-5154
-3976
-2895
-2945
-2526
-2532
-2269
-956
78
906
908
745
1026
2090
2584
3454
3460
3274
3207
1947
4361
4462
4180
3227
1801
2786
3179
3257
2690
2113
349
839
1340
1015
596
-1225
-1101
-1174
-1527
-1487
-1714
-2016
-2478
-2885
-2426
-2018
-2515
-1996
-1990
-1856
-1543
-1352
-336
-1
-150
119
1111
1354
1808
2430
2734
3411
3294
3762
4255
4652
4964
5281
5644
5535
5927
5936
6680
6233
6570
3941
3134
6313
5873
6218
2352
842
2420
3529
2885
1525
-216
-1989
-594
-1051
-1029
-1878
-4149
-4043
-4799
-4679
-4712
-5221
-5750
-6483
-7193
-6478
-6194
-6635
-6115
-6785
-6847
-6736
-6348
-4756
-4374
-4987
-4973
-4215
-3627
-2252
-2019
-1594
-1125
-1505
-596
391
1165
1479
1304
1424
2138
2472
2787
3417
3194
3156
2801
2742
2919
3167
3443
2689
1979
1234
1412
1983
2089
1325
33
-673
-363
439
70
-777
-1434
-1886
-1973
-1715
-1233
-1505
-2266
-2610
-2259
-1747
-1537
-1477
-1211
-1229
-1378
-845
175
780
846
743
1099
1723
2147
2708
3458
3468
3006
3542
4006
4840
4932
4613
4915
4964
4993
5719
5656
5896
5263
5573
3870
1998
5170
4978
5539
2063
-532
1286
2573
2483
836
-513
-2603
-1452
-1517
-1782
-1545
-4167
-4334
-5051
-4984
-4529
-4992
-5376
-6001
-6924
-6645
-5926
-6131
-5432
-6265
-6805
-6553
-6191
-4598
-4014
-4652
-4950
-4337
-3935
-2464
-1963
-1837
-1357
-1822
-1160
-301
575
1080
1063
885
1351
1835
2253
2918
2958
2873
2676
2708
3196
3668
2467
3393
3444
2288
2033
1362
2553
2773
1622
681
558
-17
581
1176
237
-713
-1865
-1175
-376
-740
-1171
-1749
-2132
-1996
-1779
-1294
-868
-1710
-1509
-1104
-867
-140
83
570
628
373
838
1828
2295
2560
2588
2630
2920
3299
4140
4404
4407
4327
4454
4783
5150
5271
5352
5121
5439
4964
5966
2828
2001
5660
4656
5414
855
-562
1907
3072
2147
627
-1324
-2992
-696
-1479
-1207
-2135
-4936
-4255
-5125
-4540
-4481
-5296
-5817
-6356
-7213
-6300
-6111
-6432
-5595
-6764
-6906
-6820
-6346
-4708
-4362
-5266
-5150
-4593
-4027
-2315
-2236
-1886
-1714
-2001
-864
261
824
1234
1158
1178
1972
2353
2933
3630
3478
3403
3407
3378
4341
4174
4517
3743
2446
3301
3088
3662
2969
2038
1536
1602
1234
1231
720
-398
157
-652
-1230
-1370
-1637
-1465
-2207
-2639
-2602
-2714
-2901
-2300
-2279
-2443
-2697
-2640
-1453
-1429
-1324
-915
-635
-229
44
642
1279
1630
1522
2233
2868
2864
3200
3689
4114
4201
4116
4428
4770
4879
4803
5298
4810
4908
4735
5222
4756
1011
3727
4405
4687
2894
-970
510
2116
2062
281
-481
-2762
-1925
-1464
-2484
-1730
-4236
-4704
-4679
-5020
-4714
-5336
-5836
-5793
-6527
-6786
-5999
-6313
-5535
-5661
-6433
-6001
-5850
-4834
-3601
-3817
-3964
-3321
-3053
-1798
-904
-849
-149
-119
151
1226
1743
2423
2773
2671
3050
3529
3751
4295
4586
4386
4432
4143
4393
4754
4705
4726
4365
3566
3670
2238
2825
3695
2174
1911
463
-51
452
409
-213
-592
-2642
-2849
-1416
-2283
-2599
-3478
-3994
-3866
-4239
-3888
-3560
-4249
-4431
-3986
-3800
-3039
-3224
-2571
-1971
-2375
-1733
-808
-83
547
722
874
1933
2095
2530
3515
3375
3665
4063
4332
5066
5026
4976
5347
5399
5164
5710
5478
5687
5607
5490
4530
1586
4153
4908
5033
2832
-820
624
2067
2158
622
-434
-2601
-1770
-1531
-2382
-1694
-3888
-4273
-4555
-4797
-4597
-4945
-5319
-5271
-5891
-6244
-5680
-5795
-4708
-4770
-5369
-5204
-4975
-3987
-2846
-2858
-2772
-2387
-2361
-1254
-234
109
621
571
702
1549
1977
2829
3261
3129
3190
3422
3575
4066
4400
4276
4288
3661
3645
3773
3889
3879
3197
2585
2089
2189
1618
1262
875
-292
-311
-1511
-1799
-1389
-2115
-2814
-3643
-4034
-3787
-3699
-4413
-4407
-4802
-5282
-4691
-4689
-4280
-4397
-4562
-4050
-3830
-3477
-2638
-2194
-1738
-1227
-1142
-57
548
1094
1949
2184
2516
3054
3546
4330
4702
4626
4983
5204
5436
5741
5647
5878
5862
5608
5666
5556
5438
5603
5208
5252
5026
4414
2689
1280
3787
4160
3436
499
-1636
220
1294
966
-407
-1763
-3065
-2178
-1773
-1967
-1946
-3961
-4208
-4322
-4149
-3822
-4059
-4280
-4667
-5161
-5074
-4377
-4120
-3529
-4125
-4676
-4399
-3855
-2694
-2151
-2447
-2691
-2507
-2209
-1139
-518
-565
-492
-726
-405
200
630
1106
1027
795
808
1133
1386
1758
1817
1678
1514
1131
1392
1665
2047
1873
1261
920
813
1220
1179
1351
309
-567
240
-114
28
-400
-1220
-1104
-1222
-1248
-1045
-1587
-2197
-1416
-1652
-2064
-1933
-2040
-1668
-1974
-1905
-1645
-1915
-1763
-1132
-854
-660
-648
-421
445
476
781
1468
1577
1932
2161
2485
3100
3121
3232
3578
3637
3738
3939
4242
4413
4190
4253
4517
4561
4725
4673
4587
4668
4352
4908
4342
4194
2005
2511
4569
3540
3215
-142
341
1721
1859
686
-321
-1464
-2013
-1072
-2064
-1789
-2899
-4335
-3930
-4469
-4440
-4987
-5516
-5519
-5823
-6598
-6265
-6250
-6041
-5758
-6494
-6253
-6063
-5727
-4654
-4333
-4449
-4165
-3884
-3140
-2037
-1775
-1430
-988
-893
-56
541
1164
1728
1759
1988
2444
2730
2982
3519
3551
3762
3420
3216
3628
3826
3921
3602
3216
2926
2979
2748
2947
2434
2146
877
541
1234
787
633
-763
-1186
-1551
-1207
-1427
-1585
-2322
-3118
-2683
-2864
-2656
-2765
-3057
-3210
-3182
-2856
-2722
-2397
-2180
-2013
-2075
-1661
-1197
-602
-112
-18
324
612
1100
1726
2363
2430
2603
2790
3138
3612
3647
3669
3751
3800
3928
3985
4009
3857
3685
3581
3784
3548
3534
3430
3388
3414
2295
2935
395
1641
2870
1803
1895
-1275
-598
708
895
-353
-739
-2058
-2178
-1047
-2158
-1159
-2332
-3326
-2892
-3326
-2908
-2985
-3415
-3261
-3526
-4114
-3341
-3335
-2952
-2769
-3647
-3354
-3067
-2758
-1751
-1659
-1919
-1709
-1759
-1200
-311
-341
-232
-103
-327
292
561
1013
1315
1006
798
1062
1379
1601
1881
1618
1753
1451
1443
1730
2033
2022
1770
1516
1529
1534
1575
1637
1707
1261
979
676
-520
1095
709
425
-257
-1729
-889
-558
-825
-1041
-1677
-2999
-2183
-2029
-2350
-2113
-3183
-2868
-3218
-3397
-2774
-2701
-2982
-2936
-3129
-2861
-2435
-2412
-1390
-1627
-1904
-1325
-1044
-182
272
249
583
757
1017
1890
2384
2326
2671
2689
3280
3661
3881
4291
4418
4472
4779
4996
5151
5211
5215
5243
5491
5062
3153
4885
5126
5274
4246
1565
2692
3253
2938
2321
1498
47
173
-86
-664
-180
-2111
-2603
-3010
-3422
-3346
-4005
-4380
-4391
-5320
-5673
-5363
-5519
-4903
-5315
-5710
-5390
-5561
-4904
-3976
-4006
-3901
-3762
-3596
-2577
-1893
-1635
-972
-927
-719
-72
388
1263
1683
1711
1874
2252
2422
2970
3269
3381
3471
3040
3170
3530
3779
3671
3303
2888
2756
2707
2524
2665
2121
1670
1187
801
945
-455
-69
-274
-1081
-1354
-2486
-2219
-2142
-2568
-3039
-3269
-4201
-3852
-3354
-3843
-3518
-4118
-4064
-3940
-3786
-3123
-3072
-3208
-2805
-2529
-2295
-1499
-1156
-504
-420
-400
659
1055
1460
2126
2335
2573
2917
3281
3995
4269
3999
4209
4353
4553
4824
4823
4969
4736
4453
4539
4581
4583
4326
3839
4108
3429
3596
2064
1500
3210
2391
2313
-104
-753
435
787
69
-818
-1750
-2605
-1710
-2289
-2101
-2587
-3973
-3640
-3902
-3794
-3891
-4282
-4248
-4212
-4896
-4562
-4350
-4109
-3612
-4055
-4022
-3830
-3676
-2771
-2207
-2302
-2136
-2081
-1568
-655
-263
-67
304
255
700
1171
1627
2191
2164
2125
2229
2529
2635
3083
3172
3285
3038
2749
3032
3235
3402
3136
2889
2569
2495
2399
2475
2421
1834
1434
950
870
796
487
391
-701
-923
-891
-1090
-1224
-1970
-2341
-2508
-2401
-2691
-2638
-3287
-3359
-2910
-3314
-3295
-3417
-3206
-3146
-3105
-2781
-2531
-2513
-2325
-1777
-1577
-1175
-1005
-469
-5
126
626
1162
1554
1813
2114
2380
2775
2973
3227
3556
3482
3544
3706
3966
4044
3834
3783
3783
3833
3762
3667
3375
3176
3041
3098
2861
2688
785
909
2072
1585
1468
-891
-959
78
-94
-655
-1153
-2014
-2282
-1775
-2306
-1763
-2501
-3378
-2995
-3271
-2984
-3099
-3211
-2918
-3162
-3727
-3119
-2829
-2505
-2312
-2808
-2401
-2332
-2008
-1285
-1062
-1230
-1055
-885
-387
116
-21
305
460
365
647
727
962
1202
929
921
1026
962
1012
1188
1162
1222
834
655
856
856
916
645
448
317
315
279
491
401
92
-6
-224
57
-23
22
-56
-134
-255
-426
-128
-1184
-590
-135
-646
-765
-1773
-1512
-621
-608
-1032
-1367
-2330
-1742
-691
-1083
-1203
-1899
-1961
-1471
-1459
-964
-972
-1518
-1383
-1101
-824
-215
-317
48
231
-219
438
989
1469
1831
1655
1670
2120
2429
3019
3488
3183
3121
3330
3897
4227
4234
4232
4258
4159
4129
4262
4413
4173
4122
3751
3925
2545
1920
3504
3030
2835
664
-133
977
1202
455
-303
-1267
-2182
-1805
-2218
-2107
-2623
-4041
-4018
-4283
-4298
-4434
-4797
-4725
-4876
-5585
-5249
-4832
-4605
-4220
-4641
-4489
-4299
-3983
-3049
-2457
-2527
-2441
-2152
-1568
-667
-427
-129
240
222
592
1071
1562
2021
1894
1802
2008
2254
2439
2700
2673
2525
2251
1962
2268
2344
2304
1935
1524
1325
1229
1218
1154
989
535
210
-43
-56
16
-170
-311
-586
-858
-991
-841
-748
-704
-964
-1938
-1311
-626
-611
-825
-1615
-1338
-903
-775
-477
-462
-948
-894
-336
-243
-148
-482
-199
-57
-325
-131
-68
29
38
-140
-115
49
-57
273
378
179
235
221
491
684
583
565
577
547
745
927
1010
1071
1030
1095
1215
1278
1601
1725
1663
1836
1848
2008
2168
2187
2581
2329
2482
1412
1495
2986
2750
2713
953
715
1848
2149
1590
1035
428
16
444
49
188
-347
-1407
-1276
-1635
-1703
-1849
-2122
-2011
-2455
-3225
-2963
-2729
-2627
-2476
-3134
-3179
-3140
-2937
-2224
-2150
-2518
-2515
-2336
-1927
-1309
-1308
-1097
-926
-936
-497
-135
191
510
446
474
723
959
1249
1474
1419
1352
1225
1229
1605
1727
1761
1476
1174
1135
1172
1258
1170
989
659
488
344
297
256
-31
-185
-474
-665
-742
-799
-753
-1135
-1303
-1490
-1522
-1492
-1680
-1772
-1908
-1837
-1931
-1875
-1952
-1876
-1807
-1937
-1816
-1810
-1590
-1513
-1384
-1263
-1255
-1228
-973
-666
-590
-406
-342
-73
62
145
494
658
774
798
1057
1302
1578
1716
1901
2062
2043
2309
2535
2791
2855
2801
2899
3013
3155
3325
3407
3366
3414
3400
3364
3493
3356
3553
3349
3247
3207
3102
2964
1584
2304
2650
2423
1679
119
667
1235
884
-10
-517
-1201
-1176
-1032
-1482
-1508
-2627
-2939
-2809
-3097
-3185
-3566
-3644
-3654
-4164
-4422
-3956
-3964
-3729
-3861
-4236
-3942
-3870
-3260
-2737
-2858
-2969
-2643
-2213
-1618
-1300
-1319
-932
-775
-461
-6
289
615
793
804
996
1218
1370
1699
1722
1683
1615
1485
1674
1851
1833
1715
1470
1329
1385
1375
1305
1152
882
708
688
631
591
457
302
192
23
-43
-37
-34
-33
-160
-239
-195
-109
21
35
-7
-161
42
-356
-405
510
437
227
-437
-549
163
438
295
51
-391
-705
-56
261
172
-350
-755
-481
-483
-365
-270
-468
-652
-807
-867
-535
-483
-484
-392
-773
-719
-492
-149
109
-47
-231
-164
96
371
726
606
536
584
848
1203
1350
1510
1543
1583
1600
1876
2094
2213
2303
2217
2407
2232
2451
2228
1702
2138
2223
2165
1308
687
1006
1474
1036
315
-155
-541
-520
-653
-881
-1198
-1965
-2204
-2226
-2342
-2501
-2803
-2934
-3079
-3405
-3340
-3024
-2968
-2909
-3083
-3085
-2776
-2429
-1882
-1627
-1701
-1650
-1158
-548
-12
163
216
531
810
1303
1735
1929
2023
1972
2041
2327
2525
2637
2632
2407
2298
2201
2172
2207
2055
1781
1472
1182
1061
1007
768
474
55
-269
-445
-647
-836
-1018
-1257
-1569
-1815
-1979
-1982
-1996
-2123
-2251
-2374
-2386
-2365
-2220
-2146
-2159
-2208
-2181
-1998
-1657
-1470
-1288
-1338
-1320
-1019
-926
-258
-1177
-622
139
-189
190
-623
-12
591
463
268
331
43
363
1009
596
652
112
383
873
510
781
684
575
679
653
709
1002
768
981
1010
552
1040
1163
1373
1344
926
1010
1276
1430
1606
1615
1215
1353
1473
1783
1896
1629
1743
1714
1765
1943
2137
2192
2021
1914
1929
2067
2004
2018
2076
1266
1018
1479
1703
1528
512
101
622
688
309
-39
-435
-757
-771
-971
-925
-1357
-1932
-1892
-2106
-2210
-2390
-2545
-2493
-2783
-3124
-2957
-2743
-2669
-2655
-2934
-2898
-2784
-2557
-2133
-2110
-2306
-2306
-2055
-1693
-1416
-1441
-1315
-1216
-1161
-860
-662
-452
-410
-396
-252
-78
57
230
440
523
589
587
837
1058
1189
1238
1275
1357
1466
1637
1742
1873
1831
1853
1867
1911
1943
1989
2026
1953
1833
1709
1749
1745
1718
1546
1316
1144
1054
1098
1042
782
456
258
174
81
-61
-320
-558
-780
-960
-987
-1056
-1248
-1408
-1553
-1636
-1618
-1618
-1584
-1599
-1715
-1713
-1612
-1545
-1328
-1459
-1091
-1843
-1579
-376
-715
-516
-1335
-1134
-68
121
-52
-29
-355
-29
814
594
708
337
290
922
593
857
893
670
715
547
428
798
597
653
700
-72
207
368
428
474
-151
-238
-74
-78
37
-22
-432
-383
-347
-267
-96
-360
-118
-43
-71
31
268
519
699
690
838
1023
1198
1382
1821
1920
1984
1544
1172
2728
2538
2515
1698
1144
2358
2580
2198
1827
1398
1179
1622
1277
1181
1073
31
249
-166
-562
-600
-1000
-1080
-1630
-2506
-2300
-2143
-2527
-2579
-3308
-3490
-3240
-3353
-2848
-3119
-3636
-3470
-3210
-2890
-2662
-2817
-2676
-2329
-2465
-1984
-1633
-1466
-1155
-1370
-1041
-744
-476
-108
163
122
190
392
742
1271
1143
1209
1233
1253
1553
1748
1902
1787
1513
1451
1749
1786
1761
1594
1355
1367
1212
1244
1323
1156
898
659
543
575
582
481
453
127
-75
-27
35
137
-28
-249
-337
-371
-293
-95
-124
-307
-479
-537
-268
-122
-130
-134
-182
-202
-129
-23
106
89
-109
-62
5
125
194
113
66
-76
-81
4
151
104
37
-78
-119
-112
-89
52
79
-63
-242
-168
-511
-249
408
167
-266
-900
-770
245
358
-83
-520
-886
-467
158
57
-201
-688
-716
-271
-316
-292
-238
-435
-478
-681
-625
-160
-172
-190
-281
-741
-473
7
299
248
-263
-312
108
457
656
648
358
407
630
976
1186
1097
1072
1166
1239
1411
1645
1807
1749
1758
1736
2103
2160
2260
2296
1220
2115
2403
2459
2148
1170
1771
2157
1738
1308
1228
841
919
681
400
588
-244
-297
-425
-965
-1019
-1244
-1269
-1507
-2372
-2405
-2015
-2341
-2415
-2850
-3133
-2863
-3034
-2737
-2600
-3059
-3006
-2772
-2562
-2384
-2538
-2364
-1875
-1976
-1834
-1520
-1328
-1028
-1108
-925
-633
-556
-292
47
86
121
260
453
874
790
815
1024
1035
1222
1231
1324
1414
1268
1182
1340
1324
1206
1201
1090
1120
938
837
986
883
771
598
477
446
422
350
372
222
-47
-46
-61
53
-60
-242
-227
-271
-257
-152
-103
-136
-172
-247
-133
-42
-44
27
12
25
105
163
267
258
117
150
257
272
315
265
370
381
284
280
259
259
263
289
257
234
137
178
255
194
158
103
114
129
90
132
180
205
173
168
175
163
162
235
243
227
192
195
193
187
92
135
2
65
-88
-6
-318
-998
67
-43
-422
-985
-1468
-707
-414
-819
-1147
-1601
-1769
-1056
-1037
-1436
-1705
-2108
-1493
-1528
-1617
-1358
-1580
-1546
-1500
-1489
-904
-739
-856
-466
-783
-670
44
351
661
343
201
784
1100
1416
1669
1467
1464
1783
2106
2474
2364
2272
2400
2376
2602
2742
2796
2704
2580
2281
2728
2302
1553
2501
2179
1989
1132
592
1567
1535
727
232
-98
-234
124
-256
-549
-927
-1655
-1141
-1300
-1664
-1838
-2241
-2029
-2314
-2836
-2300
-2101
-2447
-2506
-2834
-2631
-2236
-2220
-1729
-1955
-2395
-1881
-1409
-950
-993
-1326
-1028
-581
-458
-85
96
85
170
127
681
927
769
840
888
873
1029
1228
1433
1367
881
979
1170
1246
1301
1059
976
811
702
862
960
679
328
201
277
411
223
173
32
-290
-345
-287
-155
-248
-501
-645
-613
-650
-587
-459
-562
-701
-942
-840
-600
-529
-552
-668
-755
-775
-628
-466
-378
-589
-708
-594
-462
-278
-238
-273
-316
-402
-272
-7
95
46
-25
-5
145
240
321
414
314
290
374
520
630
599
580
580
582
632
795
806
704
569
536
649
645
600
554
479
409
403
437
442
332
178
146
132
134
168
113
45
-91
-133
-98
-72
-124
-171
-186
-264
-206
-236
-185
-187
-331
-245
-312
-237
-290
-526
-163
-247
-221
-471
-794
-173
-150
-308
-509
-687
-392
-61
-240
-397
-578
-599
-55
-116
-248
-282
-400
-98
-159
-210
-30
-69
-35
108
-1
273
397
335
552
348
462
831
910
1056
867
796
1134
1289
1461
1469
1212
1217
1399
1542
1721
1563
1436
1437
1358
1602
1531
1507
780
684
1368
1277
996
187
142
584
548
58
-177
-436
-540
-408
-725
-816
-1173
-1445
-1285
-1560
-1730
-1762
-1750
-1765
-2200
-2361
-1865
-1775
-1892
-1998
-2156
-1955
-1751
-1509
-1266
-1586
-1687
-1271
-890
-723
-858
-845
-513
-327
-291
-67
53
116
154
236
524
555
614
763
821
722
720
870
973
890
740
815
769
714
669
585
498
284
280
338
326
121
-65
-108
-114
-119
-191
-185
-334
-448
-432
-343
-252
-346
-393
-417
-439
-344
-178
-94
-143
-228
-224
-33
94
171
147
82
108
206
387
460
404
281
288
354
433
502
449
410
317
321
408
401
372
279
209
187
216
217
192
127
-14
-20
-39
-17
-4
-21
-33
-95
-129
-71
33
53
14
-64
-68
10
82
157
131
21
28
107
261
307
234
211
273
364
478
543
492
434
403
447
524
494
440
386
315
299
299
278
260
138
98
70
65
42
41
-55
-80
-94
-160
-86
-508
-289
-234
-345
-205
-518
-456
-419
-430
-313
-336
-548
-419
-348
-382
-239
-461
-410
-410
-489
-362
-412
-368
-253
-428
-371
-317
-381
-142
-156
-238
-152
-151
57
171
23
120
64
108
304
264
274
288
305
469
497
487
571
554
631
763
740
893
898
975
1101
1007
1037
486
907
1434
1125
861
303
603
1090
872
430
214
-38
185
282
-111
-221
-726
-850
-729
-994
-1076
-1227
-1424
-1566
-1938
-1910
-1537
-1821
-1976
-2132
-2284
-2021
-1927
-1752
-1741
-2109
-1975
-1502
-1283
-1123
-1162
-1110
-805
-676
-371
1
55
127
214
457
831
971
1130
1277
1191
1244
1535
1781
1887
1731
1652
1788
1804
1885
1929
1748
1556
1401
1458
1560
1420
1135
893
735
671
609
485
332
64
-142
-191
-274
-319
-445
-636
-805
-982
-972
-886
-900
-1038
-1140
-1196
-1139
-1034
-959
-940
-1038
-1017
-846
-624
-496
-513
-545
-448
-307
-163
-50
-19
12
64
183
308
391
400
409
409
427
524
577
590
486
414
469
512
519
381
258
222
239
295
271
199
53
-8
20
46
39
-31
-116
-169
-176
-151
-103
-152
-228
-283
-301
-232
-167
-130
-185
-242
-240
-176
-93
-82
-116
-138
-115
-36
19
34
1
-80
-83
-23
40
85
93
57
15
8
64
104
114
94
90
84
112
166
168
180
55
42
34
133
170
165
112
-186
-127
-71
200
32
-408
-425
-241
-29
-154
-430
-661
-571
-454
-381
-509
-787
-708
-716
-635
-679
-722
-679
-720
-757
-664
-546
-438
-337
-404
-322
-220
-79
188
233
212
283
457
728
845
848
840
898
1084
1345
1424
1426
1443
1477
1644
1721
1773
1846
1782
1773
1774
1865
1880
1782
1234
1072
1607
1531
1246
600
429
817
738
402
63
-273
-380
-251
-441
-532
-883
-1192
-1105
-1339
-1423
-1434
-1549
-1670
-1965
-2023
-1607
-1595
-1777
-1824
-2030
-1890
-1626
-1351
-1129
-1437
-1514
-1074
-731
-502
-487
-521
-341
-173
81
465
497
421
451
560
856
945
977
1011
843
730
915
1101
1112
898
674
702
640
650
700
534
330
158
163
209
114
-78
-233
-409
-523
-444
-456
-490
-713
-895
-857
-816
-766
-746
-773
-866
-914
-841
-645
-559
-617
-645
-664
-561
-416
-283
-228
-344
-385
-288
-147
-44
-30
-85
-104
-99
-16
109
128
95
71
109
182
227
255
283
250
214
256
296
362
373
332
303
257
299
374
396
386
377
397
454
484
514
502
474
497
559
598
601
564
557
612
611
607
557
466
426
369
363
370
308
216
124
45
2
-3
-46
-85
-187
-259
-247
-240
-257
-288
-342
-431
-442
-435
-385
-371
-410
-401
-393
-364
-342
-301
-214
-136
-103
-45
30
107
195
235
300
333
370
453
499
510
526
521
525
529
520
510
482
393
346
299
288
208
134
30
-81
-152
-596
-329
-158
-451
-678
-1074
-892
-602
-733
-988
-1225
-1376
-1006
-777
-1009
-1119
-1332
-1114
-882
-861
-741
-827
-868
-682
-577
-326
-76
-110
27
10
80
535
773
868
776
655
953
1276
1431
1423
1179
1053
1261
1482
1574
1408
1173
1151
1109
1208
1232
1112
942
825
729
796
834
769
710
68
-52
186
490
466
-205
-592
-474
-177
-118
-289
-716
-875
-786
-624
-471
-770
-913
-958
-987
-972
-879
-828
-913
-1206
-1345
-1101
-988
-886
-985
-1259
-1380
-1305
-936
-726
-926
-1156
-1135
-929
-696
-592
-658
-728
-831
-652
-372
-270
-229
-256
-184
-104
10
191
366
316
253
403
561
751
796
854
904
875
989
1200
1338
1316
1274
1275
1387
1476
1561
1578
1452
1345
1316
1393
1380
1251
1085
969
866
791
747
580
410
132
-30
-80
-185
-281
-468
-658
-832
-901
-969
-1042
-1160
-1297
-1336
-1369
-1344
-1343
-1331
-1352
-1347
-1240
-1136
-996
-961
-903
-837
-672
-463
-319
-212
-168
-50
99
272
397
488
522
563
667
768
834
852
782
741
756
772
801
712
551
444
378
331
289
212
71
-72
-202
-251
-267
-335
-437
-559
-650
-714
-733
-694
-674
-714
-777
-803
-745
-643
-550
-505
-488
-450
-333
-180
-48
-5
23
114
264
426
562
665
716
744
825
934
1029
1037
1045
999
1040
1086
1028
1020
585
677
860
674
552
203
203
280
145
-48
-152
-355
-267
-211
-430
-460
-670
-596
-592
-754
-730
-729
-766
-647
-649
-633
-443
-502
-286
-234
-293
-35
109
254
330
301
484
660
708
780
720
661
843
896
948
924
810
862
828
814
761
702
598
624
539
543
543
98
128
64
152
-16
-365
-379
-408
-419
-581
-604
-810
-836
-870
-914
-919
-1119
-1050
-1090
-1065
-1100
-1078
-1053
-1039
-1045
-995
-856
-881
-758
-742
-717
-633
-517
-324
-281
-284
-215
-80
-8
81
174
199
236
224
334
376
390
395
404
433
391
439
457
522
427
374
402
403
451
392
401
331
294
346
393
390
302
281
261
322
366
395
364
304
328
353
368
343
344
317
298
247
222
203
159
118
37
-22
-90
-130
-161
-243
-292
-330
-377
-443
-500
-531
-577
-662
-686
-677
-685
-717
-752
-732
-737
-748
-760
-725
-672
-626
-565
-534
-487
-444
-312
-257
-236
-189
-113
56
156
225
265
315
399
517
607
622
632
644
718
761
769
752
710
685
675
688
645
586
525
461
394
367
320
224
121
60
42
-5
-82
-144
-127
-152
-194
-190
-212
-200
-180
-131
-78
-66
-41
-8
64
63
93
77
202
203
254
185
-217
168
300
229
48
-276
-109
136
66
-89
-354
-576
-246
-165
-359
-485
-742
-581
-548
-560
-513
-673
-738
-589
-624
-502
-385
-477
-361
-497
-416
-71
40
109
43
-63
130
405
608
703
476
447
702
912
1082
1002
843
821
897
1082
1228
1116
1050
840
570
869
1054
1019
699
225
261
460
481
431
63
-344
-374
-307
-253
-337
-687
-875
-974
-1015
-889
-905
-985
-1158
-1356
-1280
-1120
-1038
-936
-1071
-1212
-1078
-858
-557
-492
-612
-576
-425
-195
148
261
212
172
245
540
725
769
758
716
711
805
965
1051
973
821
820
798
803
832
778
634
446
390
400
367
192
51
-90
-211
-262
-318
-384
-560
-706
-743
-756
-779
-828
-879
-922
-948
-932
-865
-853
-916
-954
-942
-870
-757
-666
-652
-641
-613
-521
-402
-314
-258
-218
-160
-87
42
127
154
147
165
256
352
428
468
473
470
517
571
620
627
607
598
597
642
681
697
680
634
620
655
709
738
700
619
566
570
576
593
571
505
467
409
377
333
258
168
118
68
-2
-37
-98
-143
-206
-288
-336
-393
-471
-519
-561
-595
-630
-681
-730
-789
-812
-797
-805
-844
-835
-820
-768
-736
-727
-683
-668
-644
-589
-531
-478
-397
-330
-234
-128
-77
24
105
176
257
318
397
460
536
589
657
694
733
781
807
853
852
861
827
784
786
774
771
721
612
509
447
414
387
307
184
71
-25
-58
-101
-171
-263
-362
-389
-413
-412
-426
-457
-492
-505
-504
-507
-500
-499
-459
-412
-382
-328
-285
-250
-228
-188
-122
-39
-6
7
84
130
200
205
186
184
187
244
299
316
294
254
213
213
201
165
130
67
26
19
30
21
-34
-83
-120
-157
-199
-212
-235
-272
-301
-327
-337
-350
-366
-369
-381
-392
-412
-375
-287
-246
-248
-242
-207
-160
-74
-23
3
9
38
96
153
184
194
236
273
276
242
234
264
269
243
199
216
239
253
208
155
104
96
183
81
113
75
-20
-9
-31
1
-47
-89
-164
-114
-80
-57
-34
-121
-108
-68
26
88
71
75
83
171
225
261
214
285
260
316
323
59
298
331
253
244
47
-43
227
108
70
-37
-281
-56
-88
-233
-232
-399
-425
-446
-477
-402
-403
-509
-407
-546
-525
-373
-428
-291
-398
-425
-247
-225
-139
-24
-120
-71
46
134
326
285
276
425
432
592
682
655
697
711
771
863
904
876
909
865
941
992
845
805
734
834
881
650
491
402
437
444
319
102
14
-75
-109
-149
-384
-508
-600
-638
-683
-800
-925
-1015
-1138
-1182
-1162
-1201
-1208
-1269
-1328
-1337
-1303
-1164
-1075
-1108
-1094
-1044
-908
-726
-628
-565
-523
-437
-207
-20
65
108
112
202
364
527
629
638
621
669
785
891
956
935
904
870
864
939
960
926
869
793
741
737
715
666
536
376
300
261
257
178
27
-141
-240
-296
-337
-390
-492
-551
-642
-673
-655
-653
-696
-749
-775
-762
-685
-664
-621
-573
-615
-505
-436
-370
-261
-229
-201
-101
-56
157
67
26
383
367
440
341
269
490
619
565
556
348
329
599
500
488
316
153
251
181
226
197
-19
-23
22
-70
79
16
-85
-88
-242
-118
-51
-124
-85
-160
-265
-184
-91
10
1
-185
-99
9
113
219
187
169
206
244
379
440
469
454
463
395
304
675
766
634
405
243
508
743
634
480
206
-5
248
413
311
31
-340
-294
-237
-228
-235
-463
-745
-781
-767
-666
-695
-917
-917
-1115
-1165
-969
-895
-880
-977
-1081
-989
-820
-675
-515
-640
-743
-586
-433
-250
-230
-236
-211
-190
-73
138
225
211
248
251
428
522
615
675
607
596
703
798
838
813
689
728
762
816
881
783
681
646
670
710
708
599
543
461
430
482
425
348
225
128
51
12
-11
-69
-172
-308
-388
-458
-501
-567
-646
-756
-851
-869
-862
-867
-920
-996
-1052
-1033
-946
-872
-837
-865
-842
-736
-618
-512
-453
-425
-385
-304
-188
-50
46
119
174
252
333
444
542
632
665
697
757
836
870
906
887
894
883
670
794
807
801
689
437
354
406
439
383
178
-167
-168
-86
-49
-110
-416
-544
-623
-524
-437
-527
-735
-782
-811
-735
-625
-719
-714
-821
-781
-648
-587
-487
-397
-400
-386
-255
-130
68
118
156
187
209
423
617
689
661
680
741
894
989
1052
1062
1022
1070
1137
1082
965
1089
1084
960
786
653
744
765
644
488
248
72
163
162
-3
-258
-521
-528
-534
-588
-672
-886
-1056
-1061
-1063
-1044
-1083
-1197
-1173
-1225
-1166
-1027
-1019
-1007
-988
-961
-824
-678
-563
-422
-406
-357
-192
-37
121
214
237
276
335
502
698
704
643
613
650
752
792
772
721
660
663
707
679
580
479
379
327
284
227
154
52
-66
-152
-235
-298
-355
-441
-534
-597
-632
-628
-629
-660
-698
-754
-744
-693
-636
-613
-618
-588
-507
-414
-338
-274
-227
-170
-90
25
142
208
232
299
400
506
608
675
714
736
777
876
950
973
985
988
994
1007
1006
994
945
877
822
782
747
691
619
512
421
345
268
169
69
-31
-135
-201
-285
-349
-403
-489
-586
-662
-717
-736
-754
-828
-860
-900
-922
-943
-911
-898
-915
-918
-926
-872
-832
-758
-744
-708
-796
-771
-580
-492
-448
-551
-587
-506
-334
-258
-214
-323
-352
-197
-81
39
-19
-65
-63
35
175
237
194
173
241
289
445
450
457
459
445
555
617
643
654
659
623
661
691
713
727
665
648
610
635
686
672
612
558
530
546
562
541
514
442
395
450
443
407
337
264
253
252
237
199
156
96
100
77
61
43
-19
-74
-131
-165
-205
-224
-238
-253
-301
-332
-309
-304
-291
-317
-347
-346
-331
-303
-301
-354
-410
-429
-425
-390
-361
-374
-392
-407
-389
-343
-294
-278
-297
-336
-352
-325
-307
-312
-365
-416
-406
-357
-326
-341
-379
-406
-381
-335
-314
-333
-375
-377
-361
-359
-371
-364
-341
-338
-329
-326
-287
-229
-178
-140
-118
-84
-39
31
64
88
118
163
234
294
352
403
469
544
637
710
779
837
879
955
1015
1067
1103
1128
1149
1148
1114
1096
1080
1059
1028
981
922
858
809
769
721
609
508
415
321
244
131
54
-45
-166
-287
-395
-500
-604
-676
-781
-852
-966
-1050
-1099
-1175
-1234
-1305
-1353
-1382
-1381
-1395
-1402
-1418
-1402
-1341
-1282
-1219
-1198
-1175
-1108
-1014
-926
-838
-752
-653
-541
-455
-321
-196
-69
52
133
214
308
420
538
620
651
703
754
