-36
-40
-44
-49
-15
-37
-54
-42
-51
-46
-57
-43
-35
-44
-31
-31
-10
-16
-21
-22
-24
-14
-35
-32
-9
1
-3
1
16
0
-3
-20
-35
-31
-26
-19
-17
-4
-4
5
12
10
-6
-20
-23
-12
-17
-37
-51
-37
-33
-28
-49
-67
-93
-80
-92
-80
-82
-63
-35
-48
-61
-37
-27
-33
-36
-4
12
-12
21
18
40
28
2
4
-25
-31
-17
-20
4
-12
32
20
11
54
26
47
32
57
49
42
63
62
98
94
102
66
62
93
39
40
10
47
50
68
95
72
113
96
116
126
105
87
107
77
61
89
84
95
44
59
50
41
29
10
28
9
-13
-25
-47
-41
-40
-41
-37
-33
-25
-9
-34
-13
-2
9
5
-12
23
8
14
52
24
44
45
1
8
-20
33
43
28
68
52
40
35
24
32
21
28
22
63
11
38
25
-10
12
-20
-7
-79
-98
-69
-80
-69
-60
-27
-20
2
7
15
16
-32
18
-13
-28
-2
-11
-4
-83
-50
-51
-63
-81
-155
-99
-111
-140
-116
-77
-95
-66
-51
-87
-42
-83
-43
-78
-91
-65
-81
-41
-40
26
6
-21
-28
-35
-58
-57
-19
-4
-20
-6
-35
8
34
45
54
79
35
81
10
40
-21
-50
38
-631
-886
-750
-790
-556
-615
-382
-275
-111
56
151
293
420
563
424
777
236
206
83
188
248
69
308
52
265
134
216
214
104
237
183
210
219
-233
-200
27
165
389
40
257
-67
-645
-73
-244
437
83
-557
233
34
-174
-48
198
-145
-237
-20
130
-193
-218
198
-180
294
165
46
352
-141
238
686
-136
78
-22
107
696
176
162
451
-220
39
-63
223
80
-170
824
-219
-43
245
-40
10
136
-7
-81
521
567
493
-737
-220
-394
269
134
-16
215
-111
249
34
164
-536
-16
-43
75
-170
-93
45
-10
-96
-127
-4
-17
-5
-6
-110
14
-143
331
223
-475
77
-329
-366
194
283
-29
-532
-210
-51
-47
214
257
216
-206
-201
-246
302
-5
165
93
-868
143
238
30
-404
-392
276
42
284
-128
-1207
-136
678
515
94
-611
124
-139
-764
-145
527
306
-172
-45
-337
311
-373
-288
61
-9
253
-639
-327
-288
-217
629
-99
-105
-258
129
213
352
392
-570
420
-532
-160
414
-286
-339
-172
424
-83
62
-191
873
-189
166
396
-614
533
-532
853
-177
-189
672
-425
619
35
36
-609
348
380
-656
477
-618
220
-183
-423
186
-115
189
11
312
-106
183
-110
12
-52
-440
272
95
-7
86
-22
-102
-7
-4
434
141
-256
135
-211
378
-380
-180
720
-281
304
156
-150
50
126
-523
-147
891
258
-90
-513
-199
625
-478
-27
44
88
452
-527
-317
416
602
-129
-373
-55
-65
283
-346
-574
55
-2
-341
-14
-6
90
-195
315
106
-422
-772
-414
784
525
-26
-409
-639
49
137
-50
-169
102
187
-431
228
404
-17
229
124
-194
443
60
574
-153
51
327
-1092
657
-42
215
-361
-321
410
-57
317
-602
160
24
2
-16
-349
37
-392
302
39
211
-82
34
29
95
360
7
92
-11
256
278
-542
-12
86
-452
131
-208
276
194
274
159
270
920
-159
306
133
-242
150
-12
-236
289
227
222
130
-752
383
69
387
198
-536
242
-338
642
-553
-326
331
-339
187
-111
379
28
473
249
-65
-185
-135
25
-74
-10
-229
3
246
42
-266
-363
-47
-244
21
349
44
8
-158
47
41
128
35
-753
-384
-133
-119
-356
10
-57
-105
174
-120
192
35
372
49
372
119
205
-17
-996
493
-290
-171
155
-578
-503
212
437
-469
12
135
-130
191
-125
-137
161
-50
-182
-573
-327
-92
-145
309
-48
-254
-165
-160
-403
178
81
-398
-718
-432
-345
-487
401
-51
214
479
80
-3
241
202
-242
-137
215
55
79
92
-31
46
-514
-365
255
7
139
-121
160
18
-219
-70
249
165
222
200
-378
516
333
-161
116
-231
-65
66
-480
-362
-83
-5
384
-259
181
225
57
378
-3
-2
151
67
-357
-32
-131
606
-281
21
-36
-163
-98
218
641
-291
267
-219
-244
-160
36
-391
100
61
-16
528
278
307
-119
-132
-116
-12
45
-409
313
257
63
212
-253
-128
-148
-34
-169
169
242
-554
252
139
3
-41
-3
402
-105
100
217
-131
42
-101
214
-102
-1062
133
-277
-376
135
-162
-200
133
-49
421
526
115
260
117
505
-69
111
39
-122
-323
-337
-223
-746
-245
-383
181
184
167
165
-14
309
-233
-108
39
-392
-121
-75
-99
87
-450
-126
-47
-104
-52
-197
166
20
-365
379
-363
-38
249
-748
169
-60
165
271
122
92
573
261
-108
-45
283
-123
-107
-39
-223
215
-531
371
168
-33
657
-181
169
201
-519
-295
-64
-255
101
-258
213
-78
-230
464
-423
-31
195
180
314
-60
233
-197
-787
-306
-216
-120
-66
60
348
191
185
23
-41
135
55
236
566
635
287
155
104
218
-119
-53
-60
-336
-267
-272
131
-439
-256
341
-101
-25
497
-121
739
489
279
86
-111
296
-197
106
-161
-250
-149
-313
138
65
-21
568
146
257
898
539
252
669
-120
-432
-637
-367
-360
-322
250
-115
674
204
122
233
-44
109
-241
-64
-24
-191
228
442
478
161
300
-243
-39
-152
-234
-203
-313
-4
-467
477
-153
429
378
266
618
-160
87
-758
-150
-266
-346
-36
-173
71
87
51
597
474
837
177
-172
221
-464
-67
-334
-70
-192
-131
-104
-16
-84
17
449
465
460
-232
34
-23
-70
-105
-126
158
200
109
238
55
54
118
-251
-124
-365
-17
-529
-415
-31
-402
343
248
154
18
106
207
-279
-30
-324
-421
-297
103
65
286
181
-110
300
-229
154
-25
-30
456
-178
236
-32
51
60
-101
-31
-18
356
-81
84
166
25
254
-258
76
-54
-357
97
-163
-190
277
-249
172
73
-543
15
-87
-210
-208
-327
380
305
286
-94
188
92
-177
-112
-367
-106
-37
238
300
184
34
205
-181
34
-333
-125
178
67
396
261
-289
-12
-487
-469
154
-583
469
-98
34
127
-96
132
-646
237
-85
-39
257
-37
257
-24
346
5
-25
24
-817
90
-49
-453
301
-313
77
239
-212
450
187
-87
-476
-77
-344
180
422
-311
178
-418
-10
33
-43
241
-293
12
287
-230
34
58
-389
39
153
-403
200
132
142
156
-356
-135
-267
124
-533
46
279
148
-4
-226
259
-132
96
-144
-110
338
-124
-164
103
-193
36
51
2
5
65
334
-85
-245
275
-229
83
171
37
432
-113
438
-244
-147
-55
-437
187
-321
232
0
119
-2
-318
36
-255
294
-159
-23
165
44
301
132
-49
71
195
-379
6
-207
-646
607
-221
364
125
-86
90
-299
568
-146
179
73
-345
330
129
142
88
-25
254
-78
-71
-305
-47
300
106
213
87
-386
232
-68
-319
501
-125
-12
372
-29
-116
105
-54
92
1
58
200
-126
318
-444
-403
395
-443
-13
30
36
714
101
-123
-116
-508
452
55
237
234
-1
203
-403
-149
-266
181
-327
280
-277
-128
254
-249
284
-243
237
-183
-197
0
-271
-227
133
-78
-74
29
-197
341
-81
133
169
-510
0
-310
36
-175
-339
473
-227
-36
120
-214
97
380
-87
-396
-42
-317
158
-263
7
258
-66
489
-124
-204
112
-33
67
-139
-343
-165
-145
-441
130
220
26
393
-207
-335
134
245
-68
144
-369
-717
30
-193
201
178
-126
147
59
-56
93
-237
-218
196
-235
-36
-23
-91
140
142
138
36
117
-173
-214
311
-262
-74
200
-103
3
-274
-43
-66
-182
137
313
-269
286
-164
-68
444
-388
-58
-367
-298
486
-174
40
590
-407
15
258
-279
120
-126
-121
348
213
-383
80
-137
62
259
70
138
-297
117
-6
-156
52
34
-220
69
-50
54
169
-176
359
182
-431
266
-400
55
775
-579
535
-433
23
119
-367
525
-262
481
-205
305
71
-308
58
-219
196
-317
488
-150
108
169
-96
500
-240
24
-177
-213
431
117
-235
159
-188
-49
379
-189
417
-14
145
421
-469
411
-330
-95
268
-416
439
18
121
8
199
-122
149
455
-89
481
177
223
172
-202
50
60
-21
56
-56
268
77
353
142
294
362
-161
198
-223
459
-40
172
84
-302
314
-292
471
116
374
458
-291
97
-175
39
10
-512
256
-244
84
420
-264
291
-44
-275
-103
-249
-259
-191
-408
-231
26
-223
288
-552
25
44
-926
569
-814
-193
183
-622
141
-467
-444
-17
-569
-648
-142
-749
163
-176
81
-113
-236
74
-259
375
-583
-176
-288
-344
-272
-70
255
-679
432
34
-195
95
-572
429
-11
309
415
-708
388
-36
150
532
-228
219
-26
-22
628
-211
132
474
74
587
59
232
261
146
151
502
334
-90
296
421
-20
335
136
258
204
162
295
244
271
97
252
93
201
64
347
59
48
147
6
199
-50
-219
416
-96
354
-186
23
429
-298
559
-198
397
-556
348
-317
177
666
-743
804
-708
381
556
-763
656
-413
-428
131
-79
-150
259
-79
57
9
-453
290
-408
253
-384
-243
708
-572
343
-18
-415
-43
-84
-125
-172
460
-431
36
482
-821
-306
240
-415
517
-136
-348
538
-833
480
-460
205
-88
-247
450
-449
271
-443
-26
-334
-111
13
-376
54
12
-137
245
42
-73
-295
-154
2
-144
-248
108
-151
285
73
-441
364
-594
254
-371
-154
194
-312
457
-254
347
-352
102
93
-243
-79
-260
115
-172
433
-292
-193
-52
-559
170
-43
185
81
-11
-74
-948
571
-406
135
91
-450
348
-504
-161
-74
81
-432
379
-453
44
267
-107
167
-795
371
-457
169
191
-736
449
-120
-33
-40
-196
24
-75
192
121
-298
-108
-168
-278
428
-382
96
143
-245
210
280
113
-106
28
-326
-160
-337
-143
-94
-39
443
-54
238
-181
-78
53
-85
-617
-252
180
-80
214
-216
301
-37
126
-17
-102
89
-570
315
-92
-207
199
-210
263
-257
51
-139
-384
323
-72
190
-2
-121
-215
251
-134
-194
100
-381
-366
354
337
-217
83
-163
67
44
-340
-396
-115
-197
-196
-21
278
-234
255
75
-112
183
-704
816
-173
-275
646
-897
458
18
-267
279
274
605
276
45
401
82
-16
575
-127
378
321
-131
526
171
578
721
114
523
719
611
468
591
-64
359
430
251
1136
562
857
677
405
161
245
606
-88
910
796
573
577
278
104
336
923
-157
735
-45
-748
507
22
770
447
-410
-247
272
-78
193
233
-25
199
-396
-150
-317
-193
10
-290
-206
-380
-266
-713
-139
-437
-325
-306
-1027
-555
-962
-584
-181
-945
-271
-799
-775
-498
-395
-446
-776
-130
-907
-358
-377
-500
-307
-423
-454
-560
-402
-552
-505
-481
-275
-395
-449
-723
-147
-405
-101
-281
-460
-259
-494
-119
-674
-272
-121
-290
150
-169
132
144
19
222
-178
-358
13
-194
132
227
221
-132
-350
163
-482
307
464
-9
253
352
319
173
79
-39
446
367
175
254
280
351
-52
433
178
-252
398
376
398
287
601
-186
163
370
191
569
229
99
-204
328
-44
222
384
75
92
232
176
195
294
27
440
178
-205
224
249
103
194
298
-85
270
6
-38
219
-69
193
116
153
-21
101
-39
-115
-228
-7
-109
55
206
-45
589
-222
209
22
-362
212
-198
8
-76
69
249
-365
-192
92
-192
25
293
87
96
-121
-336
151
-623
86
514
-675
108
-474
-97
-283
66
102
-198
417
-458
279
-692
-86
-346
-22
302
6
233
-592
-22
-673
-193
-77
-265
-135
130
-183
421
22
-296
328
-241
26
-179
31
-320
-91
539
-264
-39
16
-160
141
-444
-250
128
347
397
577
-54
148
220
-197
256
-15
861
13
57
409
-19
544
-141
480
130
-304
427
447
87
152
35
-411
126
-147
435
455
261
535
-356
87
324
-23
312
318
-31
-198
-43
-58
301
155
333
120
-593
502
34
131
483
-249
415
-11
-217
402
112
175
178
-221
169
-418
41
315
-264
-163
264
262
339
238
-117
167
-13
533
83
-46
-137
-337
154
122
509
-193
93
-28
-316
-100
-58
265
39
83
-3
605
-227
-688
-80
-468
67
-374
-773
-194
-522
-285
-109
-147
284
-892
-790
9
-614
33
-199
-930
-363
-557
-388
-503
-375
-298
-880
-412
-67
-643
-380
-691
-1113
-736
-275
-476
-469
65
-712
-39
-141
108
-346
-771
-176
-984
170
-72
-125
319
-393
-79
-282
267
3
-59
-186
97
-223
613
487
91
367
-202
471
-175
290
391
79
754
896
-85
242
524
62
375
-297
434
807
776
1415
260
412
603
69
600
152
227
980
333
952
343
-23
819
284
792
725
229
769
364
658
690
795
454
18
618
412
43
872
647
-17
489
676
311
388
875
590
-362
612
617
-505
-151
591
108
171
326
-316
488
660
590
-64
200
140
-430
-530
-34
87
-486
-281
-407
159
-216
-253
174
-31
-168
-405
-525
-623
-367
-732
611
-317
-952
-300
-690
-283
-669
-108
-645
-118
-264
-477
-29
-739
293
22
-145
13
-694
-75
-451
-92
-223
-840
250
-341
-344
328
61
250
620
-911
-780
377
-231
439
-9
-157
493
80
-29
-475
-242
420
-151
836
23
34
353
-110
649
-1028
-73
546
33
-289
-66
-370
-106
324
-857
586
50
-299
73
-412
-371
-296
-287
-809
96
-118
-734
-193
-1006
229
-765
-152
-146
-915
820
-1116
-434
-820
-408
-131
-594
647
-835
-1169
360
-745
-871
169
-480
-270
-193
-385
-455
-518
-48
-777
-589
189
-719
314
-1045
-1583
272
-877
271
540
-815
31
193
-705
-683
-279
-198
-391
-216
773
-62
-17
-281
-130
-77
-836
314
-398
-338
425
2
-354
50
-93
-512
701
197
-30
341
680
-123
820
634
-1014
959
-473
425
268
-115
523
-329
551
25
-566
-261
96
-60
54
93
711
-174
312
1238
214
574
376
606
1150
-194
406
375
-630
996
68
-495
379
746
-358
39
395
-366
463
761
231
387
-306
-311
118
-138
305
31
482
-457
165
632
-177
253
453
-564
-496
562
-250
-100
-111
-469
-980
-223
-762
-725
602
-687
246
519
-730
236
-362
100
-259
64
482
643
136
-468
593
-543
-54
701
797
492
2050
1504
1007
2220
1798
1928
1188
2547
1172
1339
2972
1887
2300
2525
3275
2971
2437
3207
3050
4206
2725
3499
3080
3454
1733
-5055
2294
3223
2343
4163
2687
3466
2475
3728
3151
2432
1554
184
2077
1653
1201
450
-224
726
-400
-252
-1048
-333
-869
-2018
-807
-2521
-2462
-2736
-3325
-3522
-3082
-4356
-5015
-4220
-6221
-5267
-5071
-5847
-5449
-5539
-5548
-6125
-5854
-4913
-6137
-6306
-5499
-6319
-6126
-5683
-5085
-6058
-6139
-4604
-4902
-4937
-5136
-4511
-5322
-4769
-3531
-4736
-3272
-3679
-4017
-2948
-3385
-3318
-2130
-3023
-2082
-1436
-2468
-1000
-1418
-796
-1103
-1304
-549
-1148
-780
-1088
985
50
512
1238
728
1504
953
2365
1702
2061
2551
2476
3590
3775
4438
3762
4087
4679
4693
4997
4804
4784
4816
5370
5279
5503
5755
5835
6507
6166
6254
5994
5566
5701
5875
5148
5954
6755
5631
6764
5979
5359
6308
6412
6076
5365
5297
5877
5610
5192
6107
4559
4722
3847
4561
5050
3406
5104
3086
3474
4079
3267
3287
2463
2392
2197
2373
2079
1281
1619
2204
1834
1109
229
763
1089
655
629
1277
277
-57
-177
-507
-963
-843
301
-1297
-145
-571
-1396
-1097
-1538
-1295
-3123
-816
-1068
-1857
-527
-1817
-2288
-1275
-2171
-2233
-1668
-1967
-2184
-2403
-1317
-2984
-2096
-1744
-2923
-2599
-2783
-2585
-2779
-2929
-3029
-3441
-2760
-3225
-2956
-1975
-3478
-3312
-3390
-3268
-4496
-3755
-2906
-3787
-3668
-4707
-4012
-3883
-3435
-3314
-4125
-4739
-3239
-3479
-4051
-3886
-5202
-3220
-4383
-4227
-3142
-3780
-3238
-3285
-3590
-3384
-3226
-3994
-3215
-3019
-2394
-3385
-3621
-1861
-3822
-3336
-1352
-1970
-1177
-1697
-1882
-2448
-1166
-768
-2844
-864
-1397
-1619
-1562
-991
-1727
-2533
950
-1230
-1096
-607
-1161
-1067
-77
-527
-1068
9
-802
-253
-935
-266
-673
-949
157
-688
-969
-444
-256
-151
253
-365
503
692
-307
441
-480
623
686
923
-636
598
1298
332
1908
-686
1365
1075
1470
1197
1203
2830
354
2111
1630
919
2542
1801
1958
2037
3560
1807
1847
4028
1512
2784
2682
2502
2626
2093
3059
2406
3327
2781
1403
3340
2908
2894
762
-880
2670
953
2655
3075
3250
4429
3432
3433
2943
4007
2106
2808
2353
2271
977
948
2725
380
1342
1525
665
2142
1996
1161
449
474
1275
-186
-736
-89
-44
-569
-655
-579
-538
-399
-1461
-341
63
-1450
-818
-1360
-1321
-1029
-2074
-1938
-958
-874
-808
-432
-258
-366
263
180
-527
181
104
-829
123
-136
-132
965
288
554
1337
1428
858
2173
2222
1718
1841
2267
2439
1876
2334
2034
2130
2389
2404
2583
2771
3496
2145
3173
3250
2458
3876
2348
3117
3270
2360
2892
2126
2157
2857
2094
1894
2442
1525
1563
1459
1364
1192
885
8
533
507
-195
-5
-65
-315
-958
-431
-1255
-1281
-949
-1706
-1639
-1835
-1892
-2271
-2190
-2160
-2587
-2421
-2895
-2609
-2872
-3073
-3076
-3481
-3148
-3657
-3514
-3637
-3484
-3917
-3764
-3588
-3897
-3506
-4234
-3756
-3465
-3653
-3569
-4228
-4104
-3713
-3893
-3607
-3530
-3577
-3519
-3382
-3447
-3369
-3830
-3862
-3542
-4330
-3423
-3722
-3828
-3472
-3812
-3828
-3342
-2545
-3152
-2499
-2766
-3060
-2057
-2749
-2917
-2251
-2466
-2211
-2149
-1703
-1040
-1252
-663
-299
-242
142
304
399
886
1326
1342
2481
2255
3095
3182
3098
4382
4339
4859
5208
5065
5397
5600
5251
5566
5287
5621
6313
6128
6165
6455
6202
6271
6358
6284
5895
5779
5627
4929
5505
4926
4751
4803
4289
4675
3899
3511
2840
2674
2473
1787
1849
1060
964
215
477
442
-565
-332
-772
-854
-1018
-1061
-1261
-2067
-1674
-1900
-2394
-2188
-2178
-2481
-2278
-2087
-1504
-1391
-1534
-926
-1333
-1181
-1101
-1222
-725
-436
-177
27
585
1093
967
1259
2142
1941
2184
2772
1886
2389
2536
2060
2259
2056
1956
1520
1193
1053
666
1158
889
593
894
-57
21
-251
-441
-642
-721
-898
-1154
-1518
-1185
-1549
-1725
-1214
-1571
-1596
-842
-1221
-1599
-1127
-2093
-1962
-2135
-2548
-2860
-2856
-2340
-2364
-2081
-2475
-2716
-2649
-2268
-2443
-2717
-2374
-2941
-2367
-2497
-2021
-1386
-1556
-1156
-793
-788
-308
-373
-247
926
1211
1978
2679
2592
2965
2933
2396
1604
1385
1066
778
1173
1118
1479
1703
1977
2802
3398
3529
3709
3187
3429
3946
3848
3891
3705
3412
3689
4145
4314
4733
3762
2971
2482
2153
3045
3317
3036
2713
2142
2202
2434
2158
2296
2125
1300
989
228
-800
-1267
-1807
-1995
-2090
-2233
-2215
-2688
-3028
-3469
-4005
-4200
-4499
-4664
-5089
-5169
-5718
-6368
-7068
-7660
-7818
-8319
-7947
-7914
-7445
-6537
-5786
-4670
-3813
-3334
-3390
-4213
-5713
-6391
-7121
-6997
-5726
-4156
-2382
-530
1012
1831
2397
2025
1339
506
-382
-1468
-2181
-1928
-1159
230
1757
2811
3419
3354
2704
2421
1933
1757
1837
2042
1837
1228
93
-1582
-2760
-4071
-4690
-4950
-4839
-4301
-3094
-1780
-416
818
1388
1948
1778
1540
1395
1039
1088
1000
905
947
834
831
819
706
695
547
529
745
625
775
928
962
906
726
347
-31
-426
-910
-1038
-1216
-1302
-1278
-1241
-1092
-870
-692
-412
26
331
513
740
954
1070
1059
1030
951
850
861
740
659
877
902
970
1222
957
895
580
625
1237
1945
3029
4056
4604
4710
4494
3703
2755
1242
-483
-1987
-2584
-2143
-1118
445
1682
2031
624
-1978
-4542
-6764
-7356
-6342
-4460
-1379
1100
1741
445
-2090
-5126
-7686
-8148
-5445
423
7339
12997
15917
15479
12826
9467
6409
3654
1575
-155
-1514
-2007
-1820
-1200
-144
569
676
115
-721
-1390
-1233
-1058
-497
200
346
1268
1020
863
-405
-1813
-2649
-3881
-4310
-4412
-3465
-1964
-997
-148
568
1531
2409
3085
3582
3761
2864
2097
1362
1033
489
-984
-1479
-1965
-2087
-2384
-2955
-2673
-3269
-4055
-5181
-5640
-4981
-5094
-4324
-3104
-1600
-133
112
422
537
419
404
527
1156
1692
1652
1511
1291
1161
681
-596
-1295
-2061
-2670
-3062
-3313
-2421
-2273
-1512
-1399
-1533
-1230
-1776
-1649
-1524
-673
110
369
1014
1692
2541
2588
2739
2699
2676
2388
1922
1765
1825
1919
1475
1520
1893
2425
2639
3133
3693
4814
4800
5255
4036
3226
2923
888
341
-3228
-4551
-5992
-7788
-9243
-11450
-11731
-11959
-12622
-12576
-11165
-9503
-8464
-7691
-5052
-1931
-1079
57
750
3023
3358
1903
2424
2173
2180
572
8
1326
995
799
427
2750
4040
3747
3725
3872
4180
2837
1662
1491
1649
1201
992
1415
1237
457
-1613
-2770
-3907
-4977
-6341
-7791
-7992
-8158
-7477
-7410
-7306
-6279
-5242
-3659
-2628
-862
1027
2409
3326
4409
5801
5737
5106
4757
5527
5575
4776
4372
4766
5369
4633
4880
5758
6302
6148
5351
5999
6160
5852
5125
5010
5790
5428
5272
5092
5487
5916
5673
5929
6338
5791
5574
4235
4235
1994
433
644
-230
779
-2184
-2897
-3205
-4677
-6887
-9989
-11574
-11584
-13506
-14740
-13365
-12237
-10755
-10819
-8108
-3930
-3097
-1206
-646
3159
5114
3986
5724
5916
7037
5960
4623
6418
5567
4750
3828
4894
6073
5361
5175
6149
6905
7625
7033
7017
7401
5720
5579
3850
2361
880
-2008
-3665
-6036
-7699
-9269
-11418
-12500
-13350
-12495
-12280
-12182
-10437
-8404
-6080
-4632
-2898
-156
1291
2054
3154
4548
5022
4435
4426
5343
6074
6009
5703
6643
7186
7049
7177
7420
8327
8582
8758
9459
9632
9548
8846
8600
8410
8000
7740
6921
6519
6696
6408
6186
5587
5340
5945
5384
5469
3157
2975
2844
1679
1275
-2824
-3230
-4675
-6625
-9427
-12541
-13583
-14508
-17183
-18259
-17175
-16551
-16212
-16786
-12897
-9609
-8759
-7253
-5699
-398
103
95
2269
3376
4903
3166
3884
5782
4713
3653
2980
5016
5361
4258
4360
5395
6631
6688
6425
6820
6968
5503
5177
3161
1406
-835
-4246
-6588
-9656
-11615
-14091
-16707
-18428
-18734
-17955
-18411
-17658
-15575
-12478
-9969
-7634
-4329
-929
1068
2227
4593
6273
6285
5584
5452
6060
5433
4121
3534
4146
4376
4522
5251
6197
7476
8467
9609
10983
11895
12364
12603
12833
12706
12799
11877
10657
9848
9328
8803
7717
6826
7267
7321
7222
4995
4320
4651
2841
1467
-3383
-4857
-6700
-9966
-13633
-17060
-18486
-19534
-22757
-23898
-22810
-21869
-21675
-21989
-18009
-14134
-12853
-11271
-8856
-3152
-1336
-1271
1310
3623
5491
4525
4775
7241
6831
5719
5130
6776
7790
6563
6624
7785
9251
9811
9152
9967
9973
9172
8165
6022
4496
1745
-1315
-4615
-7824
-10513
-13426
-16686
-19008
-19859
-19943
-20558
-20605
-18404
-15751
-13202
-10900
-7351
-3201
-587
1775
4265
6958
7920
7807
8400
8906
8830
7473
6728
6996
6900
6790
6900
7754
8930
9865
11100
12411
13629
14719
15033
15552
15714
15926
15301
14126
13278
12931
11896
10921
9495
9785
9459
8771
7321
5008
5675
3446
2180
-1854
-4954
-6305
-9108
-12629
-16077
-18346
-18723
-21021
-22962
-22173
-20990
-20238
-20485
-18127
-13377
-11723
-10409
-8520
-3932
-525
-859
787
3293
5034
5064
4365
6544
7195
5972
5434
6443
8028
7365
6516
7528
8568
9149
8417
7977
8274
7134
5883
4259
1915
17
-3133
-6054
-8789
-11486
-13774
-16967
-19253
-20148
-20452
-21013
-21562
-20107
-17463
-15448
-13390
-10483
-6550
-3253
-1221
1683
4770
6473
6987
7525
8713
8909
7773
6878
6748
6804
6193
5776
6121
6824
7747
8408
9450
10831
11986
12795
13412
13882
14616
14576
13836
13213
13208
12880
11636
10689
10472
11103
9941
9228
7287
6584
5907
3382
1966
-2538
-4478
-6988
-9791
-13082
-16616
-18263
-19277
-21519
-22338
-21320
-20312
-19545
-19042
-15014
-11250
-9617
-7874
-4850
0
1755
2215
4423
6593
7706
7245
7659
9457
8886
7738
8015
9152
9949
8754
8804
9887
10565
10611
9784
9706
9265
7966
6963
4899
2879
409
-2692
-5387
-8405
-10780
-13499
-16451
-18490
-19445
-19686
-20291
-20432
-18922
-16765
-14423
-12052
-9026
-5355
-2516
328
3560
6152
7904
8865
10048
11087
11111
10559
9866
9631
9175
8747
8525
8312
8702
9306
9987
10921
11533
12583
13391
13846
14381
14687
14717
14085
13694
13390
13072
11845
11302
10809
10989
10477
9673
9705
7017
6601
4897
3656
1079
-3917
-5773
-7863
-10926
-14928
-18678
-19391
-20838
-23477
-24194
-23210
-22193
-22248
-21529
-17203
-14182
-12716
-11218
-7664
-3035
-1584
-732
1405
3543
4662
4313
4945
6208
5628
4817
5098
5983
6623
5559
5852
6582
7402
7762
6828
6900
6202
5641
4596
2389
769
-1651
-3841
-6754
-9315
-11501
-13876
-16361
-18664
-19225
-19588
-20309
-20626
-19718
-17572
-15608
-14022
-11594
-8418
-5709
-3192
-765
1855
3816
4894
6027
7251
7903
7670
7106
7135
7049
6791
6127
5748
6229
6637
7183
7752
8441
9639
10460
11237
12123
12842
13318
12974
13338
13560
13614
13017
12318
12672
12893
12396
12682
12067
12896
11076
9139
9220
7052
5947
250
-2359
-4134
-7008
-11438
-15966
-17907
-18396
-21244
-23560
-23162
-21898
-21077
-21469
-18596
-14323
-12145
-10894
-8434
-3275
-65
426
1730
4571
6816
6982
6405
7748
8529
7653
7390
7832
9092
8646
8019
8943
9906
10754
10022
9565
9738
9071
8703
6393
4599
2505
321
-2086
-5334
-7710
-10749
-12870
-15557
-16604
-17570
-18966
-19348
-18873
-16937
-15747
-14718
-12565
-9365
-6699
-4607
-2403
180
2259
3545
4918
6203
6776
6572
6477
6770
6771
6099
5439
5138
5445
5821
5782
6232
6612
7758
8750
9211
10124
10683
11404
11510
11643
12240
11993
11783
10954
11664
11654
11683
11040
11526
12022
12181
11545
9123
9516
7397
6506
2239
-1535
-3554
-6384
-10392
-14772
-17870
-18483
-21259
-24113
-24566
-23124
-22326
-23217
-21573
-17111
-14122
-13005
-11286
-6325
-2345
-1405
-468
2460
5178
5273
4846
6043
7563
6728
5618
6470
7563
7781
6623
7290
8443
9241
8967
8444
8866
8352
7938
6322
4509
2971
607
-1713
-4791
-7225
-9217
-12424
-14946
-16677
-17012
-17969
-19647
-19426
-17677
-16039
-15209
-13843
-10652
-7635
-5724
-3687
-768
1527
2724
3689
5171
6341
6037
5484
5528
5730
5442
4452
3920
3814
4282
4378
4402
4986
5833
7111
7711
8428
9752
10802
11179
11317
12138
13125
12816
12193
12101
13136
12727
12439
11905
12924
13107
12673
12210
10144
10494
8157
7107
3224
-474
-2679
-5386
-9410
-13526
-16773
-17654
-20469
-23263
-23808
-22592
-22421
-23131
-21237
-17118
-14381
-13635
-11456
-6368
-2979
-1788
-673
2607
5170
5264
5453
6797
8203
7220
6390
7409
8279
8225
7039
7774
8843
9460
9182
8738
9227
8805
8472
7032
5487
4150
1985
-396
-3064
-5382
-7490
-10381
-13479
-14906
-15833
-16729
-18357
-18867
-17535
-16019
-15170
-13914
-11579
-8762
-6485
-4559
-1968
264
1790
2946
4243
5537
5719
5331
5076
5377
5434
4688
3920
3697
4303
4587
4598
4955
5961
7104
7810
8498
9673
10791
11137
11249
12037
12769
12821
11928
12016
12434
12562
11901
11833
12159
12925
12717
12940
12186
10502
10463
8472
7773
2992
-254
-2504
-5066
-9393
-13902
-16682
-17917
-20991
-23689
-23826
-22786
-23163
-23495
-20946
-16917
-14489
-13856
-10796
-5771
-2707
-1472
-67
3269
5137
5258
5522
6867
7532
6192
5784
6654
7354
6768
5991
6804
7856
8539
8203
8293
8612
8399
8343
6953
5750
4073
2048
-125
-2752
-5131
-7601
-10252
-13159
-14839
-15788
-16787
-18186
-18642
-17723
-16064
-15063
-13884
-11614
-8997
-6418
-4298
-2069
194
1950
3129
4390
5566
5775
5462
5102
5288
5245
4551
3690
3525
3948
4204
4544
4791
5830
7058
7936
8945
9955
10942
11439
11790
12351
12748
12584
11927
11720
11775
11606
10880
10769
10636
11266
11283
11393
11400
9320
9347
8208
7603
3944
-120
-2109
-4083
-7995
-12764
-16211
-17253
-20025
-23084
-24268
-23027
-22893
-23715
-21978
-17882
-14592
-13662
-11692
-6452
-2472
-726
313
3183
5993
6351
6346
7173
8131
7191
6117
6547
7175
7019
5808
6128
7048
7901
7821
7549
7788
7827
7968
7026
5547
4135
2389
551
-2187
-4569
-6837
-9326
-12066
-14342
-15136
-16341
-17640
-18500
-17652
-16350
-15311
-14507
-12145
-9598
-7253
-5269
-2949
-527
1238
2470
3788
5281
5701
5566
5380
5677
5728
5154
4359
4050
4473
4443
4627
4663
5376
6584
7199
8076
8945
9940
10457
10750
11275
11865
11689
11166
10974
11325
10988
10414
9937
10482
10570
10810
10890
11803
11586
9563
9751
8952
8563
4254
409
-1175
-2987
-7298
-12348
-15673
-16581
-19517
-22803
-24198
-22905
-22932
-23834
-21981
-18198
-14815
-14165
-12041
-6741
-2842
-1073
-344
2671
5507
6081
5970
6501
7528
6669
5702
5997
6536
6367
5428
5781
6847
7949
7953
7846
8145
8477
8984
8024
6359
4988
3475
1671
-1350
-4238
-6562
-9212
-12052
-14598
-15705
-16902
-18456
-19132
-18350
-16835
-15986
-14949
-12541
-9571
-7064
-5090
-2506
-95
2019
3319
4593
5898
6382
6049
5765
5736
5503
4904
3792
3303
3664
3598
3691
3722
4439
5811
6503
7273
8234
9383
9984
10173
10782
11077
11124
10224
9916
10152
9701
8987
8502
8670
9433
9260
10012
10603
11870
10914
9956
10594
9791
8844
3749
1367
-174
-2742
-7948
-12872
-15101
-16434
-19933
-23470
-23778
-22434
-23166
-23639
-21053
-16915
-14215
-13971
-10265
-4730
-1449
-511
745
4666
6773
6873
6447
7578
8205
6712
6140
6368
6772
5905
5124
5829
6881
7607
7249
7409
7792
8391
8682
7048
5622
4360
3179
870
-2329
-4862
-6941
-9692
-12667
-14372
-15137
-16785
-18278
-18050
-16413
-15025
-15172
-13267
-10187
-7175
-5575
-3798
-859
1563
2987
3864
5317
6384
6238
5861
5764
5826
5215
4152
3418
3398
3542
3185
2876
3131
4169
5136
5301
5895
7056
8180
8288
8343
9097
9615
9277
8425
8709
9159
8630
7755
7890
8551
9287
8762
9514
10815
11983
12392
10696
11127
10952
10459
7410
3080
1257
-567
-4608
-10121
-14136
-15278
-17836
-22090
-24561
-23124
-22546
-24069
-23492
-19524
-15226
-14244
-13314
-7792
-2781
-798
-408
2450
6291
6955
6150
6417
8054
7177
5285
4955
5525
5520
3962
3770
4799
6095
6226
5998
6586
7256
8197
7515
6058
5208
4164
2545
-542
-3371
-5265
-7793
-11059
-13792
-14562
-15465
-17592
-18565
-17481
-15196
-14652
-14313
-11671
-8070
-5494
-4255
-2148
726
2804
3476
4113
5416
5792
5047
4219
4116
3926
2794
1319
923
1515
1494
1079
900
2036
3764
4356
4753
5813
7544
8541
8426
8826
9802
9929
9033
8336
8909
8976
7942
7061
7517
8636
8677
8855
9477
11701
12770
13812
13106
12991
13538
12605
11013
6317
3675
1390
-2117
-7814
-12547
-15026
-17272
-21731
-24900
-24557
-23756
-25085
-25408
-21814
-17577
-15491
-15076
-10301
-4713
-2055
-1192
950
5093
6273
5771
5913
7447
7300
5176
4789
5414
5677
4531
3905
5193
6535
7169
7199
7913
8890
9677
9767
8572
7695
6639
4969
2348
-735
-3094
-5638
-9168
-12146
-13772
-14597
-16368
-17952
-17488
-15832
-14058
-13731
-11758
-8716
-5642
-3514
-1851
489
2444
3762
4173
4901
5250
4705
3831
3059
2965
2383
989
-21
319
882
931
589
1178
2770
3971
4380
5103
6407
7404
7677
7729
8359
8637
8074
7275
7501
7743
7282
6654
6585
7551
8398
8610
9662
10779
12846
13919
15395
15297
14640
15042
13674
12982
8036
4559
1765
-1452
-6682
-11789
-15504
-17392
-21047
-24245
-24677
-23815
-24363
-24412
-21747
-17609
-14713
-14081
-10298
-5264
-2021
-755
644
4015
5366
5473
5271
6238
6253
4464
4243
4676
5004
4252
3939
5154
6242
7190
7490
8420
8900
9347
9938
9104
7798
6354
4726
2709
-500
-3461
-6082
-9051
-12312
-14390
-15588
-17034
-18193
-18338
-16823
-15426
-13974
-12000
-9180
-6499
-4367
-1544
674
2019
3212
4009
5189
4912
4018
3517
2998
2103
1117
394
-479
-855
-971
-482
-10
56
1019
2316
3461
4147
5138
6164
6702
7272
7507
8040
7654
7108
7212
7281
6964
6574
6726
7367
7853
8588
9447
11116
12044
13361
15165
16305
17350
15617
15276
14669
13332
10032
4465
1216
-1437
-5841
-11661
-16699
-18832
-20949
-24679
-27063
-25904
-25159
-25379
-24504
-20557
-15956
-14411
-13023
-7934
-3196
-718
-374
2164
5284
5999
5620
5763
7266
6162
5148
5518
6291
6569
5634
6552
8165
9243
9837
10357
11164
11338
11665
11447
9889
7987
5953
4126
1226
-2620
-5616
-8341
-11521
-14399
-16011
-17123
-18277
-19014
-17903
-15686
-14598
-12985
-10142
-6791
-4309
-2757
-143
2107
3244
3381
4031
4706
3901
2637
1684
1425
478
-948
-1605
-1831
-1589
-1591
-1040
-153
661
1976
3142
4300
5313
6101
6910
7225
7564
7842
7582
6793
6352
6448
6215
5649
5223
6084
6832
7486
8113
9748
11521
12800
13866
15776
17024
18135
16689
15273
14977
12867
10660
4528
390
-2449
-5819
-11655
-16802
-19881
-20567
-23616
-26500
-25869
-23730
-23290
-22995
-19795
-14487
-11622
-11337
-7765
-2520
686
363
1182
4415
5660
4898
3850
5282
5480
3752
3397
4581
5724
5093
5123
6901
8851
9860
9833
10702
11202
11431
11226
9551
7489
5480
3144
355
-3448
-6809
-9357
-12538
-15599
-17160
-17719
-18569
-19336
-18487
-15452
-13269
-11930
-9631
-5745
-2282
-733
981
3009
4793
4859
4447
4630
4095
2754
1021
246
-162
-1292
-2398
-2864
-2247
-1452
-1157
-416
758
2400
3865
4604
5450
6492
7145
7111
6812
6882
6754
5592
4473
4179
4466
3771
2993
3547
4979
6195
6857
8130
10798
12611
14214
15446
17185
18712
18854
18879
16653
15349
13294
10537
6584
452
-3127
-5821
-10724
-15786
-19905
-20955
-21870
-25289
-25789
-23373
-21912
-21401
-20153
-15210
-10962
-10374
-8961
-4524
-513
218
-602
1875
4028
3928
2781
3224
5204
4241
3602
4798
6843
7706
7299
8882
11117
12625
12850
12805
13493
12927
12222
10680
7879
5446
2358
-606
-3966
-7917
-10519
-13199
-16034
-17798
-18271
-18111
-18443
-18202
-15637
-12698
-10576
-9191
-6473
-2535
-672
571
1714
3135
4152
3085
2817
2717
1819
613
-802
-821
-967
-1685
-2125
-1853
-483
118
587
1385
2593
4054
4464
4651
5132
5517
5454
4653
4106
4075
3585
2532
1900
2262
2855
2604
2886
4426
6358
8063
8779
11141
13477
15366
16612
17583
18968
19676
19076
19065
16942
14332
12104
8865
6526
379
-4071
-6946
-9913
-14452
-18343
-20712
-20271
-22522
-24023
-22543
-20609
-19528
-19312
-16389
-11919
-10214
-9896
-7480
-3598
-1486
-2142
-1107
1110
2299
1913
1891
4017
4505
4215
4883
6958
8554
8454
9299
10849
12206
12462
11975
12221
11218
9929
8653
6270
3530
462
-2355
-4677
-8256
-10937
-12809
-14692
-16183
-17039
-16319
-15567
-15466
-13873
-11156
-8301
-6544
-5357
-2324
120
1473
2013
2543
3335
3133
2301
1633
963
-69
-1310
-1779
-2222
-2180
-2423
-2534
-1509
-546
473
1247
1730
3122
4183
4527
4543
4436
4794
4494
3676
3182
2908
2667
1897
1770
2644
3068
3574
4215
6111
8263
9481
10741
12788
14747
16334
16958
17918
18241
18420
17594
17144
15397
11733
9798
6944
4758
-266
-5434
-7440
-9632
-13797
-17103
-19918
-18916
-20601
-22588
-21307
-19543
-18240
-18324
-16632
-11918
-10059
-9982
-8290
-4989
-1769
-2361
-1934
489
1966
2576
2242
4289
5792
5631
6484
8202
10316
10716
10885
12361
13394
13973
13263
12692
11761
9972
8806
6258
3098
37
-2920
-5012
-8482
-11487
-13010
-14654
-16030
-17028
-16404
-15069
-14993
-13962
-11421
-8530
-6491
-5707
-3124
-784
692
1378
1758
2819
2389
1898
1884
1289
844
-599
-709
-290
-773
-516
-760
-19
935
1304
2287
2282
2548
3198
3342
3284
2371
1988
1771
1042
476
-73
-107
-359
-559
510
1558
2387
3308
4732
7418
8982
10423
12002
13804
15661
16211
17199
17913
17652
17316
16452
16053
15162
11229
9038
7025
5062
2051
-3745
-6379
-7734
-10772
-14239
-17785
-18568
-18446
-21174
-21917
-20835
-19574
-19233
-19706
-16422
-13075
-12102
-11792
-9553
-5282
-3273
-3427
-1765
758
3006
3367
4147
6554
7596
8053
8775
10835
12090
12069
12162
12786
13714
13452
12307
11289
9551
8445
6823
3891
948
-1986
-3936
-6274
-9584
-11576
-12949
-14144
-15491
-15935
-14582
-13968
-13748
-12418
-9796
-6902
-6019
-4791
-2263
-173
1012
1130
2015
2738
2240
1807
1586
1588
527
-552
-598
-367
-380
-849
-888
-100
478
1120
1296
1386
1720
1976
2276
1826
1213
1052
693
505
177
198
619
507
1274
2624
4122
5193
6035
8092
10235
11843
12727
13934
15440
16337
16579
16932
17040
16718
15288
14751
13984
13141
10159
6738
5912
3833
1754
-3339
-7124
-7947
-10265
-14015
-17231
-19795
-18882
-21435
-23157
-22285
-21282
-20127
-20729
-18475
-13744
-11912
-10903
-9001
-4566
-234
-162
1498
4076
6810
8235
7777
9986
11209
11195
11240
11850
13396
12999
12083
12083
12369
12635
10970
9670
8118
6583
5471
2566
-284
-3146
-5686
-7472
-10833
-13321
-14730
-16319
-17264
-18372
-17357
-15999
-15925
-14607
-12279
-8777
-6442
-5760
-2891
-143
1979
2960
3155
4855
4969
4450
4312
3991
3688
2221
1386
1637
1503
1044
319
593
1274
1590
1665
1473
1556
1698
1651
1287
543
-55
-520
-971
-1455
-1662
-1456
-1469
-1151
-28
1488
2953
3775
5215
7788
9506
10902
11752
13207
14674
14878
15141
15328
15381
14840
13341
12696
12054
10825
9205
5682
4350
3008
955
-1879
-6722
-8451
-9287
-12383
-15355
-18720
-18899
-18870
-21456
-21604
-20370
-18859
-18164
-17964
-13543
-9830
-8503
-7274
-4230
1140
3084
3068
5019
7603
9762
9216
9245
11006
11038
10382
9862
10985
11262
9975
9035
9182
9805
8820
7006
6055
4497
3541
1575
-1104
-3429
-6368
-8175
-10322
-13051
-14729
-16250
-16935
-17607
-17581
-15715
-14707
-13505
-11608
-8374
-4519
-2996
-1272
1677
4370
6004
6085
6707
7645
7003
5810
5070
4736
3336
1451
462
674
473
-691
-1169
-485
337
457
249
593
842
802
419
-69
-442
-1404
-2125
-2498
-2959
-2888
-2928
-2663
-1642
-368
1549
3144
4610
6737
9088
11219
12226
13461
14766
15700
15714
15197
15215
15051
13818
12678
11275
10890
9667
8374
7091
4347
3908
2007
1026
-1882
-5965
-6868
-8250
-11207
-13974
-17683
-16831
-18176
-20336
-20160
-19327
-17399
-17204
-16027
-11207
-8264
-6534
-5021
-1437
3681
4175
4842
6320
8313
9673
7862
8231
8791
8026
7145
6305
7399
7003
5894
5541
5966
6840
5710
4945
4305
3144
2485
446
-1437
-3853
-6658
-8101
-10308
-12527
-14228
-15487
-15389
-15920
-15241
-13186
-11691
-9571
-7720
-4036
-269
1250
3141
5233
7830
8647
8039
7817
7799
6818
4717
3306
2347
650
-919
-2355
-1951
-2104
-2830
-2759
-2060
-839
-534
-657
-160
-56
-159
-794
-1674
-2117
-3459
-4096
-4648
-5143
-4825
-4821
-3724
-2401
-793
1658
3696
5958
8179
10500
12767
13852
14673
15481
15917
15680
14496
13798
13160
12062
10716
9535
8678
8221
7126
6988
5592
4067
3690
2303
1677
-2254
-5140
-6134
-8508
-11535
-15558
-17905
-17684
-20050
-21560
-21306
-19788
-17849
-17481
-14708
-9792
-6750
-4403
-2407
2083
6044
6450
7299
8143
9880
9817
7877
7805
7250
6464
5043
4478
5045
4732
4129
3974
5025
5720
5211
4824
4036
3570
2566
591
-1427
-4282
-6658
-8535
-10900
-13082
-14951
-15689
-15478
-15649
-14276
-12351
-9824
-7368
-5091
-883
2513
4648
6218
7814
10271
10619
9333
8145
7322
6182
3741
1279
-339
-1678
-3241
-4506
-4641
-4276
-4210
-4121
-3236
-1788
-832
-745
-785
-436
-203
-890
-1974
-3068
-3849
-4216
-4982
-5202
-4903
-4172
-2581
-1037
1288
3921
6449
8968
11233
13718
15663
16566
16753
16663
16840
15903
14216
12211
11028
9939
8549
7182
6486
6073
5988
5781
6405
6079
4473
4320
3107
2697
-1077
-5146
-6861
-9638
-12814
-17091
-20406
-20298
-22177
-22985
-22537
-20342
-17143
-15629
-12310
-7161
-2922
271
1844
5081
8604
9019
8872
7668
7723
7175
4601
3331
2095
1458
601
33
1318
2364
3238
3863
5233
7085
7556
7640
6540
5572
4093
1756
-807
-4338
-7509
-10148
-12473
-14273
-15920
-16182
-15413
-14366
-12260
-9563
-6004
-2783
-347
3080
6284
8687
9401
9179
9821
9525
8218
5483
3067
1637
-443
-2306
-4429
-5286
-5451
-6013
-5511
-4797
-3418
-2584
-2055
-892
208
735
278
-552
-937
-1492
-2481
-3796
-5104
-5376
-5465
-5176
-4421
-3382
-1231
743
3252
5961
8518
11030
12457
13953
15092
15565
15166
13588
12338
11000
9524
7460
5484
4356
3837
3600
3495
4205
5003
5800
6796
7752
8914
7696
6115
5136
3526
1425
-3878
-7744
-10114
-13200
-16166
-19797
-20736
-20043
-20164
-18937
-16358
-12738
-8827
-6613
-2673
1708
4692
6485
6114
7620
8212
7069
5087
2441
1852
705
-1208
-1775
-1971
-605
18
1048
3516
5786
7539
7938
8679
9357
8923
7049
4144
1412
-1417
-4752
-8038
-11266
-13552
-14976
-15720
-15338
-14355
-12289
-9793
-7129
-3859
-602
2647
4854
5931
7375
8085
8375
7111
5281
4143
2751
1342
-334
-1533
-2051
-2661
-2823
-2422
-1614
-1085
-1272
-1122
-351
51
-511
-2002
-2933
-3305
-4234
-5609
-6899
-7465
-7662
-7973
-7608
-6528
-5189
-4132
-2759
-482
2159
4205
5402
6942
8772
10506
11231
11276
11448
11475
11320
10642
9878
9174
8299
7398
6936
6760
6671
6318
6196
6791
7629
8150
8462
8196
8451
8517
8061
7148
4079
2558
445
-1577
-4806
-9077
-10876
-12650
-14540
-16216
-17328
-16121
-15217
-14480
-12417
-9715
-6654
-4655
-3340
-784
1402
2489
2284
1213
1907
1627
738
-815
-1813
-766
-888
-693
-58
1839
4033
4770
5880
7639
9309
9332
7992
7004
6163
4510
1323
-1813
-4120
-6068
-8239
-10189
-10942
-10551
-10042
-9467
-8014
-5700
-3209
-1732
-698
874
2249
3106
2435
1903
1675
1273
676
-343
-342
-19
116
326
795
2157
3112
2875
2358
2027
2196
918
-1412
-3896
-5442
-6799
-8729
-10549
-11497
-11410
-11017
-10365
-9071
-6889
-4736
-2990
-1416
690
2895
3904
3952
3949
4739
5271
4773
4154
4146
5044
5707
6074
6884
8107
9405
10078
10493
11220
11614
11173
9958
9044
8590
7700
6166
4882
4632
4948
4990
4983
5274
6130
7085
7215
7216
5582
4839
3255
1054
-1950
-5997
-8183
-10802
-13448
-15521
-16741
-16165
-15828
-14877
-12533
-9799
-6931
-4876
-2627
-407
1170
1889
1767
927
351
-415
-1201
-2261
-3216
-2501
-1756
-534
855
2970
5589
7289
8696
10068
10932
10744
9137
7219
5042
2511
-618
-3867
-6476
-8448
-9655
-10494
-10471
-9414
-7801
-5951
-4322
-2216
-42
1426
1856
1776
1747
1417
286
-1152
-2200
-2744
-3008
-3051
-2351
-1026
627
2220
3527
4915
6353
6885
6318
4171
2403
895
-1934
-5201
-8987
-10750
-12037
-13246
-13423
-12801
-10864
-8724
-6273
-3249
-422
2207
3688
4535
5165
5672
5332
3666
2170
1575
1582
1177
1066
2002
3837
5694
7559
9644
11558
13014
13592
13442
12841
11673
9963
7372
4819
3025
1740
543
-281
341
1806
3764
5519
7510
9333
10949
11717
11454
9263
6349
3763
155
-4188
-9806
-13490
-15870
-18027
-19614
-19832
-17972
-15631
-13229
-9905
-6159
-2661
-769
594
1534
1985
1577
-127
-2124
-3844
-4438
-4718
-4925
-4662
-2746
36
2709
5260
8104
11040
12412
12598
12291
11583
9687
6187
2511
-1001
-3921
-6793
-9340
-10890
-11580
-10884
-9954
-8552
-6604
-4399
-2429
-1504
-792
-38
185
-779
-2353
-3403
-3891
-4425
-4952
-4772
-3408
-1567
377
2556
5168
7776
9696
10456
10613
10185
9192
7176
3743
256
-3219
-5733
-8582
-11123
-12482
-12925
-12147
-11358
-9354
-6874
-4492
-2405
-849
1012
2177
2610
2052
898
164
-477
-1075
-1907
-2141
-1314
64
1616
3614
6143
8564
10379
11686
13003
13481
13210
11832
10083
8212
6136
4364
2425
1056
629
935
1950
3059
5138
7624
9913
11671
12874
13702
13740
12922
11167
8446
4395
1264
-1982
-4892
-8994
-12085
-13033
-13570
-13871
-14147
-12441
-10413
-9390
-8107
-6634
-4632
-4218
-4805
-4946
-5329
-5096
-5482
-5947
-6155
-5489
-3450
-1671
-243
1736
4541
6855
7911
8598
9851
9928
8575
6439
4587
3116
746
-1540
-3790
-5361
-5946
-6452
-6474
-6708
-6056
-5174
-4980
-4786
-4594
-3948
-4313
-5223
-5584
-5410
-5118
-5169
-4766
-3627
-2218
-628
1019
2902
4789
6251
7199
7743
8137
8380
7756
6405
4954
3550
2359
567
-963
-2597
-4238
-5504
-6723
-7255
-8537
-9466
-10080
-10330
-10274
-10391
-9636
-8936
-7980
-6822
-5353
-3396
-1808
-167
1046
2116
3429
4600
5371
5423
5641
6299
6936
7223
7576
8261
9039
9605
10094
10602
10795
10788
10319
9561
8497
7317
6263
4925
3782
2958
2727
2763
3121
4142
5506
6961
8152
9235
9925
10278
9870
8866
6574
3450
859
-1940
-4800
-8828
-11559
-12749
-13515
-14258
-14604
-12870
-11109
-9912
-8816
-7309
-5336
-4884
-4961
-5349
-5800
-5748
-5895
-5874
-6149
-5337
-3270
-1143
654
2758
5730
7902
8847
9502
10458
10306
8534
6384
4599
2885
543
-1455
-2986
-4096
-4555
-4737
-4571
-4621
-4079
-3410
-3680
-4321
-4806
-4567
-5260
-6513
-7063
-6877
-6335
-6029
-4856
-3142
-1527
96
1756
3633
4846
5667
5919
5597
5156
4672
4125
2869
1761
1173
726
75
-445
-479
-1107
-2345
-3300
-3776
-4894
-6800
-8284
-8878
-9479
-10151
-9991
-8808
-7399
-5796
-3790
-1573
559
2640
4345
5106
5166
5471
5674
4847
3664
3162
3183
2937
2797
3730
5125
6108
6940
8097
9153
9509
9462
8888
7764
6390
5101
3939
2419
1437
1490
1881
2459
3551
5626
7821
9301
10659
11595
12027
11483
10325
8622
5288
1783
-1219
-3643
-6590
-10114
-11837
-12196
-12022
-12301
-11897
-10124
-8795
-7777
-7228
-6249
-5671
-6132
-6338
-6696
-6634
-6487
-5904
-4840
-3776
-1466
1296
3727
5363
7260
9794
10908
10408
9542
9055
7911
5395
3053
1343
-309
-2053
-3253
-3679
-4105
-4379
-4349
-4438
-4841
-5079
-5212
-6137
-7588
-8233
-8103
-8392
-8935
-8382
-6644
-5025
-3604
-1375
1272
3291
4624
6021
7233
7599
7351
6868
6073
5072
4404
3973
3236
2471
2371
2588
2209
1754
1147
352
-1326
-3249
-4487
-6465
-8620
-10626
-11320
-11426
-11522
-10616
-9240
-6845
-4872
-2397
100
1581
3287
3817
4344
4149
3498
3292
2243
1780
1721
2380
3117
3564
5064
6465
7915
8579
8970
9334
8619
7783
6553
5287
3812
2291
1429
974
1121
1778
2852
4135
5572
7506
9508
10744
11394
11417
11141
10417
9004
7369
4629
1520
-855
-2530
-4160
-6742
-8631
-9028
-8985
-9209
-9557
-8871
-8488
-8602
-8478
-7960
-7441
-8165
-8486
-8087
-7682
-7036
-6278
-4883
-3735
-2394
-191
1760
3125
4019
5194
5763
5354
5171
4992
4175
2417
1251
1097
436
-611
-1348
-1499
-1855
-2542
-2857
-3301
-4248
-5296
-5975
-6648
-7502
-7762
-7509
-7347
-6995
-5720
-3779
-2232
-993
705
2393
3412
4172
4890
5119
4552
3963
3941
3667
3048
2622
2614
2675
2643
3008
3160
2756
1996
1171
335
-1203
-2939
-4879
-7097
-8698
-9727
-10101
-10736
-10925
-9894
-8241
-6216
-4538
-2526
-861
373
1892
2761
3223
2642
2166
2112
1578
1425
1281
1653
2003
2542
3884
4998
6109
6871
7426
7734
7676
7842
7434
6441
5393
4808
4490
4013
3801
3929
4293
4832
5899
7032
7849
8641
9656
10345
10457
10127
9798
9008
7619
6184
4108
1613
-528
-2084
-3703
-6265
-8182
-8849
-9055
-9549
-9914
-9581
-9551
-9267
-8416
-7581
-7556
-8069
-7460
-6642
-6454
-6217
-5244
-3982
-3283
-2105
-198
1660
2894
3890
4972
5441
5779
6140
5769
4576
3274
2717
2083
992
8
-682
-1285
-1839
-1889
-2021
-2701
-3361
-3706
-4022
-4692
-5272
-5431
-5670
-5930
-5757
-5016
-4069
-3128
-2091
-993
100
1334
2511
3259
3520
3649
3829
3934
3803
3507
3194
2907
2742
2623
2492
2267
1914
1438
698
-127
-1006
-1889
-2943
-4631
-5859
-6712
-6964
-7240
-7764
-7857
-7473
-6192
-5083
-4226
-3632
-2852
-1545
-749
-110
55
218
721
939
1361
1455
1827
2254
2623
3205
3472
4062
4486
4785
4957
4919
5359
5628
5792
5702
5514
5710
5851
6018
5753
5366
5247
5184
5397
5362
5331
5478
5988
6774
7363
7773
8014
8045
7864
7078
6021
4530
2354
0
-2548
-4369
-6102
-7974
-9485
-10329
-10170
-9714
-9199
-8816
-8298
-7350
-6722
-6189
-6177
-6319
-6145
-6059
-5404
-4818
-4052
-2907
-1497
223
1674
3123
4342
5227
5730
5563
5338
4955
4364
3581
2563
1887
1404
1123
780
237
-236
-838
-1333
-1979
-2955
-3956
-5048
-5638
-5999
-6252
-6186
-5924
-5101
-4161
-3165
-2139
-1228
-256
313
644
885
1059
1316
1435
1628
1876
2273
2846
3407
3945
4149
4244
4111
3732
3167
2231
1122
-11
-1166
-2180
-3183
-3970
-4529
-5145
-5417
-5814
-5709
-5651
-5603
-5510
-5467
-4828
-4163
-3358
-2580
-1826
-775
229
1372
2099
2595
3011
3177
3527
3452
3395
3250
3206
3522
3733
4111
4389
4717
5108
5260
5428
5161
4857
4485
3925
3547
3011
2767
2685
2750
3042
3280
3580
3843
4118
4273
3989
3381
2732
2238
1485
655
-197
-775
-1067
-1263
-1137
-1444
-1514
-1392
-1375
-1322
-1756
-2211
-2575
-2957
-3091
-3456
-3647
-3607
-3519
-3079
-2808
-2532
-2164
-1922
-1610
-1522
-1617
-1596
-1731
-1737
-1751
-1886
-1835
-1746
-1548
-1370
-1358
-1281
-1193
-1087
-1025
-1182
-1312
-1336
-1303
-1180
-1115
-1051
-870
-610
-247
-9
174
404
614
862
965
1005
1018
1051
1107
1080
1026
969
900
874
823
730
636
580
544
422
253
68
-84
-243
-444
-698
-956
-1138
-1299
-1405
-1491
-1561
-1570
-1512
-1405
-1302
-1235
-1172
-1032
-814
-618
-444
-217
81
448
826
1176
1489
1741
1932
2015
1993
1856
1630
1349
1068
817
574
404
310
316
374
437
542
602
610
518
364
213
36
-132
-326
-488
-513
-421
-261
-90
140
375
632
856
1019
1168
1254
1356
1451
1565
1699
1819
1976
2109
2249
2317
2280
2175
1982
1722
1381
951
508
119
-253
-635
-999
-1287
-1505
-1715
-1904
-2085
-2242
-2373
-2504
-2569
-2567
-2525
-2450
-2329
-2140
-1897
-1671
-1451
-1209
-966
-734
-536
-339
-84
174
424
700
1030
1343
1586
1776
1915
1994
1975
1803
1566
1287
953
600
226
-103
-391
-641
-818
-966
-1073
-1148
-1206
-1233
-1247
-1249
-1235
-1235
-1214
-1160
-1063
-965
-854
-711
-574
-395
-221
-32
194
384
572
775
939
1111
1214
1270
1296
1285
1219
1082
918
735
563
425
246
93
-19
-108
-140
-191
-237
-251
-261
-248
-246
-248
-211
-175
-143
-108
-67
-46
-73
-143
-243
-350
-459
-595
-684
-731
-729
-624
-480
-216
58
352
666
864
1023
1058
1032
944
741
507
249
70
-31
-94
-43
55
221
436
616
752
795
728
608
384
102
-218
-570
-887
-1153
-1310
-1387
-1379
-1324
-1194
-980
-785
-584
-397
-244
-112
-4
45
11
-30
-84
-132
-187
-237
-290
-282
-201
-103
47
228
438
633
770
853
843
785
608
331
5
-353
-637
-896
-1116
-1200
-1165
-988
-715
-464
-195
71
282
425
479
409
274
172
65
-1
-28
23
217
491
746
1013
1279
1510
1740
1846
1821
1751
1659
1539
1376
1189
975
821
662
441
273
73
-134
-304
-433
-526
-603
-671
-693
-659
-609
-569
-534
-547
-567
-558
-598
-586
-517
-397
-222
-10
175
359
582
730
829
808
782
693
555
520
482
544
576
660
741
710
727
571
273
-52
-462
-751
-950
-1128
-1133
-954
-591
-167
214
556
668
682
273
-465
-1106
-1783
-2039
-3090
-3852
-3683
-3150
-2198
-2060
-1956
-967
194
870
434
-126
106
530
583
-86
-389
214
1059
1621
1287
1214
1783
1867
1638
561
-217
-18
-90
-209
-608
-393
760
1317
1530
1216
1175
1466
690
-285
-1687
-2047
-1855
-2744
-2612
-2585
-1463
-164
-486
236
374
944
995
-494
-877
-1340
-1008
-988
-1613
-1123
-349
1239
1576
1304
1927
2129
2575
1710
574
584
549
787
373
141
939
1698
2134
1593
1187
1312
1156
616
-742
-1363
-1135
-1172
-1226
-1458
-982
-43
227
86
-176
4
117
-309
-836
-1108
-694
-423
-297
-91
281
995
1248
1012
693
503
407
77
-446
-711
-461
39
356
557
898
1510
1961
1893
1557
1283
1155
932
500
175
247
560
690
727
858
1101
1263
996
606
266
48
-203
-602
-827
-841
-698
-576
-641
-640
-647
-724
-974
-1322
-1595
-1747
-1801
-1877
-1788
-1475
-1066
-607
-317
-80
177
335
343
224
127
99
143
80
110
284
500
676
687
605
609
551
364
132
-74
-145
-131
-136
-158
-180
-174
-278
-389
-576
-983
-1273
-1740
-1759
-1865
-1855
-1762
-1494
-877
-558
-214
-48
251
477
252
101
-87
-38
-142
-307
-131
91
625
695
893
1088
1197
1252
890
703
424
192
-119
-453
-456
-524
-406
-450
-427
-263
-304
-214
-353
-307
-305
-301
-179
-144
123
233
404
624
693
867
784
830
807
747
770
740
954
1035
1166
1264
1310
1428
1334
1266
1079
807
555
260
188
73
21
5
87
322
443
544
566
588
594
421
264
47
-116
-323
-543
-627
-729
-708
-808
-871
-863
-854
-815
-894
-932
-942
-942
-955
-1016
-975
-962
-923
-909
-907
-815
-740
-636
-527
-361
-153
23
197
347
532
687
739
764
721
665
562
411
257
117
-5
-115
-201
-283
-349
-362
-379
-370
-355
-346
-366
-415
-458
-517
-515
-583
-647
-701
-759
-709
-660
-581
-449
-298
-73
111
292
405
482
588
553
502
346
155
30
-192
-370
-551
-663
-685
-784
-809
-866
-863
-800
-741
-634
-604
-528
-390
-252
-97
-2
114
270
339
406
447
499
610
650
736
874
1021
1179
1208
1284
1318
1348
1302
1080
903
707
577
454
274
222
224
279
315
293
341
332
322
219
120
83
6
6
7
92
281
410
503
544
585
584
489
306
89
-112
-289
-417
-559
-633
-672
-697
-690
-784
-966
-1187
-1413
-1614
-1884
-2116
-2283
-2327
-2227
-2115
-1844
-1538
-1178
-820
-605
-301
-120
10
132
166
308
387
512
601
670
844
937
1053
1063
976
945
809
789
761
639
621
537
578
633
555
487
424
385
292
237
260
191
203
279
528
752
832
955
959
1048
1063
872
736
537
375
218
18
-59
-108
-68
-95
-151
-106
-137
-136
-240
-329
-351
-421
-422
-428
-396
-353
-286
-195
-96
30
54
67
118
189
242
268
272
298
376
375
336
288
277
252
138
39
-49
-109
-205
-317
-391
-482
-548
-688
-842
-922
-972
-1000
-1047
-1058
-1012
-880
-744
-668
-559
-438
-333
-291
-313
-318
-297
-281
-261
-234
-136
-3
110
219
325
444
525
525
465
376
302
219
83
-45
-113
-127
-157
-198
-234
-209
-145
-121
-125
-127
-100
-56
-42
-34
2
51
89
85
73
83
100
115
99
105
139
167
199
219
243
274
291
280
257
222
181
170
168
194
243
304
410
507
609
716
784
815
810
764
703
591
448
334
246
172
118
94
107
162
229
272
319
344
331
299
206
103
-9
-134
-242
-327
-384
-421
-405
-360
-303
-208
-135
-77
-28
7
42
48
37
11
8
-12
-8
-1
-20
-17
-26
-31
-44
-66
-86
-107
-102
-99
-77
-47
-37
6
41
54
59
53
28
8
-16
-58
-87
-107
-112
-87
-80
-91
-85
-61
-58
-66
-86
-123
-147
-182
-231
-274
-342
-415
-463
-535
-621
-667
-713
-749
-756
-748
-696
-604
-507
-412
-295
-176
-57
61
153
239
301
350
431
477
485
494
507
514
502
473
425
386
361
319
300
290
251
223
182
124
41
-41
-145
-250
-364
-493
-540
-577
-581
-597
-561
-469
-391
-316
-291
-193
-139
-67
34
78
220
325
472
579
697
860
911
974
919
897
883
793
722
535
484
466
340
251
77
16
-74
-209
-410
-560
-638
-693
-740
-821
-884
-769
-691
-707
-772
-865
-755
-732
-816
-832
-789
-641
-372
-100
113
346
679
951
1137
1204
1184
1149
1089
1018
889
798
735
731
754
794
761
671
586
423
224
-34
-330
-539
-714
-804
-906
-976
-842
-683
-602
-622
-634
-650
-638
-742
-979
-1092
-1055
-908
-758
-644
-413
-24
368
710
904
942
1034
1061
920
764
565
399
262
130
88
163
209
175
212
256
306
237
85
-95
-273
-393
-550
-670
-780
-826
-841
-820
-713
-550
-468
-435
-383
-314
-201
-149
-146
-176
-110
11
119
217
260
330
493
591
596
518
453
437
396
317
174
135
148
181
201
178
202
225
200
115
-31
-170
-287
-402
-508
-603
-605
-542
-469
-369
-275
-183
-69
38
38
-35
-99
-129
-77
-63
-108
-139
-70
57
151
206
212
265
345
379
390
390
458
582
641
659
678
713
687
557
357
172
59
-78
-275
-429
-469
-386
-239
-149
-56
65
168
205
142
35
-42
-144
-286
-419
-489
-477
-408
-323
-248
-142
-11
66
115
121
130
163
199
210
232
311
359
410
428
432
414
314
144
-50
-210
-355
-491
-610
-681
-687
-653
-596
-525
-450
-401
-341
-309
-335
-365
-405
-408
-379
-352
-333
-294
-207
-94
40
151
244
351
458
565
639
688
725
771
786
753
686
586
482
376
244
110
0
-115
-210
-287
-326
-341
-344
-337
-327
-323
-362
-387
-377
-371
-394
-466
-530
-546
-530
-540
-555
-546
-464
-351
-272
-197
-106
62
225
340
406
455
539
581
582
540
514
534
530
508
429
399
450
488
493
429
399
405
407
366
275
224
196
167
85
-46
-131
-176
-217
-293
-369
-406
-393
-355
-346
-296
-217
-125
-45
-27
-29
-34
-32
-59
-122
-163
-198
-188
-164
-135
-61
40
147
224
265
287
309
302
247
171
104
48
-9
-71
-111
-105
-78
-82
-83
-61
-47
-31
-43
-51
-48
-42
-56
-86
-105
-134
-141
-168
-215
-243
-268
-288
-306
-299
-251
-184
-131
-96
-37
23
80
108
93
71
46
18
-19
-61
-103
-114
-96
-74
-57
-47
-23
16
60
86
93
105
128
151
155
158
172
188
204
196
180
160
140
133
127
107
85
82
90
95
90
82
88
87
58
23
-25
-81
-125
-169
-217
-273
-330
-358
-361
-380
-405
-411
-387
-348
-311
-287
-245
-185
-112
-21
54
120
181
246
316
374
407
421
435
448
444
433
404
371
344
322
300
262
221
182
151
127
79
24
-23
-75
-127
-186
-246
-279
-301
-318
-321
-321
-296
-253
-214
-173
-141
-105
-75
-45
-30
-27
-4
16
35
48
50
57
49
37
16
-20
-61
-102
-131
-154
-156
-132
-81
-20
48
128
201
265
307
317
307
273
230
178
114
53
6
-3
6
23
41
60
101
156
196
203
190
179
168
135
74
9
-51
-104
-162
-217
-265
-292
-292
-286
-265
-240
-203
-160
-139
-135
-143
-154
-177
-218
-269
-310
-328
-322
-305
-260
-197
-130
-57
15
87
144
175
204
218
231
243
248
263
271
289
307
308
296
263
235
212
175
142
108
95
103
109
116
113
102
90
42
-39
-133
-235
-321
-397
-456
-488
-487
-446
-375
-286
-195
-105
-19
49
98
123
137
158
172
195
227
257
289
331
369
393
393
366
342
303
245
182
112
64
21
-28
-74
-130
-184
-237
-295
-351
-414
-462
-488
-494
-471
-422
-338
-238
-138
-25
77
169
243
286
320
327
319
310
284
270
250
237
222
195
174
146
106
51
-9
-64
-129
-183
-244
-304
-340
-364
-358
-352
-343
-314
-269
-205
-149
-98
-45
7
45
63
68
64
55
48
34
27
35
60
107
152
200
253
298
331
326
288
232
157
69
-24
-115
-203
-263
-287
-292
-275
-245
-202
-152
-108
-68
-45
-35
-33
-26
-21
-28
-33
-27
-1
30
48
70
103
139
170
191
212
233
254
265
258
242
220
185
134
75
4
-62
-120
-175
-218
-251
-259
-245
-222
-195
-162
-124
-77
-39
-6
24
50
72
85
99
105
103
96
77
66
51
38
33
31
45
61
82
110
129
137
121
91
51
4
-61
-136
-189
-226
-238
-227
-201
-149
-100
-43
11
41
56
43
15
-21
-56
-86
-113
-122
-116
-85
-46
-17
16
41
56
59
45
34
28
15
13
23
50
85
109
123
135
143
131
106
71
36
12
-2
-4
3
24
63
97
126
152
166
165
142
117
93
64
32
4
-11
-25
-38
-53
-75
-96
-133
-179
-220
-260
-297
-326
-347
-345
-316
-282
-244
-202
-154
-96
-49
-18
5
29
56
84
108
135
168
206
247
291
331
359
380
390
392
384
352
307
257
205
150
81
18
-36
-77
-115
-151
-176
-188
-196
-204
-214
-224
-240
-253
-269
-290
-309
-325
-326
-317
-301
-273
-235
-192
-135
-81
-28
25
64
93
118
142
159
162
164
170
183
191
200
213
227
242
245
253
254
241
221
192
161
122
81
45
6
-21
-42
-43
-38
-29
-9
4
28
40
42
36
6
-24
-64
-105
-155
-204
-232
-255
-264
-270
-270
-251
-235
-212
-199
-190
-175
-165
-151
-134
-117
-90
-55
-12
33
70
116
153
183
208
217
226
228
229
230
234
249
257
273
286
297
302
294
276
244
203
151
89
32
-26
-76
-117
-142
-158
-168
-165
-154
-137
-116
-107
-106
-106
-110
-118
-141
-170
-198
-228
-244
-266
-281
-286
-279
-250
-221
-181
-132
-84
-33
5
42
68
79
73
48
31
6
-16
-27
-36
-29
-9
31
72
117
163
197
229
246
252
247
226
203
182
167
154
137
128
128
133
137
136
133
124
109
93
73
53
36
6
-20
-43
-64
-85
-114
-139
-166
-185
-198
-221
-233
-245
-248
-248
-250
-252
-263
-264
-261
-253
-249
-237
-206
-174
-127
-80
-27
29
81
130
158
179
196
208
219
218
223
238
259
279
295
312
322
326
311
279
233
178
120
57
-2
-57
-103
-140
-164
-174
-181
-186
-193
-199
-201
-206
-219
-234
-240
-234
-225
-214
-196
-163
-126
-83
-38
4
49
87
113
132
145
154
154
144
125
105
94
88
83
76
74
86
103
115
112
106
99
88
64
30
-5
-35
-57
-74
-82
-79
-70
-59
-49
-37
-28
-33
-47
-61
-82
-104
-124
-138
-141
-135
-122
-107
-79
-53
-31
-10
0
15
19
20
15
12
12
12
14
14
17
21
22
26
30
38
49
56
63
67
74
72
62
45
17
-14
-48
-78
-106
-127
-135
-129
-109
-82
-52
-14
17
45
65
69
67
61
49
36
28
28
41
57
79
102
128
155
167
170
160
150
129
94
63
32
12
-13
-36
-51
-57
-57
-69
-81
-91
-100
-111
-134
-156
-172
-182
-190
-194
-181
-163
-133
-99
-56
-4
42
86
116
147
168
180
182
172
167
158
156
152
148
149
149
154
146
136
116
87
58
17
-20
-56
-92
-123
-153
-164
-176
-187
-198
-210
-211
-212
-206
-203
-187
-157
-122
-80
-41
5
49
81
99
102
113
112
94
79
73
87
96
114
119
132
147
146
136
98
61
14
-25
-66
-99
-112
-116
-102
-83
-60
-35
-24
-20
-28
-45
-66
-91
-109
-119
-112
-90
-60
-19
27
68
96
115
121
114
90
57
24
-2
-25
-45
-56
-61
-59
-57
-59
-60
-63
-68
-74
-73
-69
-61
-51
-39
-17
1
9
15
15
15
13
12
16
30
55
80
110
143
172
192
195
181
157
124
82
38
-5
-32
-48
-53
-47
-37
-20
-8
-1
-4
-19
-42
-72
-100
-123
-138
-140
-137
-121
-100
-71
-47
-34
-26
-27
-29
-40
-53
-58
-58
-42
-21
9
44
80
113
136
152
155
149
136
117
98
82
76
73
79
90
99
110
115
114
104
87
65
35
6
-24
-48
-69
-84
-96
-103
-108
-113
-120
-126
-128
-132
-133
-133
-127
-111
-92
-74
-51
-25
3
23
39
52
62
75
82
90
97
110
122
136
149
161
167
170
165
154
137
117
96
72
49
27
7
-8
-25
-39
-55
-67
-79
-95
-110
-126
-133
-141
-146
-150
-152
-145
-140
-135
-128
-124
-113
-107
-103
-97
-90
-82
-76
-69
-62
-57
-55
-54
-54
-51
-45
-40
-35
-22
-4
14
35
53
68
83
87
86
79
70
58
49
42
43
49
57
71
91
108
125
131
128
123
111
95
72
52
35
23
19
13
16
19
20
19
10
-2
-19
-41
