11
66
76
-1
-43
53
57
10
-45
-105
-123
71
30
-34
29
-78
-68
-22
93
32
-70
91
-46
34
26
45
-65
-40
4
8
-59
-14
66
-11
73
-132
-146
41
-136
-53
-88
-106
-172
-149
78
-134
-221
-225
-187
-146
-139
-60
-153
-88
-144
-152
-46
-117
-159
-276
-130
-47
8
-63
-122
-55
-48
44
37
-17
66
37
107
22
115
8
-34
87
1
166
163
129
166
145
33
-86
69
30
70
67
61
184
-105
3
91
-52
137
-61
108
43
-43
49
15
40
45
39
13
146
-68
135
35
151
67
66
172
78
131
56
82
87
115
73
-72
-92
130
103
81
88
-68
-95
-95
74
51
115
-9
-126
13
-12
-65
4
17
8
-144
-68
93
7
-14
-74
-21
2
78
32
86
-34
160
-60
-2
35
-51
97
-41
113
-6
38
-57
81
1
86
63
95
121
-58
71
21
-21
-53
-98
37
0
-25
0
-105
-60
-44
80
-113
-59
-69
-99
48
30
106
-69
-88
12
-31
-11
47
-4
15
49
-40
34
34
-32
-8
-120
70
-9
38
124
-84
182
-11
-4
-82
-140
-10
-145
-29
-3
-47
-67
-94
70
-100
9
-80
-87
1
13
70
-10
27
-123
-42
-68
-66
-107
-74
-70
-21
154
16
-85
13
0
0
-27
-27
-64
1
-3
-10
81
28
-34
-135
-24
14
-9
15
-17
-1
79
60
-33
26
2
-139
-55
18
25
-31
-17
-43
-62
161
39
-152
-61
-52
173
165
153
118
-40
168
77
58
88
-23
76
27
72
111
109
136
64
38
-50
71
-36
105
10
73
117
71
-12
-125
-64
90
29
-44
-67
-30
7
24
-46
-91
74
-10
16
32
36
36
30
72
58
-127
-195
-126
-51
-147
-120
-13
8
100
-87
7
-48
49
-78
-165
-55
-150
-14
-23
-89
-61
-78
-67
-32
-48
-31
-205
-87
-8
38
-34
-28
-72
-156
-70
-51
61
-34
-108
-229
-67
124
-55
-29
-22
-169
118
-53
-11
15
-29
8
24
80
-16
-45
39
-1
20
-55
-95
-17
-50
13
-38
19
76
22
55
1
-67
52
5
-20
79
-53
6
40
47
65
68
122
63
86
65
159
132
172
86
-106
15
97
40
54
74
73
59
106
75
66
53
144
32
-10
30
-27
118
-17
17
30
-2
120
3
21
-65
70
46
-25
-9
-90
-31
-47
74
-30
-25
112
-79
51
31
-4
18
59
14
3
0
-3
43
-5
193
-13
61
93
-5
-34
-39
51
21
-3
-3
-23
12
194
160
-40
-68
-33
38
45
-41
103
3
-8
-14
24
77
52
18
32
89
9
97
30
78
31
95
57
-113
-87
-57
34
28
48
-95
-144
-161
-48
4
-12
-65
-73
-120
15
9
57
36
-121
17
-144
-22
-53
-158
-11
-41
-50
-104
-145
-75
-50
40
-81
-8
30
-194
-55
-61
59
5
-100
-16
-85
19
-24
23
-73
0
18
67
104
-2
56
35
-5
112
63
-54
14
-42
124
6
-11
29
-35
25
-55
80
62
-83
-8
29
65
-76
-19
-26
-31
173
41
-53
-19
-58
34
-8
3
64
55
-64
102
66
80
-65
-105
48
-21
-53
-54
72
-30
-34
-6
-36
-19
-157
-81
-4
68
79
-3
62
-15
28
-11
-148
51
23
-21
-12
33
52
-66
-56
-86
-7
-38
-10
-32
-14
56
-37
-38
-66
-45
-140
-111
-50
-51
99
-108
-111
-113
-78
-18
-66
131
35
91
49
157
105
-25
-31
-63
23
-11
-14
24
26
-25
-125
-61
-93
50
-40
-140
-22
-92
-11
-139
-37
6
-119
-91
-163
-44
-10
-85
-94
-111
-29
-114
-37
19
-25
88
12
26
100
-89
-58
-102
-10
119
50
-8
-19
39
73
-50
-98
-47
-55
17
-16
79
125
-47
17
130
64
91
-36
67
123
52
83
38
126
19
36
44
158
84
10
56
54
116
92
-27
58
52
131
99
128
209
84
70
34
189
78
-16
1
37
165
128
78
-1
-15
39
13
55
-30
-44
47
16
110
85
21
-15
-71
65
27
13
7
-29
65
38
-14
120
16
-51
-35
-34
-24
-40
-79
-24
-116
16
77
-36
58
-1
-13
45
-129
-75
37
-60
-38
-101
1
-22
-135
-32
-46
-42
40
-94
35
9
64
167
102
99
-22
-78
30
81
4
48
-7
13
65
-88
-11
-6
-39
8
-64
54
37
-49
-16
-21
76
19
-90
-92
-71
-51
-108
-96
-101
-18
-68
-73
-24
-20
33
-86
-22
-2
-46
-11
-33
82
131
90
60
136
165
91
62
63
91
-56
-55
-46
-11
22
-84
4
-19
-17
-129
-175
-138
-116
-147
-180
-59
-9
98
-73
-87
87
2
-46
-80
-55
-57
-87
-62
-54
24
-38
-3
41
116
92
57
89
-8
136
47
27
61
39
42
-68
0
14
-45
-167
-142
-87
-12
11
28
47
40
-73
-72
-25
-127
-128
-167
-86
5
1
27
26
24
43
-39
35
105
101
62
134
180
164
95
48
100
148
139
115
163
166
91
113
151
172
121
123
94
63
85
-8
47
44
1
-32
-67
-74
-62
-125
-80
31
48
-19
-10
-37
-22
33
-104
-87
-70
-141
-158
-136
-213
-202
-233
-184
-136
-112
-90
-141
-112
-127
-92
-104
-147
-120
-156
-171
-226
-291
-235
-285
-257
-222
-199
-155
-142
-81
-40
-21
-63
-38
-9
-52
-95
-86
-84
-93
-96
-59
-28
13
51
108
196
269
302
254
276
271
306
269
247
238
232
244
243
261
265
289
289
343
355
406
419
445
455
425
429
390
345
320
312
278
242
213
252
271
319
397
456
506
584
602
601
561
506
419
289
198
53
-71
-183
-316
-461
-621
-787
-880
-986
-1077
-1146
-1206
-1230
-1275
-1237
-1191
-1143
-1124
-1050
-978
-943
-906
-893
-853
-804
-722
-645
-602
-496
-395
-308
-216
-131
2
87
151
180
227
247
255
225
182
130
74
40
9
8
21
26
48
105
148
197
238
303
371
389
381
397
430
468
500
529
554
567
570
593
673
765
796
887
928
945
955
968
1025
1033
1082
1026
1063
1091
1100
1112
1136
1170
1178
1271
1373
1479
1623
1717
1779
1651
1526
1160
571
23
-586
-1219
-2136
-2814
-3202
-3441
-3625
-3741
-3436
-3014
-2678
-2183
-1503
-887
-642
-439
-187
-12
-24
-186
-387
-489
-399
-316
-230
-104
130
463
716
1026
1352
1575
1444
1247
1210
1101
664
170
-187
-461
-788
-1010
-1146
-1248
-1381
-1381
-1222
-1079
-984
-933
-799
-612
-411
-260
-263
-329
-193
-3
45
20
72
139
133
178
288
337
197
39
77
201
175
64
15
42
87
183
283
318
321
401
493
575
682
725
680
671
776
902
912
856
923
1076
1170
1193
1266
1382
1354
1368
1441
1455
1363
1151
1159
1224
1214
1121
1010
1145
1301
1431
1589
1747
1903
1813
1619
1508
1163
375
-578
-1317
-1815
-2568
-3432
-4024
-4148
-4084
-3939
-3602
-2891
-2247
-1612
-912
-133
404
591
536
499
498
418
33
-413
-586
-561
-484
-444
-278
58
339
568
841
1132
1054
687
327
145
-228
-787
-1364
-1774
-2010
-2072
-2076
-1929
-1785
-1600
-1273
-858
-481
-263
-225
-304
-218
-35
-60
-337
-443
-392
-311
-282
-236
-108
-35
-8
91
260
272
38
-171
-169
-111
-87
-102
-138
-44
239
511
719
899
1073
1178
1263
1374
1377
1206
951
765
784
809
687
582
719
913
1066
1234
1416
1470
1394
1511
1525
1597
1535
1366
1333
1304
1369
1479
1576
1693
1733
2072
2390
2349
2305
2021
1824
1504
1064
277
-786
-1813
-2702
-3359
-3978
-4588
-4963
-4814
-4453
-3835
-3005
-2181
-1524
-745
68
826
1198
1273
1096
921
813
513
150
-234
-488
-472
-194
13
159
345
518
659
846
892
556
46
-390
-722
-1023
-1298
-1634
-1762
-1707
-1458
-1029
-531
-180
73
453
818
934
877
631
273
-90
-350
-643
-977
-1250
-1432
-1343
-1130
-888
-683
-508
-341
-166
42
96
-92
-284
-365
-355
-362
-390
-392
-329
-145
132
457
686
810
808
813
815
730
557
300
96
61
113
167
175
319
590
934
1276
1535
1721
1750
1855
1957
2054
2018
1880
1822
1869
2065
2213
2363
2410
2549
2729
2980
3003
2725
2230
1627
901
-360
-1981
-3449
-4387
-5257
-6173
-6785
-6525
-5816
-4947
-3901
-2331
-670
533
1450
2416
3219
3252
2687
1972
1389
741
-117
-981
-1561
-1662
-1484
-1162
-760
-209
302
618
763
906
828
279
-528
-1024
-1257
-1546
-1882
-1888
-1499
-945
-320
406
1172
1652
1852
1927
1899
1552
938
141
-606
-1199
-1579
-1947
-2266
-2308
-2005
-1597
-1246
-822
-363
-25
95
246
447
437
120
-109
-29
64
6
-56
54
188
286
352
396
345
197
-18
-199
-305
-367
-427
-499
-456
-204
109
311
448
724
994
1122
1136
1167
1157
1024
918
1020
1171
1209
1246
1454
1693
1928
2072
2165
2160
2185
2083
1991
2049
1862
1583
1472
1713
1829
1665
1315
1131
1157
900
46
-690
-1458
-2527
-3700
-4238
-4484
-4976
-5372
-5097
-4014
-2745
-1802
-933
178
1286
1937
2326
2464
2109
1425
718
103
-423
-932
-1547
-1999
-1811
-1241
-747
-512
-265
84
396
465
291
114
-231
-728
-986
-837
-740
-785
-716
-297
203
697
962
1014
923
704
389
-31
-526
-1147
-1690
-1947
-1954
-1748
-1532
-1352
-988
-389
100
402
502
542
304
30
-114
-192
-418
-741
-785
-463
-139
79
186
343
449
450
428
315
70
-256
-484
-515
-401
-230
-62
172
548
1067
1435
1558
1529
1472
1372
1187
930
735
525
429
540
932
1343
1621
1903
2170
2554
2719
2771
2623
2406
2238
2052
1931
1934
1967
2164
2350
2762
2924
2627
2247
1732
1046
-735
-2976
-4627
-5445
-6333
-7560
-7973
-6901
-5300
-3746
-2064
152
2144
3209
3814
4505
4700
3561
1648
107
-792
-1633
-2725
-3599
-3741
-3051
-2116
-1223
-393
324
686
632
528
475
15
-943
-1807
-1774
-1213
-788
-465
222
1239
2011
2474
2732
2604
1862
706
-357
-1204
-2163
-3183
-3915
-3949
-3383
-2490
-1608
-823
60
1012
1738
2017
2028
1702
1071
359
-94
-281
-596
-1016
-1640
-1791
-1419
-1212
-1217
-1354
-1450
-1344
-931
-599
-497
-290
29
273
934
1548
1732
1588
1356
1210
1118
891
123
-647
-926
-934
-737
-310
22
213
711
1430
2091
2488
2529
2286
2157
2219
1985
1610
1212
929
920
1231
1593
1639
1954
2168
2662
3180
3585
3370
3388
3629
3239
2701
1999
1283
170
-1096
-2625
-3788
-4625
-5436
-6176
-5929
-5357
-4637
-3406
-1996
-510
786
1896
2422
2728
2922
2355
1471
442
-483
-1271
-1803
-2326
-2655
-2467
-2162
-1742
-1154
-571
-462
-443
-313
-308
-337
-494
-585
-522
-162
207
657
1137
1405
1508
1622
1549
1048
441
-421
-1242
-1909
-2195
-2510
-2648
-2449
-1987
-1246
-507
166
590
877
971
928
917
534
39
-692
-1100
-1292
-1585
-1753
-1961
-1913
-1707
-1272
-995
-758
-450
-133
2
448
662
740
722
684
820
917
952
570
301
215
14
-102
-154
-198
-250
-49
233
586
978
1221
1392
1667
1981
2059
2002
1936
1783
1809
1813
1841
1853
1915
1983
2170
2606
2714
2832
2978
3147
3139
3223
3352
3394
3042
2454
1819
1374
565
-936
-2932
-4920
-5940
-6353
-6697
-7224
-6869
-5206
-3106
-1256
486
2251
3507
3822
3888
3962
3331
1436
-769
-2006
-2478
-3034
-3782
-4062
-3598
-2608
-1508
-561
29
156
80
8
56
14
-245
-593
-618
11
1068
1845
2201
2419
2613
2493
1905
1062
-100
-1547
-2913
-3610
-3728
-3706
-3610
-3070
-1954
-660
482
1317
1689
1705
1572
1393
998
312
-331
-849
-981
-897
-529
-411
-785
-880
-998
-1120
-1680
-2194
-2537
-2557
-2344
-1794
-812
191
741
1440
2333
2775
2672
2027
1233
243
-613
-1348
-2002
-2294
-2330
-1830
-863
218
1160
1921
2462
2651
2759
2640
2168
1470
1008
795
710
803
974
1353
1671
1930
2285
2475
2508
2007
1850
1781
1669
1834
1943
2105
2304
2909
3617
3792
3545
3025
2437
1620
127
-1494
-3184
-5080
-6779
-7497
-7035
-6508
-5951
-4688
-2618
-214
1581
2740
3384
3600
3226
2450
1641
417
-1081
-2432
-2950
-2909
-2597
-2339
-2143
-1555
-681
130
368
236
-27
-319
-493
-486
-233
14
175
549
1399
2265
2607
2379
1998
1438
667
-261
-1271
-2282
-3214
-3661
-3541
-2977
-2356
-1685
-827
80
939
1495
1641
1350
897
525
198
-140
-467
-667
-732
-600
-642
-866
-1316
-1695
-2075
-2360
-2521
-2441
-1978
-1317
-523
456
1594
2380
2758
2806
2672
2099
1196
143
-822
-1538
-2084
-2309
-2013
-1310
-409
572
1611
2416
2907
3032
2843
2359
1754
1073
440
37
-74
37
274
810
1500
1975
2288
2586
2698
2718
2484
2126
2039
2025
1908
1786
2340
3045
3509
3836
4040
3973
3400
2106
334
-1851
-4752
-7532
-9022
-9211
-9346
-9109
-7392
-4335
-1076
1531
3588
5241
6035
5717
4844
3758
1949
-581
-2775
-3768
-3994
-3906
-3797
-3330
-2301
-952
110
521
394
-76
-592
-938
-995
-815
-552
-238
530
1943
3254
3819
3680
3233
2420
1180
-325
-1894
-3431
-4712
-5315
-5000
-4053
-3024
-1866
-545
767
1782
2379
2373
1746
916
214
-360
-860
-1145
-1152
-843
-284
345
855
966
643
-232
-1387
-2350
-3100
-3659
-3978
-3751
-2684
-870
950
2255
3321
4130
4208
3714
2828
1434
-276
-1924
-2997
-3343
-3159
-2818
-2163
-915
523
1764
2724
3133
2937
2486
2013
1469
908
464
252
389
931
1553
2130
2490
2554
2577
2457
2142
1596
1133
771
775
1198
1690
2267
3029
3726
4284
4738
4996
4973
4443
3361
1754
218
-1913
-4722
-7276
-8560
-8766
-8769
-8386
-6934
-4224
-1310
951
2805
4510
5282
4979
4227
3428
1988
-156
-2216
-3438
-3816
-3988
-4188
-3964
-3153
-2047
-1117
-469
-208
-238
-383
-460
-275
59
322
470
1000
1910
2810
3193
3009
2525
1780
740
-560
-1832
-3064
-4171
-4768
-4530
-3782
-2886
-1919
-847
292
1276
1921
2041
1684
1070
512
137
-187
-478
-605
-484
-251
94
391
281
-466
-1591
-2261
-2763
-3329
-3732
-3571
-2743
-1387
254
1781
3026
3798
3957
3779
3304
2135
647
-849
-2044
-2664
-2690
-2396
-1981
-1103
137
1345
2326
2789
2730
2345
1801
1246
788
358
-53
-98
399
1112
1679
2121
2422
2540
2469
2269
1964
1499
1118
985
1169
1525
2024
2546
2950
3247
3493
3878
4205
3878
3353
2987
2410
1368
-289
-2321
-4629
-6595
-7789
-8213
-7972
-7525
-6334
-3960
-1188
1194
3017
4297
5003
5040
4621
3543
1832
-295
-2348
-3637
-4246
-4543
-4622
-4347
-3555
-2372
-1106
-269
-8
-35
-66
31
260
479
605
804
1266
2050
2771
3044
2693
1967
1077
-77
-1378
-2673
-3916
-4902
-5222
-4721
-3712
-2538
-1360
-178
999
1928
2385
2305
1723
935
278
-163
-490
-734
-815
-673
-344
76
300
247
-455
-1498
-2376
-2916
-3225
-3310
-2918
-2014
-449
1321
2906
4017
4516
4262
3608
2611
1216
-445
-2058
-3281
-3767
-3413
-2633
-1728
-623
615
1867
2862
3291
3104
2484
1691
930
417
56
-202
-194
248
969
1718
2280
2526
2537
2417
2229
1889
1491
1161
879
1003
1440
2148
2740
3205
3339
3846
4697
4736
4342
3789
3660
2942
1881
110
-2075
-4649
-6978
-8106
-8048
-8014
-8167
-6786
-3958
-752
1507
3331
4567
5126
4989
4395
3515
1632
-1005
-3190
-4127
-4323
-4608
-4773
-4524
-3558
-2102
-681
70
143
-159
-370
-281
-15
237
244
317
754
1771
2716
2807
2188
1321
403
-758
-1947
-3186
-4421
-5414
-5459
-4505
-3100
-1842
-706
592
1796
2694
3056
2858
1946
851
66
-345
-722
-1040
-1183
-1054
-661
-141
306
199
-248
-756
-888
-1513
-2649
-3168
-3007
-2329
-1581
-347
1071
2495
3340
3708
3776
3346
2016
553
-654
-1810
-2609
-3094
-3101
-2705
-1759
-673
242
1128
1802
2315
2532
2464
2193
1882
1482
1093
1136
1392
1503
1492
1671
1807
1800
1690
1552
1350
1130
1036
1173
1590
1835
2303
2891
3308
3434
3619
3697
3324
3137
3163
3175
2945
3053
2864
2383
1263
-382
-2578
-5130
-7267
-8304
-8398
-8466
-7874
-5501
-2142
726
2968
4985
6278
6333
5386
4129
2329
-234
-3093
-4997
-5686
-5953
-5833
-5198
-3965
-2474
-884
372
802
617
259
-5
-158
-96
149
497
926
1713
2794
3397
3148
2354
1368
-92
-1740
-3134
-4210
-5176
-5593
-4969
-3559
-2049
-693
676
1889
2594
2716
2547
1905
751
-317
-819
-946
-1004
-812
-388
81
482
789
788
248
-639
-1684
-2454
-3007
-3510
-3695
-3383
-2669
-1564
-155
954
1692
2305
2644
2418
1932
1184
272
-668
-1457
-1760
-1648
-1492
-1384
-955
-306
155
463
688
754
707
717
912
1107
1268
1416
1668
1939
2108
2175
2142
1996
1794
1636
1629
1630
1555
1668
1775
1940
2180
2470
2566
2551
2600
2672
2663
2678
2751
3282
3688
3910
4418
4889
4601
3153
1167
-1679
-5048
-7927
-9520
-10277
-10515
-9940
-7346
-3490
146
2843
5061
6614
6759
5929
4678
2710
-48
-2908
-4708
-5276
-5207
-4925
-4389
-3314
-1954
-585
303
339
-342
-1075
-1492
-1464
-1004
-307
429
1308
2673
4113
4837
4490
3396
1964
223
-1651
-3287
-4582
-5593
-5904
-5075
-3432
-1747
-259
1054
2070
2637
2736
2437
1707
600
-324
-668
-560
-392
-81
351
740
1020
1128
834
-48
-1137
-2000
-2531
-2915
-3142
-3021
-2823
-2415
-1567
-400
478
852
1050
1356
1593
1530
1252
851
259
-355
-551
-557
-749
-1142
-1414
-1410
-1237
-933
-597
-260
189
832
1718
2528
3020
3206
3235
3079
2841
2549
2125
1440
875
667
759
844
962
1142
1380
1698
1840
2082
2183
1980
1730
1853
1956
1924
1969
2447
2995
3397
3545
3776
4145
3698
2407
732
-1342
-4293
-7508
-9416
-9749
-9498
-9035
-7476
-4219
-401
2579
4606
6068
6597
5903
4463
2930
954
-1459
-3655
-4717
-4653
-4170
-3731
-3232
-2328
-1160
-146
263
57
-445
-861
-929
-475
452
1319
1932
2543
3405
4092
3939
2844
1228
-537
-2295
-3738
-4745
-5393
-5699
-5298
-4031
-2291
-585
835
1939
2607
2952
3025
2631
1744
683
-78
-483
-683
-737
-631
-558
-581
-593
-563
-786
-1387
-1958
-2305
-2317
-2681
-2914
-2627
-1984
-1098
-92
952
1735
2396
2688
2649
2300
1636
551
-364
-1186
-1769
-2070
-2238
-2239
-1928
-1244
-608
-15
699
1315
1838
2246
2546
2664
2490
2144
1826
1659
1424
1120
873
742
663
741
878
1014
1050
1126
1228
1377
1439
1528
1677
1758
1900
1898
2279
2634
2856
2926
2940
2948
2829
2992
3066
2627
1608
529
-637
-2093
-4266
-6384
-7484
-7621
-7152
-6313
-4457
-2151
270
2344
3996
5091
5214
4259
2744
1337
-112
-1846
-3537
-4568
-4802
-4474
-3881
-3201
-2342
-1547
-952
-560
-249
-128
-296
-347
-35
648
1289
1765
2092
2326
2280
1925
1276
283
-984
-2194
-3030
-3505
-3610
-3356
-2768
-1894
-792
363
1324
1898
2072
1956
1676
1256
764
320
-73
-318
-295
-40
203
285
209
44
-204
-504
-843
-1150
-1375
-1429
-1301
-1208
-1263
-1239
-948
-601
-291
9
438
900
1308
1590
1760
1679
1297
805
383
-38
-514
-902
-1142
-1121
-856
-384
139
706
1303
1891
2401
2693
2713
2484
2061
1570
1229
999
776
553
513
637
763
872
918
921
819
830
893
1018
1158
1385
1805
2184
2573
2682
3186
3546
3667
3521
3310
3404
3514
3349
2206
840
-637
-2486
-5325
-7778
-8994
-8899
-8593
-7917
-5722
-2441
675
2721
4474
5778
5802
4599
2953
1313
-817
-3263
-5225
-6085
-6101
-5767
-5150
-4242
-3004
-1786
-699
-155
8
-88
-188
-6
525
1275
1815
2221
2602
3082
3179
2647
1559
282
-1176
-2611
-3615
-4174
-4525
-4622
-3936
-2633
-1180
62
1188
2052
2504
2568
2434
2050
1364
587
108
-89
-245
-309
-342
-415
-555
-593
-678
-1015
-1422
-1606
-1525
-1330
-900
-357
-93
-284
-362
-15
317
327
196
309
668
985
1197
1313
1153
646
164
-120
-443
-957
-1443
-1787
-1737
-1247
-510
224
854
1537
2321
3076
3452
3389
2996
2359
1737
1376
1121
706
246
-41
54
258
452
681
912
1037
1284
1841
2299
2525
2704
3056
3332
3709
3860
3938
3730
3655
3556
3318
2866
2596
2594
1855
474
-1057
-2217
-4239
-6874
-8821
-8816
-8107
-7363
-6017
-3173
5
2435
4164
5573
6108
5160
3325
1585
-161
-2240
-4273
-5560
-5976
-5798
-5128
-4328
-3402
-2513
-1560
-907
-494
-296
-155
-85
266
1153
2175
2792
2946
3094
3037
2432
1218
-165
-1719
-3318
-4552
-5009
-4943
-4630
-3916
-2634
-1064
314
1546
2502
2904
2712
2333
1850
1157
340
-248
-600
-795
-802
-595
-437
-547
-675
-672
-741
-1003
-1198
-1163
-1054
-823
-505
-244
-474
-688
-697
-507
-466
-441
-118
337
791
1126
1489
1531
1184
653
259
-262
-806
-1245
-1438
-1340
-975
-266
518
1220
1855
2470
3011
3120
2912
2504
1947
1341
912
754
609
527
670
1027
1417
1697
1904
1983
1888
1745
1844
2073
2149
2237
2639
3017
3263
3534
3554
3352
3191
3011
2800
2342
2096
1700
1434
674
-397
-1515
-3155
-5139
-6987
-7557
-7508
-6888
-6034
-4286
-1927
785
2741
4011
4516
4217
3225
1789
281
-1508
-3292
-4788
-5528
-5310
-4694
-4014
-3372
-2482
-1468
-635
-89
42
-5
-164
35
597
1360
1789
2021
2286
2475
2309
1680
669
-695
-2013
-3051
-3609
-3817
-3684
-3270
-2411
-1180
131
1284
2074
2435
2370
2082
1584
908
135
-596
-1129
-1325
-1202
-1005
-784
-568
-433
-418
-401
-521
-749
-1015
-1151
-1140
-1104
-1100
-1491
-1556
-1282
-834
-397
52
559
1063
1599
1818
1775
1436
778
-33
-532
-1005
-1401
-1680
-1728
-1427
-837
-67
618
1251
1781
2161
2461
2531
2328
1944
1527
1206
1042
993
935
917
958
1176
1421
1703
1868
1855
1985
2044
2272
2399
2466
2606
2709
3106
3227
3361
3277
3171
3197
3100
2795
2554
2604
2536
1971
951
-111
-1907
-4196
-6910
-8336
-8482
-8125
-7500
-5893
-2890
228
2713
4487
5565
5605
4495
2790
1120
-843
-3072
-5038
-5980
-5984
-5446
-4695
-3814
-2857
-1735
-769
-85
130
99
11
122
644
1456
2150
2433
2596
2723
2657
1979
852
-563
-2045
-3421
-4287
-4476
-4297
-3841
-3002
-1627
-59
1336
2349
2909
2913
2560
2017
1345
485
-360
-898
-1089
-972
-692
-366
-213
-245
-317
-384
-633
-1046
-1443
-1686
-1692
-1520
-1365
-1526
-1595
-1367
-871
-412
-84
339
881
1341
1515
1633
1523
997
297
-189
-595
-1014
-1396
-1565
-1390
-921
-270
411
1025
1527
1975
2417
2631
2511
2159
1734
1321
1115
1065
1044
916
839
919
1114
1245
1288
1287
1292
1293
1589
2003
2294
2479
2525
2945
3185
3338
3261
3041
2555
2045
1789
1711
1473
1135
1193
1246
1010
9
-1067
-2719
-4832
-6877
-7816
-7551
-6981
-6042
-4200
-1315
1465
3527
4706
5204
4662
3337
1616
-169
-2073
-3992
-5438
-5909
-5468
-4461
-3474
-2516
-1489
-331
511
829
793
610
394
361
805
1557
2073
2143
2260
2445
2284
1537
424
-863
-2238
-3276
-3728
-3734
-3505
-2964
-1953
-640
631
1687
2370
2477
2133
1697
1242
533
-295
-902
-1218
-1317
-1193
-885
-706
-760
-823
-779
-779
-973
-1204
-1313
-1240
-1144
-1008
-890
-990
-1062
-916
-582
-297
48
404
733
1026
1259
1336
1193
743
209
-244
-681
-1068
-1297
-1282
-1080
-588
144
882
1496
2083
2589
2935
2887
2583
2144
1660
1224
902
727
651
661
794
1028
1284
1470
1542
1597
1670
1626
1781
1915
2071
2259
2297
2501
2583
2560
2536
2418
2502
2147
2079
2222
2579
2901
2492
1988
1297
397
-1639
-4630
-7346
-8307
-8404
-8094
-7587
-5382
-2241
702
3002
4711
5835
5210
3509
1866
442
-1472
-3794
-5366
-5681
-5181
-4275
-3363
-2395
-1584
-847
-246
40
-226
-695
-1099
-992
-262
850
1736
2196
2587
2992
3009
2290
1063
-426
-2021
-3376
-3965
-3958
-3744
-3300
-2286
-809
548
1634
2368
2484
1999
1357
848
180
-703
-1400
-1607
-1467
-1121
-584
-67
141
153
265
327
6
-464
-849
-966
-1014
-644
-582
-1288
-1746
-1755
-1268
-1107
-931
-607
194
903
1476
2040
2292
1643
887
465
3
-480
-1156
-1582
-1748
-1334
-601
87
659
1005
1572
2214
2515
2514
2143
1547
971
881
1069
1060
900
948
1192
1561
1740
1869
1686
1355
1266
1321
1694
1675
1708
1913
2084
2357
2765
3032
2849
2571
2464
2592
2548
2412
2001
2008
1888
1464
722
-339
-1487
-3952
-6687
-8205
-7679
-6910
-6738
-5635
-2698
777
3032
4427
5455
5542
3926
2209
986
-370
-2635
-4716
-5432
-5078
-4215
-3480
-2940
-2554
-1968
-1045
-386
-318
-593
-675
-373
451
1753
2829
3074
2828
2903
2916
2176
721
-775
-2320
-3703
-4275
-3945
-3473
-3227
-2459
-1010
449
1380
2012
2224
1826
1204
980
861
265
-397
-616
-495
-344
-57
190
-62
-628
-870
-759
-895
-1361
-1536
-1342
-1055
-631
119
541
290
-556
-1176
-1417
-1640
-1748
-1711
-1306
-543
779
1979
2549
2445
2031
1318
576
-242
-1018
-1800
-2442
-2296
-1362
-249
459
985
1640
2182
2595
2765
2522
1894
1157
884
963
1056
972
886
913
1096
1350
1555
1381
1084
918
984
1385
1628
1834
1894
1988
2185
2660
2884
2565
2238
2069
2017
1892
2025
1841
1950
1903
1672
1062
168
-958
-2831
-5193
-7295
-7522
-6782
-6134
-5482
-3191
-162
2319
3786
4729
4998
3864
2056
566
-589
-2271
-4141
-5054
-4900
-4126
-3186
-2340
-1838
-1410
-755
-141
0
-276
-403
-323
182
1086
2326
2966
2943
2849
2919
2461
1282
-73
-1370
-2644
-3528
-3506
-3004
-2564
-2072
-1063
96
906
1379
1590
1307
664
279
196
-77
-570
-730
-506
-269
11
358
420
-32
-496
-689
-879
-1340
-1676
-1703
-1519
-1217
-569
89
397
363
71
-526
-1407
-1850
-1930
-1665
-1373
-492
884
2184
2922
3218
3128
2391
1259
181
-805
-1898
-2699
-2952
-2598
-1959
-1113
-168
681
1422
2150
2801
3018
2747
2382
2047
1677
1364
1178
987
647
387
425
548
530
487
667
916
1145
1598
2004
2213
2321
2429
2573
2602
2385
2221
2122
2168
2349
2681
3202
3318
3281
2536
1494
103
-1552
-3787
-6510
-8569
-8809
-7842
-6690
-5397
-3101
-117
2413
4089
4970
5004
3889
2097
692
-437
-1889
-3507
-4510
-4456
-3828
-2995
-2478
-2216
-2060
-1609
-1027
-643
-528
-377
-24
684
1817
3035
3678
3621
3289
2945
2284
1082
-391
-1858
-3166
-4028
-4088
-3619
-3174
-2709
-1873
-778
129
745
1092
1054
799
717
945
1036
888
788
906
968
930
800
412
-336
-1114
-1526
-1701
-1868
-1960
-1697
-1184
-527
260
1005
1367
1418
1432
1137
265
-882
-1554
-1796
-1797
-1531
-838
197
1104
1741
2090
2044
1416
503
-377
-1130
-1802
-2076
-2017
-1665
-950
0
850
1407
1771
2106
2276
2238
1996
1708
1374
1050
971
1044
1002
828
711
767
768
711
768
765
834
878
1343
1607
1910
2103
2479
2757
2723
2684
2767
2664
2214
2115
2290
2798
2520
2201
1204
455
-809
-2649
-5399
-8179
-9157
-8622
-7600
-6792
-4712
-1518
1695
3718
5384
6250
5733
3745
1961
722
-1035
-3413
-5327
-5900
-5586
-5006
-4238
-3598
-2910
-2103
-993
-123
252
451
732
1276
2156
3375
4079
4001
3497
3250
2738
1548
-17
-1513
-2998
-4260
-4661
-4264
-3839
-3471
-2582
-1147
201
1176
1952
2326
2195
2031
2109
2057
1475
862
550
364
155
13
-201
-844
-1484
-1737
-1712
-1917
-2058
-1836
-1266
-692
86
1027
1663
1831
1824
1860
956
-337
-1492
-2080
-2505
-2654
-2180
-1225
-102
803
1680
2269
2185
1426
719
-139
-920
-1548
-1836
-1854
-1539
-742
96
810
1358
1877
2362
2545
2545
2419
2115
1640
1341
1261
1192
968
785
778
753
671
626
782
800
904
1251
1794
2109
2501
2725
2954
3245
3023
2851
2515
2487
2362
2480
2462
2375
2217
1743
616
-632
-1980
-3981
-6247
-8383
-8577
-7742
-6399
-5273
-3117
-75
2544
4121
4831
4806
3762
1913
146
-1179
-2711
-4357
-5458
-5364
-4535
-3650
-2918
-2463
-2027
-1397
-748
-315
-299
-170
127
896
1945
3070
3645
3539
3095
2690
1978
640
-997
-2550
-3748
-4472
-4405
-3830
-3207
-2549
-1472
-105
1020
1686
2046
2053
1761
1517
1480
1289
764
287
180
226
183
3
-306
-818
-1235
-1365
-1301
-1321
-1272
-937
-367
290
980
1579
1765
1705
1552
1428
681
-573
-1790
-2623
-3002
-3010
-2536
-1729
-725
350
1445
2272
2579
2239
1634
905
233
-265
-706
-1065
-1251
-1030
-549
-84
367
798
1248
1646
2068
2436
2502
2299
2008
1813
1607
1243
816
414
85
-86
-26
292
595
905
1405
1930
2488
2866
3029
3060
2849
2798
2752
2496
2345
2144
2387
2438
2569
2842
2671
1804
140
-1290
-2624
-4610
-7234
-8786
-8422
-6817
-5527
-3741
-1135
1674
3654
4597
5154
4660
3046
882
-680
-1721
-2913
-4084
-4642
-4398
-3601
-2701
-2163
-1979
-1845
-1539
-1232
-1037
-704
-339
155
872
2113
3295
3677
3307
2758
2151
1126
-244
-1612
-2836
-3872
-4265
-3913
-3157
-2476
-1719
-713
311
1138
1689
1899
1618
1223
1072
1032
769
372
107
-75
-312
-522
-709
-1140
-1757
-2116
-2064
-1884
-1691
-1256
-657
1
713
1480
2029
2092
1918
1414
644
-353
-1250
-2167
-3031
-3451
-3105
-2152
-1212
-279
771
1883
2482
2718
2575
2055
1089
194
-478
-947
-1355
-1627
-1578
-1247
-733
-135
367
716
1062
1523
1898
2045
2019
1875
1652
1449
1359
1251
1015
770
730
883
1058
1321
1570
1760
1869
1978
2243
2268
2230
1991
1839
1889
2122
2522
2409
2370
2499
2824
3147
3016
2423
1363
271
-663
-1631
-3362
-5984
-7941
-7687
-6557
-5574
-4676
-2744
-204
1965
3524
4531
4654
3359
1521
558
-107
-1406
-3185
-4359
-4496
-3965
-3197
-2789
-2763
-2708
-2102
-1154
-437
-105
62
294
859
1959
3030
3248
2687
2084
1751
1161
183
-975
-2172
-3241
-3743
-3333
-2646
-2262
-1927
-1175
-134
742
1436
1842
1692
1325
1331
1534
1336
683
130
-224
-480
-668
-869
-1263
-1837
-2060
-1797
-1426
-1190
-929
-510
-118
389
999
1434
1244
506
-133
-721
-1287
-1895
-2165
-2251
-1862
-936
280
1212
1670
1765
1665
1419
856
184
-637
-1395
-1827
-1608
-1134
-775
-455
-46
436
948
1415
1709
1726
1658
1718
1927
2041
1999
1806
1609
1403
1339
1307
1140
832
705
859
1241
1505
1762
1871
1963
2144
2400
2573
2314
2207
2092
2326
2282
2456
2650
3058
3297
3391
3618
3032
1915
274
-1178
-3258
-5603
-7795
-8359
-7723
-6590
-5265
-3091
-191
2142
3814
4581
4720
3832
2221
579
-784
-2085
-3520
-4517
-4678
-4186
-3441
-2908
-2562
-2244
-1675
-1156
-716
-474
-176
146
743
1655
2557
2993
2816
2457
1969
1325
330
-753
-1882
-2799
-3258
-3108
-2653
-2228
-1671
-1002
-206
432
948
1129
975
650
485
451
281
-59
-353
-535
-651
-689
-720
-885
-1241
-1429
-1327
-1142
-1007
-832
-541
-268
112
526
920
929
842
445
21
-414
-876
-1299
-2056
-2495
-2477
-1763
-1005
-273
476
1277
1843
2269
2269
1847
999
40
-594
-1121
-1458
-1776
-1895
-1703
-1176
-300
523
1159
1657
2161
2673
2984
3045
2753
2209
1682
1356
1163
890
509
261
225
355
589
863
953
1046
1255
1570
1886
2232
2324
2258
2618
2998
3436
3478
3090
2698
2671
2884
2777
2624
2158
1352
585
-268
-1439
-3387
-6003
-7698
-7408
-6209
-5339
-4293
-1994
695
2956
4392
5141
4975
3502
1805
738
-188
-1804
-3633
-4568
-4584
-4023
-3413
-3091
-3004
-2671
-1844
-881
-262
7
330
793
1543
2526
3388
3456
2860
2346
2051
1474
481
-656
-1780
-2770
-3184
-2977
-2766
-2803
-2706
-2110
-1368
-796
-270
126
214
205
558
1035
1042
721
538
440
185
-120
-454
-1066
-1815
-2158
-2077
-1995
-1977
-1767
-1366
-942
-454
177
653
778
644
406
162
-200
-437
-907
-1569
-2021
-1819
-1183
-737
-410
105
677
1020
1175
1179
791
-22
-714
-1049
-1178
-1335
-1469
-1372
-1003
-362
461
1174
1597
1886
2231
2532
2593
2401
1953
1317
756
470
361
132
-160
-207
31
421
925
1435
1863
2259
2555
3064
3258
3361
3185
3049
2953
2816
3044
2794
2611
2445
2833
2984
2996
2651
2387
1861
948
-71
-1460
-3556
-6429
-7516
-7048
-6029
-5545
-4286
-1841
794
2741
3822
4322
3680
2142
766
-40
-1149
-2756
-4025
-4462
-4093
-3393
-2707
-2586
-2594
-2134
-1301
-616
-397
-180
91
602
1450
2647
3390
3260
2737
2456
2090
1183
0
-1264
-2528
-3515
-3718
-3337
-3104
-2992
-2473
-1473
-459
377
1088
1408
1265
1236
1520
1599
1114
586
258
-49
-380
-625
-924
-1531
-2044
-2132
-1880
-1762
-1620
-1251
-728
-142
583
1401
1759
1691
1507
1473
1122
217
-572
-1240
-1928
-2559
-2699
-2527
-2115
-1533
-730
145
998
1513
1643
1485
885
264
-363
-1035
-1615
-1756
-1551
-1286
-782
-56
634
1152
1496
1799
1955
1878
1712
1578
1377
1080
913
922
920
859
870
966
1076
1093
1258
1449
1601
1807
2042
2281
2532
2688
2752
2823
2849
2885
2847
2661
2215
2556
2447
1926
1996
2665
2539
1337
233
-439
-1173
-2930
-5645
-7499
-7483
-6859
-5810
-4534
-2716
-507
1618
3189
3988
4215
3213
1405
191
-394
-1091
-2429
-3615
-3788
-3208
-2530
-2170
-2010
-1926
-1762
-1136
-237
330
556
816
1517
2424
3235
3560
3160
2301
1437
746
-90
-1243
-2399
-3176
-3531
-3322
-2608
-1797
-1332
-927
-137
673
1142
1261
1150
872
661
702
727
476
0
-391
-526
-595
-741
-947
-1271
-1559
-1535
-1186
-871
-730
-566
-353
-100
243
490
565
305
130
-241
-603
-714
-1056
-1447
-1965
-2102
-1834
-1259
-763
-428
144
762
1116
1399
1338
779
137
-535
-923
-1302
-1615
-1857
-1914
-1516
-984
-220
389
831
1309
1769
2230
2480
2478
2175
1739
1364
1157
903
535
188
54
117
235
563
896
1124
1396
1826
2196
2433
2695
2885
2888
3084
3055
3107
3052
2866
2510
2305
2407
2276
2117
1611
1410
976
351
-895
-2166
-4320
-6423
-7063
-6247
-5309
-4777
-3117
-600
2016
3498
4380
4524
3618
2012
800
-32
-1424
-3088
-4171
-4334
-3999
-3431
-2888
-2786
-2614
-1965
-765
-31
165
335
763
1341
2040
2916
3199
2611
1817
1495
1044
78
-1050
-1987
-2849
-3399
-3169
-2586
-2286
-2220
-1687
-821
-127
346
779
957
783
932
1442
1632
1191
789
642
400
2
-296
-660
-1291
-1743
-1660
-1311
-1208
-1082
-718
-309
35
498
977
1118
918
879
671
208
-281
-723
-1052
-1501
-1705
-1485
-1072
-847
-626
-196
154
114
146
-26
-485
-1012
-1382
-1511
-1580
-1505
-1198
-713
-113
522
1272
1844
2019
2064
2051
1909
1586
1244
911
532
301
265
331
354
443
630
879
1044
1308
1627
1861
2114
2436
2784
2919
3165
3141
3074
2990
2732
2524
2172
1874
1353
894
1108
1421
1957
1947
1765
1770
1333
616
-652
-2346
-4884
-6885
-6976
-5756
-4963
-4070
-2501
127
2344
3635
4239
3770
2500
775
-141
-854
-2110
-3487
-4302
-4139
-3377
-2452
-1986
-2083
-2067
-1463
-600
-130
73
235
595
1128
2188
3251
3402
2704
1933
1535
880
-154
-1295
-2382
-3380
-3773
-3368
-2679
-2324
-2054
-1385
-474
374
1036
1503
1432
1147
1165
1356
1090
414
-196
-649
-1052
-1266
-1337
-1546
-1862
-1903
-1447
-913
-645
-463
-202
22
273
736
1112
1122
930
606
156
-295
-819
-1416
-2004
-2395
-2277
-1671
-1019
-543
-52
447
662
805
827
495
-113
-687
-915
-894
-838
-787
-561
-193
246
804
1393
1787
1936
2051
2118
2121
1939
1658
1223
808
544
467
470
458
530
727
1042
1416
1857
2123
2162
2222
2447
2620
2546
2414
2315
2250
2130
1928
2033
1864
1782
1889
2007
2025
2019
2209
2197
2160
1726
990
-79
-2090
-4959
-6726
-6880
-6569
-6387
-5523
-3207
-485
1731
3012
3823
3781
2531
1173
264
-578
-1917
-3178
-3697
-3497
-2959
-2589
-2635
-2778
-2511
-1800
-1068
-636
-333
26
564
1382
2364
3060
2893
2205
1627
1151
464
-465
-1365
-2175
-2733
-2764
-2247
-1758
-1641
-1581
-1158
-650
-318
-22
211
205
170
508
927
960
637
346
64
-297
-586
-833
-1221
-1645
-1713
-1351
-923
-592
-267
38
234
408
678
697
415
-127
-634
-1023
-1395
-1641
-1927
-2035
-1885
-1289
-453
184
649
1062
1349
1474
1447
1314
925
254
-271
-610
-797
-1002
-1164
-1064
-779
-224
439
1118
1657
2001
2268
2414
2408
2195
1810
1309
844
580
504
454
379
434
672
999
1296
1518
1718
1719
1844
2016
2117
2028
1836
1836
1656
1783
1913
1912
1986
1974
2087
2232
2389
2456
2461
2514
2316
1977
1698
977
-258
-2246
-4542
-6190
-6685
-6460
-6113
-5288
-3424
-1012
1256
2776
3559
3517
2609
1563
630
-188
-1449
-2793
-3621
-3649
-3282
-2982
-3020
-3209
-3176
-2680
-1905
-1277
-914
-550
68
1009
2086
2978
3245
2829
2201
1601
933
-44
-1229
-2399
-3260
-3586
-3387
-2956
-2623
-2329
-1891
-1189
-384
278
716
947
1098
1383
1761
1892
1635
1151
625
93
-366
-771
-1285
-1792
-2047
-1941
-1655
-1296
-971
-692
-358
25
450
867
1063
765
490
329
295
233
20
-345
-562
-391
-70
252
445
437
404
551
638
658
413
-91
-499
-588
-438
-339
-277
-210
-21
484
1089
1657
1954
2024
1977
2005
1982
1742
1238
598
50
-224
-176
32
211
379
641
1007
1502
1892
2062
2023
1987
2172
2302
2492
2516
2401
2377
2341
2491
2489
1961
1646
1454
1598
1553
1380
1407
1331
1547
1369
900
191
-1037
-3360
-5728
-6707
-6081
-5668
-5444
-4159
-1694
798
2166
3125
3548
2870
1305
97
-426
-1343
-2760
-3911
-4174
-3871
-3427
-3128
-3101
-3095
-2709
-1761
-874
-248
184
649
1133
1862
2813
3262
2767
1793
1035
413
-416
-1345
-2154
-2950
-3573
-3508
-2781
-2173
-1980
-1683
-1044
-455
49
704
1179
1110
1057
1413
1706
1442
915
435
-137
-737
-999
-1035
-1299
-1630
-1574
-1074
-618
-303
67
410
548
734
1202
1547
1475
1260
1178
790
312
-175
-625
-1294
-2060
-2344
-2127
-1652
-1250
-620
100
660
1085
1553
1609
1230
643
137
-159
-430
-485
-457
-300
-18
471
1140
1505
1601
1614
1584
1414
1248
1140
925
615
439
557
750
905
1017
1197
1364
1530
1802
2113
2246
2223
2323
2489
2523
2430
2255
2193
1889
1753
1735
1697
1648
1342
1475
1513
1521
1181
904
978
1247
1406
1136
548
-318
-1969
-4362
-5724
-5975
-5678
-5744
-4949
-2964
-773
884
1677
2131
1758
584
-561
-1249
-1889
-2782
-3424
-3442
-3047
-2514
-2105
-2058
-2171
-2077
-1691
-1222
-968
-706
-404
62
797
1779
2579
2589
2042
1454
931
226
-543
-1251
-1901
-2434
-2447
-1896
-1290
-993
-836
-494
-191
32
371
679
690
609
815
1122
1140
988
749
359
-191
-531
-556
-644
-942
-1073
-839
-510
-280
61
347
467
507
817
1130
1232
1130
1091
954
382
-147
-546
-930
-1609
-2065
-2128
-1830
-1405
-861
-267
293
664
993
1223
1074
707
255
-142
-475
-524
-355
-201
-79
122
472
805
939
983
960
877
788
947
1242
1449
1494
1560
1610
1625
1594
1555
1413
1182
1070
1196
1470
1691
1888
2029
2078
2013
1880
1688
1296
969
593
575
846
1200
1650
2010
2385
2374
2399
2210
1841
1202
356
-509
-1278
-2455
-4411
-6110
-6502
-5859
-5257
-4458
-2988
-1002
667
1618
2311
2445
1726
375
-583
-1039
-1564
-2212
-2818
-2994
-2896
-2642
-2527
-2571
-2572
-2344
-1754
-1003
-170
548
1099
1636
2292
2913
3023
2529
1697
848
42
-624
-1183
-1671
-2188
-2474
-2320
-1856
-1405
-1146
-904
-647
-357
56
654
1154
1345
1454
1643
1743
1613
1271
743
-15
-727
-1138
-1244
-1320
-1366
-1243
-935
-546
-163
175
310
244
214
354
499
554
527
523
471
401
377
298
42
-708
-1304
-1671
-1903
-1895
-1628
-1174
-646
95
867
1506
1839
1755
1312
874
315
-94
-402
-700
-856
-760
-410
-112
146
371
529
705
887
1182
1423
1543
1516
1529
1592
1587
1475
1309
1069
873
777
780
862
946
1045
1249
1472
1724
1856
1984
1785
1705
1888
1832
2071
2014
2131
1955
1981
1578
1620
1396
1223
1113
1000
549
-359
-936
-2300
-3652
-5425
-6206
-6149
-5220
-4389
-2950
-1118
524
1642
2303
2451
1753
661
-478
-1192
-1662
-2155
-2506
-2667
-2561
-2329
-2070
-1949
-2064
-2031
-1808
-1293
-648
204
911
1518
2017
2592
2863
2723
2100
1201
305
-529
-1180
-1659
-2016
-2329
-2334
-2034
-1576
-1150
-776
-460
-238
83
510
976
1296
1448
1496
1441
1201
824
417
-115
-667
-1114
-1255
-1248
-1139
-960
-779
-585
-391
-127
92
199
251
400
610
747
897
1051
1111
953
808
649
181
-539
-1095
-1441
-1782
-1947
-1847
-1338
-691
-8
651
1341
1768
1792
1644
1380
917
379
-75
-462
-704
-821
-828
-802
-710
-520
-220
148
497
891
1281
1626
1910
2099
2152
1969
1671
1324
991
653
352
198
174
266
489
845
1259
1518
1809
2213
2384
2381
2577
2434
2458
2470
2483
2071
1462
1418
1270
1335
1047
720
307
-27
-584
-1306
-2492
-4033
-5522
-5829
-5171
-4459
-3467
-2162
-646
720
1710
2329
2126
1349
149
-769
-1255
-1772
-2272
-2792
-3039
-3069
-2699
-2295
-2046
-1923
-1662
-1234
-609
132
783
1161
1284
1475
1752
1792
1400
729
9
-728
-1269
-1558
-1665
-1805
-1903
-1877
-1642
-1248
-875
-587
-360
-150
77
547
1126
1431
1425
1276
1014
653
354
97
-312
-735
-898
-670
-282
63
312
405
379
312
331
365
319
242
246
368
584
801
964
987
798
532
335
50
-245
-540
-718
-1211
-1829
-1969
-1711
-1294
-962
-482
-11
582
984
1149
1036
726
89
-391
-597
-740
-728
-720
-680
-579
-248
119
334
484
641
920
1341
1790
2220
2415
2330
2128
1995
1897
1681
1281
891
632
556
657
925
1187
1352
1462
1683
1869
2100
2180
2219
2246
2049
2279
2489
2464
2257
2099
2015
1757
1614
1144
484
-369
-1422
-2364
-3104
-4140
-5538
-6173
-5751
-4562
-3487
-2054
-609
777
1663
2119
2294
1799
797
-497
-1293
-1794
-2154
-2515
-2845
-3088
-3134
-3024
-2919
-2825
-2552
-2153
-1580
-689
454
1389
1954
2254
2482
2486
2230
1666
884
-13
-819
-1365
-1679
-1783
-1847
-1918
-1964
-1774
-1416
-1050
-693
-279
64
445
1013
1611
1993
2108
1993
1637
1225
834
413
-110
-691
-1153
-1408
-1428
-1324
-1177
-1024
-886
-687
-332
150
514
821
1105
1293
1369
1417
1371
1081
618
107
-347
-666
-871
-959
-976
-944
-790
-797
-973
-1140
-1204
-1235
-1258
-1199
-1048
-700
-236
213
738
1272
1523
1610
1597
1494
1211
797
338
-64
-303
-426
-427
-271
-47
231
587
978
1352
1664
1959
2228
2453
2687
2822
2781
2560
2275
1985
1625
1268
906
609
331
223
209
331
410
592
786
1017
1303
1633
1836
1815
1974
1765
1593
1480
1449
575
-165
-1021
-1931
-2832
-3494
-4310
-5392
-5634
-5119
-3875
-2838
-1718
-611
509
1089
1484
1637
1276
435
-350
-829
-1198
-1445
-1717
-2123
-2465
-2577
-2442
-2370
-2207
-1885
-1508
-938
-127
840
1498
1869
2081
2174
2125
2007
1713
1111
319
-245
-700
-1090
-1318
-1510
-1825
-2075
-1968
-1674
-1298
-825
-293
180
600
1076
1470
1632
1512
1205
758
281
-116
-332
-529
-786
-985
-997
-863
-744
-655
-623
-611
-530
-275
95
461
780
1068
1259
1381
1403
1282
937
480
27
-344
-645
-813
-859
-806
-716
-576
-366
-131
108
-24
-473
-838
-936
-834
-489
16
454
946
1364
1525
1536
1404
973
521
334
341
542
781
896
860
789
603
350
206
105
128
288
655
1168
1682
2046
2140
2064
1828
1481
1091
683
291
-25
-171
-148
-12
186
301
378
397
511
609
815
887
1143
1427
1775
2079
2292
2658
2433
2403
1948
1485
449
-396
-1416
-2403
-3232
-4093
-4828
-5369
-4927
-4213
-3034
-2103
-845
253
1188
1803
2139
2098
1496
768
119
-480
-1050
-1624
-2178
-2704
-2989
-3027
-2955
-2801
-2453
-1944
-1391
-599
327
1192
1654
1968
2127
2137
1920
1588
1106
450
-156
-641
-1026
-1376
-1607
-1884
-2151
-2249
-2093
-1803
-1473
-1062
-605
-103
377
897
1329
1532
1478
1289
993
650
332
34
-294
-630
-863
-967
-923
-792
-623
-494
-317
-42
349
682
904
1007
1031
984
899
783
598
391
183
55
47
151
288
398
483
521
541
566
260
-93
-319
-392
-459
-431
-323
-222
44
266
459
644
793
730
698
656
630
564
408
225
76
-1
-168
-307
-361
-432
-446
-329
-99
187
475
735
881
995
995
831
507
125
-169
-313
-310
-152
130
508
978
1400
1759
1931
2059
2094
1936
1770
1538
1479
1355
1512
1643
1533
1534
1518
1414
950
552
54
-588
-1326
-2041
-2669
-3471
-4005
-3796
-2896
-2210
-1465
-506
320
793
938
1015
610
117
-429
-780
-986
-1094
-1142
-1367
-1631
-1791
-1939
-2171
-2280
-2041
-1643
-1232
-582
243
895
1276
1526
1676
1553
1270
928
410
-129
-576
-818
-1009
-1159
-1295
-1447
-1605
-1630
-1487
-1324
-1170
-864
-392
64
521
983
1346
1438
1320
1077
759
414
82
-206
-514
-769
-886
-868
-770
-611
-426
-243
-82
161
467
747
934
1010
1020
988
926
829
694
540
394
321
326
388
488
541
519
426
296
116
-64
-450
-928
-1318
-1560
-1739
-1685
-1368
-937
-438
34
435
731
905
776
561
362
201
102
101
61
-90
-273
-553
-868
-1088
-1198
-1168
-909
-421
180
823
1406
1785
1930
1917
1764
1569
1381
1232
1152
1109
1113
1154
1211
1193
1056
866
651
570
724
840
1096
1353
1616
1907
2370
2691
2723
2679
2429
2073
1619
1016
160
-609
-1378
-2162
-2901
-3704
-4455
-4515
-3871
-3096
-2368
-1329
-257
643
1270
1637
1636
1233
583
-83
-550
-984
-1402
-1827
-2182
-2449
-2546
-2553
-2457
-2185
-1732
-1276
-732
-7
757
1265
1524
1671
1711
1604
1386
1087
652
121
-316
-572
-809
-1036
-1250
-1402
-1501
-1408
-1166
-929
-642
-270
92
422
808
1103
1191
1137
992
771
547
390
261
135
-20
-154
-223
-245
-249
-311
-374
-465
-448
-269
7
225
426
629
744
736
680
575
308
4
-245
-379
-473
-521
-571
-614
-673
-695
-702
-710
-667
-568
-495
-408
-261
-96
-237
-700
-1137
-1430
-1663
-1761
-1622
-1281
-796
-218
320
715
964
911
720
493
355
320
308
223
139
95
-20
-222
-331
-371
-369
-213
167
668
1131
1488
1704
1808
1880
1869
1746
1597
1467
1430
1483
1552
1606
1682
1719
1607
1391
1318
1163
1108
1037
1399
1724
2136
2353
2415
2415
2262
1869
989
313
-525
-1191
-2024
-2460
-3123
-3812
-4331
-4052
-3331
-2676
-1999
-1046
-106
534
1033
1325
1173
650
136
-304
-631
-928
-1166
-1570
-1912
-2102
-2037
-2088
-1967
-1671
-1277
-945
-298
597
1290
1626
1855
2044
1994
1826
1619
1196
504
-92
-491
-750
-922
-964
-1053
-1169
-1163
-971
-750
-569
-407
-244
-88
134
443
779
963
1025
987
949
862
822
732
484
130
-174
-381
-586
-748
-898
-1052
-1213
-1197
-981
-688
-464
-325
-164
9
184
295
348
320
233
98
-1
-101
-206
-384
-648
-960
-1262
-1451
-1540
-1566
-1524
-1388
-1151
-863
-449
-238
-339
-448
-585
-583
-461
-150
18
244
433
619
795
870
681
363
117
-79
-77
1
121
201
305
426
577
790
969
1110
1315
1527
1751
1931
2028
1964
1714
1374
1048
784
576
439
392
422
484
645
797
909
952
999
1102
1220
1486
1721
1934
2105
2233
2312
2288
2187
1912
1604
1151
264
-317
-391
-493
-1092
-1614
-1886
-2278
-2558
-2784
-2834
-2598
-1889
-1222
-427
504
1324
1607
1405
1099
696
208
-498
-999
-1178
-1306
-1493
-1561
-1502
-1608
-1864
-1979
-1894
-1590
-1041
-358
278
908
1563
2062
2187
2112
1807
1284
667
158
-246
-673
-963
-1139
-1285
-1440
-1538
-1602
-1648
-1592
-1437
-1234
-935
-525
-125
228
481
550
463
275
19
-340
-699
-1044
-1333
-1507
-1559
-1539
-1505
-1445
-1361
-1237
-1034
-775
-530
-277
-33
188
299
366
310
191
107
72
43
75
215
335
366
348
279
126
-53
-208
-331
-353
-275
-59
186
525
586
415
315
235
132
-20
-58
-210
-164
-125
-74
-41
74
64
48
142
236
389
453
438
385
388
378
357
430
488
482
467
463
497
505
475
369
335
408
634
836
1048
1192
1319
1400
1507
1603
1596
1505
1298
1140
1090
1095
1099
1129
1073
1105
1318
1554
1680
1795
1892
1944
2052
2124
2005
1851
1409
935
655
460
6
-535
-989
-1625
-2322
-3174
-3634
-3435
-2756
-2215
-1467
-347
618
1213
1449
1440
1028
481
-57
-409
-593
-776
-1068
-1408
-1696
-1928
-2221
-2438
-2471
-2221
-1810
-1325
-736
-100
343
532
585
556
412
212
33
-236
-511
-703
-815
-1002
-1238
-1530
-1853
-2122
-2155
-1985
-1716
-1391
-946
-440
-16
327
588
686
595
443
330
232
236
285
308
265
214
104
-89
-241
-371
-494
-613
-572
-348
22
383
645
818
900
946
948
909
778
579
424
331
325
292
193
-13
-222
-429
-576
-695
-711
-741
-731
-634
-500
-375
-269
-215
-606
-931
-1030
-905
-808
-578
-416
-327
-97
58
175
222
169
6
71
268
504
740
818
695
532
426
280
193
249
284
414
642
988
1254
1405
1403
1295
1193
1128
1090
1031
965
922
964
1083
1254
1361
1359
1248
1136
1132
1200
1310
1436
1508
1608
1724
1888
1943
1987
1878
1630
1494
1442
1267
1122
1112
982
584
125
-104
-369
-653
-1194
-1811
-2454
-3059
-3328
-3080
-2597
-2213
-1808
-1239
-751
-438
-223
-261
-489
-686
-754
-740
-728
-721
-916
-1375
-1864
-2280
-2541
-2705
-2669
-2404
-1968
-1363
-627
58
509
681
771
862
978
1145
1234
1212
1046
904
742
469
68
-453
-975
-1352
-1469
-1303
-999
-659
-291
72
448
777
1042
1179
1142
1032
920
884
889
873
743
483
182
-130
-423
-652
-855
-1044
-1169
-1152
-970
-688
-411
-189
-45
99
277
477
622
692
682
566
405
219
32
-238
-552
-848
-1033
-1099
-994
-795
-567
-335
-123
73
231
397
222
-99
-302
-350
-274
-97
148
199
268
266
230
144
61
-81
-98
68
326
669
897
947
826
638
379
164
126
168
239
365
591
832
971
1023
981
906
837
856
882
925
926
916
869
843
877
831
779
749
800
852
947
1044
1088
1082
1050
956
906
889
903
932
1012
1087
1133
1240
1264
1068
629
246
-212
-608
-973
-1258
-1641
-2087
-2546
-3210
-3735
-3755
-3291
-2804
-2253
-1438
-612
-44
326
564
486
128
-217
-356
-327
-360
-400
-596
-904
-1246
-1451
-1588
-1684
-1512
-1114
-609
-55
602
1110
1315
1365
1445
1435
1341
1294
1197
919
600
380
127
-267
-752
-1247
-1671
-1943
-1959
-1740
-1408
-1019
-596
-150
218
504
665
714
691
584
476
376
260
99
-123
-383
-646
-808
-880
-869
-779
-579
-351
-104
179
456
626
661
677
656
648
680
724
735
721
675
581
453
325
185
13
-133
-235
-208
-122
-27
29
39
-30
-94
-143
-121
-129
-101
-122
-71
-126
-452
-728
-867
-852
-840
-664
-558
-386
-215
-98
-41
36
30
2
124
285
476
640
652
516
347
138
-150
-374
-449
-447
-342
-182
45
272
483
632
741
813
942
1056
1098
1035
906
761
586
425
224
40
-119
-168
-114
27
275
508
706
933
1263
1563
1780
1964
2056
2072
2022
1882
1718
1447
1100
528
112
-165
-417
-551
-687
-755
-1214
-1806
-2678
-2986
-2710
-2176
-1726
-1120
-282
294
682
787
761
393
-15
-266
-262
-102
-8
-93
-434
-912
-1344
-1735
-1939
-1923
-1508
-964
-389
186
782
1072
972
772
590
429
294
375
410
325
131
-6
-208
-530
-854
-1197
-1473
-1510
-1210
-797
-422
-110
96
153
167
218
287
339
396
495
615
764
844
812
636
329
-22
-294
-424
-422
-304
-168
-46
103
318
517
629
643
594
547
586
682
777
766
686
517
333
134
-61
-290
-498
-636
-710
-717
-646
-569
-556
-541
-526
-481
-417
-311
-229
-123
-328
-720
-931
-952
-967
-982
-891
-868
-790
-725
-703
-678
-648
-671
-668
-564
-437
-285
-257
-371
-494
-532
-531
-479
-277
-4
211
335
423
453
394
291
235
232
352
609
892
1108
1223
1221
1139
1060
1001
1002
1083
1173
1249
1353
1401
1396
1328
1235
1092
1034
1075
1205
1460
1651
1813
1883
2000
1985
1930
1827
1667
1384
809
274
-61
-142
-288
-644
-1404
-2410
-3043
-2987
-2624
-2316
-1924
-1355
-878
-487
-97
172
31
-269
-426
-358
-190
-39
27
-179
-581
-1016
-1383
-1691
-1778
-1496
-1067
-736
-335
202
659
852
939
1001
1026
1169
1442
1611
1509
1228
902
499
77
-322
-749
-1163
-1378
-1261
-938
-606
-331
-127
3
115
298
543
715
777
810
803
740
561
292
-98
-540
-908
-1126
-1169
-1043
-766
-460
-248
-126
13
173
292
286
162
-2
-178
-267
-303
-347
-488
-670
-821
-888
-820
-721
-679
-744
-837
-898
-919
-935
-987
-1048
-1076
-1043
-927
-774
-637
-566
-526
-516
-486
-400
-291
-147
-32
74
132
229
72
-355
-657
-751
-735
-666
-459
-296
-45
256
471
583
687
707
730
785
781
717
660
544
372
240
123
24
63
311
571
751
847
898
902
925
951
870
808
862
999
1087
1161
1186
1113
1059
1067
1144
1155
1093
1035
1021
1084
1130
1183
1210
1240
1228
1224
1261
1224
1093
918
840
758
784
860
935
1040
1053
850
551
330
38
-335
-543
-784
-1604
-2671
-2978
-2491
-2106
-1883
-1292
-680
-484
-319
48
152
-105
-186
34
296
516
739
713
251
-320
-739
-1130
-1492
-1439
-966
-472
-106
242
445
367
241
180
53
-50
161
533
697
732
749
505
-61
-495
-689
-987
-1364
-1497
-1396
-1299
-1250
-1259
-1366
-1534
-1634
-1579
-1317
-989
-799
-720
-587
-416
-352
-425
-504
-513
-480
-411
-255
-73
6
-56
-171
-304
-473
-673
-721
-610
-433
-255
-17
223
403
527
583
594
514
405
293
287
288
245
131
36
6
6
39
140
242
282
272
351
420
424
134
-437
-774
-776
-572
-384
-64
129
195
212
249
324
401
483
649
948
1108
1106
988
709
251
-202
-531
-761
-783
-534
-165
182
372
400
357
448
655
866
1088
1389
1664
1804
1812
1744
1518
1126
775
585
623
726
822
865
891
807
672
554
493
542
674
961
1273
1647
1878
1968
1868
1767
1640
1353
1134
844
263
-298
-378
-527
-1168
-2202
-3225
-3805
-3594
-3066
-2575
-1939
-1311
-962
-703
-393
-323
-484
-524
-290
51
309
312
76
-362
-915
-1531
-2072
-2406
-2403
-2014
-1306
-677
-418
-452
-569
-603
-490
-260
-47
236
622
922
1073
1146
963
366
-248
-468
-440
-472
-485
-455
-498
-621
-729
-857
-1068
-1216
-1195
-955
-537
-160
-20
-11
44
78
46
63
133
165
229
330
378
296
61
-262
-500
-528
-455
-333
-132
70
210
294
348
334
246
145
90
165
333
518
640
681
665
600
515
433
373
307
258
268
261
219
123
40
-182
-475
-643
-643
-569
-477
-243
16
322
534
635
676
659
600
551
581
538
455
339
185
12
-124
-249
-376
-331
-143
137
461
775
957
972
957
971
1016
1031
1082
1169
1259
1334
1339
1228
1007
791
650
589
593
612
623
631
674
744
760
759
771
839
974
1163
1327
1350
1282
1150
1036
828
568
414
300
252
160
227
326
366
220
-73
-528
-1665
-2743
-3005
-2597
-2455
-2262
-1623
-1179
-1155
-1145
-901
-917
-1011
-757
-177
373
678
756
472
-11
-480
-926
-1387
-1656
-1458
-1136
-909
-713
-535
-749
-1243
-1324
-802
-236
163
685
1142
1185
970
786
405
-203
-724
-991
-1056
-878
-608
-528
-633
-724
-847
-1016
-1029
-861
-669
-465
-210
22
141
172
155
193
329
520
694
804
863
755
482
95
-231
-509
-663
-602
-324
48
331
487
479
375
241
141
126
162
184
234
327
391
374
285
100
-114
-265
-293
-260
-168
-87
-119
-167
-219
-225
-237
-163
-131
-387
-677
-832
-814
-773
-680
-547
-444
-295
-141
82
293
422
476
555
706
831
847
683
506
388
338
294
266
310
356
424
498
597
615
547
543
653
872
1104
1304
1383
1361
1278
1179
1097
1032
961
902
859
825
815
771
651
450
227
57
-1
87
261
426
546
655
731
794
885
970
1015
1120
1156
1011
982
917
655
147
-230
-716
-1806
-2864
-3025
-2457
-2253
-2223
-1693
-1217
-1273
-1405
-1113
-801
-619
-353
70
477
761
790
217
-588
-1120
-1300
-1536
-1667
-1305
-846
-694
-676
-513
-508
-825
-908
-511
-21
394
903
1242
1120
768
525
276
40
39
131
155
136
179
39
-308
-673
-973
-1188
-1211
-1007
-732
-459
-259
-196
-250
-301
-302
-258
-173
-41
133
274
333
288
181
24
-120
-178
-126
-1
112
157
124
20
-100
-129
-83
15
118
256
370
398
391
325
191
32
-100
-176
-192
-107
-67
-106
-228
-332
-410
-433
-403
-310
-223
-536
-769
-773
-689
-787
-810
-620
-443
-186
-58
29
118
175
128
113
168
292
455
485
382
269
173
57
-26
42
84
117
212
389
514
559
677
850
1050
1279
1534
1677
1708
1637
1486
1255
1000
792
678
676
737
760
773
839
917
968
971
997
1065
1163
1257
1311
1331
1272
1208
1134
1066
976
886
857
738
658
544
330
-86
-416
-798
-1908
-2693
-2376
-1648
-1733
-1767
-1161
-957
-1270
-1509
-1355
-1332
-1130
-665
-271
-111
45
154
-245
-834
-1162
-1286
-1440
-1310
-715
-381
-587
-826
-757
-804
-1033
-892
-399
3
341
726
735
356
51
-54
-283
-431
-283
-101
-78
-41
1
-223
-530
-605
-514
-436
-255
-7
155
279
344
216
-24
-101
-23
24
82
133
98
-57
-194
-338
-489
-512
-362
-113
150
393
518
546
489
372
229
187
284
412
488
486
406
215
-14
-223
-410
-492
-476
-429
-391
-319
-323
-403
-448
-444
-364
-245
-48
95
230
191
-100
-355
-502
-500
-536
-461
-393
-381
-437
-555
-591
-532
-329
-56
279
551
764
851
830
766
691
613
596
733
931
1042
1007
838
627
475
422
444
562
750
945
1056
1068
989
820
699
695
817
937
1064
1124
1109
1048
967
882
817
818
779
758
727
648
504
315
145
41
85
170
277
368
407
482
407
268
134
141
154
30
-103
-249
-496
-1623
-2666
-2650
-2077
-2250
-2535
-2030
-1751
-1935
-2149
-2040
-1972
-1569
-838
-282
60
380
618
432
127
43
-59
-343
-374
224
675
450
-23
-251
-447
-734
-640
-273
21
228
569
601
255
-9
-61
-132
-32
369
590
466
385
376
78
-393
-693
-792
-785
-585
-348
-238
-212
-204
-318
-419
-323
-159
-68
24
164
210
125
17
-45
-40
-9
27
48
40
19
-50
-130
-255
-332
-302
-144
71
265
378
358
264
166
142
185
229
263
303
298
225
110
-10
-117
-178
-307
-485
-550
-475
-446
-494
-473
-304
-56
166
311
379
408
369
320
270
262
283
331
369
394
389
297
180
158
270
332
319
300
304
291
289
315
346
391
478
568
665
753
779
725
637
532
475
490
550
612
633
625
558
499
439
396
373
365
356
366
401
430
488
614
785
891
980
1061
1125
1158
1045
880
649
515
424
385
285
19
-344
-1225
-2155
-2368
-1892
-1808
-2105
-1947
-1638
-1630
-1813
-1830
-1844
-1628
-1011
-455
-249
-289
-319
-466
-570
-432
-269
-334
-452
-83
508
682
372
38
-151
-305
-219
171
446
487
636
766
570
276
244
253
304
589
765
466
35
-171
-304
-402
-364
-321
-394
-326
-120
-25
-65
-118
-219
-296
-166
104
292
354
350
297
239
148
35
-16
22
101
119
60
-75
-204
-206
-105
36
134
222
298
390
479
534
523
428
334
287
341
357
274
159
-7
-191
-372
-454
-717
-1089
-1106
-886
-721
-771
-744
-681
-543
-322
-224
-199
-136
51
195
307
336
248
119
24
72
149
163
76
49
191
319
351
306
257
216
260
380
457
466
452
425
359
323
326
326
379
556
742
832
782
668
557
517
521
481
420
350
293
258
200
133
104
109
190
280
383
418
433
486
578
630
458
330
385
525
416
103
-453
-1335
-1797
-1540
-1205
-1538
-1870
-1706
-1523
-1545
-1646
-1738
-1795
-1344
-485
107
170
-15
-150
-218
-71
198
272
49
-87
223
548
386
-77
-299
-276
-128
270
720
809
758
933
1012
768
536
460
321
345
660
744
373
2
-118
-190
-154
64
176
157
231
358
320
222
208
152
135
241
300
118
-175
-362
-487
-573
-603
-612
-643
-639
-564
-494
-509
-550
-549
-494
-407
-304
-176
-117
-102
-37
75
118
108
180
246
224
157
82
-89
-253
-243
-185
-119
-24
87
-178
-535
-581
-435
-324
-355
-388
-481
-473
-449
-556
-695
-636
-400
-128
146
292
229
49
-83
-75
36
146
140
149
276
358
258
25
-232
-413
-407
-278
-149
-59
51
121
138
151
177
162
216
385
542
587
535
455
353
350
448
582
690
789
817
803
823
851
829
756
752
811
939
1029
941
700
634
771
854
696
420
147
-448
-1170
-1474
-1130
-870
-1045
-1176
-1008
-806
-860
-1035
-1235
-1228
-843
-341
-130
-210
-268
-379
-518
-365
13
225
121
182
527
830
801
586
436
415
631
978
1174
1065
925
850
684
487
460
466
344
314
448
439
194
-18
-83
-41
131
340
389
322
283
220
58
-67
-112
-166
-213
-168
-159
-276
-473
-591
-547
-389
-236
-166
-158
-179
-180
-190
-225
-295
-282
-187
-101
-59
-29
-61
-189
-267
-216
-172
-192
-167
-96
-63
-60
-24
-7
-1
32
93
-14
-161
-220
-217
-267
-403
-547
-651
-662
-658
-688
-756
-735
-638
-495
-408
-382
-383
-411
-451
-433
-340
-271
-301
-309
-218
-141
-159
-230
-298
-338
-329
-312
-287
-294
-269
-253
-236
-180
-79
25
96
176
239
290
302
283
233
266
385
500
603
699
817
924
1018
1068
1078
1077
1090
1084
1108
1152
1195
1250
1296
1348
1310
1180
1031
963
993
1010
899
781
522
-36
-545
-466
-128
-236
-624
-787
-801
-911
-1046
-1185
-1287
-1138
-679
-352
-342
-422
-531
-744
-833
-665
-478
-500
-593
-471
-166
43
-18
-133
-122
0
188
356
295
79
-33
-22
-65
-109
-16
67
87
144
197
8
-273
-410
-380
-280
-141
-67
-142
-163
-89
26
105
200
265
327
387
379
244
23
-165
-283
-257
-193
-180
-193
-181
-162
-131
-48
55
76
74
98
69
-15
-97
-166
-237
-224
-173
-217
-346
-474
-609
-725
-791
-825
-869
-853
-757
-659
-589
-521
-538
-729
-814
-677
-443
-385
-493
-683
-832
-890
-928
-964
-951
-826
-631
-433
-309
-271
-303
-323
-262
-60
171
320
371
456
599
685
685
653
641
668
741
818
819
727
637
554
529
560
627
692
754
850
930
970
1007
1085
1168
1226
1243
1269
1257
1214
1160
1134
1144
1167
1182
1156
1111
1053
1020
990
1074
1209
1243
1203
1245
1355
1239
877
519
298
108
-251
-714
-994
-948
-829
-936
-1179
-1321
-1385
-1427
-1451
-1402
-1271
-1078
-922
-845
-748
-673
-713
-822
-776
-627
-542
-601
-683
-649
-463
-274
-209
-168
-46
126
280
383
381
320
270
256
262
332
386
331
214
144
92
-36
-164
-210
-217
-209
-155
-132
-113
-60
22
63
93
134
70
-65
-175
-245
-351
-443
-471
-458
-433
-400
-455
-559
-586
-553
-502
-448
-355
-302
-253
-222
-215
-254
-270
-263
-273
-265
-239
-278
-358
-435
-476
-505
-496
-438
-375
-289
-375
-448
-402
-214
-136
-191
-294
-319
-297
-314
-355
-414
-363
-247
-134
-134
-141
-175
-172
-99
105
311
437
503
574
741
871
936
917
883
874
939
990
974
887
812
757
721
744
800
855
860
857
817
757
677
642
625
658
748
855
942
983
995
983
935
875
809
763
746
740
686
555
481
452
461
429
432
470
511
484
446
412
212
-102
-246
-113
-90
-373
-812
-1105
-1264
-1348
-1455
-1622
-1759
-1700
-1512
-1421
-1398
-1336
-1218
-1111
-846
-487
-241
-226
-247
-150
-12
65
52
-20
-41
44
158
171
26
-120
-201
-211
-216
-216
-217
-267
-329
-327
-281
-285
-324
-327
-244
-160
-133
-150
-207
-244
-203
-115
-61
-79
-139
-196
-243
-280
-325
-374
-404
-389
-291
-183
-123
-103
-93
-78
-41
-2
2
-37
-84
-112
-143
-170
-175
-180
-213
-253
-277
-305
-349
-382
-364
-320
-287
-248
-197
-138
-58
62
176
246
334
410
452
438
414
367
295
166
-58
-203
-177
-49
-42
-103
-169
-100
-8
33
22
32
127
274
412
434
430
381
351
365
453
461
363
242
221
306
377
345
251
199
242
372
458
470
405
358
331
364
393
368
327
319
375
397
384
327
288
284
366
442
476
456
457
486
541
600
593
593
568
589
583
593
518
427
362
373
434
475
479
451
466
481
486
384
223
19
-98
-187
-242
-343
-444
-549
-647
-652
-632
-616
-634
-583
-535
-517
-539
-487
-431
-374
-322
-298
-353
-456
-549
-676
-819
-935
-989
-1053
-1096
-1123
-1090
-1069
-1017
-901
-759
-680
-638
-550
-445
-318
-223
-167
-197
-233
-264
-298
-341
-381
-419
-453
-429
-359
-267
-191
-91
16
155
296
426
478
505
528
526
496
414
304
153
59
19
19
-1
12
65
130
187
252
324
345
382
441
520
573
607
614
612
609
600
553
453
346
265
204
149
106
59
36
34
59
106
187
269
360
468
547
603
630
637
598
547
475
384
279
186
121
71
24
29
83
117
152
244
392
532
639
669
648
626
685
742
661
495
389
327
216
36
-192
-448
-581
-534
-475
-596
-811
-892
-843
-748
-693
-694
-774
-803
-723
-632
-666
-764
-794
-762
-687
-608
-589
-687
-781
-747
-650
-637
-657
-621
-533
-415
-247
-111
-74
-47
33
109
117
89
39
-44
-123
-173
-219
-271
-317
-330
-318
-272
-212
-181
-187
-140
-60
-8
17
22
15
12
59
119
160
197
231
273
308
337
363
359
362
388
439
464
467
448
363
254
148
72
-9
-50
-60
-53
-44
-8
53
119
179
224
252
235
195
157
150
139
157
203
263
288
272
240
220
200
138
34
-53
-92
-121
-139
-144
-89
-17
59
101
140
145
124
96
87
61
-9
-99
-185
-207
-195
-151
-110
-62
-27
24
75
121
156
211
279
344
397
424
454
469
462
392
288
166
40
-92
-189
-252
-286
-303
-292
-253
-195
-115
-27
71
152
199
201
212
215
224
224
226
216
171
105
14
-98
-242
-361
-434
-487
-562
-646
-692
-678
-619
-539
-451
-373
-296
-206
-113
-50
-41
-84
-140
-188
-228
-283
-336
-377
-378
-346
-307
-261
-223
-183
-126
-30
71
184
287
370
432
469
477
460
421
341
250
187
164
130
53
-12
-15
9
35
65
90
108
139
185
212
231
261
309
358
389
386
372
350
310
256
180
92
13
-21
-29
-18
0
46
102
136
165
222
286
344
377
350
297
245
195
112
24
-52
-96
-102
-89
-71
-58
-61
-59
-31
0
22
43
65
116
190
235
235
193
127
57
10
-42
-128
-235
-300
-331
-384
-460
-519
-557
-572
-563
-545
-533
-533
-510
-471
-416
-347
-270
-225
-207
-176
-144
-141
-161
-197
-218
-215
-201
-194
-197
-190
-176
-153
-156
-159
-143
-109
-54
4
38
41
42
53
82
108
98
66
23
-16
-47
-79
-110
-125
-104
-51
36
114
165
193
205
221
253
282
268
240
201
172
178
210
249
282
317
355
390
398
389
372
332
286
273
289
309
335
374
441
504
531
500
430
352
333
370
423
469
495
508
532
574
586
552
489
451
437
391
234
64
-34
-26
4
-24
-108
-174
-157
-122
-116
-220
-355
-399
-311
-245
-281
-410
-509
-532
-476
-436
-505
-641
-717
-693
-691
-743
-848
-936
-971
-888
-749
-654
-656
-651
-556
-397
-265
-197
-173
-160
-91
-13
11
-49
-97
-119
-99
-49
-2
-3
-48
-83
-73
-59
-77
-107
-116
-63
36
140
197
227
255
305
327
306
252
190
152
134
110
50
-19
-49
-5
53
97
121
144
170
211
254
261
242
230
244
243
227
206
182
139
101
106
115
113
112
129
132
128
138
151
165
194
234
250
234
234
257
256
202
137
74
10
-39
-83
-130
-168
-161
-118
-78
-45
-11
29
62
95
110
88
27
-49
-91
-121
-145
-148
-119
-79
-44
-12
23
94
195
281
329
363
386
402
414
429
429
402
345
302
279
227
125
24
-55
-105
-108
-83
-50
-14
39
69
62
38
10
-53
-128
-178
-225
-296
-387
-472
-531
-575
-621
-657
-690
-707
-678
-617
-569
-534
-486
-422
-360
-277
-201
-154
-131
-121
-119
-132
-155
-188
-211
-227
-214
-189
-172
-158
-151
-141
-138
-147
-172
-184
-172
-140
-103
-61
-7
65
135
194
243
267
263
237
197
136
78
35
6
-19
-24
-16
-5
15
50
85
117
160
208
274
352
418
445
461
438
391
316
218
112
28
-37
-73
-66
-51
-21
18
69
134
222
278
312
333
355
354
352
349
342
327
300
276
247
228
238
274
293
304
287
256
232
248
265
274
292
321
363
395
417
401
370
320
266
194
99
-9
-117
-196
-233
-237
-235
-256
-272
-245
-203
-170
-159
-173
-185
-161
-142
-151
-167
-171
-182
-203
-228
-280
-346
-421
-482
-522
-534
-530
-510
-495
-482
-453
-427
-419
-420
-398
-354
-295
-249
-234
-240
-236
-224
-209
-219
-241
-273
-296
-306
-300
-292
-310
-323
-307
-249
-174
-93
-19
52
120
171
203
239
244
217
175
134
113
103
82
43
30
40
66
91
110
104
90
68
59
65
63
56
68
106
151
188
208
209
189
165
148
142
127
107
76
38
12
-8
-36
-65
-88
-102
-86
-29
58
145
216
286
363
431
502
565
600
601
551
465
362
255
166
104
59
36
42
70
109
171
240
301
361
398
397
370
338
295
254
216
162
121
111
106
78
29
-49
-132
-197
-233
-255
-264
-254
-186
-83
15
79
117
107
59
4
-51
-133
-231
-301
-327
-308
-273
-248
-243
-237
-215
-202
-225
-265
-308
-357
-384
-360
-299
-255
-234
-215
-180
-150
-132
-123
-115
-115
-108
-102
-107
-112
-118
-116
-122
-123
-131
-152
-186
-209
-229
-245
-238
-193
-103
-1
87
166
240
270
258
211
137
36
-57
-126
-188
-221
-213
-176
-136
-98
-61
-24
-9
-1
-10
-27
-41
-22
11
35
50
69
95
115
136
130
100
75
83
112
134
134
141
159
189
206
185
117
39
8
13
23
15
7
19
68
131
181
207
196
172
135
83
2
-98
-192
-244
-242
-211
-201
-204
-195
-146
-71
-9
15
9
10
42
102
127
101
61
45
51
44
-1
-63
-90
-70
-5
32
21
-23
-40
-20
30
90
135
174
233
300
347
362
337
300
268
239
188
130
81
66
78
108
137
157
162
163
170
156
122
66
17
-33
-69
-83
-86
-78
-52
-11
29
62
101
133
156
179
182
173
139
106
69
23
-29
-80
-131
-171
-201
-218
-224
-220
-206
-199
-188
-171
-135
-86
-34
-4
9
-13
-63
-108
-156
-215
-264
-304
-328
-310
-265
-197
-112
-31
31
83
108
101
79
58
46
43
43
22
-12
-48
-59
-43
-44
-57
-69
-83
-85
-65
-39
-33
-24
-12
6
22
8
-36
-87
-130
-145
-128
-98
-65
-22
6
20
30
7
-62
-150
-229
-274
-293
-307
-310
-300
-276
-260
-251
-242
-239
-226
-218
-199
-184
-194
-217
-227
-220
-200
-171
-142
-97
-42
21
92
148
186
214
221
221
209
183
146
121
110
110
111
121
149
186
223
256
290
326
368
412
452
494
552
611
656
668
638
583
502
404
310
224
153
111
84
64
66
87
122
168
216
261
293
297
294
284
234
139
36
-56
-132
-195
-252
-301
-331
-347
-356
-370
-388
-383
-340
-278
-216
-152
-78
-6
70
131
158
150
130
96
36
-42
-117
-183
-239
-273
-282
-255
-213
-177
-157
-139
-127
-115
-109
-115
-102
-58
-14
10
24
16
-10
-41
-71
-124
-192
-257
-297
-312
-304
-274
-228
-177
-121
-69
-52
-64
-100
-126
-130
-119
-108
-88
-78
-62
-44
-51
-100
-157
-202
-247
-276
-275
-252
-213
-165
-105
-39
30
88
120
139
141
110
47
-37
-118
-177
-214
-239
-248
-239
-226
-211
-186
-154
-120
-77
-15
64
156
241
304
344
374
399
414
409
385
349
312
276
256
233
207
197
222
281
349
405
452
500
537
561
558
520
468
427
405
384
354
317
264
216
176
135
90
44
18
11
11
23
49
93
150
218
274
315
327
299
241
172
105
48
-7
-65
-123
-178
-229
-272
-290
-293
-278
-248
-209
-175
-134
-94
-73
-60
-65
-98
-145
-195
-247
-306
-373
-426
-469
-497
-523
-530
-519
-491
-466
-448
-435
-421
-387
-333
-288
-245
-206
-183
-170
-163
-161
-176
-180
-183
-183
-186
-187
-182
-170
-154
-125
-84
-38
0
45
86
121
163
205
227
224
192
141
86
30
-20
-70
-115
-128
-109
-97
-89
-87
-78
-57
-35
-20
1
59
137
218
278
317
335
326
279
197
103
6
-90
-162
-209
-217
-181
-116
-39
27
78
128
183
240
278
291
296
300
302
293
271
249
241
245
246
228
178
105
38
-14
-33
-33
-33
-17
29
66
82
80
76
70
79
100
126
146
153
138
102
49
2
-47
-109
-165
-185
-171
-158
-131
-104
-80
-56
-23
24
69
103
131
161
187
202
206
177
119
53
-24
-112
-197
-267
-321
-358
-378
-379
-363
-353
-342
-301
-240
-186
-132
-74
-11
46
79
73
38
-4
-55
-113
-166
-212
-250
-279
-284
-266
-226
-199
-156
-95
-10
60
123
189
244
270
282
279
256
215
175
155
149
144
132
131
144
168
167
137
88
41
11
-3
-2
21
58
116
204
291
331
317
291
268
243
199
143
89
61
53
43
25
-9
-44
-79
-114
-159
-199
-217
-201
-152
-70
28
128
202
248
255
214
137
31
-77
-156
-198
-195
-163
-116
-64
-15
24
61
101
142
175
202
218
215
194
167
126
63
-12
-79
-128
-176
-225
-275
-322
-342
-334
-323
-322
-321
-306
-282
-255
-251
-268
-307
-333
-328
-318
-326
-332
-311
-276
-238
-195
-149
-112
-81
-44
0
26
40
51
80
129
187
235
268
280
273
262
242
226
209
194
182
183
193
202
189
161
127
91
49
17
-6
-33
-57
-81
-91
-99
-100
-93
-70
-57
-55
-62
-65
-77
-78
-60
-34
-6
20
44
53
43
22
-5
-44
-78
-99
-100
-82
-46
-5
26
61
100
127
121
90
50
22
5
-5
-11
-15
-5
30
87
136
171
170
139
103
73
38
-6
-46
-57
-43
-24
-3
21
51
78
109
132
149
158
167
181
202
222
229
210
175
133
90
50
-1
-45
-66
-56
-26
23
77
137
190
235
273
285
263
215
162
102
45
-21
-83
-133
-159
-176
-193
-212
-217
-218
-231
-247
-251
-241
-232
-220
-205
-188
-175
-158
-156
-173
-211
-261
-318
-373
-414
-446
-463
-450
-402
-341
-281
-230
-190
-160
-129
-104
-90
-77
-55
-11
46
103
138
151
151
145
139
130
115
103
112
146
202
259
317
370
422
461
483
469
421
351
280
219
158
107
72
60
56
71
90
101
95
89
84
79
65
52
51
65
97
131
157
173
184
185
175
152
122
76
21
-29
-71
-109
-145
-165
-175
-169
-164
-157
-155
-154
-145
-140
-143
-147
-143
-133
-102
-66
-47
-66
-99
-131
-158
-190
-225
-243
-224
-174
-101
-27
24
57
77
96
97
94
85
87
101
126
153
194
234
267
290
296
286
264
238
203
169
130
92
60
31
-9
-58
-115
-166
-198
-216
-223
-219
-200
-178
-163
-160
-161
-166
-171
-178
-186
-207
-233
-244
-249
-256
-264
-276
-290
-294
-299
-309
-318
