-92
16
23
-110
116
-110
166
-205
71
-1
-134
-84
6
110
-268
100
-1
131
-82
-13
192
-52
183
-107
159
109
-59
117
39
35
-58
25
140
-35
-78
45
102
-33
-48
50
82
26
-82
181
75
-94
133
99
-8
7
-31
164
-111
-60
10
-54
13
-215
-2
-85
-176
-199
18
-90
-336
52
-43
-214
-103
59
-191
-94
114
-130
3
-45
18
-17
16
14
-75
94
25
-46
-7
115
-107
0
127
-112
-3
167
21
10
197
76
86
110
145
104
28
263
-40
80
155
-79
151
47
4
-22
34
77
-64
112
2
79
175
24
124
140
217
61
264
199
152
223
166
261
134
210
133
142
221
-29
170
39
62
62
-36
84
-64
74
-6
-29
3
-42
24
-93
13
-37
-74
-69
-61
-96
-177
-78
-192
-121
-198
-185
-213
-217
-122
-279
-144
-176
-204
-81
-169
-110
-188
-83
-92
-136
-138
-84
-98
-163
-89
-145
-135
-109
-148
-104
-234
-83
-130
-231
-66
-181
-134
-138
-84
-89
-94
-112
-35
-16
-121
-7
-20
8
8
-20
19
32
20
-20
156
1
-40
155
-1
81
-52
182
6
27
165
-23
116
79
143
0
213
121
22
209
80
182
-11
129
181
-77
145
60
40
36
67
15
0
176
-102
57
126
-30
69
69
104
-33
173
138
-54
147
31
137
-98
148
-34
12
102
-84
69
12
-44
7
-34
-24
65
-131
37
16
-122
51
-33
-10
-34
-21
11
-71
11
-83
97
-107
14
65
-115
138
-87
100
12
-37
217
-84
74
134
94
45
93
79
77
179
-90
181
-24
6
75
-85
59
-100
64
-54
-19
11
-112
66
-126
-1
-1
-141
28
-78
100
-235
-14
5
-166
-45
-184
15
-230
19
-151
-133
4
-147
21
-148
11
-92
-46
60
-149
94
-146
54
1
-109
116
-136
114
7
-83
9
-9
-142
-37
-42
-220
-71
-42
-58
-160
-92
-93
-10
-120
-109
-94
-58
34
-140
2
10
-127
93
-4
-104
14
-16
8
41
-73
33
109
-88
117
30
45
26
81
135
34
150
36
134
178
120
178
-13
358
19
171
118
73
135
-42
200
-81
167
22
29
111
121
35
-68
197
27
-11
116
71
13
157
101
18
123
40
175
-38
121
110
49
116
103
90
148
234
-49
157
333
25
139
206
154
168
20
171
184
-47
218
79
53
145
50
-143
263
-118
-223
299
-399
161
-285
167
-161
-374
327
-478
5
-39
-196
-145
-66
5
-306
103
-202
-91
-69
-121
-58
-384
241
-320
-130
19
-305
48
-100
-14
-332
285
-130
-286
360
-263
-43
29
21
-141
-128
254
-454
216
-75
-342
-41
-74
-150
-472
320
-516
-189
242
-543
-69
-53
-42
-374
-28
234
-680
376
-74
-303
80
58
-140
-271
439
-465
-98
394
-435
-65
163
69
-492
407
34
-460
524
-123
-124
182
137
-216
30
356
-452
144
350
-445
90
245
-204
-298
453
-293
-329
399
-222
-275
256
-35
-376
320
59
-395
211
305
-451
228
312
-367
180
415
-258
94
490
-231
117
460
-91
90
327
220
-188
405
236
-177
424
88
37
173
119
38
182
216
-107
238
287
-68
226
241
42
131
279
-60
129
325
-187
181
170
-50
30
130
-9
-98
356
-272
89
214
-20
3
136
255
-278
423
73
-132
424
-154
142
61
138
-137
57
185
-272
106
-63
-95
-175
67
-107
-347
104
-141
-282
6
-97
-365
124
-283
-187
-1
-185
-246
-105
28
-387
-174
4
-253
-311
2
-315
-288
117
-453
-29
-9
-331
40
-26
-175
-68
-16
58
-276
35
150
-359
166
-42
-62
66
-73
-3
133
-39
-110
350
-138
31
100
186
-9
-153
471
-269
220
123
-96
387
-276
355
-48
225
-214
275
248
-278
181
7
254
-330
280
-119
217
-201
-6
346
-321
146
125
-262
455
-530
404
-134
-92
38
-87
227
-553
416
-279
11
-64
-38
-128
132
-236
144
-91
-4
-98
262
-248
26
-37
207
-367
178
-20
-150
100
-138
182
-225
115
18
16
-80
75
17
32
-149
258
-209
364
-348
230
242
-209
234
82
27
137
47
176
-168
395
-200
232
231
-434
574
-100
34
183
-130
321
-153
315
-82
-163
542
-452
523
-370
157
135
-163
358
-463
338
-101
80
-86
-38
79
-174
253
-290
70
-132
167
-94
-332
466
-520
177
50
-281
96
-196
263
-346
43
36
-213
150
-208
3
12
-292
453
-557
95
109
-245
65
-328
288
-325
-61
28
-204
36
-194
18
-211
116
-303
39
-90
4
-121
-49
155
-214
26
79
-117
40
-156
289
-368
192
-87
-82
156
-190
117
-145
255
-251
104
55
64
28
-297
502
-191
30
-96
311
16
-203
326
-185
291
-224
37
312
-560
610
-580
366
-75
-148
95
-68
242
-421
359
-183
69
111
-235
307
-254
182
76
-245
338
-271
184
38
-8
-170
210
38
-134
75
44
75
-3
-57
140
63
-96
310
-371
506
-94
-137
356
-141
473
-562
666
-151
31
191
-180
423
-387
453
-327
125
381
-549
454
-197
180
-246
318
-117
-32
247
-88
126
-127
409
-438
435
-172
-9
34
51
-26
-152
326
-465
386
-170
-3
11
44
59
-271
368
-139
-131
212
-64
156
-174
244
-81
139
144
-250
216
124
-132
-38
279
-155
-130
231
-114
-137
47
20
-190
98
-55
-183
-29
176
-443
57
107
-400
18
-41
-72
-329
67
36
-543
319
-307
1
-175
73
-74
-244
241
-284
51
-64
-7
-61
-15
89
-221
303
-305
154
-106
68
59
-207
247
-75
6
-132
230
-131
-45
10
122
-110
-58
250
-261
216
-70
-65
235
-265
344
-221
127
29
-118
215
-255
283
-172
124
78
-238
402
-264
219
-47
2
273
-367
404
-97
-124
242
-213
307
-370
430
-242
-13
243
-470
604
-777
604
-469
128
100
-553
560
-411
180
-380
298
13
-513
584
-381
181
20
-212
457
-634
600
-392
281
-253
269
-144
182
-102
87
76
-12
-48
217
47
-204
292
-62
179
-345
279
-120
150
-366
394
-280
5
91
-176
-90
134
-339
233
-332
103
61
-337
282
-467
408
-297
-129
212
-188
111
-241
110
25
-315
299
-334
172
-124
42
-79
88
-31
-32
123
-27
10
155
130
-41
227
14
85
79
169
11
154
29
109
114
13
208
-122
226
181
-191
440
-311
313
107
-330
548
-466
349
-19
-136
216
10
-97
82
141
-153
-31
363
-426
223
25
-123
12
-138
263
-321
19
169
-325
165
-84
-21
-258
266
-311
24
-4
-93
-153
-6
-75
-255
114
-320
-57
-109
185
-593
283
-106
-209
-172
137
-271
-119
53
-26
-209
55
-227
355
-510
420
-309
181
102
-189
353
-508
487
-208
118
-188
-46
535
-596
194
109
-256
283
-306
307
-270
126
254
-300
228
65
-85
86
275
-382
266
174
-94
-171
548
-359
-9
299
-198
9
41
90
-54
-272
286
-83
-235
1
385
-732
734
-288
-155
364
-177
301
-203
267
172
-400
785
-499
150
186
-243
370
-409
300
-26
-359
640
-766
481
-250
42
13
42
103
-243
397
-95
86
-270
692
-477
-56
828
-922
672
-94
-392
755
-805
836
-799
451
114
-576
573
-122
-169
247
-114
238
-375
472
177
-684
938
-349
-118
151
83
-102
167
-326
563
-734
894
-1136
947
-737
484
-205
-299
686
-654
566
-640
816
-421
97
109
32
318
-279
82
355
-360
568
-928
1069
-672
36
273
-318
171
-252
343
-375
222
-64
219
-206
-31
373
24
-599
922
-483
245
-254
61
434
-533
-101
74
138
-372
-38
-350
223
-126
-534
245
-132
-429
184
-34
-652
725
-396
-108
41
-20
347
-784
536
231
-436
-49
46
394
-648
-120
467
-439
-16
240
-433
-121
292
-184
-303
293
-124
-144
61
228
-572
602
-316
-241
299
119
-558
284
-74
109
-31
-598
998
-1193
751
-176
-503
474
37
-410
145
-37
37
-141
184
-74
-294
764
-473
-111
505
-132
139
-675
1271
-1142
359
502
-649
-152
875
-788
22
338
-356
450
-201
644
-531
205
794
-614
195
439
-85
-249
364
679
-1338
1126
-720
673
-399
188
221
-814
1741
-1943
1311
-417
494
-836
737
323
-1146
1432
-1067
753
89
-526
520
228
-127
-389
1129
-1241
1177
-1106
1104
-292
-728
1238
-632
57
143
24
294
-298
344
375
-282
-88
153
537
-630
428
-377
276
390
-836
160
1048
-1429
540
-18
171
-63
-628
824
-136
-308
344
-236
-307
577
-663
364
-86
-356
144
-107
-140
324
-424
356
-932
961
-144
-748
723
-757
784
-724
-57
349
-928
922
-784
219
447
-738
115
-67
217
-535
198
-30
-346
255
193
-716
126
-212
-195
85
-186
90
-133
58
-271
-292
617
-638
-216
162
200
391
-1166
807
-114
-392
10
110
429
-756
493
33
-78
342
-861
750
8
-399
540
-136
329
-385
43
32
581
-774
112
936
-1051
753
-147
107
-81
26
440
-610
710
-118
-367
741
-211
-209
223
313
-490
524
348
-559
592
-419
519
-54
-331
948
-539
481
-4
277
-107
34
241
-213
557
-180
207
-198
508
-209
-116
302
-304
529
-449
569
-418
151
85
-492
156
-550
543
-434
-342
655
-507
-108
-80
-197
196
-326
152
104
63
-168
100
119
-314
88
-257
358
189
-154
276
144
-208
-20
38
-4
92
11
154
-28
-403
26
-72
-292
310
-390
305
-339
247
63
-442
188
-6
127
-90
-15
-15
-47
-83
-397
390
81
-492
170
-208
220
-54
-488
174
26
-389
83
-103
-39
-207
-308
-213
-181
-207
206
-373
-4
-2
-302
-254
-130
-26
-77
24
-44
125
-113
-368
72
-81
76
-41
114
143
-174
90
-351
74
-43
-117
-40
40
-9
-234
89
-208
-274
224
-7
-108
376
4
-41
27
128
96
31
225
227
174
223
265
-164
211
149
41
317
226
106
80
108
89
32
-39
56
106
10
19
0
-111
-145
-49
-57
65
-101
175
-102
-83
122
-216
90
-148
-215
165
46
-1
17
111
127
-152
100
139
143
158
192
146
136
181
-26
64
202
211
3
375
211
-208
117
139
103
138
225
66
62
336
6
48
155
35
38
270
-37
53
20
-146
31
-40
116
-46
-75
-34
2
-99
-4
119
14
70
218
93
63
148
101
85
60
267
215
87
119
-35
35
24
37
-16
-27
-107
-182
-66
-196
-370
-392
-219
-335
-434
-317
-436
-510
-480
-373
-503
-557
-462
-457
-371
-468
-454
-297
-423
-331
-317
-173
-183
-299
-289
-140
-143
-163
-6
-18
-115
-62
46
-105
-79
6
-85
-61
45
-19
-7
-107
-68
-15
25
84
50
121
137
110
61
198
156
44
318
435
339
369
463
477
419
605
626
707
782
874
963
932
1022
901
1056
1106
1164
1381
1364
1410
1267
1270
1264
1327
1358
1483
1449
1389
1268
747
-72
-519
-254
241
212
-378
-678
-1111
-1597
-2043
-1908
-1647
-2048
-2164
-1863
-1791
-2702
-3418
-3193
-2728
-2303
-1928
-1269
-1340
-2078
-2117
-1437
-792
-765
-312
321
601
585
697
898
424
505
1156
1680
1561
986
919
546
177
392
769
705
30
-77
-68
-312
-721
-794
-525
-774
-653
-383
-426
-828
-1078
-590
-62
305
516
748
659
558
925
1413
1676
1804
2210
2600
2720
2788
2775
2809
2937
3154
3734
3734
3465
2998
2690
2597
1237
223
139
1293
1312
-249
-1236
-1686
-2071
-3229
-3297
-2376
-2730
-3900
-4543
-3509
-4062
-5675
-5774
-4363
-3262
-3897
-3380
-2731
-2747
-3457
-2905
-842
-24
45
-63
959
1593
1684
2047
2307
2741
2945
3379
3635
3585
3261
2411
2243
2496
2922
2515
1327
848
422
174
-484
-996
-1589
-2303
-2202
-2297
-2648
-3520
-3723
-3667
-3594
-3230
-2929
-2942
-3348
-2763
-2007
-1761
-1759
-1391
-574
-375
-33
766
1413
1247
1401
2336
2893
2912
2835
3266
3316
3323
3666
3847
3550
3056
3126
3170
2986
2694
2713
2569
2341
2406
2425
2184
1860
1789
2067
2185
2008
1850
1497
1324
28
-1320
-1060
492
1190
-557
-1841
-1923
-1774
-2779
-2966
-1618
-1625
-3313
-4108
-2805
-2847
-4993
-5487
-3481
-1944
-3066
-3530
-2508
-2245
-3120
-2850
-406
527
-391
-1017
141
1481
1451
1412
1846
2258
2239
2291
2691
2891
2543
1761
1734
2300
2629
1852
673
277
562
491
-326
-932
-1129
-1414
-1971
-2175
-2500
-2800
-3186
-2977
-2597
-2668
-3091
-3300
-2857
-2405
-2145
-2085
-2041
-1820
-1556
-1201
-746
-298
102
343
669
1070
1570
1825
2007
2261
2623
2835
2747
2710
2735
2991
3140
3125
3001
2709
2507
2560
2777
3040
2830
2620
2522
2450
2608
2778
2958
2721
2322
2015
2085
556
-1105
-861
1303
1827
-712
-2320
-2154
-1783
-3127
-3091
-1384
-1871
-4434
-5571
-3335
-3200
-5702
-6111
-3599
-2245
-4200
-4662
-2955
-2279
-3553
-3190
-344
598
-898
-1652
328
2130
1971
1754
2403
2880
2576
2470
3307
3952
3542
2647
2536
3151
3166
2227
1262
1469
1733
1203
314
-351
-993
-2418
-2512
-1176
-670
-2457
-4253
-3951
-3345
-3409
-3341
-2634
-2952
-3852
-3335
-2105
-2072
-3000
-2445
-910
-521
-735
-184
424
117
531
2092
2804
1937
1425
2393
3157
3266
3498
3725
3147
2300
2669
3483
3371
2697
2575
2891
2704
2455
2426
2518
2186
2203
2584
3077
2836
2266
1857
1783
1906
57
-974
-249
1854
1489
-1283
-2438
-1788
-1335
-2761
-2373
-879
-1901
-4699
-5337
-2562
-2720
-5392
-5670
-3075
-2440
-4944
-4870
-2619
-1857
-3714
-3621
-889
-342
-2026
-2383
378
2123
1185
634
1362
2185
1866
1992
3233
3853
2985
1740
1992
2950
3058
2185
1613
1789
1680
766
143
42
-102
-823
-1525
-1430
-1559
-2314
-3065
-2677
-2232
-2538
-3081
-3221
-2788
-2842
-2694
-2261
-1967
-2100
-2263
-1709
-1202
-841
-538
-11
392
509
1000
1427
1570
1665
2172
2752
2621
2573
2730
2898
2775
2728
3043
3016
2539
2258
2464
2639
2474
2462
2393
2234
2009
2075
2531
2732
2876
2741
3079
2538
1975
401
-336
1059
2673
3021
214
-1529
-1700
-796
-634
-792
-235
-1798
-3771
-4589
-2924
-2288
-4504
-5417
-4665
-3718
-5080
-5448
-3928
-3245
-4116
-4649
-2896
-2223
-3057
-3124
-1086
1033
536
-378
6
925
1576
2116
3242
3632
2707
1725
1933
3322
3926
3544
2732
2434
2200
1805
1599
1549
1267
16
-293
-14
98
-1514
-2746
-2304
-1521
-1773
-2915
-3070
-3406
-3635
-3163
-2297
-2284
-3829
-3911
-2785
-1757
-1802
-1759
-1065
-1221
-1057
-144
1023
942
645
1356
2060
2270
2219
2681
2976
2651
2856
3409
3450
2850
2620
3181
3354
3205
2793
2721
2585
2606
2781
3166
3074
2820
2611
2802
3099
2147
1673
89
323
1030
2347
1672
-974
-1945
-1678
-343
-1048
-1302
-1468
-2884
-4007
-4338
-2260
-2790
-4864
-5507
-4398
-3478
-4859
-4336
-3187
-3135
-4378
-4163
-2152
-1811
-2326
-2101
-370
517
-240
-270
678
1634
2001
2245
2860
2700
2322
2208
2892
3773
3652
3037
2232
2261
2382
2080
1744
1316
946
175
-209
-253
-691
-1504
-1883
-1614
-1893
-2946
-3365
-3174
-3043
-3015
-2904
-2995
-3888
-3980
-2974
-2107
-2113
-2280
-1824
-1662
-1425
-563
442
571
206
781
1695
2142
2328
2792
3134
2930
3002
3492
3711
3505
3467
3729
3777
3563
3349
3325
3260
3221
3348
3322
3116
2966
2793
2829
2105
2103
1676
364
-261
624
2438
735
-1756
-2368
-516
-578
-2231
-1823
-1126
-2425
-5092
-3878
-1451
-2943
-5543
-5356
-2891
-3790
-5452
-4125
-2241
-3105
-5033
-3649
-1680
-1719
-2569
-1773
-154
-356
-747
-68
967
1564
1422
1636
1826
2152
2399
2252
2535
2939
3017
2303
1897
2243
2340
1826
1091
1092
1050
381
-231
-326
-440
-1388
-2039
-1627
-1378
-2056
-2774
-2610
-2534
-2971
-2923
-2506
-2518
-2941
-2617
-1761
-1653
-1896
-1423
-727
-616
-406
645
1224
950
1162
2166
2562
2222
2508
3285
3239
2797
3176
3672
3335
2805
3035
3263
2842
2552
2937
2846
2263
1946
2218
2091
1918
1736
1589
1473
1559
1478
-327
-1059
-45
1947
1132
-1173
-1711
-933
-914
-1753
-594
70
-1928
-4086
-3112
-786
-1752
-3648
-3368
-2536
-3537
-4671
-2774
-1293
-2322
-3881
-3456
-2194
-2133
-1930
-1337
-888
-1124
-1341
-852
-242
600
946
459
204
756
1588
1320
1214
1849
1942
1230
931
2047
2180
1230
858
1149
1104
154
366
824
346
-521
-669
-368
-897
-1079
-792
-807
-1492
-1732
-1196
-1379
-1748
-1591
-1156
-1363
-1682
-981
-420
-650
-711
26
444
228
521
1317
1548
1277
1457
2011
1856
1647
1901
2129
1840
1501
1806
1863
1592
1367
1421
1136
986
1081
1011
790
461
549
651
503
404
257
280
364
495
733
769
900
341
-156
-227
1055
1865
981
0
-12
518
269
373
862
565
-756
-1266
-395
25
-857
-1565
-1540
-1637
-2325
-2050
-1306
-1462
-2379
-2822
-2502
-2222
-1895
-1588
-1686
-2032
-2025
-1612
-1295
-910
-481
-599
-1064
-1070
-153
250
38
57
245
-2
-186
487
1052
822
555
608
561
476
942
1324
879
470
597
887
650
602
794
479
-30
50
487
319
-186
-134
-8
-220
-345
-74
-74
-455
-431
-133
-98
-314
-131
-95
-387
-378
56
151
-109
-111
161
34
-89
194
464
316
91
421
591
464
520
777
764
516
618
829
798
750
798
826
749
820
920
834
673
781
891
840
876
887
752
524
463
602
565
360
329
347
113
-33
28
72
-87
-211
-231
-338
-532
-589
-588
-672
-834
-929
-975
-1111
-1127
-1131
-1133
-1217
-1249
-1269
-1314
-1267
-1213
-1123
-1141
-1102
-978
-902
-805
-726
-517
-416
-314
-170
-20
80
100
232
361
362
506
621
649
646
624
637
599
618
644
621
560
529
550
525
477
482
452
460
402
464
400
275
205
124
109
17
-47
-86
-239
-274
-267
-272
-304
-424
-439
-490
-491
-415
-372
-348
-367
-343
-223
-138
-52
14
111
239
281
358
442
481
531
536
645
723
726
659
652
634
570
539
529
516
370
265
168
135
89
17
-50
-153
-261
-366
-454
-451
-480
-519
-603
-706
-738
-785
-739
-654
-629
-657
-741
-704
-683
-573
-413
-357
-310
-294
-302
-235
-134
13
119
130
170
180
232
294
330
381
410
444
401
373
375
336
369
362
306
229
206
144
143
180
190
139
16
-4
-46
-62
-68
26
69
-9
-111
-179
-132
-170
-105
13
61
-19
-174
-175
-160
-75
-41
-24
-9
-79
-125
-154
-91
-55
-61
-60
-39
-5
4
-29
-29
15
41
55
55
96
79
48
94
139
171
156
145
169
171
182
154
160
164
161
137
95
107
101
116
109
78
52
45
23
-13
14
-13
-55
-100
-114
-58
-63
-16
-30
-63
-87
-153
-152
-147
-155
-192
-226
-252
-235
-243
-247
-263
-246
-255
-297
-290
-247
-203
-213
-152
-107
-45
-33
3
77
119
151
132
155
185
162
173
214
250
276
260
283
327
343
313
325
379
360
291
257
238
262
219
183
148
45
-48
-71
-43
-81
-239
-285
-311
-312
-322
-261
-209
-190
-226
-280
-251
-216
-208
-164
-48
-18
3
-31
14
115
157
229
246
202
161
92
204
264
278
266
175
70
15
7
42
43
-11
-74
-149
-177
-224
-239
-269
-305
-317
-270
-259
-287
-285
-271
-267
-241
-197
-92
-63
-63
-44
42
122
157
192
187
180
172
223
270
288
287
265
230
232
246
267
251
249
200
217
181
146
146
94
61
-37
-108
-179
-234
-244
-240
-233
-253
-308
-344
-338
-312
-256
-258
-162
-132
-93
-53
-12
77
23
91
157
218
216
204
242
248
230
218
253
259
237
207
218
194
133
80
52
39
-10
10
-39
-133
-206
-273
-322
-291
-293
-310
-373
-405
-422
-445
-388
-325
-290
-269
-269
-247
-223
-221
-170
-139
-112
-95
-58
23
48
73
80
50
25
91
189
243
222
150
134
120
158
207
280
183
97
34
37
53
77
53
0
-38
-68
0
9
40
11
-25
27
50
118
134
146
170
176
162
186
212
227
202
171
184
117
105
103
163
155
105
63
16
37
33
56
83
28
-13
-44
-60
-18
-40
-72
-84
-116
-122
-133
-171
-114
-129
-68
-15
-7
-1
-1
74
184
212
221
212
187
201
218
224
186
135
83
39
39
3
-28
-76
-160
-196
-245
-276
-318
-337
-327
-363
-382
-415
-439
-429
-443
-417
-404
-392
-407
-398
-334
-325
-304
-246
-160
-73
-15
21
83
83
140
214
316
397
363
350
339
381
443
525
521
471
369
353
376
413
439
408
362
298
274
249
273
252
219
112
64
-23
-76
-133
-166
-174
-255
-334
-393
-438
-494
-543
-567
-555
-560
-594
-575
-539
-531
-521
-518
-445
-402
-328
-251
-168
-92
-81
-13
83
162
234
375
441
480
483
503
557
594
699
737
798
736
659
585
620
623
530
484
348
232
110
95
62
-46
-205
-288
-375
-428
-551
-588
-618
-667
-720
-774
-721
-754
-763
-743
-670
-618
-601
-585
-495
-452
-404
-279
-179
-67
-2
44
167
253
286
374
459
571
602
624
692
708
768
808
855
826
809
777
803
855
841
815
759
697
628
560
503
467
381
280
165
80
-34
-157
-221
-321
-426
-521
-604
-716
-827
-865
-877
-884
-883
-911
-922
-925
-918
-886
-814
-763
-720
-668
-548
-515
-459
-339
-253
-123
-8
82
186
252
330
407
493
589
674
706
701
773
738
722
712
725
703
602
486
395
304
209
156
76
-33
-190
-349
-436
-514
-583
-641
-702
-763
-829
-873
-900
-885
-860
-798
-779
-736
-704
-679
-612
-497
-363
-256
-188
-131
-37
59
152
312
461
494
528
561
643
680
743
786
833
794
758
761
757
768
752
753
731
660
574
505
495
474
419
350
304
227
140
72
10
-2
-102
-144
-224
-275
-332
-392
-403
-388
-407
-449
-456
-484
-490
-514
-512
-483
-474
-492
-506
-484
-483
-462
-413
-331
-290
-239
-173
-109
-22
13
131
205
323
384
450
527
534
559
611
641
655
638
577
579
550
509
489
391
305
159
82
116
58
1
-126
-185
-280
-330
-380
-360
-428
-510
-563
-567
-574
-634
-612
-607
-570
-575
-549
-466
-452
-465
-404
-312
-214
-206
-142
-37
50
84
113
208
302
338
357
437
495
506
496
594
645
602
550
575
626
561
559
521
490
385
305
352
321
243
144
83
20
-59
-154
-205
-271
-357
-401
-444
-520
-601
-687
-719
-742
-752
-773
-792
-786
-778
-743
-723
-694
-627
-550
-493
-418
-359
-354
-289
-188
-61
28
80
188
270
368
435
539
582
595
649
682
744
733
745
715
746
724
711
668
569
551
456
431
336
257
131
44
8
-41
-133
-227
-298
-340
-366
-447
-476
-523
-562
-589
-531
-498
-516
-555
-534
-453
-414
-336
-261
-204
-185
-155
-52
66
117
135
212
270
300
316
353
431
451
474
506
487
471
444
508
543
551
493
415
439
434
438
419
383
296
202
133
85
37
-8
-88
-165
-249
-345
-378
-405
-423
-449
-452
-545
-618
-649
-619
-551
-564
-573
-607
-666
-631
-606
-539
-494
-504
-479
-437
-354
-286
-199
-98
3
93
175
266
351
430
487
584
689
740
755
778
811
835
824
812
825
768
702
618
575
490
403
337
261
177
42
-61
-155
-255
-329
-376
-431
-526
-624
-670
-693
-702
-721
-729
-742
-728
-675
-637
-579
-528
-456
-388
-334
-201
-62
60
126
189
301
395
492
576
700
732
751
753
767
782
793
816
820
761
685
601
515
476
455
425
307
192
66
-36
-95
-119
-156
-261
-393
-493
-547
-571
-601
-637
-666
-744
-812
-837
-836
-824
-816
-805
-825
-831
-856
-835
-767
-686
-611
-568
-539
-494
-391
-264
-146
-56
30
90
196
298
398
473
549
606
659
704
738
783
770
783
816
816
802
791
727
668
591
529
459
327
192
95
-28
-166
-304
-427
-505
-581
-692
-749
-824
-899
-957
-942
-860
-857
-852
-840
-743
-642
-593
-508
-391
-286
-203
-71
71
192
240
331
497
623
681
718
796
841
834
838
859
853
799
748
753
683
554
447
393
335
242
149
59
-24
-117
-153
-184
-230
-345
-401
-419
-432
-449
-468
-503
-560
-569
-545
-482
-501
-475
-496
-479
-485
-460
-391
-342
-313
-274
-210
-175
-128
-106
-21
68
168
192
216
275
330
390
476
539
570
551
555
618
612
593
605
641
677
611
567
556
495
426
384
379
274
145
55
16
-49
-165
-258
-293
-380
-477
-507
-538
-570
-634
-631
-635
-620
-604
-582
-494
-449
-404
-377
-366
-320
-217
-108
-10
66
116
149
206
341
441
502
515
527
547
549
569
587
559
513
460
458
443
384
336
283
224
196
195
148
118
45
1
-82
-101
-131
-192
-195
-250
-287
-318
-364
-396
-384
-395
-436
-455
-451
-460
-451
-408
-365
-344
-314
-286
-285
-267
-209
-157
-135
-145
-108
-82
-47
31
108
202
209
242
263
325
380
430
534
514
481
469
500
551
527
498
488
404
303
235
195
163
47
-51
-112
-204
-303
-410
-446
-493
-546
-561
-600
-615
-664
-661
-620
-583
-547
-508
-456
-412
-399
-337
-219
-144
-44
44
108
151
165
247
284
377
443
468
470
432
413
433
486
468
430
368
332
268
216
202
202
195
108
61
43
15
-9
-19
-15
-58
-101
-110
-81
-58
-62
-94
-80
-73
-88
-63
-27
-24
-73
-137
-103
-128
-143
-152
-158
-163
-262
-307
-330
-328
-324
-315
-336
-342
-368
-347
-294
-251
-204
-179
-123
-89
-54
52
98
162
225
280
332
352
415
472
501
531
548
536
543
524
541
520
453
404
313
257
180
86
10
-99
-161
-243
-328
-390
-472
-562
-627
-638
-641
-644
-685
-704
-718
-709
-645
-573
-501
-498
-476
-416
-338
-252
-195
-126
-51
12
95
156
178
209
246
317
366
401
432
388
367
382
448
479
451
437
402
354
337
327
363
343
262
223
198
181
134
103
89
26
-11
-36
-79
-103
-176
-236
-244
-282
-315
-349
-419
-449
-503
-507
-492
-491
-473
-512
-493
-490
-460
-400
-333
-270
-228
-176
-93
-32
56
161
244
331
399
485
523
595
647
728
805
809
839
874
894
888
865
824
773
704
661
632
577
462
385
322
256
192
122
53
-24
-77
-145
-210
-267
-322
-383
-395
-402
-398
-430
-458
-450
-407
-361
-327
-274
-246
-233
-224
-167
-103
-73
-69
-42
-22
2
26
29
78
56
43
52
35
63
71
51
21
25
12
5
33
89
91
48
29
17
63
69
70
61
17
16
4
21
45
-19
-44
-88
-106
-91
-119
-148
-221
-264
-275
-309
-305
-308
-349
-384
-438
-427
-389
-388
-395
-382
-375
-370
-346
-267
-202
-160
-124
-87
-17
22
106
158
222
250
250
292
355
398
376
400
387
371
366
355
370
312
237
158
112
89
37
-8
-56
-79
-153
-196
-206
-216
-244
-276
-294
-338
-374
-398
-377
-356
-329
-330
-333
-311
-277
-230
-210
-186
-158
-136
-160
-164
-122
-84
-49
-31
-19
-8
-13
-29
-26
26
55
14
6
8
1
-3
22
101
111
92
66
90
148
134
145
185
206
188
169
224
275
264
244
234
245
229
197
235
241
217
161
118
110
57
50
49
34
-6
-62
-75
-67
-62
-90
-76
-64
-55
-75
-103
-92
-46
-19
2
48
96
95
89
121
164
168
166
172
185
190
189
218
210
177
147
167
149
102
80
53
32
-13
-36
-47
-83
-99
-93
-68
-105
-156
-159
-184
-191
-170
-103
-89
-126
-171
-183
-141
-120
-104
-110
-111
-141
-158
-150
-116
-52
-25
-46
-68
-53
-57
-70
-46
11
9
-27
-33
-16
-7
-16
18
65
56
3
4
58
91
95
136
160
165
171
177
227
234
237
226
257
269
280
312
289
282
256
238
247
238
195
144
85
26
-4
-6
-1
-31
-83
-130
-185
-199
-185
-168
-168
-183
-178
-177
-184
-180
-138
-108
-112
-119
-127
-105
-133
-122
-114
-110
-100
-128
-138
-137
-129
-140
-152
-147
-136
-140
-146
-149
-129
-156
-175
-134
-119
-145
-193
-181
-139
-107
-77
-33
-39
-64
-67
-31
52
78
77
47
12
2
42
96
119
100
68
51
40
48
68
64
30
5
20
11
7
-22
-28
-34
-73
-41
-52
-49
-52
-9
13
51
95
132
173
199
246
253
254
253
259
291
292
282
290
273
230
202
192
142
94
27
11
-25
-110
-190
-251
-274
-310
-320
-327
-382
-470
-524
-478
-446
-425
-416
-411
-370
-355
-287
-195
-117
-90
-80
-15
71
111
146
172
204
222
240
275
314
321
323
303
323
339
319
312
303
309
221
169
159
117
80
44
16
-24
-71
-103
-95
-110
-138
-142
-155
-149
-174
-168
-146
-116
-92
-46
3
5
6
-8
47
71
87
121
97
92
67
85
134
139
126
104
75
60
62
80
92
76
64
54
93
112
126
123
133
124
110
142
179
187
170
159
147
123
110
103
107
98
54
37
3
-30
-85
-91
-69
-84
-120
-155
-184
-201
-206
-204
-175
-170
-209
-226
-243
-230
-221
-228
-187
-167
-154
-166
-140
-81
-38
4
41
54
31
31
60
92
86
69
31
19
33
67
85
48
23
21
-16
-30
-59
-83
-145
-202
-202
-196
-237
-297
-306
-293
-240
-223
-198
-191
-209
-206
-159
-75
-84
-75
-61
-44
-28
-29
60
82
121
114
127
148
130
163
216
259
246
244
241
239
261
294
310
258
230
238
256
281
251
203
166
156
163
203
180
155
131
108
99
94
84
34
7
2
-39
-66
-106
-124
-151
-153
-141
-158
-192
-247
-236
-220
-210
-219
-212
-231
-254
-250
-206
-145
-112
-86
-37
-23
-19
18
78
138
153
142
137
122
127
156
194
179
126
109
93
132
137
142
125
75
66
74
104
117
73
65
39
37
49
40
53
40
20
-1
-16
5
17
23
41
56
62
34
23
36
54
61
68
79
106
88
71
61
71
63
43
76
81
30
-24
-34
-19
-27
-36
-36
-59
-83
-127
-89
-64
-78
-105
-138
-130
-161
-156
-117
-108
-101
-132
-119
-73
-70
-60
-60
-15
-65
-81
-108
-116
-124
-152
-112
-143
-121
-183
-210
-173
-158
-115
-106
-95
-128
-173
-160
-136
-81
-77
-100
-117
-133
-129
-122
-87
-109
-120
-150
-116
-56
-58
-14
-12
-10
3
30
93
83
92
116
125
125
103
163
219
197
210
196
159
108
91
116
117
74
36
19
-6
20
28
20
-32
-114
-141
-163
-146
-168
-182
-202
-270
-235
-212
-176
-160
-97
-110
-149
-114
-109
-39
-29
10
28
28
40
42
116
122
182
196
214
235
244
268
234
254
241
208
178
142
211
170
203
173
188
90
-12
-90
-256
-287
-945
-797
-1027
-927
-672
-354
261
383
896
897
967
777
397
169
-113
-300
-515
-629
-436
-534
-70
59
511
679
887
979
656
645
109
-27
-467
-430
-520
-483
-252
-124
80
211
252
306
171
166
60
3
-36
-108
-89
-160
-30
-33
170
178
203
51
56
-68
-90
28
128
397
435
634
518
677
325
520
107
387
-311
-1432
-792
-2008
-893
-1268
-263
217
542
1412
709
1243
17
-765
-1288
-2066
-1823
-2197
-1130
-595
156
1531
1393
2583
1801
2384
1104
848
336
-798
-614
-1518
-341
-642
432
1041
1233
1891
1304
1221
646
-184
-624
-1498
-1168
-1781
-1026
-766
-359
283
120
750
40
366
-332
-381
-642
-838
-527
-651
-151
-55
225
472
315
601
469
434
256
114
102
-246
101
-94
156
144
333
362
278
340
31
147
-205
-334
-292
-443
-507
-391
-321
-194
-225
-81
-114
-27
-167
-278
-240
-390
-321
-405
-134
-148
-57
-119
128
79
52
163
-36
-3
-16
-59
-146
133
59
5
179
58
31
69
226
233
287
409
82
90
9
10
-164
-18
180
58
96
150
76
-96
62
-11
-86
39
-192
-265
-115
-241
-52
-147
4
-297
-68
-30
-429
-243
-507
-356
-376
-138
357
72
314
498
100
339
169
337
-202
94
214
11
556
-142
690
140
409
556
592
736
-370
578
231
97
-87
195
330
-131
230
-260
116
114
-328
16
-19
139
-603
111
-318
-711
190
-317
-193
-140
57
-600
-176
-143
-429
-103
-494
41
-327
-117
-44
-396
285
-150
-309
-515
413
-122
-785
354
-421
225
-311
209
-499
195
97
-241
306
-18
270
-577
746
-147
-236
414
-394
139
205
179
20
-132
368
-439
-243
-99
-353
-13
-307
700
-308
100
334
-662
-132
152
-169
-135
287
-79
37
62
-112
366
-652
348
226
-125
336
-226
228
-101
403
21
-40
994
-435
267
356
-398
547
-550
729
-57
-451
508
-174
-429
465
-294
-256
-232
-372
-538
-51
-574
-25
470
-529
-459
91
-492
28
-36
-885
361
-246
279
34
253
-146
-162
557
261
133
34
480
377
265
205
-118
510
63
-78
1094
-110
14
1006
-497
648
145
-383
510
109
226
10
352
252
-81
613
-552
747
-30
-554
1393
-1094
1251
-220
-207
673
-160
1206
-501
573
-268
272
104
-85
334
483
265
-203
169
211
198
-549
-406
1078
-106
-454
377
770
-624
-480
24
-80
220
-438
-184
480
379
-1140
269
234
-892
-382
495
520
-581
26
-336
108
-278
-453
332
-259
-837
204
543
-232
-560
-163
117
-318
-270
213
229
-1011
28
153
-325
-694
-32
278
-383
-254
238
-96
-407
-363
-471
677
-721
-43
855
-82
-395
-145
161
-485
350
-775
270
769
-766
514
0
-385
52
-650
371
-615
108
-433
-66
-298
-485
-233
-459
-405
56
421
-203
-448
-571
734
-608
-11
122
10
88
542
234
16
43
527
-92
227
59
93
756
-444
603
419
516
-639
393
589
-1567
568
-400
42
-373
-795
576
-601
441
-1021
511
-124
-1113
-154
-762
566
-857
-472
646
-582
731
-765
1247
-1138
307
382
-137
1183
-961
645
-67
-110
582
-274
681
129
58
63
457
-444
-1119
1186
-892
52
969
-247
464
-311
843
-546
-32
-307
334
312
136
888
-166
966
305
-460
952
415
-364
1007
144
553
-330
793
337
-44
234
727
56
-340
847
-476
100
-193
-60
-283
-135
-194
-54
66
-360
-268
-591
-77
-230
-1098
351
-513
-224
196
-397
51
-793
743
-814
210
301
-488
498
55
190
-229
148
82
46
-174
713
-423
-73
851
-92
15
44
403
116
-32
195
-399
1017
-786
0
1062
-349
-76
237
613
-745
67
75
174
-453
282
297
-793
971
-904
-26
415
-855
42
35
118
-617
-131
101
-636
415
-563
-73
327
-985
588
-1162
62
51
-524
188
-352
577
-745
587
-407
611
-146
91
-17
136
506
165
52
1313
-144
197
206
115
139
-53
425
-689
1320
-839
620
-354
-264
441
-888
-381
418
-1006
264
-425
-763
476
57
-207
-1012
1259
-1064
-503
866
-1578
227
-358
82
-430
419
115
-846
910
-313
126
-251
258
31
95
528
-517
855
-496
1010
236
-308
1383
-546
429
-96
-12
379
54
418
237
290
376
-164
632
-164
-387
1149
-593
116
953
-62
-179
66
421
-84
227
125
-454
472
-546
-225
285
-407
40
-890
565
-286
-1054
214
201
-812
-347
257
-508
-604
-205
-440
167
-807
340
124
-504
507
-561
587
-415
987
-992
637
481
-279
-306
437
367
-716
825
103
-220
225
432
-833
282
575
-1315
360
-98
44
-521
-85
454
-1147
-63
-29
-471
-554
183
102
-992
628
-400
-244
310
-268
122
204
511
-592
924
120
53
170
752
651
-309
524
984
-243
574
86
504
1
-156
1216
-1058
992
-8
-108
531
-233
51
158
-135
152
429
-498
308
347
-648
280
343
-886
1015
-244
-491
993
-481
-221
817
-567
266
-21
-572
549
-613
-207
-205
110
-154
-352
104
-517
417
-877
133
309
-1115
512
-661
157
-637
19
216
-758
465
-493
-78
125
-470
-80
166
-22
-707
296
111
-1152
622
-237
-406
-6
-166
68
-645
650
-883
568
-669
-73
246
-691
755
-927
304
136
-201
229
-69
-128
324
-49
156
346
-144
-270
905
-456
445
171
-354
1034
-369
-370
1333
-267
-327
931
-115
159
-31
679
-112
484
-572
1396
-918
581
-7
-478
1065
-744
836
-334
284
-562
1089
-546
-173
951
-1337
1074
-761
303
357
-657
-27
448
-125
-566
797
-1105
732
28
-1148
1878
-1549
641
238
-629
506
-374
586
-584
-58
30
23
-584
619
-168
-1001
853
-613
-260
551
-738
40
145
-689
464
-82
-698
473
-18
-574
500
-352
-194
578
-906
966
-75
-929
842
-500
383
-173
-439
788
-462
625
-831
716
-140
-110
738
-632
1455
-1450
1737
-599
-437
1425
-1015
1570
-834
1002
-401
462
693
-1003
1570
-995
1187
-602
262
836
-1116
1037
-658
788
-1015
211
526
-636
299
-670
1030
-881
-159
-96
-162
159
-515
-140
118
-658
521
-875
761
-574
-546
1339
-1268
791
-456
355
291
-58
574
-547
851
-513
764
-644
495
390
-1003
1193
-861
363
140
-634
504
-794
329
-386
-562
400
-972
169
-520
123
-540
-313
49
-495
218
-958
18
-458
103
-456
-212
483
-809
665
-779
174
433
-1206
839
-443
62
-260
793
-453
-636
1580
-1655
811
335
-377
149
-354
340
-534
474
-798
827
-214
263
280
-377
726
-252
96
52
379
122
-41
673
-260
360
294
45
152
-142
909
-977
635
234
60
-454
-13
740
-949
321
-372
732
-371
-322
463
-321
258
-832
824
-209
-532
1086
-908
924
-765
324
859
-816
517
-115
1075
-699
-347
1684
-888
695
-90
1220
-140
300
902
-475
1352
-828
695
-63
119
330
-670
1409
-1289
701
-71
-631
365
-578
235
-765
-271
230
-864
-309
-224
131
-662
-251
239
-836
203
-708
-127
-179
-295
-333
-31
-96
-583
418
-588
453
-243
-471
922
-830
527
-171
363
12
-629
1521
-957
737
-62
234
240
-389
752
-576
558
-687
840
-304
-224
235
273
-515
-163
684
-558
-508
986
-1090
258
-152
-146
-54
-303
329
-1062
961
-1072
376
-283
-785
682
-911
313
-74
-642
616
-305
-179
131
600
-490
570
302
-153
431
296
490
-345
869
665
-745
1159
113
235
456
86
561
-426
1420
-1635
1480
-44
-1009
1121
-755
347
-648
480
-446
-601
297
-862
179
-1082
276
-461
-1213
1003
-1215
96
-158
-186
-574
1
-13
-802
232
-299
434
-815
543
640
-1088
1012
-208
-140
577
-433
1011
-496
497
168
114
345
-111
767
-843
1241
-781
266
735
-821
990
-478
1042
-850
669
603
-869
1178
-793
987
-770
373
373
-302
300
-556
1363
-1144
188
400
-642
642
-991
885
-456
-341
309
-571
505
-884
230
-383
-358
233
-1195
964
-902
-51
5
188
-490
-974
1820
-1602
55
688
-567
476
-254
638
-4
326
327
199
474
106
-63
597
300
86
68
504
457
-455
1116
-501
-49
306
-467
373
-1109
876
-770
-309
102
-903
284
-968
68
-880
122
-603
-805
240
-645
-394
-513
254
-485
-434
247
-237
-224
4
-66
-47
209
93
-164
622
450
-162
802
226
229
-291
1069
119
-69
919
159
207
-104
625
-123
-173
851
-133
-483
1188
-528
20
374
215
-512
-183
841
-1071
734
-392
-256
410
-746
445
-692
484
-325
-208
290
-362
-134
-330
74
-437
79
-91
-174
285
-490
214
-83
-294
-16
-38
215
-314
459
264
64
45
384
-52
-106
748
-226
-184
1089
-131
5
735
523
-478
565
390
-226
447
55
154
124
-20
-14
-357
535
-1048
79
192
-872
-293
-440
-126
-640
-420
-846
144
-659
-984
-24
-964
90
-1023
-655
847
-1417
46
370
-683
-113
-123
596
-998
890
-33
-405
1214
-513
675
280
753
-274
998
905
-642
1059
833
-25
584
839
82
262
773
-267
833
-198
220
444
-306
11
202
156
-569
112
-1
-50
-444
-259
212
-891
-53
-276
21
-596
238
-607
-95
416
-861
212
-540
510
-221
-521
732
-1014
450
210
-238
309
15
818
-508
1152
147
202
687
213
456
-495
1614
-525
-48
782
54
-134
12
1350
-1528
407
343
-845
340
-447
-325
-349
156
-28
-1098
221
156
-969
-307
602
-1159
-453
594
-1047
-17
-40
-574
475
-586
20
-245
-215
98
-3
-757
571
364
-967
888
-57
-117
299
-422
1061
-91
-427
997
-62
-449
1239
-273
-499
1851
-895
813
484
-245
947
-697
762
328
-403
375
145
268
-144
451
208
-564
759
-591
528
-191
-332
606
-1037
433
-793
-513
599
-1282
-54
138
-628
-360
-509
-316
337
-1319
-156
789
-1299
51
85
-258
324
-734
185
-69
-77
387
-640
524
317
-946
986
73
153
427
-143
901
74
156
343
313
-104
665
201
-460
1272
-654
211
733
-973
992
-551
483
-239
-482
792
-998
53
481
-677
-54
165
-118
119
-149
-337
125
-444
186
-192
-449
341
-376
-48
25
304
-1059
899
-93
-754
804
-121
-617
360
246
-437
393
-531
938
-407
17
745
-707
527
378
-436
560
-25
203
675
-359
763
-54
-454
1300
-588
-383
902
-229
-246
225
55
-583
317
-358
475
-905
510
-150
-737
615
-627
-349
-361
334
-918
-350
493
-423
-604
-54
525
-718
-905
1393
-760
-845
754
-166
-446
419
-118
-337
589
-17
-107
-18
435
-280
70
25
845
-987
639
628
-441
148
821
-402
336
-52
689
140
-761
979
245
-1268
998
449
-1316
1080
-547
329
-493
577
-757
-239
-171
405
-756
-351
902
-1221
20
1068
-1785
-51
1325
-2092
875
-390
-439
184
-604
-3
382
-717
210
446
-923
1222
-435
-620
1298
-459
85
456
64
307
423
36
58
820
-285
1003
177
-564
1413
-744
701
162
-687
1426
-1223
520
733
-966
-44
877
-1017
83
470
-961
657
-490
-639
328
-538
65
-503
-394
283
-108
-813
546
-255
-997
1058
-699
-571
1113
-545
-251
741
-183
24
189
-63
978
-396
485
368
116
334
331
-265
726
487
-340
1001
-240
747
30
276
-210
425
461
-411
315
619
-203
-486
710
226
-782
827
-727
130
-360
503
-1034
304
-140
-1534
1337
-1060
-283
-219
166
-1178
117
-550
398
-1348
208
588
-1610
507
-494
310
-725
451
105
-434
158
163
-312
-212
337
-47
-192
329
-201
236
178
-310
-161
880
-715
109
464
-734
826
-677
52
110
-362
3
169
-424
-77
620
-1328
712
-219
-599
76
-396
571
-136
-1163
1049
-113
-243
-420
1073
-706
-275
271
151
-90
-718
995
-847
696
-10
-422
710
-26
-193
30
104
-81
-160
497
-294
413
-214
637
343
-187
571
-99
520
-225
1192
-756
444
680
9
364
-406
1258
-173
446
532
-576
1298
-709
607
-324
164
581
-940
1161
-827
362
-108
390
-662
-225
624
-679
447
-744
-17
321
-588
86
111
6
-25
-209
373
-235
-78
-513
392
-62
-323
179
-12
-90
189
-345
416
-254
231
-551
-39
410
-647
340
-528
115
107
31
-279
232
185
-444
-37
-138
338
-424
-75
438
-491
620
-395
202
-69
-79
230
86
103
-625
819
-305
-331
282
-191
-203
260
-563
165
-625
76
-372
-259
86
-941
296
-430
-43
-952
666
-441
-508
150
-483
304
-583
181
-276
-236
232
-113
338
-209
335
-69
27
760
-854
590
293
-113
89
226
613
-440
13
952
-460
-182
900
-413
-177
46
197
24
-233
-337
241
93
-142
-358
-341
427
-249
-278
-249
1129
-1146
72
744
-626
138
257
-77
-289
719
-68
27
264
57
266
108
123
198
601
-62
176
605
190
176
-60
805
45
-6
487
311
606
-217
670
166
143
417
-169
625
-478
829
340
-190
53
98
849
-879
337
594
-891
506
27
-86
-252
304
-192
-356
245
-498
410
-411
-514
388
-419
55
-427
-10
-60
-567
521
-577
236
-631
648
-190
-781
1192
-908
287
-107
-63
333
-594
866
-244
284
-173
-214
1430
-1074
421
162
146
481
-588
897
-346
-454
43
157
-430
187
-136
-527
571
-815
-406
-18
-1049
163
-1186
89
45
-1250
416
-941
-482
-335
8
-951
-266
292
-1123
365
-889
-106
-43
-839
566
-652
263
-224
620
-616
449
172
-642
1512
-1166
926
503
-334
1000
-224
853
-493
431
218
567
127
-580
1194
-365
534
-667
655
516
-940
816
-708
227
-114
-603
450
-621
169
-582
-307
195
-412
-239
-375
222
-996
-190
649
-1210
230
37
-40
-535
272
70
-334
415
-122
243
520
-275
90
652
447
-532
585
602
51
300
64
1490
-141
-10
605
423
37
357
629
-525
970
-148
101
789
-271
235
-258
410
-199
143
228
-649
430
-363
153
-425
-139
-93
152
-351
-417
470
-478
-348
65
-286
-221
289
-801
597
-111
-141
336
-122
69
219
135
-290
1111
-326
-104
695
-194
342
535
-25
375
206
451
849
-119
265
378
310
54
27
540
262
-200
356
412
-556
-59
244
-265
-30
-294
-61
-187
-164
-631
-296
67
-816
-203
-642
30
-800
-458
722
-1622
-605
110
-500
-1083
-7
508
-1508
535
-465
-73
-644
-84
358
-1075
776
-958
447
14
-26
203
77
352
-766
652
520
-766
690
143
251
-557
304
681
-660
463
139
205
-623
164
139
-440
252
-138
-189
-87
-742
394
-304
-236
-250
-31
348
-545
-104
-170
562
-975
-56
396
-20
16
40
312
-69
576
-166
75
572
163
-61
499
787
151
190
631
339
476
175
239
835
156
257
283
832
-185
302
1006
-1033
865
-30
-157
308
-5
114
-214
509
-787
199
146
-469
-171
230
-84
-945
589
-152
-1084
242
-325
-434
-560
54
-570
-478
327
-534
71
-288
-13
-396
-301
636
-999
384
361
-486
39
565
74
-291
378
-208
-731
1102
171
-286
479
333
-167
-183
477
-420
249
212
-60
-76
212
-138
-621
-218
193
-245
-414
371
-31
-877
438
-950
-357
515
-988
-111
122
339
-575
-484
-31
-354
-82
-345
596
-267
77
349
-709
292
283
-392
519
973
-453
391
1155
-517
294
283
216
623
-432
1380
-52
-502
1552
182
-297
245
574
-240
29
728
-209
431
72
-253
-10
-87
102
-479
349
279
-413
-216
-1
-475
-12
-147
-743
155
-111
-375
-90
60
-257
-307
-406
59
-162
-9
-60
82
123
-449
-37
-28
-174
182
412
302
-197
470
231
-581
62
305
235
5
814
467
-50
397
259
-448
475
506
-370
843
365
74
-105
188
-226
-292
168
-508
328
348
-279
118
-54
-138
-486
-119
-252
-521
-31
38
-22
-281
249
-372
-706
-152
-152
-169
9
347
81
173
118
-253
123
-58
-543
-113
564
-703
400
698
-368
467
-174
91
361
-80
280
277
-149
195
561
-270
-467
148
-79
-493
-365
478
-276
-540
162
-375
-573
-304
-459
-350
-184
-717
-423
149
-466
-595
137
-141
-608
-510
191
-345
-799
309
269
-338
-160
396
-270
-448
169
-2
228
306
-146
38
529
183
-283
365
293
-181
82
257
240
-79
254
336
305
-297
158
414
-184
36
124
147
265
224
-2
157
265
-317
94
607
174
43
475
555
-214
211
545
236
79
799
447
-453
595
214
-35
503
485
280
-9
110
-181
-158
309
-272
58
297
70
-389
71
125
-634
-47
223
105
-84
295
35
-385
-161
-153
-245
125
428
-31
139
41
-299
-10
120
-206
-33
356
30
217
34
-262
108
182
222
-69
339
85
-457
-101
67
-298
-226
262
114
-116
60
86
-191
-297
-54
86
18
94
-171
-128
-224
-546
-261
125
-217
-164
262
-75
-270
-84
-199
-47
20
-71
183
57
-143
-155
91
-89
26
260
235
124
66
45
-139
-38
341
155
153
370
67
-92
42
138
-2
150
375
98
171
327
-10
-101
138
124
-104
259
129
-198
13
-132
-193
-249
-193
-197
-151
-239
-378
-124
-420
-380
-183
-125
-125
-198
35
-204
-281
-206
-161
31
175
163
-163
123
-25
-451
24
13
-108
107
266
17
-61
133
-113
-134
132
145
164
238
193
-88
-246
-140
-224
-186
158
153
29
154
114
-372
-410
-164
-329
-137
74
48
-45
-158
-326
-632
-360
-358
-233
178
81
-8
-154
-256
-429
-434
-229
-30
129
325
292
-9
-203
-198
-296
-273
136
379
420
476
220
76
-47
-137
-65
327
550
396
527
552
98
-206
18
-24
12
326
395
305
226
-47
-165
-178
-187
-84
147
262
190
57
-46
-111
-385
-299
-94
-86
162
129
86
-66
-279
-400
-432
-231
-152
74
159
83
-45
-143
-156
-332
-153
-25
59
197
284
244
135
71
-117
-209
-52
93
121
310
320
318
-3
-20
-54
-105
155
172
305
245
282
107
-107
-68
-112
-131
-26
144
27
102
28
-160
-164
-264
-310
-212
-35
66
-56
-19
-69
-287
-252
-220
-246
-209
-21
47
2
-66
-16
-16
-63
-27
147
151
136
146
135
101
139
173
156
190
198
241
177
192
118
216
76
103
181
173
286
23
138
141
34
-31
-7
173
-85
-41
-47
-46
-57
-118
-102
-62
-69
-84
-9
-1
-50
40
21
-17
106
121
-68
-64
121
-65
-37
109
41
-106
-6
4
-56
37
112
4
117
176
11
70
92
-75
-65
43
-32
-45
62
85
-72
10
21
-115
-23
86
-5
-83
64
-78
-128
-84
-134
-164
-175
-99
-205
-163
-87
-250
-176
-128
-212
-144
-91
-104
-154
16
-85
-93
-9
-79
-112
-133
-17
-66
-49
84
94
49
89
91
33
12
36
18
62
54
44
173
110
24
11
16
-43
-43
63
43
-6
-11
9
-55
-62
-5
20
38
84
63
9
44
-51
-46
-78
-55
-2
-60
55
18
8
28
20
7
-20
-26
-32
61
78
104
90
144
134
2
80
110
66
19
16
84
24
102
96
62
50
40
7
-27
15
33
-28
4
9
-28
23
-41
10
-24
-35
9
46
6
79
64
-74
-14
-74
-114
-122
-68
-39
-46
-51
-150
-121
-200
-250
-250
-242
-158
-219
-118
-49
-161
-135
-146
-128
-119
-83
-23
-41
-24
-19
-8
25
-133
-252
155
204
21
82
162
76
-102
-2
59
72
111
-8
57
166
103
-78
-112
88
-34
-144
-75
1
-23
-119
-57
4
-39
-174
-115
63
-60
93
-90
-150
-81
-161
-72
-116
108
52
-99
33
125
48
-74
186
130
31
116
81
184
78
174
54
189
203
27
120
67
209
50
53
192
56
106
155
211
214
139
147
117
130
126
169
173
75
105
46
71
53
112
147
146
188
127
140
92
85
51
88
109
78
116
65
18
53
1
-5
-22
8
3
20
79
54
33
-53
-21
33
-26
-31
10
-38
43
-57
-47
-5
-145
-110
-79
-48
-52
9
-14
-49
-45
-67
-85
-86
-67
-68
-64
-56
-39
-116
-167
-151
-223
-233
-207
-191
-209
-181
-187
-185
-162
-187
-183
-215
-130
-69
-119
-59
-51
-127
-165
-153
-119
-122
-79
-30
-67
-50
-66
-79
-71
5
-11
-67
30
-39
-111
-43
-57
-72
-67
-42
-52
-31
-27
-27
49
41
9
73
63
33
49
83
43
95
116
135
141
141
133
83
89
74
8
36
106
27
24
79
44
17
61
43
42
42
45
27
23
29
-27
-9
-42
-38
2
-36
-27
-65
-86
-70
-38
4
-11
21
81
76
49
57
49
18
10
-5
56
86
73
120
72
81
67
114
67
83
116
76
93
55
80
21
22
5
62
27
37
73
-10
22
1
9
-36
-24
-49
-30
39
33
65
-21
48
-20
-35
30
40
79
87
154
59
56
63
74
92
100
165
150
203
183
225
192
219
224
182
248
228
275
215
262
240
146
182
150
92
110
149
107
127
102
66
69
24
24
-36
-73
-89
-164
-170
-211
-251
-302
-328
-374
-409
-408
-452
-472
-452
-405
-394
-385
-400
-364
-353
-342
-258
-263
-221
-198
-150
-189
-141
-108
-179
-112
-111
-23
47
38
77
86
60
17
68
108
81
93
91
61
24
11
