-5
0
5
9
14
18
18
15
9
2
-2
-5
-10
-11
-16
-22
-25
-32
-37
-37
-42
-38
-35
-29
-23
-18
-19
-15
-9
-7
0
1
5
4
3
4
3
-3
-7
-8
-13
-14
-16
-17
-13
-11
-7
-6
-8
-2
5
4
1
4
7
12
18
17
20
25
30
30
30
28
30
24
17
18
17
16
12
7
2
3
2
5
7
3
5
8
9
17
24
30
37
41
42
42
39
40
45
44
55
64
70
78
87
91
100
106
106
110
107
109
113
112
111
109
95
80
74
64
57
48
44
43
40
38
30
26
18
12
10
5
4
4
11
16
15
12
11
11
13
15
15
20
23
25
29
33
35
39
44
47
48
45
45
45
43
49
51
45
40
32
24
18
19
12
9
3
-3
-10
-19
-21
-26
-26
-31
-34
-41
-45
-47
-52
-59
-65
-68
-68
-62
-51
-45
-47
-46
-41
-39
-46
-51
-58
-68
-83
-86
-88
-87
-92
-99
-104
-112
-113
-115
-111
-105
-96
-92
-86
-79
-77
-69
-73
-73
-72
-71
-73
-67
-63
-62
-54
-48
-44
-49
-57
-58
-61
-61
-55
-56
-61
-57
-49
-40
-37
-40
-52
-69
-82
-87
-92
-103
-107
-111
-115
-118
-111
-98
-93
-89
-80
-68
-55
-38
-28
-33
-37
-26
-15
-9
-1
0
1
-6
-4
-5
-2
4
5
3
-5
-8
-11
-11
-19
-38
-53
-67
-87
-89
-78
-73
-70
-61
-54
-61
-71
-65
-48
-25
-3
9
10
3
7
14
24
45
61
80
89
104
117
116
111
111
123
133
148
143
157
116
73
65
114
143
117
136
104
91
101
167
197
165
185
182
196
217
254
275
293
345
330
289
310
329
319
300
336
309
201
126
64
-4
-34
20
11
-169
-348
-373
-333
-348
-387
-368
-432
-567
-590
-476
-383
-402
-392
-362
-336
-288
-179
-50
23
64
118
180
231
272
333
411
449
463
449
426
362
312
311
287
205
112
5
-87
-165
-167
-183
-215
-315
-752
-1016
-683
-14
-147
-801
-994
-745
-517
-353
-13
-44
-403
-457
-193
108
277
373
226
38
232
461
519
467
507
519
483
521
448
337
321
441
505
439
306
169
56
85
269
418
357
143
63
74
164
348
513
460
244
192
276
406
562
619
428
15
-231
-93
282
411
58
-393
-515
-453
-489
-473
-345
-450
-855
-1034
-846
-695
-783
-830
-701
-635
-645
-589
-448
-344
-237
-21
191
203
91
128
365
592
727
808
755
512
307
414
659
707
541
343
152
-52
-129
-15
77
-57
-314
-477
-523
-532
-498
-410
-379
-461
-534
-496
-409
-334
-206
-52
22
12
26
104
180
286
419
508
470
366
334
361
388
393
381
325
151
9
-40
12
-16
-71
-139
-471
-780
-690
-136
-110
-609
-899
-706
-553
-569
-319
-143
-361
-619
-480
-153
-20
-7
-31
-103
-16
162
266
194
177
232
228
209
200
133
53
84
200
223
119
39
-61
-66
10
171
187
60
11
9
46
147
316
343
198
181
270
357
457
517
450
275
340
480
496
486
494
447
313
375
475
420
305
261
217
200
245
261
152
112
131
116
148
81
-160
-414
-224
85
-27
-390
-544
-464
-461
-428
-263
-255
-504
-735
-662
-481
-423
-422
-453
-498
-500
-378
-231
-207
-201
-151
-86
-41
-15
33
49
77
123
158
172
101
-27
-108
-65
-12
-121
-309
-415
-432
-443
-493
-501
-526
-646
-733
-671
-524
-519
-614
-616
-541
-445
-360
-244
-184
-156
-57
52
136
206
291
338
363
435
476
478
472
510
502
507
515
512
506
480
487
444
552
639
687
625
585
711
811
1000
1020
1062
1009
997
1039
999
1068
1075
1175
904
601
276
-214
-555
-218
599
59
-1445
-2143
-1344
-841
-1313
-1433
-1175
-1540
-2467
-2274
-1071
-631
-1228
-1549
-960
-549
-617
-363
300
647
479
615
1022
1095
864
1064
1660
1823
1434
1105
1043
795
516
700
1026
663
-176
-573
-507
-602
-773
-562
-427
-945
-1599
-1552
-1049
-839
-876
-739
-552
-663
-751
-365
226
485
480
601
757
727
708
980
1289
1288
1135
1053
943
699
594
718
765
507
177
-50
-202
-395
-625
-928
-1082
-791
-597
-969
-1648
-1621
-1136
-820
-734
-696
-797
-1060
-886
-385
23
152
39
-141
-148
260
713
813
770
721
668
588
629
728
702
685
668
615
462
254
104
36
74
145
148
5
-154
-184
-3
134
252
302
267
171
214
467
642
760
833
884
826
935
1196
1388
1365
1433
1644
1710
1572
906
-160
-866
31
1532
1233
-1024
-2619
-2037
-1075
-1090
-1183
-1012
-1758
-3352
-3557
-1889
-726
-1394
-2379
-2167
-1596
-1459
-1144
-263
286
59
-47
449
781
588
746
1572
2146
1851
1379
1202
936
619
910
1573
1421
337
-509
-626
-605
-648
-367
-118
-758
-1866
-2185
-1551
-1008
-1010
-1055
-1022
-1247
-1494
-1079
-181
303
225
193
377
437
450
847
1373
1575
1305
740
59
-25
849
1555
1062
-116
-664
-693
-539
-159
152
-279
-1169
-1497
-1219
-855
-608
-533
-737
-906
-750
-447
-252
-17
243
400
494
555
535
504
782
1228
1489
1397
1108
854
754
946
1283
1523
1316
857
566
594
818
1065
1305
1223
954
785
894
1206
1417
1459
1194
1060
1054
1088
654
-457
-1079
-201
1476
810
-1722
-2972
-1700
-763
-1461
-1594
-1127
-1934
-3821
-3722
-1566
-609
-1770
-2775
-2213
-1535
-1598
-1197
-147
252
-324
-366
447
821
564
848
1764
2029
1482
1160
1296
997
556
871
1508
1104
-139
-662
-452
-558
-899
-602
-230
-1027
-2239
-2249
-1346
-967
-1242
-1202
-978
-1252
-1511
-966
-21
278
41
66
315
353
378
803
1281
1188
991
696
-110
-721
144
1644
1297
-371
-1254
-1086
-859
-352
440
102
-1198
-1799
-1285
-613
-207
-35
-416
-945
-868
-286
254
557
627
489
505
704
767
766
1072
1560
1671
1485
1278
1146
1026
1088
1487
1756
1543
1085
922
1012
1165
1474
1874
1827
1515
1296
1462
1602
1751
1867
1714
1463
226
-1255
-1471
832
2287
142
-2856
-3031
-1316
-1382
-1974
-1281
-968
-2935
-4753
-3363
-1135
-1177
-2516
-2494
-1540
-1599
-1695
-649
559
416
80
766
1308
892
734
1877
2784
2400
1692
1639
1432
690
652
1600
1836
460
-799
-775
-627
-1151
-1216
-525
-758
-2207
-2966
-2225
-1534
-1682
-1696
-1335
-1497
-2048
-1769
-674
-29
-41
31
341
301
210
732
1436
1565
1238
1382
1036
-73
-611
664
1933
1062
-539
-1316
-1168
-973
-271
332
-342
-1642
-2259
-1729
-987
-508
-498
-1015
-1414
-1392
-827
-119
365
352
132
284
523
608
698
1219
1703
1701
1453
1324
1357
1371
1501
1887
2059
1732
1250
1214
1474
1593
1733
1902
1929
1665
1537
1728
2021
2042
1811
1471
1434
739
-778
-1370
364
2154
391
-2689
-3286
-1439
-1093
-1913
-1572
-1223
-2952
-4864
-3551
-1150
-1122
-2667
-2796
-1926
-1944
-1860
-471
652
140
-342
625
1314
832
852
2284
3161
2390
1749
2005
1896
1067
1159
2264
2240
567
-564
-259
-113
-721
-782
-218
-799
-2335
-2797
-1887
-1384
-1691
-1676
-1477
-1915
-2355
-1710
-640
-306
-439
-247
-145
-329
17
887
1405
1042
963
933
242
-350
340
1636
1321
88
-820
-857
-710
-146
407
-7
-1024
-1732
-1511
-985
-474
-434
-884
-1325
-1402
-1054
-489
29
173
-55
-112
16
217
445
873
1344
1460
1271
1050
1087
1300
1576
1821
1863
1536
1198
1191
1466
1775
2036
2163
1951
1768
1764
2016
2202
2241
2008
1569
1302
105
-1075
-796
1435
1782
-1119
-3487
-2690
-1046
-1517
-1846
-1313
-2090
-4519
-4837
-2218
-894
-2242
-3251
-2523
-2206
-2566
-1405
423
391
-836
-343
1152
1117
552
1539
3081
2679
1536
1755
2381
1780
1152
1946
2528
1272
-343
-272
356
-55
-667
-460
-563
-1826
-2700
-2106
-1374
-1621
-2022
-2026
-2253
-2565
-2000
-966
-636
-794
-648
-410
-581
-156
952
1559
966
271
356
424
694
1296
1785
956
-177
-352
263
599
445
276
-290
-922
-1055
-601
-258
-499
-949
-1139
-1031
-859
-726
-502
-294
-232
-328
-171
73
199
425
894
1335
1251
1035
1150
1570
1776
1876
1948
1853
1677
1667
2141
2467
2435
2246
2131
2225
2388
2655
2467
1932
1500
1485
1728
671
-983
-1418
261
1162
-1046
-3486
-3209
-1643
-1990
-2599
-2149
-2471
-4544
-5209
-2791
-1266
-2531
-3798
-3023
-2291
-2434
-1464
267
250
-1085
-526
1437
1721
865
1472
3025
2837
1605
1837
2752
2257
1351
1887
2517
1369
-260
8
987
495
-599
-718
-609
-1547
-2281
-1665
-1083
-1756
-2474
-2190
-1891
-2082
-1903
-1079
-829
-1040
-953
-406
-364
-657
-189
320
585
273
254
176
240
565
984
955
423
195
139
343
460
478
199
-272
-480
-329
-46
63
-57
-205
-238
-97
-70
4
155
300
493
546
706
833
975
1129
1328
1462
1518
1533
1560
1817
2003
2115
2006
2045
2299
2593
2559
2470
2465
2520
2216
1847
1800
1825
1600
-206
-1529
-962
1147
834
-2224
-4110
-2926
-1578
-2329
-2625
-2524
-3660
-5513
-4576
-1847
-1743
-3806
-4169
-2778
-2450
-2435
-839
394
-676
-1601
350
2231
1426
733
2154
3487
2478
1631
2698
3234
1928
1409
2543
2592
734
-307
755
1104
-300
-1169
-782
-977
-2127
-2360
-1610
-1799
-2853
-2910
-2166
-2137
-2484
-2042
-1283
-1258
-1275
-956
-844
-951
-306
746
782
172
-90
479
1043
1475
1562
1096
453
380
932
1257
1016
372
-63
-209
-106
165
241
24
-387
-542
-204
23
-108
-292
-85
296
393
365
475
670
797
1097
1450
1508
1319
1365
1882
2352
2417
2387
2390
2540
2641
2902
2961
2897
2568
2000
1780
1635
1932
491
-1409
-1501
522
979
-2039
-4344
-3462
-1763
-2618
-3190
-2751
-3490
-5426
-5038
-1971
-1392
-3670
-4375
-2616
-1971
-2265
-808
841
-62
-1510
279
2819
2161
887
2094
3803
2983
1697
2659
3568
2287
1355
2443
2773
982
-344
698
1399
73
-1060
-844
-1008
-2100
-2331
-1551
-1694
-2849
-3070
-2344
-2285
-2523
-2031
-1295
-1405
-1879
-1546
-1077
-591
-108
475
299
-225
-225
534
1405
1493
1088
523
440
717
940
993
777
232
-202
-139
267
406
74
-232
-231
-257
-303
-277
-185
-42
-37
118
340
438
451
574
988
1426
1493
1401
1562
1971
2297
2358
2521
2663
2711
2727
2936
2971
2941
2542
2154
1830
1845
1863
-19
-1623
-1226
922
552
-2237
-4042
-3376
-2569
-2864
-2483
-2767
-4431
-5813
-4448
-2300
-2448
-3687
-3578
-2943
-2833
-1793
55
475
-597
-580
1418
2408
1827
1983
3011
3433
2877
2867
3341
3017
2156
2251
2593
2024
898
399
696
541
-175
-811
-1236
-1653
-2025
-2161
-2233
-2502
-2923
-2977
-2815
-2571
-2370
-2173
-1918
-2148
-1945
-1287
-499
-396
-533
-328
115
455
660
1159
1230
1132
1146
1283
1372
1223
1047
899
643
469
479
337
181
181
98
-16
-223
-278
-59
-1
86
143
67
116
299
565
819
954
1042
1165
1243
1514
1831
2048
2263
2448
2630
2622
2547
2643
2928
3022
3054
2509
1868
1198
1383
1215
-451
-1454
-748
441
-1425
-3875
-3921
-2275
-2533
-3652
-3353
-3644
-5099
-5517
-3272
-2069
-3538
-4489
-3399
-2708
-2695
-1230
437
-51
-1261
-193
2096
2246
1603
2442
3448
3082
2412
3062
3653
2935
2229
2618
2607
1637
822
945
1144
478
-318
-803
-1195
-1574
-1793
-1866
-2076
-2527
-2880
-2834
-2678
-2393
-2228
-2056
-2090
-2346
-1870
-1035
-447
-650
-745
-391
192
491
751
987
862
940
1244
1380
1212
1042
989
881
643
718
899
566
195
290
481
463
145
113
277
209
214
376
507
526
543
716
942
970
1120
1422
1693
1852
1864
2110
2356
2597
2697
2817
2838
2889
2916
3056
2950
2365
1920
1761
1762
82
-1179
-686
866
-37
-2899
-4007
-2871
-2265
-3171
-3141
-3322
-4849
-5895
-4287
-2347
-3157
-4605
-4026
-3039
-3044
-2190
-332
-100
-1268
-972
1275
2162
1334
1704
2956
3225
2559
2806
3567
3173
2233
2410
2784
2055
992
775
1049
549
-368
-847
-1157
-1614
-2036
-2154
-2344
-2848
-3236
-3044
-2792
-2775
-2794
-2623
-2375
-2740
-2418
-1481
-732
-969
-1321
-880
-71
352
441
846
861
941
1282
1601
1628
1372
1277
1387
1275
1085
1165
1041
801
796
853
898
541
231
462
651
666
615
583
697
725
784
1030
1100
1113
1289
1631
1831
1817
1856
2161
2450
2465
2524
2516
2582
2474
2646
2666
2182
1365
1021
1166
-106
-1217
-999
274
-650
-3227
-4094
-2781
-2259
-3260
-3348
-3393
-4481
-5311
-3963
-2297
-2986
-4089
-3472
-2660
-2662
-1757
-29
212
-737
-385
1567
2097
1455
2000
3178
3286
2544
2671
3211
2859
2183
2453
2595
1743
685
495
785
421
-350
-915
-1373
-1878
-2121
-2168
-2263
-2687
-3061
-3064
-2866
-2796
-2960
-3059
-2651
-1994
-1624
-1695
-1826
-1560
-921
-192
222
173
-96
75
650
1235
1466
1272
1006
835
997
1403
1547
1297
995
947
1144
1266
1161
1063
982
1067
1226
1272
1266
1185
1163
1319
1410
1431
1500
1592
1842
2048
2067
2062
2116
2318
2585
2532
2407
2306
2240
2175
2025
1729
1179
768
-220
-1206
-1180
-308
-322
-2470
-4292
-3910
-2715
-2854
-3472
-3852
-4601
-5315
-4704
-3005
-2782
-3849
-4047
-3085
-2449
-1891
-645
150
-80
-131
1205
2397
2266
2255
3130
3822
3659
3291
3402
3388
3020
2922
2928
2431
1546
929
852
791
300
-447
-1174
-1646
-1852
-2076
-2341
-2669
-2997
-3180
-3208
-3068
-3133
-3151
-3024
-2631
-2072
-1800
-1769
-1686
-1217
-451
162
233
159
266
619
1201
1571
1512
1171
918
1080
1495
1657
1534
1293
994
934
1062
1247
1269
1008
912
1050
1122
1109
1104
1171
1309
1359
1383
1456
1464
1696
2132
2374
2356
2325
2471
2824
2905
2892
2802
2743
2545
2211
1791
1499
1194
-277
-1223
-866
108
-947
-3407
-4411
-3375
-2904
-3603
-3905
-4442
-5470
-5872
-4490
-3272
-4041
-5010
-4408
-3609
-3312
-2255
-895
-805
-1430
-763
1122
1781
1471
2013
2970
3202
2917
3117
3533
3339
2966
3126
3034
2333
1494
1233
1406
1165
491
-294
-894
-1246
-1375
-1486
-1690
-2158
-2723
-2874
-2835
-2789
-2818
-2772
-2552
-2467
-2327
-2110
-1798
-1496
-1042
-558
-334
-345
-270
148
647
959
1017
908
847
921
1140
1407
1459
1297
1085
1052
1195
1304
1224
1131
1116
1124
1197
1202
1244
1313
1325
1411
1434
1448
1510
1736
2101
2330
2253
2185
2343
2592
2694
2757
2684
2508
2142
1816
1555
1017
1259
819
-329
-1252
-1001
-352
-1438
-2988
-3175
-2533
-3061
-3510
-3538
-3734
-4356
-4442
-3411
-3104
-3701
-3712
-2881
-2562
-2205
-1339
-748
-731
-831
206
1342
1429
1490
1870
2305
2546
2547
2696
2748
2426
2262
2176
2025
1739
1154
887
768
407
-122
-596
-794
-971
-1323
-1601
-1768
-2077
-2246
-2086
-2088
-2201
-2339
-2167
-1893
-1788
-1524
-1254
-1169
-1172
-777
-284
21
35
68
259
457
675
761
697
538
493
551
613
618
535
450
363
386
437
434
443
455
576
743
858
906
956
1184
1417
1534
1593
1754
1947
2153
2349
2529
2703
2748
2811
2939
3089
3123
2969
2818
2706
2492
1934
1603
1059
-349
-1022
-415
493
-877
-3294
-3955
-2872
-2699
-3217
-3357
-3998
-5120
-5387
-3711
-2732
-3680
-4412
-3677
-3099
-2843
-1641
-439
-534
-1434
-880
897
1805
1938
2007
2073
2196
2535
3075
3426
3076
2502
2261
2217
2163
1606
1193
1298
1142
219
-719
-822
-678
-1053
-1624
-1768
-2103
-2733
-2853
-2300
-1898
-2264
-2718
-2612
-2351
-2017
-1470
-1004
-1069
-1337
-1150
-373
223
291
227
267
558
889
1094
1088
943
758
810
998
1080
999
808
804
869
794
737
709
698
723
770
888
870
829
993
1268
1396
1307
1349
1510
1756
1981
2195
2328
2385
2312
2516
2777
2834
2754
2643
2626
2563
2243
1680
1214
-261
-1113
-614
431
-211
-2677
-4115
-3356
-2577
-2833
-2973
-3641
-4896
-5699
-4599
-2995
-3088
-3993
-4053
-3754
-3462
-2263
-770
-376
-888
-786
416
1130
1308
1980
2702
2974
2813
2865
3198
3300
3149
3088
2908
2587
2022
1455
1420
1369
917
145
-432
-696
-1078
-1510
-1596
-1665
-2209
-2677
-2700
-2520
-2435
-2620
-2579
-2318
-2241
-2110
-1786
-1416
-1111
-977
-878
-486
-243
-106
167
442
632
628
625
781
877
816
824
927
876
791
743
836
923
800
774
821
783
725
788
975
1071
918
895
1034
1180
1211
1277
1458
1562
1645
1677
1856
2100
2171
2147
2148
2292
2351
2314
2234
2245
2115
1590
1182
18
-1013
-820
386
307
-1967
-3887
-3413
-2204
-2351
-2694
-3278
-4277
-5162
-4439
-2874
-2825
-3875
-4168
-3661
-3366
-2522
-1341
-976
-1347
-1219
-29
766
764
1102
1846
2404
2677
2696
2649
2696
2782
3029
3000
2707
2266
1631
1459
1625
1468
732
7
-272
-504
-1019
-1356
-1420
-1788
-2285
-2510
-2428
-2391
-2544
-2436
-2354
-2407
-2436
-2305
-1844
-1473
-1220
-1220
-1115
-880
-496
-237
93
312
230
219
462
854
836
653
621
828
835
841
1058
1121
975
812
937
1224
1178
1012
1010
1073
1167
1261
1373
1532
1539
1417
1445
1655
1944
2045
1976
2007
2051
2167
2282
2452
2505
2394
2287
2299
2364
2284
2189
1658
1224
-70
-1171
-833
407
384
-1970
-3902
-3511
-2250
-2339
-2618
-3137
-4153
-5090
-4475
-2835
-2621
-3559
-3975
-3560
-3218
-2286
-1024
-621
-1017
-956
192
1071
1136
1469
2156
2637
2795
2811
2818
2857
2886
3012
2954
2550
2091
1467
1330
1454
1260
521
-256
-501
-702
-1075
-1407
-1517
-1932
-2390
-2527
-2400
-2271
-2322
-2184
-2111
-2240
-2327
-2031
-1436
-1021
-1030
-1171
-1071
-760
-360
-77
115
104
5
63
312
513
571
480
289
214
324
529
660
647
655
693
566
497
610
828
956
913
892
930
944
1076
1375
1605
1530
1413
1581
1802
1894
2033
2180
2244
2165
2143
2346
2323
2315
2261
2307
2113
1977
1727
1255
754
-521
-1205
-798
250
-324
-2530
-3955
-3197
-2225
-2418
-2702
-3310
-4315
-5027
-3962
-2460
-2502
-3403
-3558
-3171
-2905
-1859
-451
-120
-653
-530
664
1354
1412
1915
2620
2834
2715
2781
2972
3052
2930
2887
2624
2227
1815
1358
1238
1173
831
72
-555
-832
-1073
-1449
-1701
-1814
-2220
-2582
-2772
-2635
-2484
-2324
-2190
-2125
-2167
-2312
-2011
-1395
-650
-628
-1101
-1223
-586
109
469
500
360
250
270
730
1081
985
618
457
495
608
738
815
700
426
349
579
678
545
415
470
612
595
588
762
969
1028
1099
1205
1306
1308
1402
1701
1923
1841
1679
1843
2148
2263
2140
2069
2176
2103
2072
1988
2023
1513
978
398
-644
-1059
-537
371
-816
-3043
-3871
-2644
-2085
-2526
-2924
-3481
-4453
-4867
-3425
-2314
-2778
-3737
-3593
-3146
-2619
-1439
-429
-497
-948
-427
680
1158
1409
1975
2306
2412
2591
2814
2851
2753
2788
2816
2475
2169
1789
1407
1277
1184
799
70
-418
-669
-986
-1378
-1554
-1816
-2293
-2601
-2625
-2540
-2568
-2456
-2269
-2165
-2205
-2092
-1870
-1505
-1007
-803
-828
-785
-417
47
372
527
687
689
759
1046
1238
1235
1129
1053
1006
1028
1112
1157
922
708
753
828
781
664
571
491
413
480
680
746
734
744
814
943
1045
1223
1322
1341
1363
1471
1628
1782
2008
2135
2124
1985
1999
2127
2272
2248
2071
1515
1111
471
-489
-719
85
691
-878
-3044
-3299
-2044
-1797
-2334
-2652
-3298
-4427
-4576
-3025
-2128
-2804
-3525
-3353
-3161
-2679
-1281
-308
-663
-1202
-455
669
1023
1353
1983
2223
2177
2350
2758
2888
2741
2662
2468
2184
2086
1848
1437
1140
975
555
-105
-395
-519
-1001
-1622
-1819
-1884
-2272
-2645
-2646
-2541
-2674
-2716
-2502
-2282
-2261
-2181
-1963
-1849
-1481
-995
-659
-770
-946
-554
216
828
932
670
456
773
1309
1610
1522
1246
1026
865
973
1328
1436
1032
590
517
735
880
798
589
373
257
346
541
633
642
625
696
816
890
958
1113
1301
1450
1450
1404
1474
1674
1944
2111
2088
1926
1800
1885
2086
2117
1674
1182
631
-379
-865
-190
793
-236
-2523
-3309
-2200
-1614
-2116
-2262
-2605
-3712
-4391
-3151
-1895
-2322
-3200
-3065
-2724
-2520
-1422
-188
-170
-845
-440
723
1243
1390
1880
2225
2196
2297
2668
2869
2701
2522
2327
2063
2011
1872
1383
934
684
339
-288
-639
-696
-1068
-1737
-2058
-2109
-2353
-2642
-2690
-2673
-2849
-2858
-2573
-2329
-2183
-1971
-1682
-1565
-1368
-1033
-732
-467
-139
166
151
134
510
987
1110
1055
1032
1031
1010
1174
1410
1275
899
667
709
786
805
770
585
286
169
282
421
399
228
65
-11
95
314
471
504
520
564
682
877
1057
1159
1219
1307
1366
1463
1721
1983
2033
1985
2078
2185
2144
2075
2099
1798
1420
896
3
-501
31
897
-67
-2181
-2895
-1864
-1453
-1956
-2095
-2475
-3684
-4408
-3135
-1888
-2318
-3155
-3106
-2976
-2788
-1513
-207
-356
-1192
-858
254
807
1233
1971
2115
1725
1761
2333
2665
2538
2435
2197
1724
1516
1511
1245
886
649
328
-253
-608
-675
-980
-1511
-1761
-1866
-2197
-2494
-2475
-2409
-2541
-2482
-2156
-1929
-1900
-1713
-1297
-979
-650
-427
-258
-176
21
474
876
1095
1039
870
878
1250
1528
1449
1184
961
868
764
880
1014
740
197
-105
58
282
271
71
-190
-456
-529
-258
15
21
-194
-316
-145
138
414
579
593
560
567
730
1069
1336
1368
1322
1350
1500
1694
1862
2043
2052
1987
1927
2003
2046
2020
1833
1529
1389
668
-290
-450
665
1014
-721
-2552
-2322
-1440
-1707
-1983
-1767
-2468
-4068
-4098
-2377
-1791
-2671
-3061
-2845
-3129
-2856
-1189
-124
-866
-1540
-667
193
377
987
1835
1697
1098
1374
2044
2136
1991
2113
1908
1413
1326
1425
1161
779
665
395
-124
-362
-394
-836
-1388
-1456
-1365
-1626
-2003
-2077
-2036
-2007
-1783
-1433
-1356
-1411
-1281
-935
-509
-53
246
320
340
562
820
776
933
1438
1802
1396
827
785
1149
1326
1180
920
414
0
23
332
333
-90
-532
-880
-993
-849
-510
-478
-874
-1172
-1173
-874
-635
-563
-596
-563
-326
-39
185
363
577
662
742
956
1243
1394
1448
1612
1807
1894
1968
2138
2252
2209
2194
2320
2512
2517
2390
2252
2064
1765
1507
1541
1013
-159
-868
93
832
-499
-2434
-2448
-1554
-1859
-2302
-1820
-1980
-3691
-4319
-2802
-1815
-2572
-3135
-2819
-3063
-3124
-1676
-275
-767
-1658
-1045
-95
149
730
1728
1720
1007
1134
1888
2067
1873
2026
1834
1170
1018
1332
1288
870
719
469
-158
-498
-281
-369
-950
-1201
-1149
-1399
-1768
-1695
-1441
-1536
-1656
-1450
-1248
-1255
-1121
-817
-586
-433
-226
-24
88
303
643
958
1170
1383
1183
677
616
1364
1993
1648
795
301
320
516
852
925
316
-566
-902
-672
-435
-425
-608
-1113
-1704
-1696
-1109
-755
-920
-1146
-1158
-1021
-780
-411
-151
-123
-60
149
437
744
1014
1107
1101
1277
1605
1808
1822
1860
1928
1906
1976
2177
2319
2234
2111
2113
2224
2298
2367
2219
1818
1380
1240
1332
735
-357
-755
218
564
-819
-2341
-2005
-1336
-1852
-2245
-1663
-1830
-3446
-3888
-2483
-1734
-2512
-2778
-2375
-2701
-2947
-1576
-167
-638
-1500
-907
-113
-132
326
1449
1609
733
665
1491
1854
1665
1763
1714
1148
894
1218
1382
1041
769
486
-3
-252
-37
-172
-755
-1037
-924
-1104
-1504
-1433
-1194
-1357
-1564
-1236
-912
-1044
-1136
-805
-465
-400
-274
-29
-16
-76
200
619
833
806
835
815
820
779
372
37
476
1275
921
-310
-826
-190
132
34
134
-55
-981
-1665
-1017
-196
-284
-782
-1121
-1516
-1680
-943
6
9
-649
-933
-659
-323
140
665
790
499
360
630
1102
1536
1675
1485
1248
1416
1728
1864
1924
1957
1801
1537
1659
2049
2148
1879
1717
1839
1913
1898
1825
1688
1307
1008
1056
700
-310
-942
-89
613
-426
-2226
-2327
-1579
-1836
-2343
-1873
-1651
-3178
-4317
-3314
-1978
-2263
-2851
-2628
-2705
-3091
-2205
-507
-216
-984
-769
41
103
273
1607
2496
1804
1176
1828
2494
2255
2175
2477
2203
1457
1296
1616
1444
904
579
320
-99
-324
-421
-827
-1327
-1428
-1384
-1636
-1888
-1844
-1891
-2171
-2096
-1636
-1427
-1569
-1546
-1214
-990
-850
-495
-86
9
-3
208
622
983
1172
1259
1180
1128
1155
1186
1001
775
728
846
790
444
77
-130
-157
-166
-102
-191
-538
-952
-1086
-942
-847
-841
-948
-1137
-1307
-1161
-713
-410
-405
-446
-378
-245
-33
369
770
874
797
873
1113
1316
1439
1499
1497
1396
1368
1427
1546
1564
1492
1430
1392
1429
1445
1485
1509
1534
1480
1408
1372
1295
1153
943
999
962
230
-849
-730
675
1061
-488
-1950
-1418
-766
-1238
-1392
-504
-731
-2720
-3468
-1957
-826
-1533
-2044
-1814
-2181
-2743
-1729
-163
-280
-1214
-1084
-574
-767
-421
981
1512
423
-246
461
968
718
885
1378
992
75
131
860
925
483
357
366
-18
-311
-142
-25
-315
-595
-635
-735
-912
-907
-815
-878
-910
-796
-681
-719
-741
-605
-469
-345
-175
-54
-62
-56
130
379
561
697
829
800
732
781
959
1114
995
664
310
324
572
699
373
-80
-402
-546
-520
-444
-412
-713
-1160
-1439
-1393
-1204
-1081
-1157
-1427
-1605
-1471
-1079
-758
-659
-620
-585
-541
-352
27
445
614
595
714
1006
1247
1349
1450
1612
1684
1659
1729
1888
1951
1837
1767
1804
1864
1854
1807
1806
1811
1833
1786
1718
1577
1411
1213
1132
1205
894
-67
-861
-197
1028
728
-1170
-2182
-1459
-1009
-1513
-1518
-787
-1459
-3357
-3659
-1991
-1027
-1818
-2349
-2092
-2241
-2547
-1540
-105
-143
-1000
-980
-423
-365
69
1311
1802
835
197
914
1530
1294
1355
1902
1629
575
452
1247
1392
664
375
609
285
-348
-365
-18
-275
-823
-917
-865
-1144
-1366
-1173
-1074
-1274
-1331
-1119
-1124
-1324
-1215
-922
-807
-797
-596
-458
-557
-492
-57
316
311
260
367
425
391
565
907
1000
782
680
700
486
149
305
793
718
9
-403
-201
-63
-216
-182
-44
-409
-1021
-1062
-591
-353
-502
-658
-837
-1077
-1010
-495
-101
-191
-376
-298
-194
-184
47
428
532
304
208
370
531
595
725
847
781
618
633
842
1024
1083
1071
1048
1004
1009
1150
1370
1486
1488
1427
1423
1467
1655
1882
2018
1978
1903
1837
1290
373
89
1339
2457
1555
-753
-1557
-635
-205
-673
-575
-103
-1498
-3751
-3830
-1666
-669
-1780
-2838
-2999
-3323
-3458
-2084
-481
-683
-1969
-2324
-1907
-1572
-659
917
1241
-166
-937
112
1147
1120
1363
2116
1755
406
386
1843
2430
1488
930
1319
1169
333
279
978
832
-174
-609
-304
-389
-908
-989
-735
-923
-1303
-1204
-915
-1015
-1252
-1101
-818
-778
-757
-592
-550
-706
-586
-131
168
137
108
187
187
276
641
1040
982
716
619
705
768
902
1142
950
214
-341
29
610
545
-176
-689
-872
-931
-826
-512
-412
-943
-1556
-1698
-1324
-940
-716
-791
-1104
-1369
-1131
-496
-49
51
15
32
24
202
727
1307
1394
1051
855
1040
1324
1444
1493
1502
1352
1090
1057
1232
1259
1013
796
749
723
612
528
430
247
120
183
263
156
96
228
398
363
376
506
555
446
419
529
434
254
218
210
-28
-147
59
49
-532
-1017
-767
-465
-818
-1322
-1248
-1067
-1412
-1808
-1567
-1149
-1256
-1510
-1339
-985
-937
-940
-649
-302
-207
-132
75
210
285
529
866
945
830
870
979
875
755
894
1066
864
495
402
440
255
-15
-57
-59
-353
-737
-828
-781
-898
-1083
-1111
-1109
-1265
-1435
-1384
-1226
-1168
-1127
-976
-830
-779
-662
-375
-75
90
228
444
628
779
993
1252
1429
1439
1422
1472
1560
1628
1632
1535
1405
1302
1188
949
563
255
177
196
35
-406
-915
-1196
-1157
-1061
-1147
-1409
-1665
-1855
-1993
-1915
-1575
-1266
-1342
-1628
-1712
-1378
-912
-586
-403
-302
-220
-128
90
463
842
1039
1020
960
1077
1323
1526
1547
1484
1415
1370
1323
1295
1296
1253
1161
1015
943
914
849
732
619
545
453
374
352
375
337
231
206
276
342
328
330
405
448
377
278
234
162
126
170
95
-257
-609
-517
-234
-365
-868
-1122
-975
-1004
-1320
-1448
-1255
-1269
-1643
-1842
-1598
-1326
-1360
-1444
-1339
-1153
-1014
-831
-625
-511
-447
-216
58
158
240
523
816
773
641
840
1161
1142
947
1008
1210
1122
853
812
944
899
657
497
468
397
253
148
71
-41
-173
-284
-361
-441
-512
-568
-608
-656
-728
-789
-785
-762
-831
-850
-790
-777
-982
-1068
-719
-311
-397
-803
-827
-431
-93
-74
-85
18
96
112
197
341
466
541
525
445
386
566
815
808
525
386
497
557
391
294
422
445
248
62
146
237
188
68
66
67
66
181
362
403
326
462
745
890
868
977
1255
1425
1461
1565
1739
1818
1484
700
-60
384
1905
2625
1038
-1313
-1836
-552
321
-72
-583
-899
-1802
-3107
-3306
-2139
-989
-1110
-2172
-3412
-3852
-3030
-1433
-543
-967
-1665
-1806
-1622
-1436
-503
1063
1865
991
-191
-107
1001
1848
2134
2267
2174
1663
1259
1495
1985
2169
2044
1902
1505
852
472
693
883
584
95
-173
-410
-814
-1094
-1066
-958
-1021
-1165
-1370
-1645
-1843
-1725
-1433
-1203
-1114
-1097
-1176
-1251
-1069
-632
-190
69
203
236
231
381
832
1335
1571
1590
1586
1561
1543
1694
2017
2194
1981
1635
1428
1311
1188
1109
1038
773
338
-44
-259
-450
-665
-835
-1102
-1570
-1985
-1939
-1659
-1697
-2112
-2399
-2329
-2129
-1955
-1790
-1735
-1857
-1873
-1545
-1102
-908
-830
-646
-428
-339
-90
460
904
850
613
730
1072
1266
1309
1428
1437
1181
922
1023
1263
1218
918
680
578
445
402
513
578
316
-39
-125
-5
54
3
15
-4
-127
-226
-115
98
210
192
137
93
88
217
431
583
572
466
379
393
483
625
698
626
446
287
266
353
378
258
93
-57
-156
-238
-274
-292
-377
-531
-672
-754
-820
-874
-893
-899
-934
-953
-918
-871
-886
-893
-831
-720
-643
-597
-543
-498
-444
-336
-178
-48
33
104
185
240
284
380
489
517
486
476
515
543
569
598
585
495
390
357
383
385
307
192
116
86
50
-8
-40
-59
-150
-273
-271
-168
-125
-178
-193
-135
-96
-38
130
310
332
287
356
536
662
735
849
932
948
982
1114
1211
1178
1119
1137
1183
1191
1214
1240
1164
859
315
-251
-351
182
758
424
-870
-2040
-2135
-1383
-749
-795
-1444
-2282
-2856
-2833
-2321
-1788
-1595
-1781
-2205
-2606
-2588
-1984
-1159
-681
-706
-990
-1208
-1124
-539
380
1051
1031
604
386
573
945
1305
1613
1697
1418
1047
940
1073
1162
1150
1158
1076
732
309
149
207
183
19
-88
-157
-352
-569
-593
-493
-494
-574
-522
-372
-373
-510
-533
-339
-93
38
93
138
187
247
359
511
639
715
780
856
871
801
771
868
989
957
799
680
631
564
487
480
469
332
130
27
58
69
-8
-109
-185
-257
-328
-332
-275
-235
-306
-403
-412
-323
-260
-304
-349
-346
-338
-355
-299
-175
-120
-229
-333
-279
-141
-71
-74
-59
-56
-104
-175
-148
-68
-11
-41
-110
-161
-167
-128
-96
-83
-81
-94
-129
-131
-90
-33
-44
-75
-51
24
45
-57
-238
-364
-265
72
448
489
64
-479
-596
-146
456
681
395
-122
-518
-543
-206
241
412
165
-263
-510
-433
-159
128
257
166
-105
-351
-391
-195
109
332
332
62
-296
-422
-173
213
399
345
223
137
95
152
325
483
505
458
458
462
376
284
322
442
506
462
386
318
265
247
331
438
449
373
307
301
316
332
363
388
353
299
270
261
222
172
128
77
39
4
-75
-219
-326
-336
-344
-447
-549
-568
-611
-723
-787
-746
-717
-791
-854
-837
-796
-785
-748
-666
-604
-559
-484
-391
-343
-309
-219
-102
-21
11
77
181
257
283
300
323
340
350
360
378
347
276
211
169
149
149
156
116
19
-72
-124
-178
-243
-245
-172
-127
-202
-345
-418
-368
-236
-83
34
35
-99
-223
-147
95
292
332
310
293
259
251
389
586
604
424
311
359
401
383
425
500
437
270
205
273
313
288
262
240
168
90
77
115
137
119
79
64
87
124
181
261
318
265
85
-76
-84
71
328
511
428
11
-461
-599
-330
40
187
-47
-584
-1107
-1272
-964
-503
-327
-591
-1095
-1461
-1438
-1084
-671
-479
-645
-1028
-1273
-1114
-628
-187
-51
-162
-325
-375
-225
95
399
489
392
345
442
586
668
703
730
713
680
682
699
649
538
471
459
418
320
247
227
201
146
91
33
-52
-110
-102
-82
-100
-120
-125
-161
-203
-185
-121
-106
-135
-144
-147
-205
-236
-151
-32
7
-48
-97
-120
-108
12
189
250
151
48
58
146
225
293
333
259
144
132
245
360
336
213
106
85
116
143
124
60
-55
-156
-171
-127
-128
-201
-276
-321
-365
-384
-333
-274
-293
-349
-345
-290
-238
-143
4
77
31
-31
26
162
290
369
399
386
385
473
609
691
677
616
587
608
657
674
609
473
369
358
393
402
305
134
-39
-148
-152
-109
-121
-250
-435
-552
-546
-488
-454
-469
-553
-670
-756
-730
-631
-582
-601
-637
-648
-633
-564
-414
-265
-230
-290
-314
-227
-89
29
93
100
82
93
171
268
319
314
261
208
178
178
181
168
153
106
38
-20
-41
-60
-93
-118
-126
-151
-224
-273
-253
-188
-161
-199
-238
-235
-201
-169
-134
-74
-16
-4
-29
-8
83
173
221
246
269
267
256
290
350
358
311
280
291
304
290
287
293
258
202
179
199
227
217
183
140
98
89
117
167
196
175
110
57
81
178
285
322
276
195
157
200
302
398
426
387
309
232
209
246
310
352
327
240
113
9
-10
34
60
10
-92
-207
-318
-403
-408
-350
-316
-355
-456
-546
-598
-568
-445
-308
-273
-361
-473
-514
-456
-336
-227
-206
-264
-349
-363
-287
-165
-57
-28
-95
-169
-142
-8
102
100
55
48
67
91
138
190
201
172
168
181
173
155
162
178
171
177
189
156
92
43
49
75
77
15
-91
-183
-213
-211
-218
-222
-237
-315
-422
-439
-366
-325
-343
-347
-338
-388
-437
-357
-217
-164
-190
-183
-134
-92
-43
47
138
197
220
243
322
451
552
585
603
669
739
766
780
811
799
732
703
731
743
693
608
505
402
350
358
330
200
44
-72
-173
-276
-323
-327
-397
-555
-710
-768
-747
-700
-649
-639
-695
-758
-707
-530
-354
-271
-229
-172
-113
-39
90
258
365
361
339
380
450
485
503
531
517
413
328
363
415
356
217
97
4
-77
-105
-67
-88
-252
-429
-462
-382
-327
-337
-358
-385
-434
-443
-340
-186
-111
-138
-186
-197
-151
-54
24
35
-21
-73
-83
-71
-57
-47
-61
-104
-149
-172
-191
-215
-233
-252
-286
-331
-381
-436
-466
-456
-417
-380
-358
-357
-376
-395
-325
-188
-100
-67
-24
43
94
155
287
430
503
539
580
610
622
674
770
809
756
683
621
566
539
568
589
504
335
170
75
53
60
27
-76
-230
-360
-421
-423
-380
-371
-435
-550
-646
-639
-542
-451
-448
-502
-504
-428
-314
-209
-136
-118
-124
-94
22
165
232
224
195
207
264
356
465
523
473
383
347
376
421
444
436
383
313
251
211
210
238
254
202
90
-29
-90
-73
-29
-23
-112
-236
-297
-279
-246
-230
-225
-242
-288
-311
-270
-193
-163
-178
-181
-136
-71
-28
-16
-20
-26
-32
1
51
61
43
41
47
26
21
76
129
107
42
10
28
66
118
156
126
68
59
124
221
293
319
296
247
246
323
436
526
533
456
364
347
412
456
412
315
198
72
-5
13
36
-71
-261
-381
-430
-494
-543
-510
-496
-624
-779
-766
-647
-595
-633
-650
-624
-639
-654
-568
-415
-334
-359
-377
-300
-177
-76
3
87
142
149
168
256
358
393
365
342
358
379
385
393
394
364
299
255
263
274
245
196
166
139
111
109
143
129
29
-67
-78
-47
-56
-103
-149
-195
-256
-259
-183
-122
-152
-228
-273
-269
-221
-142
-92
-113
-173
-185
-101
22
107
128
113
112
162
256
359
421
408
362
361
427
507
555
568
567
560
529
521
551
555
484
402
386
376
300
205
162
117
0
-116
-152
-171
-252
-336
-375
-418
-498
-546
-518
-485
-491
-502
-513
-534
-557
-536
-477
-421
-392
-398
-432
-447
-395
-307
-240
-217
-215
-222
-238
-220
-134
-33
-13
-61
-98
-108
-117
-99
-36
16
-27
-139
-203
-178
-113
-73
-81
-109
-129
-130
-106
-31
54
86
57
36
72
131
182
222
242
204
147
154
205
213
174
126
92
62
45
44
11
-59
-104
-98
-106
-153
-181
-172
-192
-248
-262
-214
-171
-175
-163
-125
-107
-96
-17
116
186
165
153
222
313
394
485
539
487
390
416
577
678
633
545
473
416
385
445
526
456
262
135
140
136
78
40
9
-97
-233
-267
-214
-219
-285
-305
-286
-313
-342
-285
-198
-178
-209
-206
-165
-129
-75
5
53
20
-9
40
136
202
216
205
196
194
210
256
282
276
262
261
240
191
158
173
195
182
154
100
35
-6
36
108
102
20
-52
-62
-50
-44
-25
13
-8
-101
-167
-141
-74
-65
-85
-106
-161
-239
-270
-221
-159
-162
-197
-215
-235
-235
-189
-109
-63
-93
-156
-173
-132
-54
-3
-4
-46
-75
-33
26
56
63
77
77
45
43
124
209
187
135
152
206
226
240
264
253
185
161
234
282
237
158
125
100
57
48
51
-5
-124
-216
-239
-260
-317
-368
-404
-462
-534
-564
-562
-562
-557
-538
-524
-549
-558
-494
-387
-303
-239
-164
-102
-68
-18
100
246
342
378
412
461
505
550
628
688
675
633
606
607
588
550
508
451
371
286
213
138
70
13
-73
-196
-283
-314
-374
-493
-580
-585
-600
-673
-718
-683
-664
-702
-698
-614
-540
-515
-465
-361
-288
-260
-189
-48
73
122
166
236
302
349
415
496
537
514
483
510
568
614
623
588
538
513
538
561
542
479
402
337
297
277
264
221
147
68
-2
-36
-47
-55
-83
-141
-213
-273
-282
-258
-237
-241
-258
-290
-318
-324
-287
-240
-227
-245
-276
-281
-238
-174
-150
-163
-160
-121
-89
-84
-73
-50
-31
-23
-6
15
29
29
31
48
78
111
126
131
133
134
126
138
164
180
183
166
144
108
85
102
145
153
82
-34
-107
-90
-30
-31
-120
-207
-248
-255
-247
-221
-210
-257
-318
-304
-210
-134
-139
-178
-182
-143
-69
9
58
65
45
28
59
139
210
215
163
131
146
180
204
245
288
254
179
160
211
248
221
188
174
140
84
64
85
85
43
-6
-32
-34
-29
-40
-72
-114
-133
-111
-71
-55
-80
-118
-135
-119
-91
-84
-104
-146
-181
-176
-142
-129
-133
-119
-101
-104
-93
-28
45
54
28
38
87
126
144
163
163
135
99
94
121
137
116
69
32
22
16
32
78
110
80
4
-13
56
130
162
159
141
101
68
95
171
217
184
114
77
92
119
119
100
68
14
-63
-103
-88
-93
-161
-250
-313
-369
-432
-462
-457
-483
-579
-665
-670
-630
-597
-576
-557
-544
-525
-462
-341
-207
-110
-53
15
109
217
323
425
516
578
605
632
678
719
735
741
743
709
643
599
597
588
526
427
330
247
174
135
106
38
-106
-268
-366
-386
-388
-432
-513
-617
-722
-781
-758
-696
-677
-718
-746
-716
-655
-583
-494
-390
-302
-254
-211
-134
-11
105
173
208
233
267
318
374
411
402
376
372
409
450
451
409
342
307
329
372
369
309
228
154
110
122
158
141
52
-47
-79
-62
-51
-60
-84
-119
-150
-159
-147
-128
-112
-97
-97
-111
-134
-162
-173
-156
-125
-134
-194
-234
-205
-150
-126
-138
-159
-177
-176
-129
-57
-16
-24
-55
-62
-24
48
110
115
71
35
35
74
142
201
200
141
101
130
185
223
249
249
187
98
78
138
186
153
71
-9
-78
-115
-91
-47
-69
-166
-252
-280
-270
-245
-222
-221
-255
-283
-265
-213
-152
-109
-73
-54
-61
-51
-9
54
111
142
142
133
162
222
271
277
260
260
284
304
299
284
270
250
216
185
160
133
100
61
18
-15
-42
-70
-106
-143
-155
-157
-171
-195
-199
-186
-191
-218
-239
-241
-236
-223
-215
-231
-269
-288
-255
-205
-180
-193
-222
-237
-217
-165
-107
-67
-61
-70
-53
20
118
183
196
205
243
305
354
393
425
443
460
485
524
556
564
543
506
459
431
437
442
408
310
211
160
160
168
144
76
-41
-172
-251
-250
-237
-283
-377
-461
-527
-582
-602
-567
-528
-543
-577
-576
-545
-529
-497
-418
-330
-294
-300
-274
-204
-137
-71
22
110
145
136
171
268
359
377
364
370
388
389
384
397
392
355
306
267
246
230
208
171
117
59
18
3
12
12
-21
-60
-68
-48
-38
-40
-33
-19
-15
-23
-33
-35
-32
-23
-12
-13
-14
-26
-58
-84
-68
-35
-51
-110
-143
-145
-164
-187
-187
-197
-249
-275
-236
-204
-231
-252
-202
-157
-177
-197
-159
-125
-137
-128
-53
13
8
5
55
129
172
189
199
206
220
253
295
311
284
244
217
198
182
163
140
108
63
7
-67
-120
-134
-147
-192
-254
-278
-270
-276
-289
-270
-226
-213
-215
-169
-86
-41
-36
-12
52
96
108
136
172
187
187
223
276
288
251
233
258
280
270
240
221
198
151
106
93
90
47
-16
-52
-57
-78
-133
-183
-216
-245
-273
-282
-283
-307
-337
-347
-343
-336
-328
-309
-302
-311
-307
-292
-260
-224
-196
-185
-177
-140
-81
-47
-32
11
78
126
137
151
190
230
265
308
331
323
304
322
375
412
411
387
366
342
324
323
322
282
217
175
166
155
123
98
91
72
29
-16
-56
-82
-87
-75
-90
-152
-214
-250
-259
-254
-240
-253
-322
-402
-408
-351
-317
-329
-342
-352
-385
-405
-366
-309
-298
-310
-286
-245
-235
-235
-173
-62
15
34
48
96
165
230
300
375
417
406
388
432
516
558
543
529
547
543
505
485
497
473
404
365
367
336
241
170
161
153
86
0
-62
-116
-173
-207
-213
-227
-276
-342
-392
-398
-364
-335
-346
-378
-410
-429
-430
-398
-348
-328
-345
-367
-342
-286
-238
-199
-157
-121
-100
-57
33
131
171
167
195
271
346
401
455
493
487
471
505
566
584
559
529
492
431
376
357
347
317
269
194
92
6
-18
-5
-21
-79
-174
-293
-377
-371
-315
-324
-415
-485
-501
-496
-470
-409
-377
-420
-453
-394
-293
-242
-233
-204
-166
-133
-82
-4
57
60
46
62
106
137
141
135
139
147
131
102
85
97
98
73
57
60
52
23
1
2
-12
-60
-85
-72
-60
-77
-108
-128
-139
-149
-137
-110
-91
-73
-68
-59
-50
-23
12
14
-5
-9
10
-6
-36
-32
5
6
-59
-116
-119
-105
-111
-111
-92
-111
-187
-229
-189
-112
-77
-83
-71
-47
-37
-17
35
79
94
96
136
201
230
233
247
284
302
288
298
325
344
353
353
348
308
244
200
215
225
179
100
21
-16
-44
-70
-105
-175
-277
-347
-325
-275
-301
-404
-444
-406
-371
-360
-321
-231
-206
-268
-279
-198
-112
-95
-98
-50
-13
-3
42
150
235
242
247
301
340
373
460
568
608
523
414
397
433
441
425
395
331
223
137
81
37
-30
-148
-257
-335
-367
-401
-453
-515
-566
-599
-658
-732
-768
-743
-705
-685
-668
-669
-696
-708
-659
-568
-494
-438
-381
-345
-326
-254
-111
17
86
119
188
307
386
425
462
512
566
552
534
563
585
596
580
538
521
518
503
467
403
379
429
414
244
71
37
139
166
37
-87
-136
-152
-177
-188
-157
-100
-100
-173
-237
-239
-169
-95
-90
-121
-152
-132
-72
-62
-58
-27
16
-29
-158
-196
-82
67
61
-84
-200
-191
-64
67
36
-97
-128
-27
125
134
79
84
-101
-284
-32
468
704
583
-86
-142
354
580
734
308
-45
269
732
418
-42
-295
-109
743
803
265
82
-117
144
540
103
-469
-575
-452
-2
150
-400
-543
-327
-818
-1466
-1404
-504
424
-957
-1989
-1076
-47
500
-1279
-2374
-1468
-188
230
-326
-654
27
1144
386
-558
-245
670
1965
1335
566
1400
2225
1999
858
-9
445
1385
873
731
929
1195
1394
15
-905
-677
-419
-355
-875
-1079
-379
-1
-629
-1129
-1472
-1635
-1430
-1144
-295
222
214
85
-79
-272
-405
-205
163
636
1063
1573
1760
1447
1065
564
233
223
586
1249
1368
996
611
214
-338
-822
-924
-712
-455
-451
-356
-299
-481
-897
-1333
-1452
-1244
-665
6
397
458
233
-77
-270
-221
97
554
928
1112
1185
996
703
425
141
-3
81
381
639
583
264
-183
-633
-986
-1031
-743
-396
-246
-304
-458
-670
-814
-822
-691
-463
-173
212
543
618
481
312
215
259
516
887
1174
1210
1007
718
470
330
286
278
266
250
230
79
-181
-481
-765
-935
-906
-684
-446
-382
-512
-686
-802
-815
-681
-433
-225
-102
-9
67
104
87
78
86
168
331
501
623
556
319
96
-52
-67
54
186
212
96
-76
-233
-337
-362
-343
-321
-272
-187
-108
-87
-133
-182
-204
-199
-76
114
236
272
218
111
8
-16
38
100
99
46
2
-86
-191
-270
-319
-380
-466
-497
-483
-472
-483
-557
-639
-657
-596
-489
-409
-390
-379
-388
-391
-321
-197
-92
-46
-12
25
35
30
34
26
-13
-58
-50
4
37
18
-25
-64
-83
-48
35
110
150
137
99
110
171
258
369
460
503
519
544
587
584
522
437
408
427
418
385
319
204
39
-115
-201
-236
-287
-377
-463
-557
-662
-723
-710
-645
-588
-574
-532
-441
-360
-275
-182
-80
11
111
237
416
580
649
662
667
752
841
859
862
869
878
808
668
593
545
441
305
188
155
133
27
-142
-272
-319
-373
-448
-476
-453
-380
-361
-420
-483
-465
-361
-279
-245
-254
-233
-180
-121
-90
-54
16
40
-22
-106
-95
-49
-60
-130
-208
-228
-234
-265
-274
-269
-257
-262
-313
-333
-314
-268
-231
-208
-185
-137
-85
-85
-50
5
58
95
118
153
135
97
103
126
165
190
141
82
73
64
89
99
83
62
24
51
64
41
41
33
16
17
50
122
178
144
105
112
117
87
57
106
181
183
88
50
95
130
113
63
87
116
115
91
124
188
177
114
65
127
196
221
221
240
274
232
158
128
183
268
312
277
229
223
185
116
72
80
154
165
73
7
-14
1
-6
-89
-109
-55
11
33
-18
-51
-40
-2
15
37
100
200
266
226
174
189
224
235
209
175
191
172
104
59
24
1
-83
-177
-215
-201
-183
-205
-253
-304
-314
-307
-288
-237
-211
-222
-198
-136
-57
-61
-106
-80
-16
32
67
99
125
125
70
25
37
66
63
21
-44
-82
-134
-205
-232
-268
-310
-366
-456
-536
-578
-546
-481
-474
-545
-606
-581
-492
-393
-317
-248
-171
-116
-80
16
118
195
256
277
340
424
535
596
562
518
526
522
491
489
501
498
419
346
345
311
187
45
-18
-13
-21
-66
-111
-159
-250
-328
-370
-384
-387
-383
-339
-350
-399
-437
-399
-362
-317
-251
-199
-145
-113
-40
46
58
46
45
102
160
128
244
321
328
258
273
310
287
265
258
318
304
299
243
282
268
230
215
188
193
183
202
191
141
93
73
90
18
-26
7
-78
-48
-38
-49
-111
-227
-315
-311
-281
-256
-213
-244
-261
-310
-292
-256
-251
-222
-205
-195
-109
-69
9
-26
-116
-35
15
25
41
152
170
209
236
139
101
115
138
191
252
318
289
204
155
138
129
111
146
161
111
109
151
69
-44
-102
-113
-99
-45
-101
-121
-152
-196
-212
-321
-306
-269
-187
-137
-125
-122
-108
-127
-128
-145
-146
-109
-31
31
52
38
-30
-39
-21
-33
-9
18
60
50
-48
-54
-45
-45
-76
-119
-90
-64
-92
-108
-135
-182
-220
-233
-221
-200
-166
-141
-138
-152
-153
-117
-60
-27
-3
33
77
101
110
85
90
127
119
148
188
216
202
132
76
42
-18
-63
-98
-132
-166
-193
-194
-182
-179
-239
-280
-290
-271
-237
-189
-148
-145
-143
-114
-35
19
55
126
197
249
289
357
436
463
481
524
575
569
544
550
553
548
503
468
427
359
314
281
255
222
148
77
30
-39
-80
-91
-133
-179
-206
-220
-215
-216
-243
-227
-233
-209
-200
-77
-66
-95
-34
-31
66
38
79
15
39
45
92
108
135
156
41
22
-67
25
-25
-65
-75
-74
-36
-78
-92
-126
-127
-197
-209
-208
-109
-115
-172
-171
-198
-152
-182
-145
-121
-101
-107
-123
-84
-57
-46
-75
-49
-34
-45
-56
-39
15
32
4
-71
-126
-124
-80
-48
-89
-136
-182
-212
-233
-208
-154
-146
-180
-243
-214
-123
-88
-93
-94
-69
-39
-7
49
91
110
123
138
164
167
181
213
247
237
225
236
220
201
189
206
209
141
65
58
61
21
