20
31
38
44
50
57
62
61
61
58
52
49
47
45
40
31
22
12
6
2
-1
0
-1
-5
-9
-13
-10
-6
-1
-1
-8
-14
-19
-28
-32
-36
-44
-49
-51
-52
-47
-42
-40
-32
-31
-33
-31
-29
-22
-11
-1
9
20
28
33
39
43
44
44
42
42
40
40
44
43
39
27
16
7
3
-1
-8
-15
-23
-31
-37
-40
-41
-41
-47
-55
-62
-65
-65
-63
-56
-54
-52
-50
-48
-47
-41
-35
-31
-27
-21
-10
1
16
30
39
47
48
49
52
56
57
55
53
46
41
34
30
26
16
9
3
-1
3
4
5
0
-6
-14
-21
-24
-24
-26
-23
-19
-16
-12
-9
-10
-12
-11
-15
-18
-17
-10
-3
4
12
18
23
28
33
37
42
49
51
52
57
59
61
60
59
52
43
38
34
30
25
23
20
17
15
7
0
-6
-17
-25
-32
-37
-40
-38
-41
-46
-49
-55
-63
-68
-74
-74
-76
-76
-72
-66
-59
-46
-36
-30
-18
-7
1
14
24
32
41
45
47
46
45
44
43
42
40
38
38
36
31
23
15
4
-9
-18
-26
-33
-37
-40
-48
-49
-49
-49
-51
-52
-54
-60
-58
-55
-50
-45
-39
-35
-30
-20
-12
-6
2
11
17
26
39
52
63
70
76
74
76
76
71
68
60
51
42
31
22
14
7
3
-4
-7
-6
-10
-11
-8
-5
-4
-3
-4
-8
-8
-10
-12
-18
-20
-24
-31
-35
-37
-35
-36
-33
-32
-30
-25
-19
-15
-10
-6
-4
-3
-3
-2
1
8
13
14
18
22
27
31
32
33
34
36
37
39
41
46
49
49
49
42
36
31
23
14
10
4
0
-2
-6
-8
-12
-18
-22
-34
-41
-44
-45
-41
-38
-38
-32
-23
-17
-13
-9
-3
1
10
20
26
35
45
51
57
60
60
56
50
46
44
42
41
36
30
22
11
2
-7
-18
-32
-46
-56
-66
-76
-85
-89
-96
-101
-102
-102
-98
-88
-80
-71
-59
-48
-36
-27
-18
-10
-4
1
3
5
9
10
14
18
18
19
18
19
22
25
27
31
31
28
22
15
9
6
3
3
3
3
1
1
-1
-3
-8
-13
-16
-19
-18
-12
-5
3
7
5
3
-1
-6
-6
-5
-3
4
10
18
25
33
39
42
42
43
48
48
52
60
70
80
86
91
93
92
92
89
84
80
71
63
59
54
49
38
25
8
-7
-21
-34
-45
-56
-64
-72
-81
-83
-84
-85
-85
-85
-81
-78
-74
-66
-62
-55
-54
-47
-38
-26
-10
3
20
31
40
46
51
55
56
54
47
47
43
36
32
21
9
-2
-16
-26
-37
-47
-53
-60
-65
-64
-65
-64
-62
-65
-66
-70
-70
-67
-65
-60
-53
-47
-41
-39
-36
-32
-33
-32
-29
-26
-21
-15
-7
2
9
17
20
22
24
21
18
19
21
25
29
33
37
44
50
57
66
70
69
66
62
58
56
53
44
33
20
12
3
-6
-14
-24
-33
-41
-48
-54
-59
-62
-63
-58
-50
-42
-34
-22
-14
-6
4
10
19
22
25
29
35
40
42
45
43
45
44
43
43
40
39
35
30
29
28
28
25
19
12
3
-3
-12
-19
-21
-24
-29
-36
-43
-50
-55
-56
-53
-52
-49
-43
-32
-18
-5
7
18
25
30
29
29
28
21
17
14
12
5
-3
-15
-25
-33
-37
-38
-38
-32
-25
-16
-5
6
17
23
28
32
38
44
47
49
50
53
50
43
32
21
11
3
-10
-21
-25
-29
-27
-21
-18
-22
-30
-35
-43
-45
-48
-52
-54
-57
-58
-57
-56
-55
-59
-64
-71
-72
-66
-61
-56
-52
-44
-33
-24
-19
-8
-2
3
5
7
7
10
15
18
17
16
11
4
6
3
5
10
6
3
3
6
18
30
39
48
52
60
64
66
74
81
87
82
74
71
65
63
59
66
68
66
59
44
38
36
39
42
51
48
49
44
41
47
53
55
57
55
51
56
54
55
53
52
56
55
56
53
49
42
27
18
14
3
-11
-24
-32
-42
-64
-74
-86
-94
-93
-92
-90
-93
-90
-88
-89
-84
-79
-78
-77
-76
-74
-69
-67
-58
-45
-35
-28
-19
-7
-1
11
17
22
38
55
68
78
81
81
84
91
96
95
91
86
77
70
60
44
36
26
16
3
-13
-14
-18
-27
-32
-35
-33
-36
-46
-49
-49
-57
-66
-68
-58
-40
-33
-28
-31
-33
-42
-51
-44
-53
-54
-59
-59
-52
-43
-27
-30
-27
-21
-17
-16
-19
-18
-10
-4
-1
6
-2
3
2
-4
-2
-11
-6
7
0
-2
-7
-16
-13
-23
-31
-46
-39
-34
-60
-45
-30
-69
-62
-29
-79
-101
-44
-75
-159
-49
-62
-138
-64
-95
-105
-49
-127
-124
-37
-63
-29
29
-56
-57
81
29
34
113
57
26
95
121
122
157
132
129
145
159
145
82
101
104
77
115
103
89
90
72
83
92
93
109
92
71
89
112
112
82
85
107
116
115
110
105
73
36
40
34
12
3
-14
-43
-59
-58
-65
-83
-95
-86
-67
-56
-48
-46
-58
-63
-47
-17
-4
7
6
6
35
41
51
82
66
39
59
85
99
117
112
76
26
0
-4
-26
-51
-55
-78
-140
-181
-228
-246
-274
-254
-296
-283
-645
-1292
-1406
-1043
-373
-367
-693
-964
-1223
-1115
-663
-123
113
-203
-531
-601
-355
100
265
415
367
490
585
661
944
1016
1081
1215
1315
1252
1001
894
1039
1198
1406
1342
1130
889
727
742
899
1059
983
481
-21
16
132
255
141
-111
-417
-679
-758
-770
-905
-948
-963
-1108
-1211
-1164
-1121
-1231
-1229
-1064
-854
-745
-762
-734
-631
-475
-182
37
182
327
344
475
681
873
957
954
976
920
814
790
799
686
508
408
354
168
-35
-145
-260
-400
-499
-564
-640
-803
-947
-961
-915
-819
-731
-713
-706
-631
-502
-308
-106
66
177
239
316
421
597
712
794
869
918
927
847
745
752
694
626
463
383
35
-699
-1012
-778
-182
-506
-1202
-1621
-1679
-1512
-1406
-1035
-904
-1251
-1544
-1470
-1041
-695
-571
-484
-416
-151
82
265
500
704
880
1121
1351
1507
1399
1284
1544
1828
2038
2072
1970
1828
1748
1973
2333
2530
2656
2755
2635
2044
1264
643
747
614
-184
-942
-841
-179
-1213
-2781
-2919
-2006
-2054
-3222
-3123
-2383
-3156
-4467
-4004
-2186
-1778
-2616
-2352
-1234
-916
-1106
-298
1192
1432
756
1106
2164
2591
2200
2493
3473
3405
2576
2241
2496
2128
1249
1183
1507
912
-247
-856
-1011
-1489
-2016
-1896
-1846
-2495
-3031
-2951
-2764
-2717
-2404
-1801
-1621
-1722
-1313
-585
-216
-30
605
1344
1491
1420
1815
2271
2277
2095
2431
2759
2388
1745
1523
1242
246
-418
-198
405
-294
-1610
-2272
-2299
-2258
-2334
-2049
-1943
-2451
-3030
-2901
-2205
-1676
-1481
-1305
-1026
-648
-303
77
556
1010
1353
1709
1998
2161
2175
2168
2480
2900
3173
3096
2708
2336
2187
2389
2672
2963
3157
3011
2929
2385
1843
1036
373
581
-94
-1072
-1787
-1073
-439
-2137
-3552
-3170
-2067
-2597
-3794
-3145
-2461
-3673
-4838
-3756
-1768
-1885
-2986
-2256
-824
-533
-809
127
1703
1471
700
1371
2680
2934
2129
2549
3622
3341
2374
2138
2463
1870
821
904
1314
538
-740
-1230
-1228
-1706
-2222
-2036
-1975
-2633
-3129
-2967
-2596
-2480
-2245
-1685
-1510
-1447
-960
-228
146
261
873
1609
1773
1682
2032
2409
2294
2039
2366
2664
2103
1410
441
-209
-415
156
507
-744
-2079
-2708
-2449
-2223
-2044
-1818
-2211
-2757
-2956
-2521
-1836
-1408
-1255
-1199
-837
-243
150
348
732
1179
1572
2035
2422
2406
2139
2438
3048
3430
3435
3176
2818
2402
2494
3088
3487
3524
3256
2898
2484
2106
1640
905
591
-304
-1656
-2392
-1335
82
-1688
-4167
-4302
-2723
-2718
-3999
-3344
-2250
-3586
-5546
-4552
-1795
-1442
-2926
-2606
-700
-72
-763
-160
1779
2045
951
1354
3101
3583
2205
2099
3669
4037
2851
2194
2639
2069
574
448
1342
933
-761
-1730
-1643
-2005
-2749
-2592
-2203
-2781
-3597
-3481
-2834
-2672
-2675
-2085
-1563
-1484
-1143
-256
363
372
687
1595
2113
2007
2043
2560
2600
2205
2194
2695
2284
613
-395
-180
638
241
-737
-1696
-2344
-2754
-2657
-2045
-1909
-2432
-3134
-3168
-2535
-2022
-1762
-1577
-1369
-998
-512
86
592
841
994
1531
2233
2647
2662
2510
2707
3144
3577
3606
3427
3046
2668
2624
2759
3321
3462
3304
2900
2675
2873
2520
1911
751
446
-387
-1956
-2496
-1415
241
-1533
-4272
-4549
-2949
-2656
-4062
-3569
-2204
-3267
-5514
-5046
-2128
-1268
-2774
-2757
-641
249
-599
-387
1645
2445
1338
1476
3131
3847
2448
1919
3558
4340
3282
2242
2506
2193
638
160
1085
1081
-548
-1874
-1938
-2082
-2780
-2862
-2429
-2768
-3560
-3679
-3107
-2793
-2791
-2261
-1672
-1446
-1136
-419
271
381
769
1653
2295
2161
2197
2565
2703
2217
2237
2686
1729
246
-490
612
832
-433
-1589
-1872
-2121
-2743
-2755
-2155
-2087
-2930
-3309
-2822
-2050
-1745
-1815
-1556
-996
-468
-47
393
998
1205
1401
1925
2655
3052
2884
2945
3231
3604
3750
3597
3279
3009
2823
2813
2973
3199
3450
3194
2630
2667
2537
2445
1529
413
123
-1658
-2917
-2868
-782
285
-2842
-5246
-4701
-2939
-3316
-4404
-2976
-2157
-4450
-6382
-4514
-1350
-1582
-3383
-2321
-105
86
-902
-27
2326
2225
1093
2013
3814
3754
1840
2140
4251
4494
3053
2368
2662
1710
34
324
1599
919
-1058
-2111
-2089
-2528
-3229
-2812
-2361
-3086
-3905
-3748
-3030
-2842
-2788
-2017
-1440
-1259
-847
-21
556
553
1104
2187
2653
2537
2593
3015
2747
2401
2009
1582
1148
982
1333
269
-998
-1722
-1774
-1666
-2000
-2129
-2583
-3298
-3446
-3324
-2730
-2167
-2061
-2145
-2125
-1381
-634
-286
409
1000
1322
1655
2056
2552
2671
3088
3849
4010
3973
3916
3744
3493
3292
3749
3852
3546
3486
3605
3486
2875
2842
2961
2879
1292
153
-820
-2595
-3364
-2759
215
-407
-4304
-6408
-5069
-3126
-4147
-4404
-2524
-2763
-5771
-6873
-3552
-741
-2031
-3329
-1398
519
-79
-943
943
3043
2136
1499
2974
4547
3282
1378
2839
4848
4436
2759
2427
2382
605
-724
489
1580
198
-1957
-2681
-2641
-3444
-3768
-2883
-2611
-3578
-4319
-3887
-3156
-3129
-2721
-1785
-1214
-935
-417
365
573
685
1760
2971
3240
2898
3039
3134
2344
1285
1440
2531
2403
1214
-364
-996
-1356
-1717
-1458
-1168
-1618
-2882
-3703
-3377
-2837
-2591
-2327
-1987
-1731
-1756
-1397
-683
-79
467
1065
1745
2281
2310
2241
2559
3283
4158
4435
4254
3844
3456
3395
3638
3937
4151
3820
3633
3193
2843
2959
3147
3353
2421
682
-307
-1089
-2691
-3728
-2895
106
-755
-4773
-6642
-4894
-3267
-4812
-4882
-2492
-2679
-6001
-7193
-3630
-874
-2279
-3179
-1046
747
-374
-1218
1211
3353
2377
1548
3115
4687
3218
1534
3299
5176
4358
2501
2459
2590
525
-934
287
1363
-119
-2175
-2601
-2600
-3709
-4119
-3155
-2816
-3797
-4558
-4067
-3500
-3441
-2859
-1782
-1178
-931
-289
541
708
903
2044
3231
3387
3215
3484
3144
1411
750
2201
3466
2566
343
-629
-1168
-1686
-1540
-921
-991
-2509
-3961
-4106
-3395
-2715
-2606
-2566
-2361
-2143
-1909
-1421
-527
220
647
1296
2150
2466
2344
2385
3109
4119
4754
4840
4281
3815
3749
3908
4171
4644
4772
4418
3454
3357
3651
3736
3707
2906
1556
-117
-994
-2492
-3659
-3513
-721
-577
-4386
-7009
-5833
-3741
-4870
-5472
-3304
-2741
-5749
-7684
-4690
-1306
-1983
-3251
-1514
860
269
-915
994
3668
3254
2057
3297
5159
4200
2087
3400
5646
5271
3185
2661
2921
1131
-573
261
1457
176
-2117
-2896
-2850
-3778
-4356
-3562
-3129
-4005
-4941
-4727
-4208
-4052
-3400
-2315
-1872
-1746
-1055
-29
178
396
1757
3141
3200
2895
3119
2600
1544
1740
3687
4221
2229
352
-73
-121
-638
-704
-374
-817
-2375
-3654
-3627
-2897
-2601
-2893
-2839
-2255
-1965
-2269
-2007
-969
-176
364
1045
1714
1780
1695
2361
3374
4201
4571
4516
3920
3600
3958
4476
4774
4778
4933
4531
3703
3591
3643
4119
4074
3396
1871
-90
-1036
-2643
-3628
-3122
-311
-476
-4769
-7713
-6411
-4109
-4913
-5502
-3643
-3370
-6630
-8459
-5190
-1709
-2167
-3614
-1972
368
-275
-1274
753
3709
3535
2362
3450
5166
4137
2082
3445
5975
5828
3564
2755
2743
1022
-524
505
2028
699
-1994
-3110
-3167
-3957
-4394
-3461
-2937
-3955
-5044
-4902
-4427
-4288
-3601
-2346
-1761
-1765
-1251
-398
-160
180
1630
3198
3419
2825
2196
2022
2123
2579
3686
3545
2526
1137
-6
20
-7
21
-376
-1079
-1816
-2868
-3193
-2849
-2498
-2473
-2474
-1995
-1857
-1988
-1515
-723
92
798
1277
1645
1693
2003
2854
3545
4320
4624
4324
3847
3667
4274
4631
4795
4910
4879
4424
3933
3798
3963
4150
3767
2514
783
-354
-2008
-3750
-3966
-1142
480
-3227
-7440
-7454
-4671
-4691
-5986
-4405
-2897
-5546
-8908
-6911
-2297
-1608
-3635
-3075
-111
332
-1292
-207
3190
4040
2570
2902
5152
5242
2840
3029
5790
6655
4606
3151
3307
2075
-43
99
1843
1327
-1369
-2927
-2957
-3615
-4631
-4184
-3399
-4110
-5415
-5453
-4786
-4707
-4515
-3305
-2205
-2097
-1888
-968
-383
-194
757
2607
3331
3033
2583
2346
1842
1851
3518
4407
3428
1299
306
232
185
217
211
-215
-1428
-2655
-2961
-2525
-2102
-2349
-2647
-2373
-2026
-2136
-2052
-1327
-495
130
754
1472
1611
1586
2011
2990
4012
4552
4676
4073
3635
3840
4352
4750
4951
4921
4579
4145
4265
4398
3966
3550
3413
2381
601
-1886
-3791
-3889
-2214
159
-1602
-5628
-7616
-6245
-4886
-5393
-4647
-3340
-4794
-8089
-8048
-4118
-1990
-3178
-3595
-1479
14
-735
-716
1827
3544
2882
2833
4527
5479
3760
2730
4776
6610
5843
4175
3694
2772
708
6
1478
2005
-84
-2317
-3149
-3637
-4396
-4145
-3233
-3612
-5062
-5690
-5250
-4789
-4520
-3691
-2782
-2557
-2225
-1386
-821
-751
-55
1559
2727
2715
2710
2250
1218
1083
2627
4759
4089
1789
133
-280
106
454
895
466
-1001
-2642
-3219
-2494
-1802
-1918
-2492
-2507
-2101
-2035
-1987
-1306
-513
-134
525
1337
1858
1800
1973
2919
3970
4689
4808
4429
3905
4042
4570
4997
5305
5356
5038
4240
3918
4239
4386
4137
3851
3126
1343
-718
-2823
-3944
-3547
-1315
-97
-3415
-7378
-7996
-5627
-4892
-5522
-4511
-3816
-6230
-8866
-6917
-2779
-1899
-3388
-2942
-582
11
-754
444
3306
4151
3280
3800
5457
5459
3689
4000
6391
7186
5575
4177
3740
2372
688
938
2330
1607
-939
-2665
-3266
-3974
-4592
-4037
-3627
-4616
-5877
-6140
-5846
-5551
-4903
-3805
-3292
-3253
-2628
-1711
-1361
-981
306
1993
2466
2382
2692
3297
2912
1434
1841
3575
4920
3606
1008
-243
-330
17
416
615
-322
-2337
-3925
-3855
-2706
-2027
-2228
-2929
-3436
-3337
-2730
-2008
-1241
-477
-70
421
1001
1491
1647
1921
3178
4597
5185
4761
4199
3941
4150
4733
5563
5918
5318
4417
3915
4273
4731
4775
4362
3590
1629
-598
-1100
-1124
-2087
-3829
-3043
-1180
-3410
-7074
-7487
-4692
-4313
-6022
-5539
-4048
-5438
-7888
-6475
-2952
-1976
-2986
-2602
-1091
-598
-434
1105
3269
3610
3128
3586
4547
4801
4304
4829
5992
6080
5044
4151
3528
2430
1533
1707
2086
1041
-725
-2090
-2987
-3597
-3680
-3164
-3429
-4551
-5331
-5584
-5593
-5018
-3994
-3255
-3443
-3461
-2657
-1894
-1472
-583
803
1751
1821
2011
2580
2853
3078
2642
2695
3077
3476
3328
1977
833
418
368
516
477
-272
-1684
-2881
-3087
-2588
-2165
-2193
-2655
-3339
-3537
-3044
-2185
-1500
-938
-614
-447
1
532
1073
1622
2588
3631
4090
3960
3771
3762
3949
4412
4930
5174
4829
4389
4056
4129
4736
5096
5048
4123
3498
2576
1305
-239
-2576
-3065
-2146
120
-670
-4697
-7231
-6559
-4774
-4760
-4492
-3770
-4996
-8023
-8612
-5319
-2717
-2935
-3776
-3104
-2275
-1861
-729
1167
2574
2514
2750
3397
3666
3561
3784
5113
6234
6235
5241
4061
2798
2074
2343
3096
2940
1277
-648
-2192
-2963
-2899
-2344
-2323
-3516
-4996
-5682
-5809
-5441
-4498
-3804
-3843
-4266
-3944
-3013
-2406
-1723
-549
631
1068
1230
1788
2468
2861
3361
4148
3943
2966
2294
2953
3612
2689
1545
910
743
246
-597
-934
-1306
-2008
-2662
-2874
-2827
-3009
-3488
-3631
-3194
-2460
-1948
-1834
-1706
-1466
-775
208
1042
1587
1750
2124
2773
3517
4179
4502
4381
4189
4300
4536
4827
4860
5026
4917
4769
4806
4892
4846
4022
3686
2833
1892
-420
-3177
-3350
-1493
888
-1347
-5314
-6891
-5781
-5003
-5375
-4189
-3401
-5627
-8778
-8040
-4479
-3030
-3790
-3863
-2561
-2165
-1903
-467
1473
2181
1865
2707
3738
4043
3674
3960
5199
5941
5809
5175
4297
2985
2134
2241
2914
2568
991
-671
-2140
-2932
-2989
-2588
-2826
-4072
-5228
-5638
-5744
-5489
-4819
-4381
-4528
-4710
-3957
-2900
-2355
-1749
-732
382
982
1412
2164
2775
3174
3557
4328
4076
3109
2574
3071
3748
2752
1747
1060
648
-16
-564
-567
-1114
-2076
-2945
-3123
-2900
-2959
-3139
-3388
-3281
-2881
-2517
-2225
-1682
-1156
-725
-44
530
1138
1394
1924
2885
3588
3993
4043
3977
3980
4268
4666
5069
5150
5014
4708
4318
4654
4911
5204
4629
4139
3056
1472
-457
-2754
-2524
-931
1063
-1144
-5431
-7158
-5830
-4386
-4664
-4052
-3648
-5769
-8791
-8197
-4381
-2638
-3437
-3917
-2894
-2445
-2291
-804
1371
2485
2144
2666
3416
3523
3267
3856
5651
6614
6188
5039
4021
2940
2383
2892
3839
3415
1305
-746
-2000
-2384
-2303
-1927
-2102
-3419
-4958
-5728
-5796
-5287
-4406
-3903
-4120
-4617
-4318
-3445
-2685
-1680
-363
630
819
846
1484
2315
3024
3695
4427
4680
4242
3064
1913
1955
2684
3410
2423
628
-745
-1702
-1715
-1437
-1194
-1838
-3284
-4322
-4577
-4114
-3573
-3394
-3613
-3807
-3528
-3029
-2553
-1906
-1129
-564
203
918
1424
1648
2009
3130
4142
4702
4798
4566
4276
4272
4764
5523
5810
5474
4772
4471
4855
5472
5281
4691
4003
2494
683
-1893
-2468
-1364
144
94
-3178
-6094
-6625
-5187
-4334
-4154
-3888
-4626
-7029
-8378
-6396
-3678
-3058
-3899
-3667
-2903
-2582
-1618
-117
1489
1776
1911
2685
2979
3112
3368
4528
5851
6280
5685
4670
3647
3019
3122
3675
3885
2632
699
-881
-1654
-1660
-1544
-1642
-2531
-4038
-5076
-5337
-5095
-4451
-4030
-4138
-4546
-4465
-3501
-2584
-2014
-1298
-397
263
531
975
1765
2418
2907
3523
3969
4181
3809
3497
2618
1817
2065
2605
2601
971
-562
-1247
-1406
-1411
-1336
-1775
-2696
-3754
-4245
-3886
-3480
-3252
-3356
-3693
-3585
-3135
-2473
-1824
-1109
-547
-10
678
1180
1797
2387
3172
3918
4284
4523
4689
4603
4648
5008
5316
5390
5135
4856
4597
4471
4685
5189
4907
4351
2674
965
-891
-2554
-2049
-706
809
-1311
-5392
-7208
-5526
-3571
-3602
-4061
-4243
-5783
-8226
-7649
-4393
-2589
-3693
-4914
-4092
-3230
-2387
-1086
559
1367
831
1130
1858
2487
2854
3552
4896
5749
5451
4415
3555
2988
3166
3686
4107
3315
1344
-312
-1163
-1053
-693
-717
-1614
-3300
-4641
-4812
-4405
-3827
-3427
-3710
-4430
-4834
-4094
-2874
-2174
-1638
-973
-526
-445
-74
1018
2091
2559
2923
3387
3665
3513
3302
3686
4137
4128
2914
1490
1014
1270
1356
427
-541
-1225
-1874
-2376
-2518
-2592
-3035
-3663
-4075
-3932
-3679
-3595
-3689
-3663
-2970
-1981
-1362
-1104
-575
-51
558
1436
2395
3207
3250
3309
3915
4651
5197
5237
5026
4731
4589
4640
4764
4727
4267
3894
3764
4284
4398
4194
2625
696
-1310
-3033
-2203
-308
1273
-1306
-5679
-7189
-5149
-3185
-3297
-3672
-4017
-5918
-8253
-7315
-3850
-2302
-3642
-4915
-4204
-3303
-2438
-1062
567
1364
1007
1263
1659
2140
2788
3863
5278
5961
5763
4856
3816
3121
3479
4298
4692
3724
1761
229
-695
-766
-375
-169
-1046
-2941
-4460
-4789
-4449
-4004
-3586
-3748
-4561
-5271
-4870
-3804
-3051
-2473
-1907
-1488
-1333
-967
6
1033
1758
2299
2663
2859
2941
3067
3558
3929
4084
3745
3288
2580
1206
425
758
1805
1217
-828
-2613
-2990
-2598
-2226
-1929
-2460
-3596
-4667
-4788
-3835
-2758
-2330
-2698
-3205
-2994
-2054
-1161
-279
571
1052
1450
1820
2407
2857
3347
4111
4741
4978
4682
4390
4092
4159
4801
5325
5194
4346
3627
3429
3950
4755
5482
4623
2104
-536
-2499
-2018
-11
2255
1270
-3494
-6993
-6220
-3430
-2497
-2983
-3473
-5097
-8062
-8626
-5462
-2707
-3225
-4904
-4951
-4177
-3596
-2397
-453
976
902
845
1218
1616
2163
3146
4857
6090
6081
5085
3927
3251
3494
4493
5347
4845
2819
790
-324
-410
2
302
-246
-2159
-4130
-4882
-4571
-3977
-3534
-3600
-4409
-5464
-5537
-4590
-3622
-2865
-2227
-1918
-2065
-2058
-1230
-5
968
1680
2093
2196
2019
2094
2732
3623
4149
4172
3691
3098
2748
2523
2568
1653
958
593
493
-114
-1592
-2154
-2305
-2332
-2599
-2810
-3188
-3959
-4570
-4318
-3449
-2828
-2772
-3220
-3400
-2914
-1869
-694
-9
430
356
582
1310
2251
3185
3571
3888
4001
4078
4299
4560
4675
4709
4781
4812
4668
4286
4215
4354
4597
4768
4572
3830
2157
322
-1568
-1992
-532
1515
877
-3376
-6582
-5874
-3487
-2981
-3389
-3396
-4585
-7488
-8350
-5265
-2305
-2673
-4307
-4423
-3726
-3259
-2024
40
1341
943
573
1031
1642
2369
3348
4680
5375
5121
4409
3688
3263
3462
4195
4613
3857
2106
665
24
23
384
490
-316
-2192
-3796
-4037
-3564
-3183
-3028
-3381
-4492
-5622
-5397
-3993
-2931
-2717
-2716
-2657
-2663
-2365
-1163
354
1201
1419
1523
1789
2128
2614
3428
4154
4276
3964
3573
3363
3433
3452
3514
3187
2582
1011
-447
-632
-74
390
-896
-2417
-3513
-4045
-4048
-3674
-3436
-3754
-4570
-5289
-5233
-4441
-3624
-3287
-3275
-2927
-2264
-1718
-1235
-200
805
1394
1945
2360
2861
3112
3538
4424
5115
5336
4969
4509
4317
4646
5094
5261
5068
4471
3915
3449
4001
4565
4440
2600
537
-702
-1499
-1073
-25
1038
-1095
-4770
-6045
-4054
-2350
-2929
-3791
-4103
-5411
-7132
-6352
-3568
-2615
-4010
-5042
-4219
-3227
-2503
-1276
151
572
54
319
1047
1903
2703
3642
4518
4586
4296
3920
3655
3549
3999
4491
4165
2926
1636
1081
731
559
580
438
-725
-2504
-3369
-3166
-2967
-3138
-3182
-3388
-4223
-4962
-4407
-3132
-2599
-2665
-2632
-2413
-2304
-1841
-649
548
1037
1036
1133
1496
2100
2786
3373
3620
3544
3351
3132
3141
3347
3380
3077
2446
1973
1450
997
137
-827
-1109
-1050
-980
-2015
-3122
-3707
-3805
-3670
-3336
-3166
-3768
-4673
-4970
-4335
-3402
-2799
-2599
-2753
-2794
-2326
-1234
-106
888
1349
1292
1519
2124
3051
3670
4081
4523
4630
4441
4398
4733
4969
4815
4537
4430
4274
3903
3618
3534
3581
3672
3272
2773
1432
304
-812
-1944
-1716
-600
451
-1721
-5076
-5836
-3702
-2426
-3236
-3628
-3525
-4901
-6848
-5687
-2488
-1677
-3444
-4434
-3433
-2759
-2155
-580
1020
938
-107
188
1161
1958
2638
3636
4302
3925
3398
3202
3314
3391
3870
4149
3547
2230
1257
1249
1288
1185
1010
484
-735
-2024
-2307
-1847
-1742
-2089
-2350
-2936
-3938
-4443
-3641
-2546
-2454
-2846
-2865
-2730
-2816
-2414
-1129
-14
34
-387
-467
-139
479
1299
2130
2400
2087
1681
1537
1976
2754
3184
2817
2157
1736
1501
1228
1232
1497
1481
540
-629
-1516
-1831
-1329
-812
-719
-1841
-3161
-3685
-3235
-2313
-1732
-1876
-2663
-3278
-3243
-2561
-1517
-751
-697
-1255
-1299
-492
644
1314
1623
1748
1534
1490
1782
2379
2827
3032
3113
2872
2495
2261
2352
2496
2660
2694
2476
2038
1729
1949
2381
2747
2746
2208
1164
542
-359
-1034
-613
1253
2285
-656
-3893
-3589
-899
-509
-1763
-1529
-1362
-3800
-6101
-3944
-556
-845
-3283
-3820
-2946
-3157
-2759
-838
703
-249
-1498
-913
-22
509
1257
2450
2712
2002
1644
1883
1953
1980
2693
3143
2579
1500
1269
1464
1144
1082
1530
1463
30
-1310
-1090
-393
-671
-1035
-958
-1556
-2988
-3526
-2287
-1292
-1697
-2271
-2359
-2650
-3068
-2422
-955
-407
-967
-1320
-1147
-720
-84
774
1347
1119
859
1059
1420
1871
2497
2835
2516
1998
1941
2183
2190
2196
2322
2096
1411
821
798
910
334
-239
-819
-963
-1196
-1750
-2123
-2535
-2635
-2798
-2778
-2831
-3037
-3480
-3658
-3146
-2638
-2332
-2416
-2418
-2331
-2011
-1212
-399
178
198
238
440
967
1783
2367
2615
2607
2769
2946
3130
3403
3744
3834
3539
3239
3239
3403
3510
3459
3492
3424
3240
3097
3037
2859
2280
1589
266
-524
91
1953
1745
-1499
-3648
-2524
-889
-1892
-2743
-1989
-2568
-5673
-6844
-3804
-1848
-3617
-5535
-4867
-4237
-4882
-4039
-1792
-1207
-2807
-3064
-1630
-808
-498
622
2044
1858
1188
1572
2345
2456
2655
3600
3895
3046
2334
2769
3058
2736
2815
3149
2526
915
259
886
1097
431
85
-95
-1180
-2448
-2240
-1083
-1057
-2066
-2657
-2761
-3113
-3208
-2345
-1524
-1751
-2272
-2251
-2026
-1712
-1002
-96
162
-173
-180
34
214
755
1688
2132
1716
1366
1575
1758
1773
2223
2733
2452
1558
1233
1500
1544
1285
1297
1225
479
-394
-787
-335
-214
-558
-1198
-1710
-1857
-1980
-1890
-1783
-1657
-2062
-2588
-2563
-1980
-1426
-1425
-1371
-1257
-1058
-819
-307
408
703
774
732
984
1472
1974
2271
2261
2291
2280
2238
2281
2656
2935
2774
2414
2207
2102
1833
1775
1970
1958
1617
1274
1066
1044
977
1162
1059
561
-552
-1959
-2085
-607
1125
2
-2609
-3432
-2104
-1528
-2150
-1404
-602
-2183
-5014
-4514
-1576
-871
-2419
-3291
-2650
-2920
-3148
-1755
-120
-337
-1584
-1427
-679
-165
387
1423
1912
1489
1462
1888
2147
1968
2404
3042
2787
1918
1674
2083
1836
1273
1448
1873
987
-503
-708
-23
-174
-821
-778
-983
-2247
-3067
-2196
-1323
-1747
-2347
-2364
-2616
-3111
-2640
-1618
-1290
-1641
-1839
-1884
-1864
-1083
29
419
108
64
385
582
1027
1982
2653
2336
1916
2177
2687
2887
3018
3360
3368
2818
2335
2410
2651
2551
2238
1890
1492
966
643
379
-27
-471
-801
-999
-1603
-2195
-2531
-2652
-2808
-2935
-2883
-3101
-3498
-3745
-3450
-2990
-2667
-2516
-2544
-2543
-2386
-1743
-952
-359
-130
-116
122
578
1202
1787
2296
2544
2513
2512
2783
3223
3396
3404
3245
3024
2805
2715
2829
2719
2462
2102
1793
1519
1361
1403
1320
1137
824
723
612
473
357
43
-810
-1781
-1440
-25
597
-984
-2711
-2494
-1505
-1496
-1800
-1058
-1006
-2947
-4423
-2967
-803
-1188
-2724
-2882
-2382
-2794
-2728
-1042
66
-971
-2239
-1781
-813
-486
2
843
865
3
-150
550
1044
1162
1460
1530
970
669
1138
1485
1220
1294
1701
1440
531
348
965
1034
534
557
914
356
-586
-492
389
546
-19
-184
-70
-431
-867
-453
218
117
-609
-1082
-1132
-1017
-648
-277
-349
-871
-1262
-1318
-1220
-890
-392
-302
-792
-1078
-733
-263
-88
172
633
654
215
178
801
1339
1406
1492
1715
1621
1292
1314
1712
1827
1576
1337
1189
947
811
881
745
379
74
90
-124
-537
-767
-807
-956
-1236
-1219
-1256
-1593
-2030
-2081
-1857
-1730
-1698
-1718
-1791
-1944
-1846
-1412
-938
-640
-607
-555
-381
-75
259
555
868
1042
1113
1174
1441
1734
1781
1687
1657
1753
1714
1593
1504
1484
1367
1156
1014
988
889
600
388
426
598
590
398
376
615
740
682
456
333
74
-293
-221
414
965
577
-275
-521
-28
289
243
349
479
-86
-1036
-1034
-158
188
-506
-1231
-1350
-1472
-1640
-1364
-888
-1123
-1985
-2417
-2158
-1753
-1493
-1312
-1424
-1787
-1900
-1567
-1237
-1141
-902
-700
-867
-1013
-518
230
355
190
512
1003
995
911
1412
2035
1996
1716
1910
2170
1967
1744
2047
2365
2083
1606
1429
1367
1138
1071
1229
1035
343
-349
-613
-675
-715
-761
-974
-1532
-2087
-2240
-2113
-1991
-1963
-2000
-2212
-2458
-2393
-2013
-1702
-1492
-1218
-934
-829
-679
-182
401
683
808
1113
1475
1640
1707
1949
2213
2256
2160
2115
2124
2062
1891
1655
1376
1097
889
651
349
24
-279
-716
-1203
-1521
-1527
-1586
-2016
-2468
-2610
-2518
-2597
-2653
-2431
-2103
-2130
-2302
-2056
-1445
-964
-754
-457
-4
313
465
763
1329
1765
1870
1801
1866
2065
2186
2223
2265
2299
2204
1911
1596
1430
1318
1088
795
569
381
-1
-520
-812
-805
-749
-871
-1027
-1091
-1184
-1288
-1126
-653
-261
-235
-322
-171
270
795
1290
1562
1416
912
497
1028
2325
3366
2917
1597
904
1299
1817
2043
2324
2232
893
-929
-1174
90
701
-211
-1402
-1984
-2631
-3087
-2524
-1488
-1674
-3039
-3927
-3790
-3342
-2831
-2017
-1563
-2059
-2669
-2384
-1447
-728
-119
344
284
-140
102
1090
1779
1907
2089
2359
2053
1619
1965
2659
2650
2149
2133
2188
1572
838
944
1335
965
248
-55
-282
-985
-1449
-1131
-804
-1282
-2083
-2351
-2345
-2316
-2085
-1591
-1462
-1829
-2060
-1749
-1169
-652
-180
90
91
43
335
848
1308
1651
1849
1822
1639
1700
2081
2385
2344
2118
1890
1584
1240
1072
1112
1035
658
204
-145
-414
-730
-977
-1090
-1198
-1483
-1875
-2113
-2114
-1973
-1864
-1803
-1789
-1819
-1820
-1669
-1333
-1010
-811
-683
-494
-288
-109
119
397
624
729
801
882
960
1102
1247
1272
1128
1066
1135
1178
1017
861
790
755
665
476
285
146
149
17
-292
-566
-490
-454
-691
-956
-807
-660
-917
-1237
-1070
-692
-702
-926
-895
-687
-682
-709
-424
-23
34
-161
-178
4
248
434
642
690
492
316
401
584
690
670
647
543
349
307
463
641
660
563
523
494
455
493
653
838
916
828
801
884
1151
1482
1776
1787
1230
304
-146
688
2137
2625
1479
67
-380
-39
251
691
1265
877
-967
-2593
-2246
-792
-245
-974
-1847
-2523
-3179
-3261
-2222
-1048
-1103
-2150
-2957
-2960
-2427
-1450
-375
9
-574
-1181
-1010
-348
257
842
1326
1180
536
378
1095
1792
1791
1583
1646
1612
1242
1116
1583
1979
1712
1193
990
971
782
593
618
583
201
-286
-500
-508
-558
-741
-896
-1034
-1185
-1281
-1295
-1291
-1320
-1281
-1165
-1103
-1145
-1117
-971
-855
-801
-664
-395
-246
-225
-148
79
264
295
344
500
629
601
551
622
741
785
752
718
651
529
467
531
580
484
337
232
118
-50
-101
-10
-55
-333
-568
-520
-442
-555
-694
-701
-698
-823
-841
-659
-515
-595
-727
-689
-527
-351
-159
-42
-140
-342
-403
-183
156
404
451
261
-24
-81
188
577
758
676
516
353
309
491
867
1175
1121
815
568
576
782
986
1037
910
684
484
401
423
537
594
462
137
-164
-304
-322
-307
-264
-263
-424
-689
-844
-768
-700
-709
-773
-692
-615
-638
-773
-811
-685
-515
-386
-332
-265
-295
-335
-318
-101
162
328
307
190
126
211
448
676
783
762
710
630
630
675
788
802
697
564
475
435
397
352
326
331
305
287
274
299
275
175
83
78
156
196
204
201
254
315
415
514
560
530
476
477
517
551
571
550
463
352
258
179
70
-37
-147
-328
-611
-824
-915
-981
-1141
-1316
-1440
-1567
-1696
-1784
-1773
-1734
-1726
-1755
-1792
-1770
-1679
-1542
-1371
-1144
-905
-756
-719
-655
-455
-158
140
358
474
507
516
639
921
1257
1455
1400
1236
1120
1123
1206
1295
1298
1134
863
607
463
410
369
244
-18
-322
-579
-782
-974
-1130
-1204
-1255
-1364
-1530
-1672
-1724
-1696
-1602
-1433
-1280
-1232
-1312
-1304
-1060
-678
-343
-146
1
132
299
582
1022
1464
1750
1853
1879
1998
2210
2509
2786
2950
2979
2854
2724
2646
2715
2813
2842
2744
2473
2161
1644
1001
477
673
1334
1366
193
-1283
-1814
-1522
-1176
-1087
-1101
-1639
-2776
-3690
-3500
-2617
-2038
-2069
-2577
-3293
-3811
-3362
-2189
-1333
-1503
-2001
-2144
-1945
-1731
-1184
-210
480
304
-268
-219
436
1060
1366
1666
1843
1632
1337
1579
2207
2543
2479
2348
2191
1823
1625
1903
2243
1964
1266
778
648
539
418
349
144
-327
-795
-919
-906
-1042
-1315
-1539
-1730
-1843
-1780
-1566
-1568
-1826
-1992
-1830
-1515
-1362
-1292
-1215
-1111
-1051
-880
-516
-192
-142
-248
-121
245
551
660
779
926
944
918
1123
1474
1533
1291
1117
1169
1202
1136
1196
1323
1214
853
608
639
669
537
399
357
187
-202
-498
-448
-241
-246
-455
-674
-820
-920
-904
-674
-445
-439
-654
-843
-835
-639
-320
-68
-41
-205
-320
-279
-133
56
296
422
310
95
58
201
304
356
395
385
154
-108
-115
105
279
217
67
-60
-175
-217
-100
205
375
318
95
8
95
176
396
473
663
447
297
262
333
509
349
465
359
271
8
-141
44
21
36
-45
-10
-118
-513
-644
-618
-357
-332
-362
-501
-809
-986
-943
-493
-269
-234
-447
-650
-716
-622
-206
43
62
-183
-338
-291
-135
194
399
398
155
84
329
591
688
636
612
509
388
450
657
730
578
410
310
171
73
178
316
166
-288
-614
-623
-390
-251
-327
-647
-1007
-1182
-1150
-1002
-903
-880
-1027
-1267
-1410
-1299
-1010
-734
-580
-544
-623
-652
-493
-146
142
226
227
287
416
468
554
768
1073
1228
1184
1120
1146
1237
1341
1461
1590
1648
1588
1429
1283
1267
1392
1514
1485
1355
1170
1006
858
801
795
694
492
263
102
-56
-270
-457
-575
-661
-774
-948
-1142
-1317
-1422
-1420
-1376
-1356
-1427
-1551
-1619
-1569
-1416
-1289
-1261
-1289
-1298
-1217
-1043
-863
-743
-714
-710
-619
-449
-250
-91
-12
36
67
126
255
425
530
505
443
475
578
649
679
727
784
759
684
673
739
751
687
649
705
718
584
401
277
254
263
248
145
-79
-315
-411
-341
-221
-225
-387
-626
-796
-787
-646
-506
-469
-556
-678
-753
-660
-380
-105
-23
-112
-112
36
242
416
671
883
919
838
939
1262
1470
1454
1250
1039
842
968
1440
1832
1629
1021
592
604
809
985
960
675
221
-171
-400
-575
-608
-545
-598
-1021
-1532
-1728
-1591
-1510
-1617
-1744
-1822
-1915
-2006
-1933
-1734
-1635
-1663
-1656
-1527
-1378
-1265
-1020
-695
-499
-476
-368
-27
336
521
641
749
844
992
1347
1766
1897
1728
1571
1573
1647
1796
1999
2052
1716
1228
977
1027
1167
1211
1099
785
312
-35
-103
-26
-21
-152
-388
-740
-1121
-1317
-1228
-1007
-898
-992
-1219
-1471
-1573
-1436
-1132
-872
-843
-984
-1077
-981
-731
-439
-190
-53
-49
-91
-22
180
402
580
718
814
819
781
802
872
901
921
983
1026
920
674
509
501
550
522
393
231
19
-213
-339
-232
-48
-54
-289
-536
-622
-628
-554
-388
-223
-270
-556
-735
-638
-366
-160
-115
-152
-292
-405
-377
-169
66
140
63
-84
-198
-208
-96
38
96
37
-70
-159
-215
-179
-65
45
69
-7
-54
-48
19
85
155
172
124
50
12
66
129
197
216
220
196
179
199
233
269
302
366
407
427
414
397
366
325
347
392
430
369
260
132
2
-73
-93
-80
-147
-285
-447
-596
-687
-686
-587
-555
-662
-834
-940
-932
-833
-625
-419
-353
-424
-480
-352
-88
187
382
434
379
314
366
569
816
961
966
843
667
528
495
586
670
606
353
50
-107
-77
17
53
-44
-260
-521
-684
-681
-571
-447
-427
-466
-636
-749
-738
-606
-359
-238
-149
-162
-172
-90
-24
117
192
300
409
432
433
338
278
304
390
523
528
398
172
-66
-144
-78
-8
-77
-281
-447
-500
-500
-412
-336
-333
-440
-548
-515
-389
-251
-175
-166
-156
-148
-95
32
202
355
378
378
408
490
597
730
907
967
865
753
813
1009
1104
1029
922
839
761
696
725
788
676
387
124
21
-10
-84
-162
-217
-317
-473
-588
-590
-559
-577
-620
-640
-657
-671
-656
-592
-536
-539
-571
-604
-582
-494
-387
-297
-274
-299
-335
-352
-281
-163
-69
-73
-158
-231
-250
-207
-112
-2
37
-51
-183
-205
-98
12
61
99
140
114
13
-11
112
251
271
219
223
239
205
146
201
303
327
264
211
235
232
232
272
337
281
98
-29
19
119
114
48
3
-64
-225
-309
-216
-83
-120
-243
-258
-221
-254
-309
-258
-155
-141
-165
-108
-19
4
-16
23
124
210
233
199
184
255
419
566
621
558
409
297
369
628
865
862
627
306
85
94
268
403
345
118
-148
-390
-510
-469
-338
-266
-336
-497
-638
-694
-643
-542
-403
-266
-223
-306
-362
-212
34
153
123
121
158
174
190
266
293
158
23
27
111
101
-36
-186
-310
-388
-400
-373
-352
-433
-609
-765
-792
-718
-693
-747
-797
-799
-812
-803
-718
-585
-508
-457
-325
-141
11
84
172
332
532
716
842
922
969
991
1023
1150
1338
1430
1298
1090
982
985
1001
971
895
679
377
167
123
107
-17
-233
-473
-698
-823
-790
-723
-756
-896
-1026
-1082
-1078
-989
-879
-797
-757
-708
-626
-557
-472
-367
-249
-123
20
134
171
188
268
411
547
617
595
492
421
472
617
697
646
523
398
303
287
355
403
319
179
107
82
20
-65
-64
-35
-87
-212
-308
-349
-382
-361
-265
-179
-213
-354
-438
-377
-210
-69
-48
-99
-150
-137
-61
34
105
101
51
1
10
60
118
119
49
-22
-33
-3
0
-14
6
45
54
65
123
183
182
184
267
383
431
412
413
475
531
568
580
560
509
479
542
611
577
426
257
129
55
22
9
-101
-343
-584
-707
-684
-688
-793
-952
-1136
-1247
-1287
-1229
-1134
-1116
-1163
-1216
-1184
-1087
-976
-834
-643
-462
-355
-291
-171
-4
130
286
522
743
797
734
758
895
1014
1092
1184
1269
1233
1105
1036
1058
1111
1112
1035
883
690
522
393
292
237
179
5
-255
-447
-480
-500
-604
-693
-694
-722
-858
-945
-863
-709
-685
-751
-758
-688
-621
-576
-461
-300
-219
-248
-244
-83
159
303
302
292
351
445
522
622
722
699
558
474
533
594
543
423
303
173
78
84
115
35
-138
-268
-300
-285
-257
-224
-226
-291
-350
-329
-243
-152
-73
1
54
109
176
269
319
323
349
409
470
497
493
472
416
330
267
235
207
148
58
-42
-144
-218
-251
-244
-225
-270
-386
-525
-587
-521
-415
-368
-421
-532
-639
-678
-616
-480
-370
-349
-381
-419
-409
-334
-218
-119
-66
-45
-51
-68
-26
78
187
238
256
261
240
222
249
296
297
263
216
163
82
19
21
43
23
-61
-181
-287
-317
-266
-213
-214
-246
-307
-394
-421
-308
-122
-53
-75
-32
67
135
203
391
627
733
728
751
817
842
866
967
1068
1025
864
738
701
682
668
666
608
425
215
119
119
97
0
-111
-237
-387
-510
-541
-522
-541
-628
-751
-837
-856
-802
-711
-654
-660
-731
-782
-743
-607
-449
-365
-363
-417
-451
-405
-308
-209
-138
-82
-57
-115
-184
-158
-21
136
245
291
246
138
91
187
375
501
485
367
225
184
289
461
540
458
281
136
98
186
360
495
490
360
221
169
222
324
401
428
359
226
65
-45
-31
35
72
21
-117
-314
-503
-574
-495
-364
-344
-461
-617
-714
-706
-594
-431
-339
-406
-548
-601
-506
-347
-185
-68
-73
-161
-202
-95
71
203
312
385
345
252
260
392
547
626
666
627
482
341
335
456
541
524
441
285
101
5
77
216
209
58
-78
-126
-142
-180
-172
-97
-78
-170
-263
-238
-168
-169
-187
-138
-90
-129
-210
-223
-186
-176
-184
-198
-223
-264
-290
-292
-280
-239
-191
-184
-201
-165
-56
17
6
0
56
112
128
174
276
320
257
224
310
398
356
257
242
294
293
263
290
303
197
60
48
139
157
90
49
28
-73
-195
-220
-136
-97
-175
-310
-422
-478
-493
-450
-382
-353
-427
-549
-571
-440
-286
-262
-318
-334
-291
-223
-108
70
173
123
60
152
322
412
441
531
643
646
596
630
767
859
847
800
748
666
578
569
635
619
456
246
88
17
-5
-5
-45
-193
-401
-571
-636
-591
-529
-541
-641
-749
-771
-745
-701
-633
-546
-495
-524
-540
-475
-376
-319
-268
-180
-98
-72
-83
-56
18
98
154
167
144
125
120
139
187
251
267
177
53
-8
30
93
120
115
71
9
-32
-11
79
143
107
9
-62
-55
17
101
152
123
27
-45
-1
138
247
236
145
67
33
13
50
142
199
129
-12
-73
-62
-65
-122
-150
-150
-223
-344
-388
-299
-219
-281
-389
-380
-267
-176
-158
-140
-84
-65
-62
24
220
382
386
350
423
569
634
636
684
742
733
722
774
815
744
612
573
571
483
340
244
176
52
-114
-213
-243
-299
-426
-562
-642
-703
-776
-831
-805
-735
-714
-742
-716
-614
-538
-533
-506
-353
-179
-104
-82
-2
116
169
193
290
437
471
377
298
323
383
374
342
352
361
289
156
84
78
49
-41
-125
-165
-247
-392
-456
-381
-301
-340
-433
-451
-420
-394
-321
-194
-110
-107
-67
84
215
249
264
345
413
419
437
490
493
434
405
408
376
257
149
100
63
13
-70
-192
-339
-438
-427
-363
-369
-504
-702
-844
-857
-756
-632
-592
-658
-760
-793
-692
-487
-255
-91
-43
-39
4
157
402
635
784
845
864
875
905
991
1098
1140
1093
1027
969
856
706
643
676
660
490
259
81
-48
-140
-136
-99
-197
-458
-680
-703
-623
-557
-544
-587
-676
-739
-661
-486
-352
-297
-249
-148
-43
33
107
186
250
329
442
538
538
451
384
399
450
481
475
379
189
-14
-120
-133
-154
-232
-339
-450
-594
-722
-754
-695
-649
-675
-718
-737
-745
-729
-630
-465
-327
-274
-271
-217
-100
82
304
502
602
591
589
644
740
839
911
938
877
759
668
623
579
501
408
307
177
23
-128
-264
-378
-475
-577
-685
-810
-907
-995
-1069
-1075
-1014
-947
-951
-974
-942
-859
-766
-651
-503
-373
-289
-210
-72
120
299
408
474
561
659
723
768
853
959
981
927
891
898
869
780
712
695
640
492
345
278
222
103
-8
-42
-82
-220
-372
-382
-297
-287
-348
-355
-284
-269
-316
-288
-178
-130
-173
-148
-26
30
-47
-80
24
148
190
210
266
256
175
156
260
362
334
234
170
160
157
139
113
72
14
-50
-82
-60
-24
-52
-150
-218
-196
-157
-171
-186
-177
-204
-287
-330
-248
-145
-154
-249
-311
-307
-306
-314
-310
-297
-332
-411
-432
-365
-287
-305
-371
-381
-308
-232
-200
-184
-166
-179
-204
-150
10
159
184
136
135
191
267
366
499
599
582
519
501
552
609
628
621
585
527
461
408
387
391
382
313
218
170
146
66
-51
-89
-46
-49
-123
-179
-196
-254
-331
-295
-150
-76
-155
-262
-287
-267
-255
-198
-89
-47
-154
-297
-313
-220
-159
-175
-201
-228
-301
-413
-452
-389
-328
-359
-425
-444
-421
-420
-436
-413
-335
-277
-288
-287
-230
-167
-149
-109
23
172
219
191
205
300
426
533
632
707
724
710
745
857
961
976
911
849
832
801
743
683
637
554
393
211
81
-11
-123
-257
-370
-465
-588
-731
-850
-912
-942
-988
-1050
-1097
-1093
-1062
-1035
-977
-849
-698
-617
-588
-493
-303
-96
82
264
442
547
581
670
860
1045
1125
1137
1154
1152
1112
1089
1110
1104
1011
880
754
642
533
454
390
258
57
-147
-305
-409
-454
-457
-503
-652
-802
-848
-794
-745
-719
-673
-648
-665
-654
-550
-417
-356
-353
-334
-308
-295
-267
-181
-56
14
10
-34
-66
-38
34
123
171
146
70
1
-17
6
20
-11
-88
-165
-197
-186
-194
-251
-315
-342
-320
-300
-300
-308
-308
-300
-261
-173
-69
-44
-97
-114
-9
148
208
199
212
252
272
290
373
441
396
308
307
387
415
356
301
279
261
260
277
260
176
76
47
86
132
153
119
41
-36
-32
56
157
199
169
112
78
117
210
296
321
277
221
189
216
286
325
265
116
0
-30
-27
-43
-81
-127
-205
-320
-384
-362
-337
-374
-447
-469
-431
-391
-367
-345
-311
-285
-266
-200
-80
13
13
-15
41
153
195
166
168
217
237
227
272
340
296
175
153
272
368
326
251
211
170
103
98
164
166
48
-78
-110
-69
-33
-30
-45
-95
-168
-209
-187
-114
-68
-91
-153
-192
-178
-142
-112
-99
-96
-125
-175
-199
-165
-102
-80
-119
-197
-260
-284
-255
-175
-121
-155
-280
-386
-362
-240
-141
-151
-213
-261
-283
-266
-179
-66
-35
-105
-159
-109
-35
0
39
108
152
128
113
172
243
264
269
307
326
277
232
266
315
292
238
234
231
152
69
87
153
135
48
-3
-23
-83
-145
-125
-48
-41
-116
-166
-141
-89
-51
-8
49
94
115
136
186
252
294
287
251
237
246
234
192
167
154
90
-31
-115
-120
-118
-160
-216
-240
-272
-326
-335
-270
-211
-234
-288
-275
-191
-101
-28
48
104
118
135
209
325
434
497
504
479
460
473
498
507
492
449
