40
50
59
62
64
63
58
52
50
49
49
52
56
60
62
60
59
56
53
49
44
42
38
34
29
21
15
11
9
10
13
15
18
19
17
12
2
-5
-14
-20
-24
-25
-24
-22
-22
-24
-30
-33
-38
-43
-46
-49
-49
-50
-52
-52
-52
-54
-57
-55
-56
-54
-58
-62
-66
-71
-73
-72
-71
-66
-58
-51
-44
-40
-43
-46
-49
-51
-49
-45
-42
-39
-41
-40
-38
-33
-25
-19
-10
-1
5
8
4
-4
-9
-15
-17
-15
-12
-6
1
2
4
2
-2
-2
-1
6
10
17
18
19
23
23
22
26
26
27
31
27
31
29
26
27
29
30
31
32
28
22
18
20
14
6
-1
-9
-8
-15
-18
-17
-15
-14
-10
-6
-9
-15
-17
-22
-25
-18
-20
-22
-26
-24
-14
-3
-6
-5
3
8
19
15
16
18
14
15
17
14
15
12
10
18
15
5
3
3
2
8
22
22
10
0
1
13
18
18
18
27
31
33
30
25
29
25
25
32
35
39
39
34
24
13
8
1
-9
-17
-22
-24
-26
-29
-28
-25
-30
-25
-27
-37
-43
-51
-46
-45
-48
-44
-39
-36
-31
-31
-42
-51
-56
-61
-59
-61
-60
-52
-47
-47
-50
-50
-43
-37
-31
-22
-25
-25
-28
-26
-22
-13
-5
-9
-8
4
20
24
20
11
8
17
16
5
-7
4
6
11
20
18
12
21
29
28
39
40
44
49
54
56
66
77
83
96
102
108
103
92
83
75
67
55
52
50
60
67
66
61
50
38
24
14
4
3
-2
-2
-4
-6
-7
-10
-20
-27
-9
1
3
-8
-20
-34
-47
-59
-67
-57
-64
-69
-58
-45
-52
-53
-50
-54
-30
-7
4
11
4
-3
-12
-18
-23
-43
-50
-55
-48
-33
-43
-61
-82
-78
-77
-59
-39
-30
-19
-28
-28
-33
-48
-59
-69
-46
-32
-29
-17
-5
13
9
-6
-14
-14
-32
-40
-44
-49
-49
-58
-50
-74
-86
-97
-112
-113
-93
-83
-74
-56
-69
-70
-76
-69
-61
-36
-13
3
10
-8
-22
-38
-47
-69
-52
-30
6
62
66
75
67
46
39
29
11
20
21
35
58
45
48
31
41
68
86
125
132
105
101
78
63
71
61
71
87
119
131
132
129
110
116
119
123
131
147
142
123
100
98
96
72
113
87
171
41
130
-138
241
-719
-1481
627
225
-9
328
-172
136
392
69
127
88
15
143
309
147
39
353
63
73
110
-4
-11
92
114
35
67
97
73
-186
-72
-180
-247
43
-170
-129
81
310
963
865
824
404
-1000
-3191
-2526
-818
-632
1075
-556
-628
-587
-513
-952
-756
-3282
-2259
5676
-1086
-2034
-3302
-6654
-2848
-350
-715
-24
829
-1371
-3548
-2143
-1830
-5538
93
-957
-3029
-23
-1318
-2477
-1616
-16
-803
1905
4898
3396
2161
4922
2885
636
4234
1414
-1043
722
703
-380
1893
961
-1258
1643
-38
-1118
-3123
-1053
-376
-2809
2825
555
-1425
1204
-1563
-3092
617
-1583
-213
1925
1663
974
128
2435
-2003
-863
316
-1286
1886
3796
1205
2124
3045
-340
2101
3886
2970
3042
5006
2901
3059
5068
3205
3471
4452
3180
1491
3859
1720
-1565
1816
358
-1257
2590
-171
-1324
711
-1339
-1607
441
1420
-148
2194
1900
-21
1910
942
537
1459
1831
96
24
1784
182
393
2722
970
1272
2929
1764
2674
1110
603
683
-252
1228
-268
2723
2128
346
2484
414
-799
1322
-419
-182
1393
-1235
-247
-1066
366
-820
-1329
251
-1434
-838
-443
-736
-759
-274
-1762
-1790
-1158
65
-3258
-238
-115
-4134
1213
-1386
-3011
-1234
-1489
-1563
-370
-1664
-2685
-2830
-2032
-2446
-2473
377
-1856
818
-386
-1895
-1257
-1798
-1953
-209
485
-1324
-529
-625
-3442
-2727
122
-3097
-886
520
-3299
-2523
-2577
-4366
-3182
-2146
-2684
-1992
233
147
-1812
-1106
-1645
-2155
-2343
-1519
-854
-1787
-713
-739
-1843
-1231
-113
-1915
-643
-386
-1799
-494
894
-508
-1925
-609
-420
-570
-359
-450
-1484
-1122
-76
-603
247
-125
-384
-263
-135
-1337
-1674
-896
-969
-339
108
-733
-527
-221
-1187
-501
-1066
1310
1258
957
1162
-500
-222
-522
1246
1033
-84
1864
2199
1909
1610
445
1134
788
731
1349
258
1499
120
-451
1539
523
1254
2513
2512
1085
784
-225
-321
62
1560
2033
821
852
-138
439
612
993
618
304
574
1003
281
235
-500
-1390
544
778
1540
802
-346
-1209
-535
-26
-34
-10
-565
535
890
192
-513
-508
-729
-34
20
-533
-358
449
305
-240
449
-1589
-1547
-8
213
1357
820
644
517
591
219
293
548
34
375
321
315
63
758
183
235
1371
650
1385
1559
234
896
712
1033
1545
1804
1752
1385
1247
140
843
1992
1958
2936
2893
756
1298
2277
933
1044
1125
664
2151
2136
1565
2064
2123
827
75
-159
-699
179
1450
1749
1061
-64
-292
701
579
240
1258
1392
833
842
-248
-688
431
222
736
828
-472
-412
-1190
-1510
-288
464
453
122
-1110
-1659
-2513
-3419
-1675
-510
-1026
-616
-1686
-2814
-2948
-2685
-2201
-2461
-3711
-3971
-3688
-3583
-2940
-2755
-2980
-3538
-3639
-4002
-3838
-3346
-2749
-3692
-3282
-3077
-3092
-2061
-1747
-2362
-2623
-2713
-2645
-1626
-1113
-2102
-1958
-763
-679
-935
-1519
-2171
-2167
-1051
517
262
-709
-364
594
1097
895
300
589
1329
1506
1461
659
1547
2485
2560
1819
1690
2074
1495
1456
1905
2635
2453
3108
2707
2024
2533
2556
2819
3051
2682
1956
2238
4285
4356
2296
3476
3143
2263
4237
3561
2500
2845
2772
2987
4136
3967
1443
1492
2751
2471
3118
3756
2954
1997
1028
1506
1861
1413
3608
2209
406
989
95
1523
2983
1401
81
1350
741
1595
2719
3063
773
-1214
181
1232
877
769
371
-1366
-3044
-3000
-2125
-3199
-2059
-2889
-5183
-4661
-5140
-4970
-4993
-5072
-7032
-8260
-7352
-7244
-6280
-6985
-7178
-8501
-9549
-9366
-8685
-7908
-7422
-7491
-8298
-6969
-6603
-6208
-4784
-4147
-5175
-4566
-2891
-1406
-1025
-684
857
596
371
1296
2599
2712
2703
2307
2323
3145
3166
3277
3885
4190
2763
2051
2271
2267
2465
3355
3844
2385
2120
2644
3770
3279
2546
2912
3438
3459
3730
4838
5326
4970
3963
4163
4581
4514
5257
5356
5635
5463
6271
7317
6383
5849
5018
5133
5345
6638
7308
5930
4842
4239
4297
4017
4904
3630
3058
1140
2000
3436
3451
3139
2035
1705
656
1315
2235
2242
1667
3697
3904
2480
1156
1003
1267
1565
-182
-882
-1365
-2062
-356
-1815
-2602
-4328
-5855
-5948
-8105
-6754
-6166
-7639
-10396
-11460
-11894
-11699
-12755
-12848
-12201
-14846
-13656
-12860
-12798
-11971
-12108
-11301
-9332
-9237
-8554
-7818
-6376
-5728
-4797
-2539
-1065
-224
296
371
1314
2585
3263
4026
4905
4990
4894
4586
5214
5077
4472
5200
4436
3554
2058
1423
1822
1610
1641
1897
838
-176
386
589
699
481
593
1794
2579
3440
3354
4027
4443
4266
5793
6696
7901
8598
9167
9883
9733
9722
9876
9912
10590
10563
10050
10175
10040
9837
9107
9464
9375
8038
7092
6689
7597
6468
6393
6193
5217
4451
5149
5123
3744
4182
3417
3846
3543
3163
2668
-1921
-4083
-4292
-3226
-3702
-5217
-6071
-7706
-9383
-10481
-9961
-10565
-12003
-13665
-13131
-13164
-13754
-14324
-13845
-14022
-15183
-15798
-16708
-16244
-15507
-14059
-12813
-11605
-10788
-11387
-10779
-9416
-7490
-6872
-5047
-3037
-992
-875
-647
-45
-677
-465
178
1497
2116
1511
1325
1289
1571
2016
2505
2851
2417
1138
1549
2226
2595
2286
2122
1798
1102
920
1147
2402
2827
3186
3932
4490
4719
4964
5849
6365
6785
7925
8562
8972
9008
8816
9635
8962
9938
10671
10864
11264
10836
10540
9988
8810
8551
9404
8955
9252
8296
6603
7268
8151
7717
9225
7100
6809
6352
5600
7022
6781
8833
7367
8324
3709
-2387
-2340
-3951
1079
-1888
-3219
-5371
-9827
-12158
-12087
-10256
-10748
-12399
-16183
-16114
-16435
-15761
-15495
-15268
-16807
-18550
-19963
-17854
-15574
-15008
-14465
-13539
-11533
-12190
-9828
-12195
-9414
-8350
-5967
-850
-458
846
35
-849
95
1940
2471
3636
2942
2766
2708
2414
2969
2120
372
-360
-1000
-1175
127
1124
1326
247
-46
-515
-1033
-1285
-942
1117
2001
2726
3693
3888
4071
3113
3381
5107
5853
6719
8671
9483
10043
9575
9668
10327
9493
9630
10180
11115
11426
10856
11103
11098
10348
9322
9137
10332
8481
11575
10566
9704
9413
7973
9637
7635
8055
10042
10694
9341
9765
10072
8585
299
-3577
-3129
-1284
-803
-2737
-4087
-7846
-12584
-14442
-13085
-12845
-13647
-17740
-17882
-16264
-17078
-16546
-17994
-18869
-21234
-23266
-18883
-15832
-13622
-13101
-13450
-12220
-13596
-12720
-9379
-6788
-5334
-3442
-678
1662
1770
2476
3462
2795
3584
3842
5785
6113
5191
5173
3786
2420
1573
746
1073
697
297
1148
861
662
-834
-2313
-2318
-2731
-1664
-548
445
1844
1391
1708
2208
2098
2904
4084
5404
6499
7668
8728
9457
8955
9751
9567
10098
10501
11468
12633
13062
13551
12204
11969
11328
10883
10037
10384
10450
11675
12259
13175
10064
10295
8508
10250
11727
11900
13707
8962
7588
-1173
-194
-3285
-110
200
-3842
-4814
-8941
-9052
-13111
-12661
-15860
-14707
-16272
-16712
-17389
-17208
-17359
-18988
-21155
-22196
-20340
-18654
-16039
-15519
-14150
-13149
-12437
-12477
-13598
-11126
-8516
-4308
-717
39
2893
2113
3082
2466
2587
5009
6685
7304
6826
5967
5346
5358
3106
2388
446
1281
2145
2212
2530
996
-3
-1534
-3314
-3273
-2627
-1218
587
294
877
876
755
1273
1289
2453
3874
4430
5885
6053
7455
9019
9332
9620
9157
9303
10454
11337
12704
12743
12656
12288
11480
10739
10771
10828
11980
12325
10586
11572
9069
10980
10502
10104
12577
9455
9748
5020
-1289
-329
-4686
-205
-853
-4272
-4610
-9867
-10278
-11937
-13364
-14337
-13686
-16090
-14744
-16699
-17037
-15998
-18425
-17912
-19949
-19726
-17207
-15801
-12481
-11830
-11726
-10134
-11829
-10233
-10427
-8040
-3731
-1162
427
1284
162
2718
3467
3889
5325
3734
5791
6372
6426
7174
5356
4105
2980
-23
738
556
2260
3753
2260
1661
-360
-999
-929
-991
-218
357
1037
2183
2164
3037
3134
3377
3777
3187
3412
4178
4791
6889
8213
8732
9806
8233
8285
8465
8394
8690
8934
9553
9776
11308
10870
8672
8204
7468
6090
5601
5471
6532
7853
7808
7470
6593
5622
4414
2654
-764
-1894
-4390
-2769
-2116
-2521
-1725
-4385
-4497
-7311
-8932
-9735
-10001
-8039
-7505
-7305
-7482
-8357
-8313
-9164
-9956
-10110
-10020
-8604
-7562
-6395
-6426
-6577
-7005
-7621
-7774
-7797
-7204
-6129
-5189
-4956
-5051
-4557
-3737
-2642
-2436
-2339
-2482
-2584
-1799
-1647
-1014
-913
-741
-497
-692
-914
-1301
-1503
-1327
-961
-767
-546
-268
-13
313
481
347
489
795
1317
1807
2035
2147
2174
2320
2450
2631
3050
3495
3986
4228
4167
4192
4197
4374
4576
4677
4772
4834
4837
4927
4746
4583
4436
4379
4423
4309
4325
4335
4432
4440
4459
4470
4530
4729
4969
5136
4963
4469
3879
3276
3047
2854
2761
2661
2517
2578
2252
1966
1541
900
442
-215
-705
-1070
-1432
-1639
-2158
-2586
-2998
-3442
-3784
-4183
-4493
-4924
-5229
-5541
-5607
-5573
-5558
-5552
-5522
-5481
-5493
-5370
-5265
-5011
-4767
-4590
-4391
-4288
-4211
-4020
-3787
-3428
-3107
-2868
-2495
-2149
-1999
-1821
-1632
-1513
-1232
-1085
-951
-794
-624
-441
-119
264
559
864
1215
1452
1622
1816
1783
1934
2198
2450
2871
3307
3647
3888
3995
3978
3906
3919
4007
4077
4147
4190
4165
4304
4188
4022
3875
3582
3530
3431
3422
3343
3377
3400
3463
3539
3707
3839
4041
4316
4862
4935
4427
3582
2477
2607
2331
2524
2450
2430
3087
2968
2757
1947
1003
264
-762
-1743
-2132
-2603
-2514
-2855
-3385
-3871
-4675
-5088
-5712
-6132
-6758
-7399
-7689
-7625
-7291
-6804
-6442
-6080
-5689
-5637
-5492
-5345
-5297
-4788
-4583
-4214
-3372
-2945
-2788
-3045
-3563
-3417
-2884
-2695
-2130
-1670
-1080
-543
-957
-1039
-781
-243
53
-317
10
331
91
601
156
-1628
-2791
-4077
-1385
3323
4569
3316
170
-827
196
494
-265
879
4433
7501
7670
4249
435
-1574
-916
228
2850
5656
5515
3602
1809
3123
5084
5128
3102
3360
4794
4874
3792
2208
5209
9753
12311
11086
7938
7155
8456
10593
10869
8563
7859
5761
7259
7134
5693
6047
2530
3052
-161
-2476
-1712
-2301
-1887
-4926
-8960
-8463
-8351
-8650
-11237
-15946
-15332
-15661
-14159
-14299
-14503
-13145
-13855
-14508
-14442
-14203
-12217
-10731
-9688
-6797
-5981
-3408
-1880
-44
939
1565
2413
4272
6258
6572
6485
6626
6480
7065
6281
4450
4312
2799
2744
1507
661
-439
-977
-2717
-2471
-3247
-3496
-3758
-5454
-5017
-5361
-4846
-4417
-4880
-5357
-5390
-5504
-3240
-2308
-820
-39
727
2628
4143
5722
6828
6993
7499
8471
9680
11355
11825
12184
11699
11364
11108
12163
12500
13377
12461
11793
12237
11858
13384
12346
12925
12659
12337
13536
13803
14682
17901
9989
2744
-4941
-7340
8081
3328
5236
-4460
-10047
-7168
-14568
-14535
-11890
-10932
-10933
-15395
-20320
-12009
-14771
-16166
-21749
-22851
-15841
-14648
-14208
-11975
-10633
-10036
-12230
-14808
-7095
-5280
-2755
-2599
-262
5281
4722
2735
4785
7221
10361
9776
7786
9044
8664
6386
5921
5273
3521
2897
-3140
-2387
-2532
-2998
-3785
-7080
-9361
-9224
-10682
-10393
-9190
-10121
-9506
-11059
-10334
-8217
-6110
-6268
-5241
-4938
-2569
-226
2019
3965
5555
6096
7288
9328
10480
12736
12846
13218
12650
12838
13454
13992
13582
12967
12923
12878
13344
13273
13723
12655
12180
10666
11394
11989
12889
12867
14579
12099
1417
-1580
-10289
4099
6573
2453
806
-11044
-7030
-10319
-13018
-11371
-6740
-10408
-10174
-17533
-14025
-9209
-14306
-17028
-20672
-15521
-12102
-11658
-12838
-9283
-10790
-11457
-15750
-10800
-4585
-3673
-2616
-4044
32
1668
-855
1202
5381
8306
8869
4184
5333
7474
6695
4890
2169
2760
4545
1372
77
-1153
-1617
-2274
-6166
-6228
-4800
-3850
-4879
-7273
-7409
-7112
-7369
-6755
-6413
-3610
-3006
-3328
-1752
-1013
777
1624
942
3104
4832
6618
8769
8570
9566
9486
9049
9342
10211
11525
12406
11741
11397
11371
11323
11443
10712
11041
10891
11129
11586
12542
12500
12937
12161
14297
9222
2574
-15
-2270
10464
6409
3860
-1666
-6546
-3954
-6649
-8430
-5603
-3268
-7913
-8956
-15890
-10028
-8999
-12747
-15737
-17283
-13265
-11388
-13312
-13731
-11436
-13132
-13669
-17116
-10276
-6724
-6005
-7438
-8709
-4698
-3308
-3524
142
3122
5264
3572
-387
3794
4384
7026
3763
2257
4358
4208
3267
2531
534
943
-917
-3951
-1099
-889
439
-2395
-5719
-5297
-4791
-4341
-3731
-4401
-2599
-3161
-3061
-1845
-1608
280
-103
305
2808
3871
6005
6439
5622
7225
7057
8660
9282
9573
10231
10141
9583
10081
10704
11598
12914
11472
12465
11279
11755
12600
12964
14545
14720
12532
5389
3040
-441
8754
9561
6430
2114
-6045
-2838
-5359
-4825
-4722
-2786
-6120
-7872
-13818
-11006
-8145
-11179
-12612
-17419
-13556
-11871
-11658
-13003
-12519
-14086
-13758
-16281
-11986
-7657
-6964
-7218
-10416
-7467
-5254
-3998
-1529
580
2037
2467
-442
1774
4014
4737
5220
1847
3062
4750
3993
5128
2091
1581
1240
-1207
728
378
776
145
-3460
-3327
-3664
-3323
-2149
-3903
-3330
-3408
-3443
-1519
-2097
-1230
-840
-1274
944
1626
3617
5165
4633
5794
6242
7085
8723
8236
8901
9251
8731
10189
10272
10797
12029
10378
11524
11097
11715
13579
13290
13723
13800
11254
6240
4150
1011
9741
9300
7581
3244
-4728
-1367
-5121
-3734
-3244
-2932
-4309
-7477
-12876
-10030
-9269
-10069
-11425
-16387
-12104
-12035
-11159
-11988
-13098
-13149
-13384
-15561
-11408
-9037
-7809
-8188
-11635
-8276
-6810
-4692
-2452
-1855
-141
-213
-1046
494
2128
2654
3382
2077
2818
4843
3708
4654
1692
1555
1589
972
2418
1793
1630
229
-2134
-2134
-1976
-1449
-765
-2156
-2182
-2930
-2975
-1980
-2229
-1855
-1403
-1433
297
806
2206
2867
2728
3099
3870
5364
6780
7331
7256
7365
6769
7856
8336
9988
10818
11187
11114
10955
11019
11813
12543
13385
13456
13054
9263
6663
3509
5791
9520
7568
7371
-300
85
-2576
-3074
-2298
-2511
-1733
-4777
-8183
-10114
-8273
-8724
-8300
-12390
-11946
-11822
-10788
-10812
-11311
-11551
-11985
-12891
-12836
-9825
-9097
-7253
-9422
-8724
-7492
-6208
-3942
-2914
-1939
-1488
-2123
-553
320
1503
1505
1265
1715
1927
3030
2648
3281
1572
1519
289
864
1381
1644
1569
-11
-884
-1345
-1206
-870
-921
-1501
-1725
-2577
-1741
-1552
-995
-1128
-1347
-1090
-615
188
1501
2461
2777
2862
3154
3984
4936
5318
5608
5592
5548
6535
7246
8680
8942
8960
8938
8732
9115
9821
11223
12558
12577
12176
8241
6820
3490
6109
7803
7528
7932
2039
2795
-1853
-1420
-2222
-1781
-942
-3355
-5211
-7600
-7011
-8146
-7868
-10349
-9705
-10118
-9612
-10207
-10181
-10757
-10427
-11681
-11480
-9765
-9723
-7447
-9237
-7415
-7271
-6431
-5103
-4660
-2966
-2323
-2052
-537
361
1301
700
479
639
2018
2803
3010
3627
2074
3043
894
1998
1552
1491
1796
115
471
-38
1
212
-654
-1068
-1356
-2009
-1284
-1725
-1240
-1577
-1580
-1480
-1069
-850
48
683
1372
2026
1808
2485
2707
3516
4525
4758
5380
5715
5808
7061
6824
7601
7456
8178
9256
10004
10733
11179
11100
11701
10363
7914
6771
4959
9213
8370
9603
6245
3543
2699
-758
397
-797
1577
-132
-1974
-5595
-6491
-6679
-7080
-7343
-9105
-8558
-9623
-9712
-10425
-10176
-10757
-10690
-12311
-10694
-10272
-9092
-8794
-9704
-8083
-8454
-6599
-5943
-4382
-3521
-3309
-2999
-1736
-637
312
572
692
1033
1552
1754
3020
3248
3071
2817
1686
2513
1957
2340
1763
1147
899
797
360
310
-428
-572
-985
-1530
-1085
-1249
-1001
-1543
-1880
-2032
-1717
-1499
-381
-103
570
898
1291
2031
2092
2612
3203
3706
4209
4794
5264
6123
5995
6292
6986
7346
8236
8365
9110
9977
10435
10612
10867
8371
7165
5033
6332
9535
8399
9075
3564
3287
1123
810
1537
1151
1980
-960
-2880
-6214
-4950
-5688
-5075
-7052
-8324
-8174
-9323
-9499
-10058
-9927
-10095
-10731
-11511
-9061
-9037
-7964
-9667
-9617
-8136
-7463
-5588
-4693
-3424
-3690
-3983
-4001
-1593
-401
801
821
1119
1784
2573
1877
3053
2579
3768
4038
2408
4012
1828
3432
1464
1185
1312
1095
1056
415
-416
-561
-932
-1459
-609
-1338
-747
-1594
-1426
-1410
-1103
-1458
-502
-831
142
342
382
1317
975
2123
2206
2607
3111
3539
3906
4521
4207
5266
5446
6186
6644
6938
7864
7971
8564
8119
9353
7802
6569
4925
4470
8852
7366
7859
3043
1522
2264
1301
3069
1580
1936
-911
-3090
-5307
-3658
-2948
-3793
-5633
-8321
-7191
-8250
-8096
-8499
-8045
-8923
-9683
-11078
-8728
-8033
-8752
-9220
-10170
-6999
-6919
-5927
-5477
-4669
-4554
-4725
-4175
-1419
263
-22
-192
-326
1537
2504
2689
3141
2889
2933
3610
3598
4332
3356
2475
1978
2162
2587
2680
1515
618
126
-60
688
153
584
-540
-1598
-2041
-1329
-242
2
-1067
-1411
-1250
-1121
-87
192
1203
974
710
1453
1856
2682
2943
3113
3488
3682
4278
5013
5542
5506
5889
6450
7526
8436
8520
8525
8188
5390
5614
4848
8081
9313
6200
5391
855
3039
2130
3588
3470
1986
34
-3177
-3389
-3586
-693
-3378
-4464
-7688
-7464
-6563
-7303
-7148
-7663
-8166
-9735
-9860
-9100
-6331
-8629
-9318
-9941
-7966
-5983
-6643
-5469
-5021
-4631
-5564
-4358
-2431
123
-865
-1470
-671
549
2099
1923
2773
3354
2567
2179
2688
4174
4970
2918
1887
1323
2677
2730
2225
1156
411
167
-343
274
80
-54
-1911
-2646
-2357
-1013
-776
-1370
-2172
-1938
-1605
-1241
-140
173
539
-441
262
1588
2658
2611
2425
2682
3269
3867
4434
5607
5840
5835
5790
6880
7883
8203
7778
7856
8059
5369
5871
5077
8604
8740
4981
4084
687
3956
2507
3239
2454
1065
-734
-3717
-3025
-2778
-511
-4533
-5796
-7856
-6845
-6073
-7380
-7162
-7729
-8488
-9821
-8788
-7725
-5533
-8681
-8940
-8368
-6498
-4910
-5998
-4503
-4278
-3997
-4821
-2741
-1079
490
-979
-1401
550
1339
2516
1954
2725
2963
1931
1573
3076
4259
4435
2313
1179
1625
2026
2493
2033
1208
136
-644
-601
698
424
-267
-2171
-2957
-2289
-1372
-733
-1031
-1726
-2084
-1877
-1418
257
736
913
96
496
1734
3009
2906
3403
3521
3736
4072
4266
6322
6149
6118
6052
6877
7846
7494
7457
8151
5132
5105
4983
8528
8880
4116
3383
1174
4482
3160
3582
2750
702
-1861
-3771
-1589
-1011
-450
-4944
-6203
-7890
-6560
-5579
-5937
-6355
-8213
-9233
-9798
-8058
-7160
-5793
-8613
-9176
-8543
-6347
-4550
-5563
-4789
-5042
-4400
-4642
-2332
-486
284
-1292
-1815
310
1547
2427
2144
2679
2976
1949
1802
2997
4071
4150
2554
2119
1699
2008
1665
2482
2123
1334
14
-644
163
162
487
-689
-1369
-2341
-1746
-1207
-562
-1282
-1899
-2136
-2101
-706
342
1175
276
-206
255
1887
2655
3397
3426
3488
3239
3612
5383
5964
6077
5457
6281
6659
7368
6979
7925
6103
4152
4863
5876
9636
5333
3921
1814
2765
4114
2873
3781
1280
-11
-2981
-1529
-960
-417
-2993
-5988
-6383
-7122
-4805
-5637
-5890
-8251
-8832
-9454
-8139
-7278
-6846
-7463
-9972
-8760
-7692
-4859
-5369
-5519
-5389
-4796
-4459
-3419
-881
-485
-634
-2191
-492
1290
1867
2060
2186
2843
2409
1748
1840
3430
3465
3774
2345
1673
1400
987
2247
1963
1572
-122
-1034
-965
79
309
-82
-1404
-2699
-2485
-2011
-686
-706
-1394
-2306
-2472
-1662
111
866
759
14
-78
1512
2799
3832
3735
3411
3571
4080
5274
6221
6707
6255
6344
6403
7321
7297
8183
5856
4501
5312
6554
9974
5226
3955
1580
3498
4976
3816
3896
1052
-376
-2531
-311
-168
362
-3687
-5977
-5707
-5558
-3356
-5667
-6135
-8476
-8364
-8387
-6732
-6400
-6842
-8270
-10110
-7703
-6657
-4462
-6065
-6303
-5751
-4789
-4158
-3350
-1713
-1711
-1694
-2609
-375
995
1257
1309
1459
2679
2273
1882
1813
2878
3150
3314
2944
2055
1550
1066
1853
2467
1789
804
-356
-760
77
217
112
-1019
-2401
-2482
-1967
-988
-508
-1377
-2207
-2611
-1884
-35
698
292
-309
-578
620
2155
3146
3703
2860
2560
3078
4963
6059
6632
5504
5903
5859
7149
8087
7803
7366
3481
5928
5213
9124
6687
3582
3110
1509
5355
2959
4165
1351
307
-2108
-1676
-59
-203
-864
-5875
-5076
-6275
-3550
-4707
-5595
-7068
-8029
-7780
-7662
-5770
-7057
-6839
-9813
-8068
-6636
-5344
-5310
-6683
-5202
-5248
-4122
-4293
-2003
-1817
-1747
-2201
-1391
858
274
639
846
2297
2413
1977
1043
2459
2914
3253
3349
1818
1921
968
1903
3068
2635
1539
97
-526
773
1229
886
104
-1704
-1852
-1443
-524
113
-782
-2079
-2189
-1952
-87
861
364
-256
-713
556
2343
3010
3141
2654
2436
3760
4814
5951
6082
5333
5689
6082
7650
7351
8023
5820
4059
5801
6420
9841
4678
3630
2365
3129
5291
3561
3868
434
-402
-1870
733
587
-579
-3740
-6463
-4173
-4788
-3128
-5767
-6652
-7917
-7658
-7592
-6769
-6555
-7686
-7924
-9705
-6828
-6364
-5375
-6424
-6623
-5297
-4761
-4235
-4103
-2153
-2496
-1843
-2434
-1043
450
-184
708
1233
2404
1937
1267
1134
2444
2924
2847
2763
1528
1719
1458
1544
2671
1680
1234
36
-168
823
1014
335
-359
-1476
-1777
-954
-1016
-153
-1382
-2104
-2026
-1653
-442
-41
-256
-505
-402
87
1955
2333
2732
2341
2436
3388
4597
5452
5833
5527
5531
6165
7185
7674
7970
5888
3956
6246
6659
10065
5164
3444
2837
3463
6069
3852
3634
449
133
-1452
937
483
-720
-3274
-6457
-3884
-4614
-3234
-5683
-6641
-7680
-7246
-7355
-6663
-6380
-7777
-7488
-9209
-6520
-6146
-5626
-6287
-6194
-4775
-4217
-3912
-4037
-1921
-2183
-1461
-1752
-987
551
-112
897
1638
2660
1962
1696
1701
2878
3715
3069
3268
1526
1855
2246
2611
3009
1673
736
138
401
1118
1582
8
-867
-1692
-1437
-356
-826
-725
-1749
-2467
-2320
-1407
-619
-424
-1127
-1187
-245
111
1699
1825
2025
2108
2475
4161
5070
5244
5210
5474
6186
6876
7550
7394
7783
6912
4704
6775
6708
9609
6417
3220
3874
3694
6467
3968
3464
1257
546
-989
-192
544
-1148
-2257
-6587
-4858
-5186
-4351
-5719
-7341
-8079
-8217
-8143
-7970
-6798
-8172
-8123
-9865
-8129
-6513
-6621
-6696
-7033
-5547
-5330
-4941
-4984
-2480
-2172
-2266
-2039
-1733
366
-119
575
1726
2456
2074
1588
2419
3497
3194
2748
3612
3745
3022
2109
2567
3493
2633
1635
1078
1246
1008
866
694
-262
-1453
-1875
-1037
-832
-1217
-1903
-2272
-2722
-2858
-1665
-988
-1345
-2122
-1700
-499
42
837
1646
1888
1657
2163
4105
5539
5280
5160
5633
6976
6951
7825
8105
8221
7526
4527
7559
7424
9739
7415
3981
4597
3449
6551
4818
4091
1301
622
-479
-256
557
-1367
-1963
-6710
-5411
-5436
-4331
-5967
-7847
-8161
-8158
-8166
-9012
-7143
-8032
-7918
-9899
-8529
-6582
-6640
-6640
-6922
-4932
-5157
-4776
-5106
-2426
-1557
-2064
-1614
-1403
507
441
1136
2338
3164
2443
2007
3135
4418
5201
3035
2664
4074
3733
4576
2800
3092
3137
1628
2349
2410
2067
863
-99
-310
401
-832
-899
-1190
-2321
-2055
-2833
-2217
-2476
-3044
-2797
-2378
-2685
-1801
-1297
-1137
-489
-621
1029
1518
1522
2762
3665
4556
4685
5223
6092
7127
6697
7636
7602
8146
6619
5237
7994
7855
10086
5049
4261
3841
4602
6355
3943
3099
303
406
-1339
431
-781
-1811
-4126
-7188
-4897
-5299
-4552
-7022
-8045
-8770
-8155
-8711
-7768
-6854
-8399
-8694
-9981
-7091
-6164
-6134
-6669
-5881
-4832
-4859
-4356
-3575
-1096
-1711
-1768
-1331
-279
1224
861
2013
2847
3161
2295
3062
4257
5566
4641
3606
3418
3758
5094
4484
4855
2799
2607
2032
2644
3149
2086
1198
-472
-122
-630
80
-1269
-1856
-2964
-3444
-3135
-3317
-2914
-3551
-3889
-4353
-3234
-2857
-2142
-2176
-1948
-937
-588
481
1363
2176
2710
3433
4188
5297
5777
6144
7152
7503
8322
7785
8727
6454
6513
7891
8401
9804
4454
4579
4135
5615
5416
3578
2121
243
-375
-1679
909
-1471
-2475
-5702
-6565
-4642
-5151
-5339
-7284
-8019
-8958
-7871
-8213
-6709
-7318
-8475
-8470
-8756
-6054
-5953
-5867
-6325
-5153
-4529
-3823
-3426
-2451
-848
-1780
-1077
-603
782
1582
1339
2380
3163
3145
2493
3542
4587
5295
4576
3770
4572
3414
3997
5287
5210
4641
1667
1446
2553
2980
2651
1356
-580
-1492
-1367
-749
-159
-2540
-3733
-4328
-4185
-3333
-3260
-3454
-4664
-5656
-4885
-2944
-2712
-2627
-2771
-2471
-1702
-927
775
1601
1372
1512
3160
4360
5303
5806
6137
7319
6834
7647
8746
8427
8830
5850
7097
7884
8360
8002
4206
4272
3760
5347
4189
3113
542
10
-321
-1275
129
-2559
-3159
-5793
-5457
-4203
-4616
-6186
-7494
-7439
-7301
-6668
-7785
-6425
-7138
-7607
-7476
-6718
-4894
-5387
-5668
-5332
-3525
-3476
-2987
-2918
-1795
-715
-1465
-371
214
1041
1099
1247
2359
2986
2632
2156
3426
3881
4247
3592
3351
4517
2712
2753
3487
4313
4098
1358
677
1383
2077
1120
1028
-944
-1421
-1820
-1531
-180
-2342
-3274
-4083
-3533
-3174
-2924
-3706
-4110
-4900
-4540
-2663
-2767
-2403
-2848
-2432
-1652
-1051
315
1252
972
1026
2347
3403
4471
4411
5035
5892
5902
6646
7287
7285
7292
6825
5214
6933
6429
7495
6420
3327
4077
3933
4842
3630
2248
997
1195
-399
-488
239
-1836
-2300
-4751
-3615
-3032
-4103
-5209
-5378
-5524
-5570
-5871
-6119
-4750
-6018
-6065
-6060
-5133
-4207
-4871
-4569
-3726
-3004
-3302
-2837
-2623
-1205
-1031
-1364
-266
-188
389
416
962
1947
1935
1199
1444
2511
2653
3004
1950
2645
2651
2335
2377
1139
2737
2022
2397
1119
468
536
853
888
286
-380
-2244
-944
-1492
-554
-1695
-3216
-3240
-3251
-2522
-2619
-2756
-3793
-3403
-3971
-2490
-2070
-2085
-1952
-2275
-1378
-953
-66
225
702
690
1492
2492
3138
3910
3581
4243
4831
5488
6020
6071
6063
6455
6566
4590
6203
5800
7135
6244
3327
4233
3831
4697
3674
3187
1642
1744
232
422
1523
-449
-714
-3230
-2400
-2212
-2659
-3636
-3813
-4383
-4875
-4979
-5357
-3825
-5014
-5305
-5815
-5285
-4273
-4650
-4509
-4166
-3692
-4309
-3828
-3544
-2230
-2169
-2883
-2000
-1968
-1230
-1297
-775
47
32
-521
-222
1062
1351
1591
806
1485
2008
1715
2373
2316
3149
1534
944
1886
2887
3328
1529
583
145
1122
809
1513
-54
-994
-1291
-1525
-441
-1128
-1791
-3052
-3058
-3054
-2251
-2898
-3193
-3451
-3706
-3028
-3064
-2218
-2195
-2106
-2041
-1404
-740
5
395
940
1698
1931
2641
3436
4174
4857
5071
5616
6240
6342
6974
6953
7633
5924
6488
7215
7882
7996
5258
5427
5271
6315
5409
4973
3504
2982
2464
1425
2363
733
34
-1712
-1656
-1497
-1969
-3157
-4017
-4126
-4886
-4915
-5893
-5283
-5815
-6378
-6742
-6748
-6018
-6483
-6607
-6657
-5775
-6127
-6062
-5769
-5078
-4217
-4720
-4074
-3628
-2820
-2578
-2074
-1174
-735
-708
-682
638
1219
1655
1471
1899
2567
2570
2897
3227
3821
3432
3343
2941
2512
3341
3286
3426
2236
932
708
1177
1319
891
-158
-1821
-1620
-1647
-1270
-2043
-3403
-3903
-4007
-3667
-3496
-3465
-4233
-4553
-4761
-3732
-3257
-3019
-2784
-2697
-2090
-1712
-791
130
821
985
1736
2525
3361
4156
4552
5314
5901
6398
7153
7652
7888
8373
8441
8924
7898
7134
8265
8574
9065
6999
5722
5576
5969
5675
5075
3771
2184
1882
564
1071
275
-1140
-2691
-3890
-3817
-3945
-4640
-5761
-6070
-7163
-7292
-7875
-7559
-7276
-8073
-8499
-8707
-7864
-7403
-7119
-7084
-6381
-6448
-6348
-5421
-4621
-3334
-3355
-3157
-2551
-1994
-1252
-429
490
904
976
860
2060
2765
3131
3139
2977
3326
3300
3647
4128
4335
3781
3373
3110
3481
3478
2432
2357
2025
1949
1584
569
371
58
-257
-290
-944
-1780
-1981
-2273
-1945
-2063
-2983
-3419
-3771
-3419
-2784
-2782
-3036
-3295
-3268
-2340
-1719
-1300
-867
-871
-485
127
1181
2094
2500
2674
3205
3860
4612
5358
5810
6192
6353
6617
7073
7573
7718
7483
7481
7303
7589
6064
5480
6210
6071
5963
3465
2565
2570
2782
2254
1547
135
-1037
-1400
-2226
-1363
-2368
-3571
-4815
-5297
-4895
-4923
-5410
-6000
-6148
-6978
-6727
-6866
-6111
-6166
-6858
-6718
-6640
-5968
-5804
-5400
-5059
-4690
-5003
-4591
-3648
-3183
-2527
-2728
-2187
-1916
-1616
-978
-169
392
233
149
401
1486
1665
1978
2019
2012
2153
2128
2824
3375
3273
2800
2803
3002
3471
3413
3446
3401
3081
1787
1604
2406
3051
2824
1038
435
101
701
814
847
-540
-1440
-1737
-1129
-598
-1293
-1777
-2753
-2594
-2466
-1774
-1767
-2039
-2586
-2428
-1940
-1573
-987
-1026
-1010
-1135
-677
91
742
898
916
1159
1399
1955
2562
2868
3323
3365
3675
4020
4389
4636
4768
4999
5076
4799
3384
4439
5076
5671
4492
2560
2792
2887
3255
2784
2600
1021
498
-470
-66
399
-1121
-2049
-3317
-3303
-3698
-3950
-4448
-4440
-5562
-6389
-6430
-6266
-5720
-6606
-6653
-6632
-6703
-6574
-6159
-5357
-5084
-5297
-5614
-4479
-3961
-3203
-2528
-2122
-1555
-1732
-1064
46
1080
1151
1339
1522
2300
2856
3150
4001
4014
4003
3794
4269
5028
5180
4872
4725
4541
4314
4282
4313
4650
4215
3363
3003
2990
2960
2584
961
1342
1217
625
128
-1269
-1086
-1426
-1799
-2169
-2724
-4064
-3604
-3503
-3480
-3777
-5189
-4936
-4846
-4350
-4044
-4097
-4493
-4238
-3943
-2837
-2235
-2102
-1603
-1711
-752
132
934
1643
1743
1965
2821
3500
4119
4785
4677
5126
5506
5671
6303
6181
6134
6167
6050
6364
6113
5554
4099
4511
4755
4730
3686
1724
1848
1510
1898
938
349
-1103
-1564
-2030
-1946
-1610
-2934
-3487
-4464
-3921
-4100
-4295
-4770
-4783
-5067
-5369
-5086
-4829
-4291
-4896
-4771
-4599
-4229
-3948
-3803
-2950
-2778
-2623
-2758
-1848
-1307
-1044
-720
-387
213
18
416
968
1691
1593
1430
1669
2017
2254
2168
2629
2599
2358
1973
2202
2679
2542
2228
1987
1909
1598
1474
1621
1721
1254
567
410
568
458
239
9
99
-581
-570
-2002
-1543
-611
-1004
-1032
-3091
-2785
-2699
-1835
-1965
-1794
-3530
-3640
-2924
-2557
-1683
-3037
-3208
-3604
-2884
-2402
-1646
-2206
-2134
-2387
-1935
-926
-718
89
-360
-293
22
511
1246
1614
1718
1896
2270
2399
3279
3541
3802
4122
4096
4364
4528
4808
5116
5191
5187
5365
5089
5071
3921
4559
5327
5332
4469
2694
2810
3242
3677
2676
2508
1200
940
682
633
1316
46
-1114
-1866
-1234
-1387
-1595
-2499
-2420
-2968
-3911
-3664
-3353
-2945
-3799
-4233
-4149
-3964
-4299
-4101
-3419
-3543
-3762
-4368
-3362
-2958
-3105
-2819
-2400
-2276
-2733
-2555
-1676
-806
-1291
-1257
-1000
-648
-590
-496
457
605
75
4
724
1324
1390
1149
1469
1565
1029
1309
2022
2358
1895
1245
1437
1685
1414
1355
1850
1673
1130
531
742
1105
446
127
-1475
-737
-764
-819
-956
-2250
-2437
-2839
-2382
-2366
-2180
-3664
-3098
-3132
-3006
-2799
-3407
-3043
-3160
-2747
-2489
-2027
-2423
-1799
-1767
-1092
-720
-568
185
297
808
1215
1806
2182
2639
2823
3360
3806
3903
4552
4654
4939
5249
5308
5769
5864
5808
5835
6048
6129
6264
5972
5895
5681
3786
4631
4922
5223
4178
1887
2278
2581
2255
1379
1188
-383
-504
-1881
-1550
-909
-2830
-3743
-4254
-3933
-4392
-4988
-5449
-4534
-5718
-6511
-6105
-5737
-5392
-6346
-6011
-5325
-5621
-6022
-5107
-4101
-3882
-4307
-4338
-2771
-2929
-2861
-1901
-1198
-1163
-1843
-1229
74
419
-87
458
890
892
576
1095
2245
1909
1277
1513
2162
2206
1842
2012
2786
2423
1664
2266
2749
2815
2264
2010
2649
2373
1749
2224
2727
2465
1820
1499
1976
1919
1358
1669
1908
1442
747
-321
531
972
388
26
-945
-1134
-1031
-854
-519
-851
-2461
-2277
-1817
-1618
-1360
-2093
-2141
-2267
-2618
-2195
-1706
-1979
-1922
-2114
-1734
-1393
-1444
-796
-618
-656
-670
-526
68
529
582
961
1172
1035
1397
1708
2345
2776
2662
2772
3069
3034
3256
3632
3913
4060
3509
3872
3931
4403
2585
2797
3611
3528
3168
749
1595
1477
1814
296
456
-805
-1162
-1722
-1921
-896
-2930
-3812
-4432
-3503
-4090
-4709
-5469
-4755
-5341
-6295
-5539
-5079
-4767
-5796
-5611
-4595
-4410
-4799
-4244
-2815
-2807
-2830
-2784
-1098
-681
-1008
24
1054
1469
836
1405
2630
3184
2578
3047
3943
3945
3685
3802
4894
4599
3742
3769
4449
4365
3602
3541
3899
3547
2370
2413
2756
2346
1436
1058
1386
927
-49
-218
219
-391
-1170
-1367
-984
-1123
-2073
-2042
-1698
-1993
-2594
-2511
-1988
-1932
-2511
-2356
-2075
-2784
-2704
-1901
-999
-1507
-2653
-2395
-1504
-1350
-1421
-1193
-1380
-1536
-1873
-1096
-336
-939
-1466
-1314
-891
-823
-1057
-764
-305
-933
-1220
-884
-394
-339
-691
-356
-103
-350
-403
92
554
571
387
632
1200
1092
1366
1964
2509
2397
2466
2753
3502
3679
4103
4420
4801
4849
4784
5263
3434
5235
5178
6489
5170
3470
4021
4541
4845
3726
4042
2331
2856
1154
2080
2471
620
-407
-941
-330
-1213
-1990
-2675
-1570
-3443
-4442
-4270
-3983
-4095
-5655
-5255
-4986
-5567
-6610
-5586
-4689
-5144
-5807
-5825
-4319
-4981
-4860
-3575
-2671
-3108
-3925
-2880
-1512
-1239
-1702
-533
-82
-428
-573
503
1966
1402
924
1542
2306
1993
1925
2625
3291
2471
1650
2439
2815
2554
2055
2240
2452
1604
869
1547
1915
1145
667
469
533
-85
-676
-92
47
-741
-1257
-1138
-937
-1122
-1468
-1077
-1095
-1616
-1831
-1292
-1212
-1602
-1394
-984
-674
-1547
-1579
-903
-334
-517
-613
-470
-335
-386
-135
741
678
227
79
721
1097
961
867
1198
1281
943
1140
1635
1873
1476
1267
1636
1786
1705
1723
2064
2030
1685
1606
1914
2034
1756
1736
1938
1996
1720
1657
1964
2120
1811
1673
1947
2002
2040
1820
2150
1529
875
1241
1815
2020
759
72
437
755
107
-116
-278
-549
-1226
-1876
-1162
-1347
-2423
-3018
-2759
-2786
-3542
-4214
-3635
-3268
-4242
-4627
-4228
-3973
-4534
-4866
-4202
-3822
-4444
-4602
-3574
-3004
-3086
-3190
-2372
-1764
-2120
-1708
-553
133
-77
-32
771
1446
1250
1496
2448
2748
2475
2519
3280
3713
3355
3228
3760
3896
3467
3381
3774
3879
3313
2971
3188
3140
2695
2393
2503
2420
1759
1311
1419
1278
885
584
479
391
-137
-539
-511
-612
-1015
-1270
-1360
-1358
-1636
-1795
-1721
-1637
-1930
-2049
-2154
-1844
-1969
-1818
-2114
-2550
-1941
-2087
-1415
-2081
-1992
-2064
-1624
-1755
-1416
-1530
-1714
-1493
-1793
-1168
-1375
-1372
-1491
-1205
-1211
-1069
-1277
-1038
-805
-955
-708
-665
-386
-285
-296
-112
33
167
302
628
740
1112
1223
1478
1742
1688
2000
2220
2622
2799
2967
3077
3295
3394
3490
3701
3822
3982
3911
3837
3702
3627
3774
3578
3275
3075
2767
2749
2151
1889
1722
1498
888
567
241
72
-355
-924
-922
-1404
-2090
-2510
-2399
-2479
-2825
-3329
-3201
-3252
-3676
-3645
-3378
-3248
-3525
-3669
-3233
-2946
-3004
-2856
-2434
-2273
-2258
-2099
-1427
-1078
-1155
-900
-522
-352
-303
-29
364
604
405
568
920
943
949
1048
1181
1127
868
887
1033
842
708
649
647
442
184
243
317
186
-56
-145
-207
-300
-459
-444
-433
-527
-700
-646
-716
-530
-619
-516
-566
-483
-711
-1463
-573
-328
190
-786
-1239
-948
-350
-394
-182
-188
-781
-452
-612
346
364
-109
-63
232
204
357
461
754
904
351
640
898
954
1063
1146
1525
1415
1300
1488
1980
1956
2058
2126
2140
2328
2136
2417
2790
2702
2804
2612
2829
2852
3085
2983
3203
3039
1169
2195
2370
3661
2294
904
1160
1640
1218
540
1285
506
220
-1519
-533
-37
-1434
-2291
-1998
-1569
-2879
-3946
-3544
-2263
-3872
-4779
-4355
-4109
-4599
-5535
-4207
-3634
-4695
-5729
-4525
-3834
-4283
-4378
-3732
-2749
-3977
-4020
-2528
-1632
-1938
-2019
-1139
-582
-892
-678
955
1362
812
747
1418
2154
1962
2334
3090
3111
2526
2598
3192
3649
3466
3257
3497
3076
2829
2841
3089
3225
2830
2341
2203
1976
1806
1823
1419
1208
738
138
18
110
181
-34
-581
-816
-851
-1244
-1268
-979
-943
-1292
-1764
-1596
-1204
-1348
-1324
-997
-963
-1265
-1452
-913
-372
-615
-718
-385
-318
-513
-395
252
624
181
53
499
679
469
578
993
1014
465
374
877
937
694
576
701
550
69
35
387
280
-42
-177
-200
-296
-540
-383
-171
-414
-731
-783
-727
-805
-877
-792
-632
-815
-997
-893
-687
-639
-535
-545
-442
-512
-442
-254
-72
103
-14
132
-771
-134
284
728
534
-260
-136
-76
57
94
558
-155
-189
-468
-93
259
-243
-244
-195
-303
-503
-385
-290
109
-307
-376
-184
-329
-13
89
465
498
258
169
463
758
1033
1349
1206
1374
1184
1330
1765
1964
2130
2037
1909
1997
2030
2080
2352
2403
2248
2152
2074
1958
1773
1786
1987
1868
1159
764
780
910
651
413
273
-140
-631
-806
-565
-768
-1432
-1928
-1937
-2202
-2653
-2715
-2582
-2736
-3257
-3505
-3339
-3325
-3487
-3287
-3103
-3330
-3633
-3572
-3107
-2880
-2773
-2490
-2203
-2146
-2017
-1544
-991
-726
-680
-423
-95
230
601
977
1294
1381
1425
1583
1831
2055
2300
2347
2301
2282
2272
2420
2525
2585
2547
2352
2211
2196
2110
2000
1813
1649
1394
972
792
727
592
401
112
16
-240
-463
-539
-499
-735
-1017
-1266
-1909
-1798
-1611
-1058
-1359
-2093
-2423
-2127
-1845
-1768
-1660
-1919
-1950
-2203
-1790
-1341
-1333
-1428
-1379
-1106
-915
-812
-532
-54
42
78
208
415
763
982
1298
1544
1573
1508
1668
1939
2227
2285
2126
2212
2140
2149
2400
2522
2607
2254
2155
2116
2381
2001
2302
1763
864
1437
1439
2179
664
126
364
1004
102
-80
-27
-308
-660
-1437
-221
-507
-1497
-1841
-1052
-1026
-1809
-2374
-1564
-1261
-2300
-2088
-1632
-1675
-2255
-2211
-1101
-1154
-1892
-1760
-887
-971
-1108
-916
-402
-375
-1031
-331
220
262
144
325
601
588
457
794
1146
864
983
954
959
983
939
1066
1032
926
965
779
527
686
676
450
178
58
172
-93
-200
139
119
-247
-448
-370
-306
-569
-676
-301
-450
-839
-739
-400
-329
-665
-683
-377
-535
-841
-559
-225
-320
-688
-628
-302
-503
-694
-388
-122
-301
-546
-489
-219
-369
-538
-260
-198
-324
-389
-295
-145
-187
-220
-50
-76
-210
-120
-16
74
67
48
101
101
199
398
445
447
488
424
417
379
500
621
516
522
607
598
588
668
773
818
686
715
815
720
658
731
746
595
477
542
659
502
435
516
448
265
123
247
321
180
91
110
8
-139
-172
-96
-114
-329
-412
-388
-470
-537
-537
-516
-633
-779
-768
-687
-691
-726
-699
-762
-837
-909
-861
-801
-825
-819
-816
-787
-743
-682
-631
-575
-565
-545
-516
-491
-354
-225
-222
-213
-147
-25
87
131
226
319
347
419
520
587
638
674
725
695
676
703
781
800
759
790
795
727
642
642
679
649
579
517
492
428
373
343
317
228
103
44
-58
-55
-58
-63
-104
-226
-258
-240
-196
-215
-204
-277
-314
-368
-360
-211
-142
-99
-161
-155
-90
-6
47
117
135
113
65
32
134
191
177
78
30
37
49
47
38
-20
-133
-242
-311
-316
-348
-353
-399
-463
-542
-606
-609
-613
-659
-670
-686
-732
-744
-791
-736
-715
-745
-788
-808
-752
-660
-544
-473
-426
-422
-413
-357
-258
-133
-31
34
92
107
136
197
264
315
286
338
384
487
459
601
460
318
460
471
669
333
165
292
458
387
279
113
88
93
-18
183
114
-47
-93
-56
52
-7
-131
27
89
55
104
104
263
295
246
411
459
441
531
653
896
1034
964
1111
1242
1236
1297
1309
1416
1476
1318
1409
1502
1510
1556
1482
1477
1456
1346
1241
1118
919
906
786
556
340
130
86
-37
-241
-397
-534
-755
-916
-1075
-1192
-1345
-1588
-1693
-1823
-1944
-2018
-2062
-2077
-2088
-2143
-2153
-2116
-2112
-2002
-1972
-1909
-1824
-1774
-1605
-1444
-1245
-1055
-952
-865
-726
-600
-401
-171
13
221
328
427
571
676
833
1022
1093
1132
1178
1247
1334
1355
1392
1428
1382
1308
1281
1280
1301
1246
1106
1020
856
782
606
413
460
409
330
47
-119
-167
-146
-333
-406
-542
-731
-790
-851
-739
-889
-1045
-1139
-1103
-1127
-1095
-1069
-1053
-1061
-1122
-969
-913
-833
-736
-604
-474
-361
-259
-122
40
130
293
356
481
607
705
875
1027
1140
1184
1247
1316
1509
1511
1650
1479
1271
1402
1537
1709
1294
1075
1033
1099
774
770
720
495
141
-121
149
-102
-491
-669
-566
-841
-1264
-1410
-1164
-1203
-1553
-1497
-1460
-1561
-1777
-1607
-1282
-1363
-1525
-1438
-1237
-1204
-1033
-813
-549
-535
-501
-198
13
239
498
647
755
840
963
1144
1208
1327
1520
1510
1452
1533
1612
1686
1649
1615
1570
1374
1303
1373
1306
1127
927
785
602
372
310
305
53
-214
-336
-439
-596
-816
-832
-898
-1164
-1354
-1349
-1370
-1480
-1622
-1634
-1618
-1773
-1780
-1740
-1722
-1674
-1566
-1427
-1360
-1398
-1305
-1144
-1115
-994
-911
-788
-733
-703
-522
-331
-221
-161
-120
-41
52
137
259
345
387
416
388
425
512
536
565
560
595
630
607
619
683
664
637
593
591
606
602
650
676
617
503
523
564
636
633
587
542
493
537
577
607
548
512
410
363
362
386
412
319
264
246
276
274
296
299
272
215
180
224
227
226
247
193
140
95
105
198
201
195
162
99
129
144
227
229
146
160
149
193
277
259
244
145
-2
0
1
26
42
-29
-27
-100
-97
-146
-154
-225
-174
-300
-311
-378
-462
-432
-1066
-706
-735
-621
-944
-1159
-958
-912
-1102
-1190
-968
-1361
-1380
-1483
-1071
-1042
-1327
-1213
-1063
-1027
-1097
-935
-681
-564
-704
-469
-306
-286
-124
-1
436
497
556
753
931
1117
1238
1412
1498
1680
1590
1762
1920
2027
2084
1960
2006
2075
2066
2098
2185
2069
1937
1799
1739
1739
1573
1400
1305
1155
1066
917
650
490
358
189
12
-218
-329
-519
-778
-826
-877
-1066
-1315
-1408
-1415
-1548
-1755
-1719
-1721
-1910
-2025
-2010
-1944
-2070
-2154
-1993
-1947
-2051
-2029
-1870
-1727
-1732
-1670
-1434
-1317
-1286
-1135
-976
-848
-767
-679
-519
-442
-348
-183
-62
67
214
343
434
527
649
802
869
934
1027
1068
1125
1205
1281
1329
1356
1363
1351
1286
1251
1277
1229
1172
1091
970
841
682
639
594
459
327
148
58
-33
-156
-286
-453
-598
-683
-740
-850
-824
-1080
-1166
-1191
-1135
-1117
-1332
-1397
-1277
-1076
-1039
-908
-941
-845
-825
-621
-386
-347
-343
-265
-43
83
220
340
524
583
674
800
883
997
986
1085
1147
1166
1172
1167
1188
1201
1199
1121
1147
1072
1047
1004
948
902
774
686
610
562
502
495
463
336
217
121
132
50
-33
-229
-365
-383
-357
-297
-422
-475
-528
-524
-596
-526
-468
-531
-660
-699
-562
-591
-637
-634
-515
-531
-619
-594
-541
-576
-669
-632
-623
-620
-642
-552
-453
-469
-438
-385
-377
-415
-404
-394
-370
-406
-422
-377
-372
-336
-281
-242
-148
-68
-14
42
91
201
284
317
398
477
528
613
716
856
886
854
890
950
981
1013
1015
984
951
924
983
1010
1004
998
928
816
713
642
593
503
394
310
212
102
1
-81
-181
-288
-430
-541
-671
-770
-826
-914
-985
-1068
-1135
-1201
-1222
-1191
-1162
-1212
-1256
-1254
-1227
-1190
-1160
-1082
-1033
-985
-894
-742
-626
-518
-408
-253
-117
-19
128
288
460
575
710
827
925
982
1025
1121
1190
1163
1096
1055
1061
1075
1035
1020
961
851
741
683
656
555
407
292
155
67
6
-39
-82
-227
-357
-406
-394
-394
-421
-670
-721
-675
-581
-522
-667
-628
-607
-545
-455
-261
-248
-319
-366
-238
-76
-139
-113
-30
118
137
133
198
304
372
437
518
480
442
346
415
480
479
445
364
374
397
476
494
494
357
268
235
244
284
249
219
141
65
63
165
198
200
142
91
80
63
145
209
233
139
121
174
264
313
246
195
106
44
-48
-18
2
-35
-167
-280
-294
-368
-460
-543
-546
-663
-817
-912
-895
-891
-966
-1063
-1125
-1166
-1171
-1061
-953
-899
-897
-910
-864
-755
-639
-512
-464
-385
-258
-117
48
183
319
465
617
769
931
1086
1260
1348
1392
1442
1518
1603
1605
1627
1685
1710
1641
1566
1486
1424
1321
1200
1149
1018
851
666
483
365
241
91
-105
-362
-607
-775
-882
-959
-1080
-1226
-1394
-1516
-1596
-1631
-1661
-1743
-1847
-1951
-1926
-1855
-1745
-1686
-1646
-1566
-1492
-1364
-1244
-1105
-986
-881
-784
-659
-515
-345
-162
-11
146
253
365
493
626
742
801
819
789
802
819
891
941
918
880
806
765
749
741
693
558
402
300
237
215
156
104
18
-79
-110
-132
-118
-157
-197
-224
-237
-247
-221
-166
-125
-53
-47
-1
65
156
233
312
338
349
363
381
472
454
529
457
512
265
219
377
389
420
116
115
48
45
-61
59
-92
-353
-498
-494
-297
-463
-538
-605
-623
-734
-748
-676
-596
-662
-701
-567
-557
-461
-533
-399
-287
-285
-184
-142
12
125
248
334
441
434
491
622
699
825
804
825
875
915
1048
1151
1186
1143
1086
1050
1045
997
941
883
811
706
587
538
477
395
224
58
-83
-250
-429
-555
-614
-714
-844
-986
-1020
-1082
-1155
-1174
-1181
-1199
-1266
-1302
-1269
-1244
-1214
-1136
-1028
-926
-815
-652
-470
-322
-241
-133
-31
64
159
295
460
538
596
682
800
903
926
979
1039
1000
916
877
911
909
799
699
658
603
494
380
323
258
111
-57
-154
-224
-303
-373
-436
-447
-517
-561
-572
-585
-587
-615
-588
-585
-617
-663
-669
-643
-595
-539
-476
-426
-394
-305
-210
-167
-132
-78
-19
29
30
77
180
239
296
356
410
457
454
475
508
509
478
447
425
411
392
369
353
346
329
292
240
163
114
68
-1
-79
-138
-165
-191
-238
-276
-299
-323
-363
-408
-399
-386
-362
-332
-300
-248
-198
-159
-108
-18
-1
82
60
86
195
261
387
423
439
429
431
444
486
493
473
416
332
287
267
272
214
136
72
32
-20
-76
-155
-228
-307
-413
-454
-505
-522
-545
-584
-591
-594
-591
-594
-588
-547
-507
-443
-383
-332
-284
-284
-222
-134
-33
35
94
199
272
293
296
343
391
423
428
445
467
460
483
527
549
539
497
508
545
558
565
546
495
422
369
358
360
313
271
236
207
139
74
50
13
-37
-111
-122
-112
-124
-167
-217
-247
-315
-362
-386
-357
-344
-368
-392
-403
-421
-441
-423
-416
-395
-400
-416
-414
-433
-444
-423
-403
-394
-376
-349
-296
-293
-315
-326
-355
-404
-464
-482
-470
-496
-552
-567
-564
-554
-579
-579
-546
-531
-507
-462
-408
-409
-450
-455
-377
-297
-253
-220
-172
-94
-19
93
208
281
293
320
402
523
640
712
759
781
830
912
998
1050
1064
1054
1038
1034
1026
1018
984
935
903
860
803
754
702
646
556
471
406
344
258
178
124
71
15
-45
-72
-111
-176
-239
-280
-295
-313
-330
-349
-353
-355
-322
-268
-216
-155
-131
-111
-89
-47
35
118
171
206
251
298
372
443
493
486
437
423
445
472
461
418
375
324
246
201
181
140
49
-82
-161
-217
-291
-383
-485
-593
-705
-802
-874
-901
-949
-989
-1026
-1049
-1057
-1067
-1070
-1073
-1046
-1014
-966
-919
-866
-819
-749
-666
-572
-483
-400
-312
-259
-181
-114
-13
57
106
166
234
309
361
450
535
615
639
666
706
725
749
755
756
717
666
638
635
631
618
587
545
485
426
411
387
355
304
269
245
223
207
197
204
179
165
140
129
134
112
98
60
50
59
88
115
159
213
250
271
281
303
306
299
286
281
247
201
175
186
187
150
90
26
-10
-71
-118
-186
-264
-359
-468
-557
-624
-673
-737
-780
-810
-833
-882
-939
-978
-997
-1014
-1027
-1011
-990
-982
-967
-929
-855
-786
-744
-678
-596
-527
-459
-387
-266
-155
-83
-6
85
215
326
434
531
611
688
760
834
892
948
999
1057
1080
1075
1090
1086
1076
1047
1022
1009
949
860
782
715
645
540
446
366
282
187
99
1
-116
-223
-326
-412
-489
-545
-567
-609
-671
-712
-745
-767
-774
-758
-723
-711
-702
-654
-570
-484
-421
-364
-321
-273
-211
-141
-68
-17
31
41
49
86
145
192
217
218
206
179
126
116
116
91
56
19
-22
-83
-151
-196
-208
-256
-308
-355
-388
-417
-439
-428
-421
-461
-495
-497
-468
-429
-413
-366
-375
-399
-377
-310
-249
-213
-180
-125
-40
-23
50
130
178
229
266
339
408
413
421
431
432
495
541
588
604
621
661
671
679
663
669
643
591
584
592
588
538
482
424
402
365
328
341
300
264
204
167
193
196
192
194
211
227
221
214
235
238
209
178
170
196
203
204
212
223
210
183
186
183
189
178
153
133
63
12
-45
-93
-124
-209
-265
-335
-421
-485
-530
-577
-658
-722
-785
-851
-885
-938
-944
-971
-1050
-1059
-1050
-1040
-1042
-1015
-983
-970
-994
-971
-915
-868
-815
-719
-608
-587
-555
-469
-329
-294
-172
-93
102
110
29
358
383
465
530
596
688
693
742
850
954
893
953
985
969
984
972
1035
998
951
914
862
814
755
732
693
626
515
438
355
313
239
189
176
55
-21
-76
-49
-97
-146
-184
-235
-180
-235
-201
-165
-189
-211
-245
-197
-174
-169
-183
-176
-169
-164
-130
-109
-61
-58
-70
-44
-33
-29
-41
-81
-108
-119
-116
-103
-117
-137
-143
-166
-159
-143
-143
-132
-162
-194
-192
-191
-225
-249
-291
-313
-304
-347
-312
-277
-265
-264
-310
-290
-274
-225
-182
-142
-125
-141
-141
-132
-91
-71
-40
-32
-26
-39
-14
30
59
69
68
69
73
92
100
149
123
62
38
14
7
3
5
20
-2
-53
-52
-46
-39
-53
-58
-49
-48
-52
-51
-39
-41
-37
-17
28
65
119
185
221
265
300
333
393
429
479
535
563
593
628
655
680
703
716
723
728
725
669
605
543
478
408
337
286
213
126
28
-33
-85
-167
-247
-312
-379
-468
-536
-582
-616
-687
-756
-811
-862
-904
-932
-956
-981
-1016
-1060
-1061
-1040
-1000
-938
-873
-818
-777
-741
-675
-596
-531
-466
-407
-348
-289
-224
-151
-78
-18
57
131
187
265
339
396
428
462
498
535
579
633
674
705
733
747
767
765
774
785
807
820
792
765
733
718
693
690
692
687
670
646
649
629
589
542
510
479
454
423
402
368
314
246
180
148
111
75
28
-10
-60
-132
-186
-231
-270
-333
-384
-421
-448
-509
-589
-653
-717
-753
-787
-790
-802
-823
-825
-808
-795
-789
-783
-788
-781
-768
-706
-639
-597
-557
-517
-461
-403
-324
-222
-125
-98
-83
-56
-2
44
66
103
120
124
118
147
165
149
106
80
85
74
83
73
56
30
2
-7
-12
-10
-2
8
7
16
22
39
47
65
91
125
161
190
224
236
246
261
300
330
344
358
373
383
375
385
382
378
367
366
383
386
375
354
325
297
269
242
240
228
210
208
191
189
187
184
202
207
219
237
240
234
227
221
226
220
242
276
267
260
270
290
287
253
225
208
158
117
97
62
-1
-115
-186
-215
-248
-278
-306
-318
-370
-428
-473
-502
-536
-594
-653
-708
-745
-779
-797
-816
-831
-846
-863
-868
-858
-832
-812
-815
-814
-792
-768
-723
-671
-596
-534
-485
-425
-361
-282
-210
-130
-49
34
124
245
365
472
569
658
733
791
865
949
995
1019
1049
1071
1091
1080
1076
1064
1017
954
887
852
781
684
585
511
430
348
280
207
127
18
-66
-139
-214
-307
-406
-483
-548
-610
-645
-671
-703
-738
-772
-778
-775
-753
-728
-700
-676
-650
-597
-541
-463
-408
-355
-296
-230
-165
-115
-65
-37
-19
-16
4
33
53
54
58
89
112
120
120
116
88
73
57
60
52
11
-25
-53
-37
-17
0
-1
-19
-42
-42
-25
-16
-16
-40
-49
-50
3
80
139
170
182
204
256
322
392
476
524
575
652
762
878
962
1023
1055
1069
1084
1109
1121
1110
1053
986
931
884
835
776
705
604
493
391
289
179
68
-52
-174
-294
-410
-516
-625
-735
-844
-938
-1007
-1072
-1126
-1160
-1188
-1205
-1208
-1176
-1127
-1085
-1039
-986
-920
-835
-757
-672
-573
-487
-398
-298
-180
-56
40
137
233
312
389
443
500
544
548
547
543
529
506
479
458
426
364
295
225
144
57
-40
-127
-211
-316
-405
-479
-545
-623
-713
-786
-852
-908
-938
-968
-1007
-1049
-1082
-1077
-1035
-970
-913
-857
-782
-695
-593
-478
-367
-269
-168
-64
84
250
412
553
673
808
936
1068
1189
1289
1373
1446
1511
1576
1616
1627
1618
1594
1578
1547
1509
1447
1332
1197
1071
959
864
766
654
526
378
252
150
51
-61
-192
-306
-407
-491
-551
-601
-675
-770
-849
-882
-901
-919
-929
-943
-953
-960
-943
-901
-868
-842
-807
-750
-683
-611
-539
-465
-419
