73
72
64
51
45
47
44
36
26
-1
-30
-47
-51
-47
-39
-25
-9
-2
-12
-14
-5
3
9
21
32
31
23
9
-4
-12
-15
-10
0
3
5
12
8
1
1
11
24
29
29
31
33
28
20
15
5
0
7
15
16
17
18
5
-9
-9
3
19
31
31
21
5
-15
-24
-23
-16
-11
-7
-11
-21
-37
-51
-52
-42
-26
-15
-11
-7
-9
-13
-22
-30
-27
-20
-18
-19
-14
-19
-23
-36
-54
-63
-60
-49
-41
-41
-50
-53
-43
-31
-17
0
16
20
21
22
18
28
33
30
36
44
42
33
15
-6
-12
-17
-17
-16
-16
-17
-19
-15
-16
-16
-14
-9
8
33
55
65
57
36
16
7
6
20
32
29
17
-4
-22
-31
-26
-18
-3
5
10
11
5
-8
-15
-10
-6
-5
-3
2
3
-2
-12
-14
-8
-6
0
4
-1
1
10
20
28
39
50
57
62
59
60
58
54
43
34
32
34
39
35
29
18
14
14
17
21
24
30
29
18
4
2
12
23
35
40
38
31
28
19
6
-2
3
28
49
60
62
56
39
23
6
-1
10
17
19
8
-9
-21
-35
-46
-54
-50
-39
-35
-45
-63
-73
-71
-62
-56
-50
-49
-51
-51
-62
-79
-84
-80
-84
-88
-89
-96
-94
-95
-99
-98
-96
-95
-95
-99
-97
-89
-81
-80
-91
-106
-107
-106
-97
-91
-91
-99
-108
-112
-107
-92
-69
-38
-24
-17
-8
-2
-1
-1
-7
-4
10
27
50
63
61
57
50
49
56
57
65
75
80
84
92
89
83
83
92
100
104
110
109
108
110
109
120
133
137
133
133
131
119
109
98
98
96
88
83
67
51
44
52
60
60
64
71
69
65
66
59
54
54
54
53
53
54
49
35
16
6
14
23
33
48
64
67
70
70
61
43
30
23
11
1
-7
-17
-28
-45
-65
-73
-70
-73
-81
-96
-110
-122
-124
-119
-126
-129
-129
-138
-166
-198
-212
-215
-214
-216
-207
-201
-210
-220
-226
-233
-235
-212
-192
-183
-182
-191
-196
-194
-196
-194
-179
-158
-144
-131
-122
-107
-87
-73
-58
-51
-45
-32
-8
17
40
76
98
97
98
111
122
139
159
170
173
169
168
176
186
200
218
242
262
277
295
315
331
352
378
401
408
395
376
357
348
331
325
327
326
318
310
304
308
318
342
366
376
381
382
369
340
310
279
258
216
166
115
67
8
-52
-106
-172
-228
-275
-310
-345
-388
-435
-465
-487
-522
-568
-612
-667
-724
-770
-812
-855
-897
-924
-933
-928
-904
-843
-783
-732
-675
-610
-548
-480
-384
-292
-227
-181
-131
-78
-29
8
35
65
87
97
105
108
113
126
153
177
192
206
218
233
241
237
227
228
236
254
273
276
271
279
296
301
305
311
316
325
341
369
390
415
449
491
513
510
506
515
522
528
536
533
528
534
546
540
514
499
502
489
463
443
437
442
444
448
462
480
486
502
521
493
445
441
424
280
65
-52
-44
-69
-154
-199
-244
-385
-531
-596
-716
-911
-991
-922
-908
-1005
-1067
-1056
-1079
-1119
-1095
-1056
-1093
-1114
-1008
-872
-828
-804
-702
-574
-488
-429
-347
-251
-172
-98
-19
30
36
67
168
272
310
310
335
368
362
298
226
190
174
158
149
160
139
109
115
148
110
23
-14
-3
-13
-19
9
44
63
73
73
38
-25
-85
-83
-55
-44
-42
9
65
79
65
68
82
69
74
112
151
150
161
221
266
259
251
288
322
318
313
336
359
357
370
413
448
452
464
509
519
510
517
540
544
527
523
536
536
524
544
568
560
531
530
544
554
555
571
602
617
607
612
522
235
-17
-27
10
-101
-171
-135
-189
-339
-398
-484
-742
-970
-970
-926
-1045
-1170
-1143
-1095
-1131
-1138
-1100
-1144
-1222
-1131
-937
-847
-839
-729
-552
-446
-400
-335
-249
-193
-125
-35
5
-54
-94
-16
130
201
213
268
339
340
285
229
156
50
-49
-56
-14
-50
-157
-165
-143
-237
-361
-391
-433
-492
-441
-356
-354
-388
-343
-269
-217
-195
-203
-202
-182
-171
-148
-120
-100
-72
12
112
129
89
86
144
202
232
250
302
371
447
537
592
582
572
619
662
648
618
626
659
690
699
671
645
653
701
768
798
788
778
797
805
794
806
836
877
912
940
949
940
923
917
940
941
902
868
785
485
86
-76
-31
-74
-166
-133
-120
-258
-381
-440
-666
-984
-1072
-971
-1019
-1200
-1226
-1137
-1151
-1213
-1195
-1214
-1350
-1372
-1198
-1069
-1083
-1038
-809
-578
-460
-357
-218
-108
-53
12
39
-52
-172
-135
35
153
167
191
247
228
132
22
-77
-199
-289
-290
-264
-287
-301
-286
-285
-309
-358
-442
-539
-569
-575
-563
-528
-494
-491
-422
-340
-349
-399
-419
-417
-395
-350
-304
-249
-170
-83
-4
73
100
108
140
181
173
158
168
206
293
397
480
509
503
493
509
522
503
483
508
569
636
686
727
750
771
799
810
778
744
779
858
922
946
958
976
1017
1055
1061
1054
1051
1071
1102
1131
1122
1117
1148
1176
1065
691
251
81
129
80
-17
-6
-26
-155
-239
-338
-667
-991
-1028
-969
-1118
-1331
-1348
-1262
-1253
-1254
-1221
-1292
-1449
-1428
-1249
-1184
-1243
-1167
-899
-656
-510
-361
-185
-74
0
87
91
-53
-181
-87
119
237
276
364
483
510
437
315
152
-53
-168
-143
-126
-173
-154
-29
80
74
-46
-243
-422
-506
-510
-499
-518
-521
-462
-334
-266
-322
-395
-389
-354
-361
-385
-397
-369
-264
-111
17
54
39
78
158
188
139
108
138
214
317
415
468
489
566
676
723
668
582
536
530
531
535
547
560
589
651
708
700
651
651
707
728
697
691
735
807
915
1006
1026
1004
1001
1036
1091
1124
1123
1164
1261
1296
1064
548
102
25
81
-34
-137
-103
-115
-230
-294
-472
-900
-1228
-1228
-1236
-1517
-1771
-1761
-1679
-1639
-1547
-1476
-1603
-1744
-1610
-1384
-1372
-1453
-1288
-911
-605
-425
-233
-35
108
283
450
405
123
-70
18
168
193
201
353
542
620
611
498
252
-16
-132
-141
-227
-332
-235
14
183
207
186
113
-17
-182
-385
-593
-756
-781
-630
-383
-253
-218
-133
-85
-198
-344
-407
-461
-493
-421
-274
-156
-81
19
140
190
140
84
78
55
43
98
193
289
407
566
680
717
711
695
662
573
485
464
469
482
536
650
775
849
890
890
858
826
827
872
907
966
1051
1167
1275
1412
1505
1538
1521
1499
1512
1517
1517
1365
1187
1072
1021
742
-207
-1304
-1539
-1012
-740
-1139
-1399
-1237
-1038
-1156
-1738
-2627
-3462
-3572
-2845
-1989
-1477
-1077
-536
-202
-402
-785
-975
-996
-882
-529
-80
145
182
317
589
742
733
704
637
335
-135
-567
-913
-1153
-1131
-704
-128
217
245
95
-173
-559
-955
-1268
-1430
-1301
-782
-51
491
653
612
529
385
135
-165
-523
-865
-1038
-1090
-1113
-1079
-808
-404
-63
142
147
-16
-276
-458
-500
-384
-172
128
502
776
845
763
591
396
277
344
517
664
788
959
1157
1255
1261
1241
1272
1329
1377
1380
1289
1148
1044
1051
1095
1093
1059
1079
1124
1106
1061
998
1005
1171
1492
1843
2093
2235
2316
2398
2415
2254
2067
2015
1963
1475
129
-1767
-3212
-3536
-3423
-3696
-3863
-3004
-1515
-668
-891
-1583
-1984
-1878
-1521
-1534
-2074
-2257
-1313
11
439
9
-123
388
792
524
-225
-918
-1186
-976
-709
-808
-1015
-668
197
719
456
-138
-515
-656
-701
-726
-768
-702
-312
267
537
328
-34
-242
-358
-516
-638
-685
-617
-363
86
475
547
423
305
162
-87
-333
-508
-635
-662
-539
-457
-607
-893
-1171
-1411
-1587
-1508
-1165
-833
-430
151
711
925
807
631
490
368
240
125
42
61
305
625
743
649
601
675
673
553
464
495
665
919
1155
1276
1330
1439
1524
1446
1228
1013
896
855
910
1032
1148
1313
1576
1873
2044
2092
2215
2389
2543
2666
2718
2773
2764
2808
2909
2786
2319
1034
-1233
-4035
-5742
-5525
-5042
-5254
-4907
-2589
-57
490
-266
-757
-600
-560
-817
-1295
-1723
-1284
122
1107
720
114
400
751
114
-914
-1469
-1692
-1892
-1784
-1411
-1054
-669
13
733
1053
993
604
51
-277
-93
47
-234
-411
-52
400
319
-225
-834
-1230
-1298
-1171
-1197
-1317
-1025
-253
368
471
398
374
245
13
-155
-306
-443
-397
-203
-316
-809
-1244
-1477
-1764
-2056
-1971
-1725
-1581
-1318
-651
17
301
440
610
742
818
859
715
434
339
483
538
409
374
491
560
503
451
410
428
600
809
971
1147
1422
1613
1631
1599
1471
1273
1075
1136
1260
1260
1307
1361
1587
1719
1953
2004
1944
2155
2410
2504
2285
2462
2868
3150
3269
3327
3344
2879
1995
313
-2387
-5298
-6820
-6505
-5843
-5636
-4690
-2258
77
716
361
372
434
-151
-1009
-1271
-1014
-638
-268
-112
-154
-130
151
115
-592
-1490
-2065
-2358
-2518
-2307
-1781
-1188
-567
312
1296
1825
1598
930
451
285
111
-239
-466
-315
-57
-101
-430
-722
-907
-1168
-1506
-1725
-1582
-1130
-489
113
544
821
991
1076
982
651
230
-92
-145
-59
-177
-552
-975
-1319
-1847
-2347
-2481
-2268
-2031
-1687
-1059
-274
387
842
1116
1220
1174
1001
741
453
265
141
-22
-180
-200
-92
-43
-95
-138
-70
108
331
535
750
1088
1412
1661
1842
1988
1951
1688
1403
1291
1290
1251
1264
1332
1435
1568
1840
2102
2278
2507
2729
2935
3251
3587
3573
3316
3330
3490
3603
3230
2275
142
-3220
-6545
-7866
-7200
-6836
-6895
-5361
-1849
928
1668
1679
1747
1132
-174
-882
-752
-726
-1027
-998
-488
92
451
418
-134
-962
-1678
-2190
-2524
-2699
-2581
-2111
-1225
11
1418
2584
2983
2545
1809
1353
903
80
-781
-1116
-953
-753
-736
-894
-1185
-1581
-1953
-2162
-2161
-1981
-1656
-1049
-111
788
1299
1490
1550
1380
940
426
-4
-316
-503
-562
-763
-1088
-1301
-1391
-1897
-2657
-2887
-2544
-2172
-1748
-874
217
1138
1812
2190
2202
1924
1385
716
144
-207
-509
-802
-851
-628
-412
-371
-278
-51
151
294
458
662
942
1285
1579
1746
1916
2033
1899
1517
1160
1015
811
671
679
914
1153
1484
1931
2312
2454
2391
2591
2945
3220
3248
3463
3683
3683
3550
3526
3405
2496
783
-1579
-4586
-7468
-8674
-7901
-6986
-6233
-4275
-1045
1401
2127
2093
1889
1086
-151
-846
-791
-741
-990
-1017
-553
33
216
-149
-792
-1422
-1979
-2381
-2525
-2456
-2161
-1504
-442
827
2020
2752
2739
2222
1629
1027
224
-609
-1126
-1270
-1185
-1042
-960
-1051
-1276
-1589
-1865
-1918
-1713
-1366
-879
-132
750
1479
1882
1971
1778
1335
820
347
-33
-353
-512
-707
-1004
-1261
-1494
-1935
-2511
-2674
-2391
-1939
-1406
-639
293
1146
1700
1948
1918
1667
1209
676
204
-179
-464
-647
-634
-485
-327
-216
-78
100
263
398
531
718
983
1272
1557
1808
1975
1960
1734
1338
982
765
606
476
648
1050
1467
1801
2094
2391
2534
2585
2439
2466
2647
2948
3220
3455
3653
3713
3787
3830
3339
1733
-1082
-4629
-7697
-8857
-8215
-7432
-6674
-4529
-1019
1781
2716
2695
2372
1384
-131
-1015
-918
-861
-1294
-1454
-766
107
322
-113
-713
-1316
-2038
-2640
-2820
-2712
-2500
-1932
-744
766
2019
2667
2726
2400
1754
898
31
-659
-1166
-1470
-1488
-1306
-1146
-1222
-1503
-1846
-2064
-2093
-1903
-1503
-950
-193
759
1648
2138
2153
1909
1523
1053
518
64
-260
-424
-497
-813
-1335
-1816
-2058
-2439
-2699
-2410
-1745
-1065
-349
443
1023
1316
1407
1341
1177
885
502
191
-30
-239
-416
-513
-546
-520
-380
-199
-11
135
292
552
878
1169
1392
1623
1821
1909
1884
1785
1597
1314
1116
1035
970
992
1096
1341
1606
1864
1977
2029
2320
2550
2705
2832
3248
3449
3428
3392
3467
3508
3399
3330
2828
1254
-2083
-6026
-8527
-8569
-7890
-7559
-6248
-3084
210
1899
2625
2997
2404
697
-609
-644
-431
-966
-1546
-1243
-474
-106
-236
-500
-999
-1862
-2639
-2854
-2716
-2727
-2564
-1807
-489
894
1993
2591
2626
2162
1385
582
-97
-742
-1343
-1654
-1635
-1472
-1422
-1601
-1950
-2246
-2347
-2175
-1748
-1229
-631
201
1204
1934
2179
2124
1908
1480
967
580
284
-43
-302
-555
-888
-1230
-1679
-2377
-3011
-3030
-2642
-2089
-1267
-280
615
1320
1848
2010
1869
1440
886
453
221
-23
-270
-441
-536
-560
-504
-372
-192
16
226
552
914
1196
1354
1491
1606
1727
1817
1855
1810
1613
1389
1311
1338
1296
1235
1391
1568
1835
2186
2531
2569
2529
2705
2898
3113
3112
3218
3220
3332
3385
3634
3828
3487
2358
44
-3668
-7415
-8803
-7926
-7151
-6768
-4844
-1224
1602
2394
2419
2435
1454
-385
-1297
-771
-463
-1145
-1635
-1124
-383
-343
-763
-1148
-1615
-2350
-2781
-2580
-2211
-2160
-2016
-1217
141
1438
2191
2428
2236
1666
910
340
-146
-809
-1492
-1807
-1738
-1618
-1663
-1892
-2147
-2265
-2137
-1701
-1103
-605
-116
670
1521
1940
1898
1709
1409
936
463
101
-94
-430
-736
-1169
-1850
-2521
-2846
-2937
-3058
-2643
-1959
-1115
-347
297
654
986
1166
1056
956
930
762
494
246
-70
-323
-613
-852
-871
-643
-422
-143
255
551
832
1096
1280
1379
1521
1635
1717
1820
1815
1633
1439
1400
1361
1241
1198
1219
1411
1582
1870
2112
2338
2484
2530
2858
3097
3365
3261
3381
3605
3859
3705
3562
3760
3421
1892
-1385
-5426
-8288
-8256
-7060
-6461
-5518
-2926
184
1826
2167
2060
1588
144
-1118
-868
301
513
-250
-726
-641
-611
-1006
-1367
-1685
-2226
-2818
-2685
-1944
-1540
-1712
-1755
-1034
166
1343
2115
2490
2344
1779
1187
831
419
-367
-1240
-1762
-1798
-1623
-1556
-1688
-1850
-1887
-1673
-1200
-686
-358
-31
548
1147
1579
1790
1743
1404
974
549
143
-232
-675
-1147
-1628
-2067
-2597
-3028
-3245
-3030
-2548
-2071
-1485
-653
222
768
1160
1432
1536
1394
1152
944
727
305
-239
-655
-925
-1047
-1014
-818
-571
-309
-6
395
855
1153
1321
1519
1801
2042
2167
2199
2062
1742
1422
1373
1329
1153
996
1018
1057
1211
1427
1664
1796
1737
1993
2677
3374
3691
4046
4294
4202
3966
3820
3748
3369
2259
220
-3069
-6819
-8740
-7783
-6339
-5813
-4487
-1668
715
1352
1192
1078
612
-504
-915
194
1437
1266
361
-286
-778
-1388
-1855
-1969
-2118
-2462
-2594
-2081
-1487
-1511
-1968
-2033
-1322
-19
1439
2568
3048
2775
2146
1493
822
-10
-914
-1570
-1812
-1661
-1338
-1040
-1073
-1492
-1919
-1938
-1597
-1165
-681
-28
715
1372
1877
2103
1875
1186
451
-101
-356
-499
-628
-846
-1183
-1678
-2319
-2739
-3093
-3212
-2936
-2070
-947
184
1105
1628
1814
1675
1313
940
717
549
438
341
242
9
-315
-676
-886
-893
-731
-370
157
723
1209
1508
1614
1634
1590
1559
1556
1575
1554
1482
1349
1265
1185
948
716
853
1083
1189
1450
1827
2096
2328
2606
2768
2921
3193
3570
3831
3707
3308
3225
3433
3287
2477
906
-2026
-6046
-8744
-8332
-6371
-5305
-4347
-2129
123
457
-228
-343
-319
-1015
-1439
-262
1502
1918
883
-363
-1451
-2515
-3075
-2575
-1615
-1164
-1285
-1295
-1035
-1088
-1640
-2193
-2041
-967
827
2671
3711
3525
2370
990
-113
-737
-994
-1046
-963
-636
-162
100
-156
-979
-1974
-2527
-2329
-1589
-515
610
1359
1462
1223
932
556
61
-330
-373
-128
295
590
578
-2
-810
-1758
-2836
-3515
-3284
-2439
-1804
-1063
-280
366
582
533
269
117
273
703
1340
1795
1692
1053
293
-506
-1060
-1230
-951
-440
227
933
1449
1570
1237
772
445
445
738
1279
1884
2338
2408
2062
1504
1015
751
631
818
1353
2143
2565
2636
2465
2308
2173
2128
2234
2491
3205
3793
4083
3915
3558
2990
2379
1649
663
-199
-1250
-3643
-6399
-7032
-5214
-3911
-3923
-3286
-1475
-423
-862
-1142
-579
-318
-745
-649
281
728
-108
-1010
-1319
-1547
-1908
-1655
-695
-190
-556
-1140
-1391
-1580
-1920
-1895
-1135
-10
935
1613
1920
1553
545
-390
-831
-770
-497
-122
297
554
414
-223
-982
-1528
-1732
-1547
-936
-162
401
583
455
89
-370
-765
-904
-674
-133
407
665
665
399
-37
-619
-912
-997
-1035
-1226
-1353
-1373
-1475
-1440
-1290
-901
-631
-273
37
435
765
980
1031
1011
868
600
386
213
107
6
105
311
689
1038
1191
1127
989
851
746
793
952
1171
1372
1586
1688
1624
1470
1446
1448
1307
1455
1864
2205
2273
2396
2420
2322
2302
2338
2271
2164
2299
2704
3236
3469
3414
3189
2847
2123
1129
-231
-2391
-5197
-6619
-5403
-3369
-3009
-3454
-2905
-1943
-2090
-2759
-2520
-1699
-1310
-997
93
946
200
-1471
-2245
-1869
-1155
-419
518
1133
730
-337
-1198
-1682
-2082
-2145
-1460
-257
798
1282
1087
259
-923
-1750
-1705
-962
-8
761
1115
951
351
-444
-1196
-1633
-1563
-1016
-210
438
526
1
-786
-1445
-1807
-1766
-1301
-573
96
418
372
2
-457
-846
-896
-593
5
482
527
187
-571
-1461
-2152
-2116
-1736
-1198
-657
-158
109
118
13
-14
155
494
923
1274
1431
1245
922
552
414
547
941
1417
1692
1670
1384
991
611
391
441
742
1219
1705
1993
1962
1676
1342
1281
1437
1750
2305
2839
3147
2856
2460
2083
1720
1509
1530
2207
2830
3143
2940
2605
2426
2279
2239
1883
1268
351
-595
-2258
-4489
-5624
-4394
-2916
-3074
-3633
-3128
-2468
-3018
-3467
-2934
-1997
-1747
-1368
-330
392
-203
-1240
-1373
-711
90
758
1481
1636
909
-207
-830
-959
-1057
-1002
-645
-178
-52
-306
-773
-1288
-1653
-1611
-987
-45
677
752
309
-297
-692
-793
-568
-161
176
394
517
446
-31
-691
-1155
-1244
-1027
-555
-44
124
-149
-547
-840
-984
-904
-542
-112
268
384
112
-295
-672
-1250
-1968
-1916
-1207
-615
-534
-508
-441
-423
-375
-130
335
698
780
712
745
700
461
176
239
630
1084
1415
1623
1545
1153
746
629
732
953
1202
1385
1492
1538
1504
1371
1276
1552
1916
2126
2346
2583
2612
2197
2011
1841
2043
2455
2806
2962
3132
3367
3035
2682
2576
2859
2838
2369
1391
315
-1589
-4004
-4872
-3306
-1718
-2631
-4092
-4233
-3567
-3767
-3704
-2603
-1613
-1764
-1836
-962
-363
-956
-1845
-1641
-659
552
1497
2165
1955
908
-230
-571
-192
182
275
228
126
-188
-503
-891
-1421
-1922
-1830
-1125
-374
-98
-451
-1139
-1673
-1631
-1043
-314
133
195
40
-38
-22
-67
-205
-235
-143
-75
-38
18
-103
-474
-832
-901
-743
-582
-523
-582
-583
-495
-381
-333
-322
-647
-1266
-1657
-1520
-1164
-1067
-1054
-973
-715
-441
-88
278
478
446
381
462
596
650
547
458
411
513
690
920
1048
1016
914
832
840
818
779
754
816
962
1236
1495
1601
1582
1645
1705
1646
1678
1913
2142
2025
1935
2099
2427
2580
2771
3065
3091
2820
2533
2495
2644
3018
3053
2223
898
13
-1095
-2898
-3838
-2577
-1301
-2433
-4249
-4355
-3366
-3190
-3029
-2045
-1369
-2022
-2690
-2157
-1378
-1377
-1621
-1157
-275
475
917
1254
1258
846
379
442
884
1157
1082
769
451
147
-33
-288
-651
-1017
-1160
-1050
-891
-867
-1178
-1728
-2081
-1850
-1217
-570
-257
-298
-526
-572
-344
-59
202
393
465
385
311
385
448
361
195
90
-8
-148
-272
-322
-350
-296
-179
-125
-172
-578
-1104
-1844
-2243
-2062
-1422
-888
-842
-824
-824
-535
-178
301
568
603
463
406
567
773
922
833
743
669
805
863
875
731
551
405
282
301
394
655
797
940
1080
1203
1126
948
978
1125
1329
1600
2098
2288
2278
2277
2461
2584
2627
2795
2756
2722
2542
2770
3072
3282
3117
2463
1451
156
-1048
-2299
-2731
-2104
-1471
-2525
-4212
-4612
-3625
-2876
-2761
-2438
-2326
-2670
-3102
-2566
-1776
-1404
-1410
-1297
-835
-260
398
835
1061
958
951
999
1155
1217
1208
1134
907
747
491
262
-217
-597
-672
-472
-394
-709
-1278
-1934
-2234
-2126
-1632
-1232
-1043
-1163
-1299
-1203
-874
-434
-213
-51
-40
-6
44
293
587
748
768
666
515
280
225
248
291
204
144
21
-260
-590
-863
-1244
-1743
-1924
-1705
-1378
-1313
-1227
-1119
-923
-750
-497
-172
-13
76
154
467
829
1100
1134
1037
956
900
929
1021
1108
993
829
661
623
663
739
805
761
728
728
768
761
783
1118
1509
1683
1695
1776
1855
1883
2074
2253
2448
2572
2758
2597
2603
2696
2762
2580
2479
2767
2514
1873
1120
308
-1391
-2601
-1596
-110
-1120
-3715
-4394
-3183
-2494
-2805
-2538
-2342
-3286
-4177
-3337
-1722
-1589
-2308
-2506
-1918
-1434
-910
93
894
849
335
392
855
1113
1044
1121
1250
1127
796
509
370
81
-166
-258
-275
-580
-1291
-1893
-2035
-1686
-1367
-1251
-1315
-1516
-1794
-1835
-1437
-910
-573
-483
-360
-255
-71
231
638
952
1018
977
859
842
954
1145
1153
906
494
100
-277
-513
-862
-1302
-1442
-1151
-798
-1022
-1290
-1400
-1272
-1167
-1055
-804
-718
-616
-341
238
743
939
923
858
826
834
960
1194
1432
1442
1450
1463
1463
1424
1365
1361
1229
1068
865
832
881
894
901
1042
1120
855
640
701
1051
1149
1322
1547
1755
1881
2044
2440
2614
2590
2529
2778
3081
3151
2977
2684
2064
724
-843
-1136
123
429
-1586
-3583
-3343
-2287
-2445
-2895
-2763
-3015
-3974
-4044
-2680
-1885
-2544
-3199
-2833
-2235
-1994
-1473
-534
50
-38
-167
92
468
658
911
1290
1407
1118
757
800
972
894
624
417
186
-277
-725
-881
-776
-761
-982
-1274
-1548
-1898
-2191
-2079
-1692
-1438
-1421
-1385
-1183
-975
-750
-333
215
596
640
614
716
1017
1245
1230
996
670
322
44
99
326
626
150
-540
-735
-295
-287
-1146
-1653
-1814
-1563
-1419
-1008
-547
-485
-529
-438
-62
-25
-157
-206
31
320
598
887
1193
1485
1448
1424
1383
1419
1404
1422
1583
1618
1517
1324
1229
1108
906
876
983
848
666
645
901
1140
1230
1333
1498
1709
1803
2108
2571
2811
2768
2872
3183
3407
3082
2419
2004
1465
288
-567
222
1099
-351
-2698
-3031
-1670
-1491
-2462
-2531
-2155
-2767
-3464
-2711
-1824
-2382
-3349
-3191
-2529
-2389
-2342
-1680
-898
-785
-965
-817
-369
48
409
856
1141
1033
757
761
1014
1056
874
704
540
300
16
-272
-573
-858
-1123
-1407
-1708
-1939
-2040
-1952
-1793
-1741
-1822
-1874
-1758
-1556
-1215
-722
-240
-27
38
175
330
333
368
485
551
493
570
879
1217
1470
1501
1445
976
259
-412
-372
-206
-510
-1064
-1318
-1040
-848
-677
-644
-668
-857
-994
-773
-449
-172
16
320
582
645
676
856
1225
1423
1425
1350
1345
1433
1535
1724
1706
1502
1191
1090
1123
1105
1155
1297
1359
1230
1163
1167
1323
1388
1564
1561
1591
1644
1784
1972
1966
2148
2253
2330
2313
2295
2032
1519
884
286
117
587
718
-585
-2156
-2238
-1162
-797
-1396
-1743
-1914
-2450
-2887
-2591
-2299
-2914
-3640
-3625
-3264
-3176
-3010
-2328
-1588
-1418
-1629
-1578
-1026
-327
193
499
607
523
447
704
1176
1370
1125
817
694
502
55
-417
-558
-464
-540
-860
-1121
-1197
-1250
-1315
-1218
-1133
-1308
-1551
-1523
-1244
-1061
-953
-850
-809
-881
-939
-831
-598
-255
97
417
665
944
1172
1344
1397
1395
1173
555
290
407
555
122
-350
-500
-707
-835
-1056
-1076
-1152
-1285
-1197
-970
-590
-384
-183
44
170
259
258
415
678
899
939
915
937
921
966
1021
1080
1024
983
1057
1206
1367
1434
1580
1651
1701
1666
1626
1766
1937
2206
2163
2085
1965
1910
2055
1987
2004
1751
1589
1705
2014
2503
2252
2001
1482
726
352
797
1723
619
-1224
-1490
-111
469
-696
-1364
-1477
-1961
-2737
-2622
-2002
-2352
-3089
-3232
-2886
-3082
-3306
-2633
-1585
-1197
-1664
-1739
-1232
-492
51
385
612
371
173
298
731
858
555
399
352
292
-65
-347
-291
-143
-79
-345
-553
-673
-689
-576
-461
-469
-911
-1338
-1504
-1471
-1500
-1598
-1469
-1284
-1127
-1021
-759
-379
4
363
535
630
679
779
913
1059
1224
1143
1029
766
457
188
-181
-437
-783
-937
-1232
-1497
-1407
-1156
-769
-713
-690
-577
-429
-281
-251
-103
-98
-187
-226
-197
-139
-228
-271
-213
-80
-70
-53
197
581
924
1090
1196
1244
1302
1442
1640
1822
1844
1770
1677
1674
1686
1607
1550
1440
1342
1100
999
1141
1304
1486
1514
1763
2049
2330
2274
1836
1105
433
650
1633
1826
149
-1360
-956
210
-75
-1269
-1573
-1486
-1853
-2177
-1725
-1456
-2227
-2790
-2553
-2304
-2603
-2529
-1546
-790
-988
-1606
-1538
-873
-308
-108
-156
-275
-444
-357
95
545
566
261
294
609
692
404
264
597
929
911
588
360
224
72
-85
-292
-693
-1252
-1531
-1417
-1206
-1150
-1106
-857
-558
-319
-163
39
329
625
861
906
903
892
921
955
914
794
542
240
208
232
43
-430
-712
-614
-712
-828
-878
-586
-284
-280
-279
-316
-267
-343
-382
-311
-467
-720
-969
-992
-898
-850
-795
-709
-507
-343
-169
82
362
602
740
958
1206
1430
1590
1757
1876
1807
1665
1561
1616
1551
1368
1100
1010
1028
946
902
831
966
1062
1197
1372
1528
1735
1869
2242
2241
1883
1097
348
467
1098
1263
-341
-1671
-1291
-240
-272
-1294
-1471
-1445
-1857
-2221
-1863
-1551
-2302
-2735
-2380
-2158
-2683
-2827
-1891
-1254
-1579
-2325
-2325
-1800
-1406
-1089
-835
-668
-765
-673
-145
406
712
788
1092
1426
1329
922
737
1004
1154
880
346
-57
-268
-340
-316
-342
-482
-730
-818
-752
-721
-757
-663
-301
64
225
210
223
377
589
656
480
197
51
105
230
321
401
374
301
270
266
227
244
276
110
9
78
203
43
-93
-127
-199
-410
-681
-738
-750
-809
-832
-767
-730
-793
-758
-587
-456
-385
-314
-105
147
376
597
932
1221
1339
1415
1525
1636
1651
1658
1669
1623
1485
1257
1210
1223
1146
993
900
983
959
1014
1097
1243
1291
1338
1539
1707
1744
1856
2114
2069
1614
788
225
430
1185
1173
-356
-1500
-1078
-153
-328
-1146
-1286
-1336
-1793
-2030
-1637
-1591
-2465
-2947
-2711
-2824
-3562
-3628
-2686
-2096
-2443
-2981
-2837
-2321
-1782
-1176
-579
-320
-411
-202
442
968
1017
885
1024
1185
921
410
253
547
679
461
238
203
144
35
115
225
-24
-538
-674
-370
-200
-385
-521
-402
-350
-512
-620
-477
-295
-250
-254
-251
-298
-375
-313
-12
314
457
489
581
852
961
888
775
749
541
-76
-369
-263
-61
-268
-562
-509
-474
-499
-563
-471
-419
-657
-729
-619
-478
-468
-399
-70
136
226
268
481
764
950
1079
1178
1362
1460
1559
1684
1775
1752
1555
1477
1508
1495
1358
1269
1348
1367
1214
1085
1063
1106
1196
1292
1378
1237
1159
1313
1673
1957
2107
2154
2025
1557
784
521
996
1510
649
-751
-971
-77
352
-322
-861
-1025
-1583
-2231
-2231
-1874
-2359
-3281
-3409
-3111
-3370
-3832
-3309
-2338
-2129
-2543
-2532
-1990
-1598
-1285
-800
-350
-388
-589
-295
280
645
621
599
765
846
715
554
708
977
938
666
418
295
151
89
188
205
-128
-626
-824
-724
-715
-813
-773
-655
-746
-948
-947
-755
-602
-479
-311
-190
-189
-164
83
422
661
674
552
421
448
529
602
560
448
289
-28
-188
-244
-181
-296
-577
-770
-920
-923
-879
-747
-608
-705
-828
-816
-646
-496
-463
-296
-52
160
307
553
923
1167
1189
1148
1204
1232
1236
1323
1525
1649
1544
1348
1230
1210
1175
1121
1119
1059
1014
916
905
987
1081
1272
1268
1373
1420
1606
1849
2004
2213
2302
2364
2269
1866
1308
1085
1499
1835
897
-461
-883
-361
-206
-750
-1077
-1255
-1842
-2413
-2274
-1980
-2493
-3286
-3219
-2801
-2969
-3255
-2734
-1985
-2036
-2517
-2415
-1909
-1668
-1472
-866
-344
-470
-632
-130
637
902
742
723
891
897
690
552
644
760
705
556
410
190
-119
-310
-241
-216
-553
-1035
-1241
-1160
-1132
-1138
-957
-740
-735
-807
-651
-381
-259
-278
-211
-71
-14
57
276
643
888
984
948
927
876
840
790
710
636
427
152
-260
-402
-400
-392
-616
-870
-924
-860
-748
-622
-427
-289
-318
-319
-184
2
70
50
135
214
236
274
457
668
755
763
760
786
812
905
1107
1238
1255
1169
1154
1125
1050
960
902
858
738
697
773
915
983
1114
1350
1571
1713
1802
2024
2261
2515
2590
2672
2638
2459
1900
989
685
1071
1581
640
-863
-1389
-848
-594
-1083
-1322
-1393
-2008
-2654
-2419
-1835
-2233
-3305
-3526
-3043
-2989
-3359
-2993
-2140
-1987
-2400
-2318
-1629
-1314
-1299
-793
0
232
-72
158
843
1222
1126
1095
1240
1079
740
583
683
691
418
185
53
-100
-417
-615
-508
-394
-501
-793
-932
-973
-1044
-1050
-874
-597
-550
-604
-533
-291
-62
26
100
165
166
142
264
508
617
506
373
326
280
145
67
59
-25
-242
-391
-364
-467
-624
-649
-425
-362
-582
-774
-708
-498
-354
-265
-282
-433
-603
-534
-262
-82
-66
24
228
409
547
744
948
981
917
914
982
1020
1014
1101
1225
1268
1208
1181
1256
1348
1412
1499
1614
1636
1632
1621
1674
1712
1653
1711
1775
1865
1819
1773
1901
1941
1927
1957
1971
1840
1150
328
62
544
1070
260
-1016
-1514
-996
-801
-1145
-1262
-1371
-2130
-2875
-2498
-1777
-2090
-3122
-3360
-2831
-2717
-2932
-2497
-1666
-1504
-1916
-1671
-883
-613
-798
-483
357
584
135
71
592
888
645
638
950
872
273
-22
310
575
342
14
-12
-20
-274
-399
-213
-58
-308
-650
-669
-559
-634
-782
-631
-273
-138
-262
-327
-209
-137
-161
-131
-16
-9
-184
-255
-29
270
316
174
173
270
258
216
302
390
169
-172
-323
-251
-378
-759
-953
-839
-686
-779
-813
-658
-518
-470
-389
-213
-195
-430
-567
-389
-80
11
-35
36
177
222
282
579
902
969
875
1002
1287
1424
1412
1449
1512
1449
1290
1274
1345
1350
1256
1226
1285
1215
1055
949
1078
1132
1178
1205
1293
1314
1276
1353
1464
1651
1734
1776
1684
1451
886
355
308
753
788
-149
-1149
-1353
-956
-922
-1077
-994
-1122
-1801
-2231
-1737
-1210
-1628
-2448
-2567
-2230
-2155
-2154
-1718
-1298
-1561
-1930
-1607
-967
-831
-963
-663
-146
-81
-324
-196
243
472
511
784
1115
991
504
317
579
807
745
623
572
383
75
-4
184
244
-107
-566
-803
-827
-801
-769
-652
-527
-469
-493
-468
-352
-280
-272
-230
-66
63
8
-125
-142
-2
90
35
-110
-229
-269
-168
56
224
202
0
-140
-246
-300
-385
-398
-360
-418
-493
-572
-487
-395
-353
-295
-187
-70
-69
-62
47
176
233
211
224
259
286
290
367
521
575
546
523
561
583
567
577
615
624
585
586
645
647
613
596
639
641
619
652
707
779
795
842
894
947
935
933
1008
1144
1254
1359
1504
1538
1419
980
499
289
667
1009
639
-138
-598
-506
-476
-490
-308
-351
-1038
-1777
-1734
-1313
-1379
-1873
-2197
-2268
-2445
-2459
-1965
-1347
-1258
-1527
-1395
-897
-586
-510
-246
133
258
265
507
880
956
792
842
1132
1261
973
623
536
566
539
592
770
755
318
-126
-183
9
94
3
-85
-240
-482
-598
-478
-298
-340
-513
-642
-504
-362
-234
-84
87
64
-335
-211
-60
-205
-263
-212
-88
100
93
-28
36
141
96
310
500
400
425
291
137
228
375
326
197
72
-43
-11
-12
-19
100
127
-28
-140
-139
-130
-152
-234
-277
-235
-302
-404
-412
-400
-435
-451
-386
-298
-227
-173
-66
99
254
327
345
380
428
430
517
656
742
763
777
844
873
898
918
987
969
977
1026
1181
1328
1332
1374
1482
1613
1542
1386
1060
615
208
151
340
272
-89
-490
-714
-916
-964
-799
-679
-908
-1390
-1718
-1737
-1627
-1606
-1591
-1580
-1640
-1710
-1632
-1439
-1369
-1468
-1500
-1331
-1090
-832
-565
-332
-231
-208
-41
283
561
629
575
556
642
738
803
830
748
577
437
452
538
525
430
327
240
162
95
20
-105
-292
-480
-585
-598
-594
-610
-616
-623
-660
-672
-602
-461
-326
-273
-242
-205
-140
-12
116
227
313
420
518
570
619
649
684
692
685
669
695
738
694
589
458
337
177
-13
-147
-236
-376
-546
-635
-609
-595
-670
-798
-888
-935
-943
-890
-834
-797
-761
-656
-485
-315
-218
-175
-144
-122
-96
-12
108
162
156
166
253
389
527
631
696
746
747
712
675
631
576
525
476
473
481
450
431
462
530
559
555
593
667
726
777
883
1011
1100
1107
980
780
625
564
553
546
517
424
234
43
-34
-35
-74
-175
-341
-584
-816
-910
-888
-869
-880
-858
-747
-672
-722
-804
-799
-726
-679
-627
-513
-393
-304
-192
-68
-68
-227
-374
-396
-346
-296
-296
-317
-315
-320
-285
-190
-96
-70
-126
-150
-136
-82
-52
-50
-44
-63
-84
-87
-32
54
107
124
159
211
257
295
358
426
460
461
419
340
224
130
63
27
0
-35
-87
-140
-186
-219
-215
-223
-231
-192
-100
2
24
31
58
73
63
22
-11
-67
-123
-139
-140
-169
-238
-278
-278
-237
-203
-169
-110
-68
-64
-90
-74
-48
-58
-107
-145
-128
-100
-90
-91
-98
-109
-147
-177
-172
-125
-60
-29
40
192
389
534
605
678
784
884
906
919
979
1070
1154
1243
1333
1354
1298
1233
1217
1223
1250
1295
1318
1293
1227
1130
971
781
653
543
398
304
299
281
196
172
171
73
-103
-253
-419
-683
-975
-1225
-1402
-1516
-1572
-1556
-1514
-1500
-1526
-1520
-1460
-1395
-1345
-1267
-1154
-1056
-980
-884
-752
-635
-586
-584
-568
-498
-405
-358
-306
-197
-66
28
120
256
363
403
428
469
463
356
232
176
157
78
-36
-105
-133
-176
-240
-271
-248
-200
-147
-64
24
73
98
156
263
344
338
253
131
38
-18
-30
-33
-35
-8
18
78
159
230
264
302
354
382
367
317
274
249
220
174
119
16
-136
-309
-428
-498
-586
-717
-858
-916
-898
-855
-798
-734
-705
-724
-756
-730
-619
-443
-265
-116
-7
30
24
31
108
211
298
344
363
410
499
641
730
697
593
501
450
439
493
585
659
694
701
715
732
760
803
832
819
782
780
826
916
991
1018
1010
978
890
712
495
389
394
404
451
524
430
160
-38
-78
-122
-283
-448
-560
-683
-833
-954
-1036
-1102
-1154
-1173
-1100
-970
-840
-740
-673
-663
-740
-810
-794
-686
-576
-489
-439
-463
-531
-578
-561
-486
-387
-336
-307
-201
-9
166
251
279
289
261
205
154
128
84
-12
-122
-167
-142
-133
-108
-48
6
53
123
220
309
374
426
481
557
627
671
667
609
519
408
288
190
113
23
-65
-113
-82
-15
19
40
86
146
185
211
227
223
214
202
185
165
121
41
-42
-46
-20
-22
-14
45
99
69
-19
-81
-98
-128
-183
-201
-203
-227
-264
-264
-231
-244
-313
-393
-418
-370
-281
-204
-121
-26
46
106
183
279
382
493
560
533
453
413
458
508
494
454
437
431
381
319
293
285
251
191
197
269
316
292
284
375
511
642
729
749
709
623
503
393
325
261
188
169
131
-13
-196
-308
-389
-525
-598
-574
-564
-637
-731
-768
-783
-824
-896
-937
-961
-1011
-1074
-1133
-1196
-1284
-1343
-1304
-1154
-973
-832
-701
-592
-509
-445
-386
-320
-248
-116
53
237
402
496
484
419
362
300
273
279
279
255
210
165
136
128
114
91
95
120
153
166
165
128
38
-73
-183
-264
-324
-352
-327
-283
-239
-201
-136
-33
68
128
167
205
237
281
337
394
442
458
450
435
417
366
282
190
113
64
72
155
246
311
328
318
297
283
352
440
452
372
307
290
273
243
193
142
56
-63
-170
-242
-296
-383
-459
-467
-417
-393
-409
-395
-358
-327
-302
-227
-96
4
35
34
59
94
91
54
23
25
11
-19
-5
62
118
138
190
295
456
629
800
961
1060
1066
1032
1036
1064
1083
1092
1100
1096
1062
1026
1016
994
897
714
551
436
307
207
220
219
80
-57
-79
-76
-158
-295
-448
-643
-840
-975
-1046
-1105
-1163
-1183
-1168
-1125
-1071
-1027
-990
-967
-951
-921
-862
-785
-712
-653
-610
-584
-596
-636
-655
-634
-572
-493
-410
-316
-232
-167
-122
-98
-103
-120
-120
-89
-24
42
70
45
13
-15
-58
-112
-147
-118
-64
-23
12
47
50
7
-24
-12
3
15
43
89
124
141
143
161
166
112
40
27
79
143
167
156
161
184
223
303
405
455
448
427
428
460
505
521
488
442
426
390
281
118
-22
-125
-229
-336
-438
-487
-519
-565
-584
-573
-557
-524
-439
-290
-135
-23
18
14
-28
-64
-68
-20
65
139
205
259
311
341
346
335
295
239
181
164
175
192
216
239
291
348
374
327
264
265
321
386
401
414
452
520
590
651
721
726
686
684
732
807
867
945
1009
1020
979
932
908
866
791
666
532
390
285
254
249
263
245
144
-23
-143
-209
-309
-394
-452
-532
-689
-844
-925
-986
-1048
-1130
-1208
-1222
-1157
-1065
-994
-915
-851
-817
-815
-790
-691
-569
-443
-354
-305
-295
-306
-312
-337
-369
-412
-428
-367
-256
-145
-79
-24
4
14
32
74
122
111
80
85
134
162
148
121
109
90
8
-96
-151
-185
-251
-342
-409
-453
-504
-565
-602
-584
-536
-484
-437
-354
-265
-207
-125
-3
103
127
113
139
179
223
299
433
570
653
678
690
715
706
668
644
633
585
503
449
458
455
352
189
32
-89
-180
-222
-210
-217
-278
-365
-437
-456
-446
-466
-495
-481
-454
-472
-523
-566
-593
-627
-657
-654
-625
-598
-571
-484
-359
-258
-199
-149
-88
-14
71
166
271
360
423
473
523
571
591
590
593
596
568
510
456
469
566
677
744
758
751
743
753
809
883
939
969
1010
1063
1103
1107
1049
984
935
890
818
735
625
458
309
207
154
111
61
0
-87
-171
-240
-311
-415
-525
-594
-640
-688
-754
-810
-862
-929
-977
-1006
-1007
-1001
-986
-973
-978
-1012
-1057
-1052
-1006
-934
-862
-765
-653
-567
-486
-408
-334
-329
-372
-373
-302
-188
-99
-21
67
152
218
274
341
354
299
226
210
265
308
317
290
259
235
213
185
145
107
74
86
130
191
245
274
281
280
286
299
325
368
383
346
286
236
167
83
32
-3
-43
-101
-126
-116
-81
-36
7
40
46
73
144
217
234
204
174
164
167
156
144
128
58
-80
-199
-242
-239
-237
-229
-219
-224
-261
-294
-298
-308
-348
-372
-337
-311
-313
-313
-307
-309
-335
-385
-447
-503
-551
-564
-539
-498
-479
-473
-446
-358
-231
-136
-95
-80
-42
3
33
85
165
247
291
317
358
415
485
537
581
604
595
590
625
680
685
628
575
590
654
698
718
718
687
640
616
635
664
688
717
780
858
918
929
928
951
950
920
878
834
751
612
472
352
261
160
67
-4
-62
-122
-224
-331
-423
-495
-552
-575
-555
-552
-595
-667
-732
-781
-824
-847
-826
-753
-676
-637
-651
-712
-785
-834
-790
-683
-588
-541
-515
-467
-410
-345
-309
-315
-366
-415
-391
-313
-214
-131
-101
-148
-238
-303
-327
-334
-360
-403
-446
-471
-475
-466
-442
-422
-409
-395
-382
-364
-342
-311
-257
-184
-131
-107
-106
-108
-69
-3
58
78
45
1
-33
-60
-80
-57
12
83
135
178
238
297
315
287
238
210
201
203
229
266
289
300
303
309
297
262
208
153
99
37
-2
-14
-11
-9
1
22
34
40
48
54
41
20
22
37
48
50
59
71
101
146
175
174
129
79
42
16
-4
-29
-48
-67
-86
-100
-79
-52
-71
-101
-115
-81
-23
30
90
156
225
291
356
413
454
488
533
593
632
637
626
647
699
715
678
613
574
573
619
690
730
703
612
566
592
620
599
578
604
631
641
657
714
751
706
619
564
543
491
435
445
522
581
570
548
550
529
454
401
412
421
338
202
131
108
61
-18
-92
-195
-357
-499
-549
-553
-630
-782
-920
-1011
-1085
-1166
-1212
-1205
-1193
-1218
-1268
-1291
-1284
-1282
-1298
-1305
-1307
-1317
-1315
-1262
-1155
-1051
-978
-921
-856
-812
-804
-793
-766
-734
-712
-668
-573
-478
-408
-319
-172
-36
20
13
26
89
182
295
399
471
499
514
564
623
622
541
439
342
245
159
116
136
188
234
252
218
146
90
92
104
83
35
-7
-10
37
130
208
215
146
54
4
19
44
30
-20
-80
-123
-143
-114
-28
70
129
151
178
192
161
105
62
22
-33
-55
8
122
207
242
255
240
207
187
199
221
229
224
247
313
358
373
382
382
354
286
223
180
142
117
133
182
226
240
230
221
183
104
23
-38
-75
-105
-139
-160
-167
-188
-248
-316
-361
-385
-406
-404
-360
-329
-327
-338
-329
-322
-335
-361
-385
-392
-405
-414
-407
-388
-385
-399
-423
-481
-560
-617
-612
-555
-485
-425
-377
-334
-295
-233
-155
-87
-28
33
124
238
362
487
584
646
681
709
722
737
759
777
793
826
879
912
913
912
950
1004
1029
1014
994
986
980
985
987
954
886
801
729
694
680
641
548
410
249
95
-53
-174
-256
-298
-322
-332
-321
-311
-337
-405
-476
-550
-625
-710
-791
-849
-868
-858
-833
-794
-747
-709
-687
-654
-609
-582
-586
-592
-561
-479
-374
-284
-197
-117
-67
-56
-76
-119
-161
-179
-132
-20
92
138
134
131
127
111
78
31
-12
-29
-11
10
3
-26
-71
-120
-155
-163
-139
-89
-32
-9
-27
-64
-103
-119
-119
-134
-148
-137
-107
-70
-44
-32
-12
11
44
61
28
-17
-33
-11
19
35
40
61
80
74
57
24
-25
-68
-72
-44
-20
4
57
119
150
148
117
84
50
6
-27
-42
-37
-1
60
102
112
104
77
68
80
87
98
112
134
162
203
252
270
257
240
227
186
112
37
-14
-67
-136
-197
-232
-266
-301
-300
-248
-173
-125
-102
-90
-89
-87
-68
-24
49
141
243
338
409
450
465
464
460
457
467
474
483
517
553
557
535
498
454
422
414
423
418
365
282
227
211
180
130
86
70
57
28
19
16
-22
-92
-161
-179
-174
-175
-178
-178
-178
-181
-166
-123
-73
-71
-105
-104
-90
-121
-211
-306
-387
-489
-604
-660
-645
-622
-619
-610
-584
-617
-714
-779
-743
-663
-649
-667
-629
-549
-525
-529
-513
-550
-663
-739
-704
-627
-583
-574
-540
-447
-340
-275
-262
-265
-256
-198
-84
47
141
166
171
210
267
285
270
283
344
406
448
515
600
651
654
667
734
814
859
892
932
935
878
784
681
594
516
454
418
378
330
277
232
211
213
233
261
268
250
239
252
302
378
439
475
515
554
560
508
410
316
236
177
170
226
265
255
230
210
179
109
34
-51
-124
-168
-214
-312
-434
-525
-593
-658
-724
-758
-787
-847
-913
-950
-948
-931
-911
-867
-769
-642
-530
-433
-336
-246
-189
-142
-66
35
115
142
130
99
66
36
-3
-42
-68
-54
-13
17
10
-41
-97
-138
-158
-153
-132
-96
-75
-90
-124
-156
-203
-261
-308
-316
-289
-251
-217
-191
-155
-128
-106
-101
-88
-45
11
69
129
211
275
310
325
327
305
277
270
283
306
325
357
379
389
381
367
376
408
444
467
474
467
429
372
327
315
286
202
96
15
-29
-50
-73
-104
-121
-119
-110
-98
-84
-86
-101
-102
-68
-12
33
39
15
-22
-66
-121
-184
-250
-301
-316
-288
-222
-158
-104
-64
-16
46
116
184
228
257
295
356
411
449
463
442
396
327
244
154
75
-4
-72
-107
-100
-79
-77
-87
-79
-42
-3
33
59
81
99
122
142
149
115
27
-83
-170
-193
-199
-224
-271
-301
-293
-275
-259
-231
-197
-180
-169
-149
-107
-63
-45
-64
-112
-189
-274
-350
-399
-416
-398
-377
-385
-400
-429
-444
-439
-424
-408
-396
-370
-315
-226
-131
-55
-16
-18
-44
-84
-120
-132
-113
-66
-1
82
180
247
259
234
200
204
255
300
321
330
303
240
183
160
150
101
9
-59
-63
-59
-79
-97
-92
-82
-67
-8
84
154
190
209
237
271
288
296
281
228
173
137
116
109
120
149
189
233
281
330
361
359
342
350
386
443
512
569
596
601
596
567
520
456
399
366
348
336
331
325
292
244
227
238
246
226
199
194
173
115
45
-17
-87
-179
-260
-336
-444
-578
-710
-830
-913
-962
