-31
16
-28
-47
48
-154
37
-28
-101
52
-103
99
-60
-5
57
-91
77
-59
-80
72
-86
-56
68
-84
-12
118
-146
82
52
-173
129
-158
36
19
-101
112
-116
47
-47
-53
87
-82
18
-14
-15
34
-24
-8
-4
54
64
-14
84
20
-17
76
-41
47
-1
-73
52
-8
-35
-27
-24
31
-57
-40
133
-180
75
7
-260
267
-323
41
72
-320
204
-245
41
11
-65
160
-189
118
6
-42
112
-92
102
-58
-11
123
-104
142
-135
58
134
-144
266
-69
69
89
-37
221
-71
-18
108
-63
168
-36
22
146
-18
132
51
76
41
10
182
-42
190
84
-110
263
-103
113
151
-170
240
11
-20
164
-72
91
-106
8
94
-135
137
-92
64
36
-35
-352
-593
-136
-387
125
157
50
305
24
106
-1
-123
-206
-100
51
35
202
51
113
-13
5
-26
-19
24
-131
188
-67
162
85
-30
111
-264
-9
-126
-175
-14
-144
0
-13
-237
-82
-185
-92
-134
-138
-117
-69
-88
-81
-32
-75
99
-160
174
-115
-6
123
-136
261
-48
153
19
106
166
26
185
-35
212
63
10
106
91
41
49
77
-42
153
-174
104
71
-119
139
-273
99
-170
-28
77
-203
144
-196
92
54
-175
189
-245
11
174
-219
256
-110
-4
160
-69
160
-53
-15
71
64
19
175
57
160
116
30
110
-13
53
-39
109
-38
60
60
-2
147
-21
21
120
-54
115
-122
-26
201
-264
237
-162
-22
178
-220
54
-116
-149
-70
-98
-44
27
-61
32
39
-4
83
-118
84
-14
-89
90
-27
92
-15
101
27
99
142
-221
290
-183
32
147
-226
302
-231
69
81
-154
135
-127
-42
60
-229
13
-41
-178
40
-152
3
8
-13
-48
-165
92
-257
64
-27
-193
205
-120
56
94
-85
24
74
-35
74
-34
-38
49
30
81
-34
139
13
67
88
-106
135
-153
-6
-47
-86
28
-65
-111
18
-44
-142
109
-157
-70
50
-102
68
126
10
13
111
-73
44
98
-90
158
2
42
102
64
-96
63
36
9
144
-30
122
-32
217
-16
107
149
-213
169
-224
2
-10
-146
-39
-79
-81
-4
85
-83
197
-107
48
31
-232
206
-313
-76
-48
-285
183
-234
-133
-41
-89
-127
155
-130
-38
81
-312
16
-63
-177
-29
-48
-208
216
-245
48
59
-280
295
-315
85
80
-106
138
-175
-24
-42
-64
-1
22
-67
-42
86
-116
142
-3
-214
117
-188
109
90
-233
213
-211
-101
199
-215
120
27
-155
289
-48
57
164
-64
115
48
94
190
-112
102
59
21
62
-53
116
42
74
85
152
-83
81
-24
-69
105
-160
-20
29
-104
-45
9
-196
-2
-2
-100
98
-17
18
46
-104
23
-58
-103
86
-146
188
17
-55
323
-140
205
-17
-20
200
-132
128
2
108
-81
12
196
-123
279
-213
127
112
-261
299
-228
42
74
-159
127
-50
-97
-16
32
60
-17
118
97
38
95
-46
1
64
-54
58
99
17
158
26
121
189
0
214
-12
79
44
-8
171
18
128
-40
130
61
5
86
-238
124
-14
-117
139
-139
116
-62
-167
88
-158
-61
-41
-91
38
-45
-7
36
-29
-17
-17
-38
-8
-29
-17
87
12
49
52
87
50
38
44
20
154
-79
29
96
-190
-48
-87
-96
47
-169
24
-46
26
-50
-208
151
-282
65
-30
-160
210
-329
39
-87
-148
94
-178
43
-19
-82
113
-114
70
1
-14
20
-110
154
-215
27
-31
-102
156
-134
97
2
-87
-59
-48
-72
-107
-36
45
-25
-137
-26
-238
-159
-59
-213
-5
4
79
136
-48
83
-125
5
-38
-157
93
-107
-5
53
-37
87
-55
40
28
-38
43
-97
127
-9
-73
145
-160
-54
-19
-118
10
-110
38
52
-18
113
-92
50
-50
-130
128
2
-9
1
60
55
138
213
118
161
32
159
174
-87
127
96
68
188
95
117
117
-6
98
114
35
118
24
147
-1
91
108
2
60
0
-63
-99
42
-205
1
42
-153
180
-23
-31
102
-107
45
73
-115
132
67
107
68
12
180
11
-42
-31
-73
-37
-102
-197
106
24
-154
25
50
-86
-61
152
-146
80
-57
-153
73
-198
-37
-119
-191
-91
-93
-40
-100
-45
0
-112
-44
-62
-68
30
-103
11
87
25
1
-58
-21
-28
-69
20
53
-92
46
10
27
70
24
36
1
2
-96
-13
-156
-224
40
-154
72
59
-75
153
-114
51
-37
-174
0
-224
-74
-158
-45
59
-157
32
-83
-60
-32
-15
-5
-134
-58
31
-17
24
-24
139
99
-10
203
90
92
47
-25
52
-77
146
29
66
92
68
221
16
149
120
31
131
73
145
98
50
72
-40
-69
-76
-5
-48
-83
44
-37
26
148
107
132
141
104
131
175
56
70
131
-71
4
148
-12
83
127
74
149
131
142
241
110
160
122
97
122
-14
194
-86
137
94
-98
51
-201
-54
-209
-184
59
-24
132
136
22
54
6
-216
-5
-3
-63
147
55
-51
17
-33
-105
-75
-137
-61
-21
27
5
-2
43
-22
140
-32
-71
-76
-50
32
-115
-132
-168
-1
-71
-137
4
-187
-163
-17
-119
-11
-129
-180
8
-121
-98
-68
-122
-74
-51
-15
-54
7
6
-81
30
-140
-114
-27
-241
-54
-150
-224
-21
-154
-27
-11
-140
-55
-64
-39
-52
-110
-187
-89
-138
-169
-81
-40
-89
16
-71
-26
-28
-211
130
-18
141
78
66
203
-29
157
-74
-55
51
4
98
154
53
19
67
-95
-47
52
-122
-94
187
-35
206
201
-51
150
-25
-86
-38
-35
-112
-95
-17
-117
179
-68
65
22
-16
278
-90
356
155
109
325
60
182
111
-76
-167
40
8
82
115
98
137
115
131
154
254
66
176
134
136
61
-28
20
-65
6
21
7
-61
-113
-36
56
-3
86
134
-13
106
114
124
181
-2
48
11
-117
30
-56
-37
4
-31
181
10
14
56
-4
89
42
142
154
195
146
52
113
-91
-36
-106
-266
-205
-280
-223
-121
-46
-60
64
-22
49
93
-20
148
-58
-52
-58
-322
-149
-246
-291
-212
-198
-39
-60
3
43
-30
-39
-52
37
5
-21
-57
-126
55
-126
-101
33
-342
-76
-43
-176
79
-75
-57
-5
-92
-101
-54
-111
-75
18
-35
-64
4
-72
-67
-35
-72
61
-120
15
45
-154
-29
-141
-30
16
-79
132
100
77
121
40
71
-5
59
28
44
85
-30
143
84
93
89
-17
67
39
64
16
-59
81
11
153
140
94
144
-38
98
-59
-64
-41
-159
39
-85
-39
80
19
107
17
-50
47
-35
-36
-103
2
-8
-166
-36
-54
-3
26
-1
-22
25
88
-60
72
46
12
153
180
219
142
54
5
-1
28
29
2
121
89
102
288
68
180
194
-3
240
5
78
70
-106
69
-115
-20
-25
-61
-46
-141
-5
-108
-4
-126
-108
102
1
90
13
35
-67
-175
-95
-169
-50
-90
-144
-80
-120
-105
-94
-84
-113
16
97
89
158
120
45
144
109
23
3
-115
-80
-68
-166
-58
-99
-120
19
-17
11
69
-46
-45
51
-144
-88
-130
-373
-172
-303
-297
-206
-334
-124
-82
-80
99
59
105
137
138
183
69
-90
-182
-130
-263
-86
-50
-195
174
77
70
294
119
264
210
147
257
68
121
122
-24
11
-16
-58
74
54
90
159
120
264
312
340
324
333
393
354
276
416
412
281
504
419
438
485
419
503
468
456
547
535
436
441
495
506
365
411
385
300
339
191
151
73
-53
-110
-155
-265
-345
-417
-570
-682
-786
-924
-1064
-1180
-1224
-1240
-1254
-1216
-1198
-1194
-1154
-1101
-1065
-1022
-1024
-898
-792
-764
-679
-641
-600
-656
-584
-492
-418
-245
-187
-76
103
110
151
302
317
427
483
521
504
503
430
296
340
201
182
214
179
162
232
316
313
436
582
582
618
648
751
794
723
857
777
836
750
802
935
808
1003
1044
1164
1251
1300
1367
1373
1512
1628
1812
1775
1845
1546
1471
1187
918
550
-285
-405
-1087
-1500
-2117
-2377
-2554
-3002
-3021
-2852
-2619
-2555
-2272
-1850
-1414
-1240
-938
-645
-547
-485
-482
-262
-368
-335
-429
-355
-311
-237
-16
172
434
681
956
1196
1479
1584
1661
1623
1572
1517
1296
1008
708
381
1
-369
-613
-935
-1176
-1568
-1534
-1585
-1578
-1645
-1677
-1420
-1458
-1249
-1157
-891
-891
-814
-598
-434
-349
-372
-151
-28
59
136
342
431
503
645
735
841
904
947
954
1072
1079
1164
1213
1287
1341
1444
1414
1529
1533
1415
1438
1333
1342
1244
1205
1198
1140
1102
1066
1122
1227
1276
1485
1672
1871
2046
2082
2371
1923
1732
1418
1032
603
-567
-820
-1553
-2165
-3004
-3316
-3430
-3994
-4117
-3988
-3497
-3419
-3130
-2567
-2020
-1671
-1390
-936
-615
-511
-548
-331
-324
-349
-596
-564
-493
-428
-300
-127
335
605
909
1293
1797
2089
2228
2291
2365
2279
1962
1601
1152
623
-12
-594
-1028
-1462
-1937
-2243
-2374
-2357
-2269
-2370
-1894
-2014
-1642
-1487
-1303
-957
-1254
-796
-987
-785
-810
-709
-611
-648
-340
-223
44
195
450
592
796
1037
1252
1300
1415
1545
1567
1672
1712
1829
1693
1818
1774
1861
1822
1788
1840
1698
1696
1661
1659
1643
1636
1625
1715
1839
2025
2148
2364
2548
2662
2719
2804
2909
2249
1980
1508
1182
273
-961
-1237
-2208
-2970
-3976
-4173
-4408
-5031
-5222
-4860
-4293
-4250
-3888
-3172
-2298
-1952
-1562
-891
-419
-391
-449
-36
134
-9
-286
-27
112
142
153
530
900
1112
1419
1861
2381
2516
2670
2721
2778
2622
2212
1784
1238
579
-115
-843
-1392
-2050
-2620
-3082
-3332
-3376
-3330
-3228
-2890
-2533
-1966
-1643
-1443
-792
-655
-398
-618
-304
-158
-533
-563
-506
-416
-745
-585
-217
16
0
336
812
1006
1146
1305
1598
1529
1490
1434
1571
1481
1264
1236
1298
1267
1132
1206
1369
1313
1217
1472
1609
1670
1676
1941
2156
2277
2561
2935
3101
3413
3469
3797
3671
3851
3618
2750
2598
1726
1489
-224
-1050
-1718
-2746
-3793
-4739
-4708
-5324
-5876
-6017
-5178
-4966
-4875
-4517
-3391
-2603
-2516
-1671
-974
-293
-614
-163
429
514
247
184
696
736
669
936
1401
1646
1875
2219
2872
3124
3380
3424
3495
3501
3227
2782
2151
1477
673
-277
-1103
-1878
-2693
-3464
-4073
-4230
-4379
-4397
-4345
-3914
-3397
-2856
-2226
-1517
-921
-801
-286
67
317
-2
-48
76
-241
-409
-400
-250
-469
-477
-143
315
418
695
1041
1332
1526
1600
1846
1708
1534
1275
1262
1158
887
716
596
590
503
651
746
832
972
1286
1603
1897
2193
2563
2771
3139
3587
3996
4261
4379
4684
4556
4755
3892
3513
2693
1964
1018
-844
-1324
-2564
-3471
-4942
-5450
-5679
-6317
-6942
-6599
-5946
-5848
-5676
-5021
-3641
-3445
-2985
-2322
-1283
-993
-1097
-284
110
377
-49
535
942
1074
1112
1546
2182
2453
2705
3217
3727
3932
4054
4066
4180
3919
3531
2850
2158
1392
492
-617
-1547
-2359
-3217
-4087
-4573
-4746
-4892
-5015
-4835
-4227
-3770
-3114
-2590
-1812
-1199
-797
-341
31
368
329
342
397
461
257
224
245
277
276
426
724
901
1055
1230
1502
1686
1737
1665
1687
1658
1489
1313
1237
1187
885
785
851
883
822
853
1057
1206
1324
1601
1926
2240
2539
2993
3493
3910
4326
4624
5059
5000
5287
4826
4163
3635
2688
2146
59
-897
-1933
-3021
-4458
-5643
-5787
-6422
-7248
-7364
-6644
-6301
-6277
-5865
-4375
-3664
-3322
-2732
-1673
-987
-1242
-615
-66
434
14
259
869
1107
1221
1300
2045
2386
2740
3101
3709
4190
4319
4285
4437
4376
4085
3329
2641
1938
1003
-112
-1206
-2066
-3064
-4111
-4843
-5168
-5382
-5687
-5685
-5181
-4664
-4051
-3468
-2538
-1931
-1439
-858
-247
187
66
222
289
360
112
-8
2
-183
-297
-171
113
327
415
672
1130
1454
1752
1905
2166
2249
2236
2324
2369
2354
2027
1872
1806
1734
1533
1384
1359
1399
1412
1674
1968
2363
2654
3127
3743
4365
4790
5175
5391
5630
5457
4584
4258
3234
2478
434
-932
-1839
-3237
-4676
-6191
-6461
-7076
-7811
-8047
-7293
-6760
-6611
-6158
-4666
-3541
-3216
-2641
-1671
-684
-875
-442
71
524
186
55
740
944
1051
928
1602
2159
2535
2914
3563
4177
4485
4543
4811
4930
4685
3994
3245
2592
1630
463
-802
-1817
-2885
-4046
-4921
-5383
-5638
-5938
-6046
-5555
-4907
-4247
-3644
-2751
-1922
-1328
-721
-74
482
446
458
526
581
326
-17
-140
-319
-523
-531
-323
-157
-92
71
555
968
1310
1545
1878
2144
2255
2409
2472
2505
2198
2006
1882
1772
1552
1285
1201
1143
1165
1323
1580
1933
2290
2809
3472
4118
4806
5126
5620
5745
6039
5366
4712
4031
3014
1729
-456
-1380
-2772
-4176
-5964
-6843
-7152
-7880
-8547
-8267
-7437
-7086
-6789
-5831
-4147
-3497
-2993
-2229
-981
-492
-595
53
530
838
310
702
1174
1361
1217
1432
2211
2682
3019
3490
4244
4782
4949
5044
5286
5210
4743
3884
3247
2471
1355
-5
-1208
-2220
-3375
-4550
-5225
-5610
-5906
-6226
-6045
-5401
-4784
-4186
-3510
-2548
-1739
-1066
-517
55
447
521
564
589
587
328
-59
-173
-238
-395
-499
-451
-201
-124
83
506
915
1212
1379
1762
2076
2214
2235
2312
2347
2179
1975
1939
1837
1548
1303
1306
1365
1297
1455
1789
2168
2561
3120
3864
4529
4990
5530
5842
6152
6035
5192
4696
3656
2789
831
-885
-1975
-3546
-5125
-6792
-7270
-7837
-8705
-9039
-8378
-7671
-7395
-6943
-5412
-4097
-3501
-2838
-1714
-540
-528
-208
419
1015
808
518
1087
1343
1427
1230
1785
2393
2718
3063
3648
4378
4791
4846
5050
5248
5165
4498
3674
3050
2173
922
-480
-1505
-2544
-3835
-4918
-5431
-5720
-6124
-6376
-5935
-5236
-4638
-3969
-3057
-2045
-1277
-635
140
661
880
877
941
1007
734
373
34
-149
-407
-613
-670
-615
-501
-394
-60
372
769
1034
1330
1689
2044
2136
2252
2311
2322
2154
1959
1983
1754
1526
1335
1425
1464
1443
1704
2075
2502
2881
3594
4307
4973
5422
5983
6367
6524
6196
5394
4771
3627
2485
356
-1175
-2570
-4152
-5821
-7293
-7745
-8466
-9145
-9249
-8433
-7735
-7334
-6588
-4992
-3754
-3110
-2348
-1171
-231
-216
167
736
1201
829
720
1177
1405
1400
1324
1972
2500
2879
3242
3910
4569
4878
4926
5109
5234
4997
4199
3370
2637
1642
263
-1119
-2181
-3292
-4591
-5594
-6012
-6273
-6642
-6709
-6114
-5336
-4642
-3881
-2790
-1763
-1053
-331
429
1021
1155
1088
1232
1154
875
337
13
-244
-643
-885
-926
-785
-770
-633
-220
294
663
959
1329
1782
2055
2220
2384
2480
2448
2138
2066
1952
1754
1395
1227
1291
1238
1290
1530
1992
2374
2859
3615
4414
5107
5646
6217
6664
6858
6531
5721
5074
3956
2685
477
-1134
-2549
-4262
-6072
-7531
-8006
-8753
-9503
-9534
-8629
-7927
-7507
-6632
-4901
-3659
-3005
-2209
-962
-72
-123
274
818
1216
754
629
1099
1300
1254
1194
1905
2496
2897
3313
4100
4818
5146
5207
5424
5536
5231
4382
3521
2751
1673
206
-1217
-2290
-3433
-4787
-5776
-6153
-6393
-6734
-6749
-6067
-5264
-4491
-3691
-2467
-1362
-724
11
783
1433
1372
1191
1346
1210
745
199
-43
-370
-907
-1132
-1025
-970
-1000
-821
-303
180
540
900
1310
1701
1895
2093
2262
2317
2151
1881
1799
1685
1477
1183
1075
1110
1174
1292
1589
2033
2475
3056
3720
4564
5267
5891
6411
6842
7041
6927
6032
5269
4152
2928
1004
-1153
-2430
-4153
-5770
-7536
-8201
-8649
-9394
-9725
-9039
-8085
-7588
-7064
-5592
-4012
-3239
-2602
-1558
-336
-167
-49
456
993
886
427
867
1246
1478
1306
1804
2587
3123
3494
4081
4897
5356
5394
5440
5603
5412
4645
3592
2796
1788
440
-1157
-2349
-3368
-4631
-5761
-6273
-6339
-6516
-6655
-6073
-5113
-4200
-3496
-2414
-1195
-260
293
797
1599
1676
1491
1079
1119
823
-45
-503
-742
-995
-1548
-1659
-1263
-1085
-1110
-694
5
642
844
1257
1805
2109
2143
2087
2393
2285
1987
1662
1714
1668
1283
1145
1263
1463
1503
1769
2373
2875
3408
4047
4884
5682
6221
6848
7178
7418
7354
6847
5749
4734
3434
2063
-334
-2196
-3537
-5162
-6839
-8360
-8581
-9139
-9755
-9773
-8761
-7915
-7555
-6790
-5150
-3780
-3237
-2570
-1452
-476
-519
-250
349
876
548
397
1005
1462
1642
1575
2358
3122
3687
4013
4649
5390
5692
5518
5460
5527
5118
3986
2816
1974
892
-707
-2287
-3269
-4255
-5472
-6396
-6510
-6409
-6579
-6480
-5619
-4537
-3778
-3095
-1932
-748
-42
350
949
1520
1464
1008
793
770
275
-584
-928
-1007
-1317
-1783
-1666
-1082
-942
-830
-294
545
983
1110
1545
2090
2216
2048
2096
2269
2087
1577
1410
1471
1366
981
1020
1356
1568
1702
2069
2878
3357
3840
4528
5360
6032
6405
6922
7360
7391
7181
6763
5716
4649
3238
2023
72
-2152
-3486
-4995
-6345
-8041
-8682
-8972
-9530
-9745
-9064
-8054
-7531
-7068
-5760
-4216
-3456
-2943
-2106
-986
-731
-601
-137
522
595
285
764
1371
1851
1823
2356
3248
3947
4348
4809
5561
5932
5775
5533
5512
5213
4178
2864
1919
924
-497
-2144
-3241
-4105
-5205
-6194
-6454
-6252
-6289
-6323
-5623
-4512
-3608
-2934
-1954
-716
52
599
1111
1606
1704
1264
1071
834
467
-317
-926
-1044
-1293
-1587
-1734
-1321
-1003
-851
-411
390
964
1204
1503
2079
2342
2254
2171
2160
2098
1615
1384
1235
1148
825
630
925
1171
1405
1623
2322
3011
3472
4146
4942
5764
6103
6581
7153
7318
7086
6695
6149
4875
3578
2209
910
-1400
-3313
-4578
-5818
-7315
-8671
-8867
-9096
-9453
-9358
-8277
-7356
-6842
-6206
-4629
-3298
-2735
-2212
-1321
-355
-328
-113
383
959
755
664
1251
1954
2306
2341
3110
4003
4654
4929
5417
6025
6154
5745
5424
5230
4566
3185
1784
807
-337
-1959
-3499
-4437
-5246
-6293
-6947
-6848
-6520
-6483
-6209
-5145
-3967
-3066
-2356
-1218
-92
497
973
1366
1756
1514
973
805
515
37
-839
-1200
-1265
-1498
-1750
-1597
-1077
-764
-506
165
965
1379
1611
1923
2435
2430
2292
2115
2026
1748
1232
1045
855
762
422
506
831
1174
1471
1895
2654
3240
3807
4417
5209
5708
6054
6387
6803
6833
6530
6122
5586
4328
3017
1760
556
-1320
-3558
-4670
-5837
-7040
-8533
-8958
-8876
-9238
-9325
-8494
-7335
-6751
-6376
-5054
-3491
-2731
-2290
-1541
-430
-132
10
463
1151
1313
1082
1591
2351
2986
2993
3451
4408
5093
5361
5593
6146
6301
5801
5267
4963
4354
3052
1487
366
-744
-2144
-3716
-4725
-5419
-6242
-6910
-6874
-6363
-6090
-5866
-4966
-3672
-2651
-1943
-1047
91
711
1120
1488
1902
1720
1125
885
673
256
-661
-1105
-1195
-1378
-1584
-1505
-1013
-675
-425
204
1024
1527
1699
1903
2342
2426
2259
2001
1814
1530
1019
806
648
581
337
351
726
1136
1550
1950
2671
3335
3922
4493
5208
5808
6074
6229
6574
6698
6476
5848
5429
4615
3139
1915
630
-463
-2855
-4578
-5485
-6439
-7772
-9048
-8949
-8937
-9313
-9065
-7878
-6884
-6577
-5988
-4268
-2976
-2445
-2047
-1036
-89
19
307
903
1632
1488
1523
2263
3164
3547
3469
4213
5082
5553
5579
5869
6252
5972
5253
4716
4264
3274
1650
208
-846
-1997
-3498
-4857
-5567
-6165
-6877
-7171
-6746
-6184
-5959
-5453
-4255
-3011
-2150
-1501
-420
401
1004
1208
1712
1965
1514
1148
756
865
116
-595
-885
-910
-1055
-1273
-980
-498
-362
-148
558
1186
1473
1403
1745
1978
1896
1616
1383
1231
798
483
298
367
238
148
360
846
1377
1678
2287
2968
3623
4096
4649
5284
5624
5777
6005
6199
6251
5992
5653
5226
4702
3536
2292
1169
109
-1374
-3579
-4653
-5487
-6485
-7942
-8546
-8309
-8488
-8860
-8205
-7046
-6400
-6112
-5121
-3369
-2512
-2019
-1365
-177
548
712
1203
1927
2481
2349
2640
3382
4065
4067
4077
4768
5370
5451
5236
5462
5474
4901
4010
3443
2790
1545
-32
-1306
-2228
-3415
-4778
-5820
-6309
-6750
-7314
-7287
-6696
-6071
-5795
-5048
-3752
-2566
-1838
-1104
-9
763
1242
1461
1926
1970
1655
1204
969
822
180
-492
-819
-757
-953
-1137
-958
-429
-293
-108
493
1119
1299
1199
1525
1722
1572
1237
1068
880
485
173
75
111
20
37
303
825
1338
1705
2303
3023
3639
4073
4551
5141
5414
5475
5614
5788
5742
5424
5125
4740
4263
3193
2038
1011
12
-1256
-3273
-4418
-5158
-6084
-7452
-8175
-7953
-8061
-8529
-8050
-6856
-6136
-5862
-4985
-3259
-2274
-1769
-1078
104
928
1152
1626
2338
2966
2864
3006
3581
4252
4289
4145
4637
5169
5242
4914
4972
4977
4411
3469
2834
2249
1177
-321
-1560
-2411
-3381
-4594
-5586
-6032
-6328
-6754
-6806
-6241
-5496
-5156
-4543
-3361
-2094
-1319
-712
278
1148
1613
1868
2244
2342
2128
1694
1487
1202
730
118
-297
-395
-529
-731
-771
-396
-164
-33
270
864
1134
1079
1168
1388
1332
954
731
543
240
-163
-307
-314
-301
-257
-14
492
1022
1559
2041
2744
3397
3813
4218
4602
5035
5054
5127
5291
5311
5120
4821
4698
4214
3735
2593
1782
720
-130
-1439
-3314
-4245
-5190
-6053
-7500
-7980
-8011
-8284
-8711
-8000
-6938
-6390
-5989
-4865
-3089
-2241
-1471
-631
669
1302
1712
2283
2985
3397
3160
3400
3797
4283
3978
3803
4126
4416
4242
3887
3965
3821
3171
2353
1958
1432
371
-951
-1945
-2681
-3628
-4696
-5505
-5875
-6229
-6587
-6463
-5832
-5194
-4886
-4107
-2897
-1692
-1033
-285
742
1534
1951
2269
2704
2777
2362
1939
1811
1530
918
111
-102
-204
-457
-720
-569
-195
-174
-87
454
968
947
801
999
1241
972
628
474
357
-14
-262
-205
-92
-54
-20
429
981
1547
1922
2415
3048
3555
3873
4139
4524
4626
4586
4646
4824
4803
4547
4414
4397
3975
3683
2959
2068
1090
56
-767
-2645
-4040
-5077
-6001
-7248
-8275
-8338
-8413
-8719
-8431
-7279
-6291
-5598
-4705
-3082
-1714
-847
-30
998
1852
2204
2450
2783
3222
2994
2755
2740
3125
3154
2767
2849
3199
3414
3127
3125
3313
3095
2403
1797
1509
804
-398
-1597
-2411
-3197
-4301
-5279
-5780
-6054
-6466
-6606
-6096
-5281
-4800
-4246
-3128
-1784
-818
-154
861
1770
2316
2508
2911
3190
2799
2285
1897
1735
1051
224
-258
-500
-793
-1149
-1110
-882
-743
-715
-296
257
570
550
676
972
957
688
465
451
133
-225
-327
-109
-86
-154
141
714
1278
1598
2177
2783
3378
3704
4051
4470
4679
4716
4691
4887
4969
4835
4617
4646
4640
4171
3816
3091
2268
1184
134
-711
-2617
-3994
-5056
-5799
-7011
-7974
-8031
-7952
-8151
-7697
-6461
-5416
-4705
-3804
-2119
-818
3
698
1569
2220
2477
2644
2821
3039
2692
2460
2334
2700
2699
2359
2432
2828
3185
2984
3083
3285
3130
2449
1916
1645
878
-372
-1611
-2451
-3299
-4414
-5358
-5910
-6206
-6558
-6552
-5940
-5096
-4507
-3869
-2664
-1247
-229
504
1442
2302
2772
2906
3232
3366
2863
2105
1589
1339
640
-358
-997
-1230
-1541
-1911
-1905
-1551
-1434
-1459
-938
-215
181
116
281
662
700
462
263
202
-119
-499
-603
-411
-376
-471
-275
309
969
1430
1966
2646
3277
3683
4127
4561
4771
4630
4482
4601
4625
4380
4037
3937
3795
3647
3129
3077
2505
1426
589
-224
-556
-2502
-3972
-4807
-5340
-6448
-7631
-7605
-7424
-7733
-7623
-6241
-4997
-4358
-3807
-2097
-521
293
825
1642
2449
2526
2557
2617
2912
2452
1926
1768
2187
2397
1959
2017
2543
3134
2988
3064
3475
3482
2812
2129
2000
1383
12
-1401
-2314
-3082
-4308
-5333
-5888
-6112
-6457
-6455
-5737
-4727
-4001
-3359
-2127
-631
493
1130
1944
2746
3137
3116
3236
3313
2889
1995
1363
1075
626
-224
-941
-1092
-1232
-1492
-1531
-1084
-800
-920
-660
51
500
347
228
501
490
134
-167
-287
-581
-1080
-1189
-976
-754
-715
-494
134
883
1562
2123
2814
3473
3896
4214
4539
4760
4479
4120
3891
3837
3521
3024
2841
2700
2662
2563
2403
2543
1945
1243
649
160
-328
-2248
-3434
-4214
-4831
-6050
-7119
-7056
-7107
-7472
-7163
-5832
-4827
-4442
-3714
-1976
-610
62
625
1509
2124
2197
2340
2514
2669
2177
1827
1803
2197
2244
1880
1930
2385
2783
2591
2635
2840
2651
1889
1326
1139
387
-966
-2203
-2918
-3609
-4622
-5360
-5672
-5749
-5879
-5606
-4799
-3829
-3157
-2461
-1264
26
939
1432
2082
2698
2935
2915
3020
3068
2712
2129
1792
1680
1366
764
247
26
-91
-391
-615
-616
-629
-876
-974
-671
-500
-753
-982
-737
-554
-689
-805
-613
-526
-639
-478
-50
295
387
700
1261
1825
2224
2549
2942
3273
3530
3624
3728
3788
3586
3267
3030
3037
2880
2612
2583
2677
2934
2951
3408
3445
3535
3262
2594
2209
1233
709
-1146
-2711
-3721
-4541
-5710
-7112
-7387
-7265
-7503
-7368
-6128
-4972
-4249
-3613
-1864
-378
393
898
1525
2182
2125
2180
1904
1806
1260
691
438
461
715
305
287
757
1546
1702
1700
2154
2408
2101
1563
1456
1065
-100
-1409
-2235
-2856
-3886
-4933
-5537
-5654
-5831
-5816
-5291
-4357
-3594
-3019
-1909
-498
664
1141
1786
2556
3096
3114
3150
3341
3082
2609
2036
1979
1671
908
155
-318
-373
-905
-1485
-1709
-1681
-1969
-2224
-1970
-1524
-1627
-1816
-1315
-730
-538
-612
-232
122
146
167
444
679
553
556
784
1199
1345
1421
1627
1971
2374
2543
2778
3088
3330
3360
3461
3736
3891
3790
3852
4110
4335
4365
4401
4661
4335
4346
3500
2838
1937
1038
107
-2126
-3177
-4058
-4764
-6199
-6987
-6683
-6607
-6820
-6102
-4694
-3844
-3452
-2522
-837
-66
239
447
1037
1119
866
698
463
416
-207
-349
-301
320
586
499
1087
2025
2816
2847
3129
3650
3530
2822
2165
1849
813
-820
-2189
-3022
-3892
-5113
-5908
-6081
-5960
-5922
-5387
-4316
-3021
-2223
-1251
144
1592
2349
2676
3332
3801
3784
3351
3207
2969
2270
1564
1173
838
334
-315
-733
-1021
-1244
-1514
-1893
-2023
-2001
-2190
-2321
-2092
-1767
-1862
-1952
-1428
-987
-1017
-1042
-620
-375
-573
-484
-145
-47
-282
-109
352
643
811
1194
1747
2175
2680
3178
3658
3949
4240
4431
4506
4566
4458
4267
4117
4196
4114
4006
3914
4186
4097
3784
3826
3117
2494
1319
851
-215
-2266
-3437
-4299
-4991
-6515
-7243
-7053
-7043
-7365
-6687
-5486
-4640
-4313
-3394
-1893
-1070
-655
-377
279
486
549
435
476
577
268
258
370
1135
1347
1372
1798
2626
3247
3096
3239
3470
3241
2417
1712
1347
351
-1100
-2275
-2853
-3457
-4369
-4900
-4830
-4571
-4383
-3854
-2823
-1748
-1155
-428
601
1660
2033
2098
2382
2596
2427
1966
1835
1575
1112
481
378
234
-101
-538
-842
-827
-1218
-1397
-1719
-1811
-2077
-2418
-2502
-2421
-2376
-2473
-2459
-2061
-1648
-1497
-1222
-811
-384
-292
-44
398
662
690
782
1276
1569
1770
2029
2530
2958
3221
3632
4069
4377
4426
4524
4648
4617
4434
4126
4057
3972
3858
3644
3624
3645
3750
3390
3344
3119
2171
1465
392
200
-1647
-3339
-4275
-4845
-5772
-7235
-7326
-7009
-7113
-7185
-6013
-4787
-4132
-3818
-2454
-1047
-464
-215
130
773
719
720
530
735
595
297
281
625
1390
1336
1511
2098
3085
3418
3236
3621
3801
3356
2408
1970
1574
277
-1212
-2149
-2551
-3375
-4255
-4563
-4318
-4184
-3968
-3258
-2148
-1318
-844
-12
998
1772
1756
1812
1986
1989
1514
1035
965
569
86
-339
-194
-76
-370
-473
-575
-262
-416
-595
-818
-966
-1224
-1782
-1955
-1990
-2149
-2635
-2577
-2108
-1695
-1638
-1205
-493
-39
254
730
1410
1516
1553
1728
2190
2310
2259
2375
2503
2719
2760
2966
3050
3153
3114
3084
3141
3137
2930
2541
2404
2447
2376
2223
2191
2426
2472
2637
2799
2854
2840
2026
1598
806
368
-768
-2589
-3588
-4373
-4987
-6278
-6912
-6753
-6757
-6987
-6239
-5022
-4231
-3988
-3033
-1437
-646
-263
32
741
818
835
871
935
896
508
632
763
1438
1666
1767
2147
2913
3656
3597
3694
3896
3741
2973
2302
2003
1062
-424
-1615
-2150
-2802
-3787
-4421
-4480
-4472
-4501
-4125
-3367
-2607
-2254
-1676
-846
60
383
445
694
982
1021
716
758
774
579
257
353
728
665
370
163
366
317
-18
-409
-655
-936
-1437
-1722
-1716
-1777
-2081
-2144
-1685
-1074
-828
-566
-27
502
781
969
1339
1453
1228
1022
1162
1281
1092
898
959
1228
1410
1574
1873
2188
2445
2612
2866
3125
3125
2939
2772
2859
2839
2731
2632
2713
2869
2835
3188
3114
3282
2696
2054
1671
932
450
-1442
-2655
-3534
-4172
-5284
-6400
-6588
-6546
-6885
-6632
-5516
-4614
-4226
-3795
-2240
-1146
-591
-321
259
747
706
992
967
1174
819
802
929
1326
1850
1748
1989
2432
3289
3473
3336
3500
3436
2912
2038
1644
999
-371
-1809
-2615
-3112
-4018
-4852
-5166
-5092
-5111
-4785
-4084
-3126
-2547
-1966
-1074
-98
652
761
991
1188
1363
1157
992
1005
800
557
410
788
1008
890
863
955
1268
1164
920
712
325
-97
-660
-939
-1210
-1697
-2175
-2234
-2005
-1792
-1806
-1523
-1068
-676
-335
62
585
712
786
973
1333
1457
1337
1379
1503
1718
1769
1991
2183
2367
2477
2647
2914
3018
3005
2847
2901
2979
3039
2959
3107
3231
3489
3498
3899
4074
3927
3831
2999
2805
1754
1209
-137
-1888
-2848
-3827
-4517
-5865
-6462
-6446
-6487
-6535
-5690
-4675
-3998
-3623
-2540
-1076
-504
-133
43
599
475
501
355
211
-10
-375
-185
-133
537
745
999
1508
2395
3285
3296
3546
3822
3820
3189
2528
2180
1100
-383
-1648
-2271
-3128
-4251
-5018
-5164
-5209
-5202
-4764
-3985
-3157
-2669
-1830
-864
174
610
830
1184
1522
1654
1395
1407
1304
1123
805
843
1071
878
616
370
496
448
82
-271
-634
-877
-1242
-1531
-1650
-1815
-2084
-2177
-1907
-1512
-1373
-1340
-1013
-635
-376
-297
-106
-24
-103
-126
82
360
386
493
754
1243
1709
2094
2488
2803
3173
3444
3639
3704
3647
3398
3156
3019
3040
2854
2740
2739
3008
3255
3464
3945
3979
4179
3415
3227
2736
2134
899
-1143
-2035
-3045
-4029
-5642
-6550
-6771
-7109
-7469
-6805
-5829
-5345
-5040
-4032
-2269
-1563
-1038
-669
208
506
667
941
972
1052
645
983
1213
1843
2007
2025
2576
3292
4025
3902
3968
4141
3901
3203
2553
2184
1087
-477
-1617
-2143
-2934
-4030
-4703
-4782
-4854
-4870
-4347
-3576
-2871
-2521
-1664
-713
195
556
729
1095
1319
1430
1188
1149
1069
816
619
653
902
870
660
569
620
528
219
-258
-723
-1212
-1831
-2242
-2580
-2838
-3208
-3368
-3062
-2626
-2286
-1987
-1412
-797
-298
140
624
919
932
1003
1220
1405
1326
1287
1388
1574
1790
2057
2369
2601
2817
3126
3465
3665
3750
3719
3628
3618
3555
3556
3371
3384
3372
3551
3503
3804
3799
3759
3465
2518
2342
1339
864
-1019
-2532
-3357
-4262
-5313
-6667
-7016
-7037
-7341
-7275
-6171
-5297
-4752
-4324
-2829
-1406
-872
-402
17
754
676
898
798
893
591
309
517
735
1366
1288
1551
2150
3055
3525
3430
3771
3942
3632
2890
2479
2063
738
-718
-1673
-2195
-3205
-4260
-4779
-4783
-4906
-4760
-4149
-3244
-2547
-1994
-988
37
944
1140
1374
1648
1778
1558
1065
895
450
-27
-481
-500
-427
-659
-738
-673
-438
-387
-494
-566
-703
-935
-1220
-1437
-1505
-1739
-2062
-2123
-1859
-1575
-1484
-1277
-801
-409
-110
218
652
787
763
889
1152
1293
1187
1285
1451
1689
1866
2141
2441
2573
2762
2929
3132
3117
2998
2837
2607
2442
2236
2119
1983
2037
2128
2419
2729
3111
3582
3715
4148
3504
3222
2673
2162
1011
-1218
-2196
-3278
-4421
-6239
-7228
-7442
-7830
-8338
-7642
-6548
-5864
-5359
-4243
-2279
-1355
-607
-147
750
1130
1207
1267
1119
1162
576
553
554
1188
1341
1222
1779
2714
3619
3609
3927
4503
4545
3990
3500
3373
2452
886
-352
-1007
-1930
-3259
-4217
-4543
-4769
-5068
-4813
-4233
-3530
-3245
-2561
-1636
-745
-339
-240
149
414
542
287
278
253
125
6
161
624
707
854
1008
1551
1608
1344
1207
993
704
-159
-666
-994
-1460
-2082
-2416
-2328
-2170
-2160
-1884
-1270
-769
-328
40
665
1035
1149
1175
1293
1446
1271
1134
1113
1316
1337
1359
1629
1986
2261
2349
2675
3000
3153
3130
3177
3230
3106
2898
2851
2871
2889
2830
2942
3134
3200
3539
3412
3619
2713
2155
1575
877
-141
-2326
-3322
-4309
-5188
-6557
-7395
-7464
-7574
-7830
-7046
-5855
-5023
-4507
-3588
-1747
-818
-110
184
915
1226
1275
1414
1270
1379
875
939
1026
1647
1960
1879
2326
3146
4024
4076
4156
4527
4496
3812
3135
2788
1853
162
-1307
-2096
-2973
-4274
-5329
-5657
-5805
-5940
-5585
-4795
-3838
-3273
-2375
-1219
-19
744
1064
1515
1855
2093
1902
1703
1536
1180
864
662
788
741
597
580
693
793
673
520
286
-111
-572
-938
-1213
-1490
-1919
-2154
-2102
-1854
-1617
-1415
-988
-546
-116
290
782
1108
1127
1176
1325
1486
1392
1323
1405
1515
1638
1813
2153
2378
2515
2706
2988
3186
3165
3081
2980
2833
2583
2360
2159
2020
1863
1883
1974
2282
2344
2735
2886
3252
2979
2179
2050
1413
925
-1156
-2443
-3149
-4039
-5420
-6607
-6815
-6876
-7321
-7055
-5839
-5023
-4469
-3889
-2231
-955
-324
119
532
1171
1132
1282
984
1059
709
402
348
660
1268
1050
1204
1866
2906
3194
3065
3455
3766
3341
2541
2179
1718
346
-1251
-2161
-2739
-3811
-4944
-5448
-5426
-5574
-5438
-4856
-3925
-3311
-2768
-1819
-811
6
165
390
675
872
758
422
346
209
72
-48
199
556
685
784
988
1321
1390
1161
869
530
5
-608
-1169
-1501
-1962
-2451
-2612
-2423
-2049
-1825
-1431
-842
-269
223
654
1082
1213
1134
1066
1007
897
616
446
333
346
480
692
995
1297
1694
2111
2473
2793
3018
3142
3179
3138
3155
2961
2847
2729
2749
2790
2767
3058
3120
3544
3599
3964
3497
2838
2559
2015
1336
-812
-1882
-2692
-3551
-5042
-6041
-6163
-6224
-6657
-6172
-4950
-4144
-3535
-2908
-1141
-94
573
880
1279
1773
1689
1760
1362
1465
1079
895
800
1288
1870
1675
1877
2583
3598
3643
3462
3747
3868
3106
2089
1628
894
-722
-2458
-3276
-3876
-4951
-5946
-6182
-5913
-5880
-5427
-4531
-3306
-2560
-1779
-653
460
1225
1334
1593
1803
1934
1652
1309
1204
1018
802
669
997
1301
1371
1452
1747
1971
1939
1665
1437
896
162
-474
-1085
-1614
-2336
-2891
-3097
-3077
-2862
-2693
-2352
-1834
-1318
-799
-313
163
363
377
476
653
699
513
516
604
795
988
1349
1789
2090
2443
2896
3314
3459
3444
3403
3349
3087
2793
2492
2168
1895
1738
1834
1837
2128
2266
2831
3122
3633
3762
3032
2910
2348
2168
239
-1357
-2173
-3024
-4400
-5848
-6169
-6137
-6622
-6608
-5342
-4297
-3532
-3036
-1453
16
706
1224
1412
1932
1723
1645
1044
775
330
-271
-666
-717
-37
-204
-296
178
1313
1811
1591
1921
2465
2201
1276
868
647
-479
-2157
-3119
-3415
-4276
-5256
-5676
-5349
-5244
-5050
-4287
-3166
-2334
-1772
-814
226
1126
1384
1610
1845
2003
1993
1674
1586
1453
1348
1149
1319
1672
1836
1738
1687
2105
1875
1439
667
212
-518
-1768
-2602
-3268
-3904
-4699
-5061
-4818
-4414
-4155
-3419
-2475
-1468
-600
175
1068
1502
1800
1808
1812
1651
1333
943
594
555
508
624
744
1188
1705
2133
2609
3072
3464
3540
3499
3472
3328
2930
2427
2067
1800
1594
1424
1503
1724
2093
2451
3143
3717
4397
4150
3729
3692
3476
2856
624
-587
-1360
-2352
-4020
-5264
-5422
-5662
-6375
-5953
-4697
-3921
-3633
-3095
-1379
-384
8
193
462
623
299
92
-336
-562
-1134
-1475
-1618
-1125
-492
-501
-239
693
1961
2395
2472
3047
3530
3052
2333
2150
1766
385
-1199
-1835
-2206
-3136
-4001
-4162
-3858
-3807
-3419
-2487
-1430
-806
-169
797
1716
2254
2260
2241
2093
1919
1536
965
501
82
-242
-494
-452
-241
-136
-159
64
286
256
-22
-316
-682
-1438
-2067
-2536
-2889
-3425
-3801
-3678
-3327
-2849
-2266
-1508
-706
22
741
1413
1835
1976
1880
1731
1603
1355
954
633
537
567
686
942
1386
1781
2133
2619
3137
3434
3457
3375
3293
3064
2666
2212
1812
1367
1059
928
1073
1293
1549
2081
2679
3527
4058
4741
4424
4029
3675
3380
2411
-7
-1421
-2487
-3604
-5475
-6653
-6847
-7137
-7736
-7118
-5714
-4782
-4298
-3558
-1715
-680
-36
129
371
497
246
8
-552
-743
-1241
-1531
-1700
-969
-151
16
424
1562
3082
3591
3749
4413
4890
4334
3513
3271
2797
1277
-488
-1216
-1760
-2804
-3784
-4044
-3830
-3961
-3643
-2787
-1811
-1397
-986
-183
584
914
742
658
467
224
-145
-498
-728
-989
-1079
-1056
-603
-98
304
669
1030
1752
1820
1686
1467
1143
651
-372
-922
-1341
-2015
-2634
-2814
-2597
-2219
-2028
-1306
-525
87
782
1231
1803
1811
1752
1497
1186
889
438
103
-275
-196
-164
122
442
951
1539
1970
2516
2968
3267
3237
3078
2914
2631
2127
1556
1144
811
600
517
787
1134
1708
2252
3108
3941
4660
5169
4506
4288
3794
3447
1621
-709
-1916
-3029
-4545
-6353
-7117
-7135
-7584
-7784
-6541
-5174
-4282
-3761
-2480
-800
-60
443
463
647
423
206
-229
-699
-903
-1263
-1412
-1329
-270
492
753
1355
2758
4012
4214
4294
4851
4811
3792
2843
2375
1408
-507
-2164
-2865
-3584
-4560
-5282
-5236
-5054
-4871
-4178
-3123
-2176
-1651
-971
-202
474
776
706
532
292
248
87
-122
-201
-121
76
421
1106
1916
2490
2797
3385
3696
3846
3446
2849
2049
818
-171
-1242
-2222
-3174
-3974
-4295
-4200
-3850
-3251
-2615
-1831
-919
-152
575
961
1125
957
725
475
117
-334
-766
-955
-1036
-772
-339
172
704
1324
2185
2924
3451
3841
4050
4087
3909
3722
3465
2931
2385
2023
1904
1876
1929
2090
2540
2983
3616
4220
4766
5101
4259
3689
3061
2743
1001
-1479
-2844
-3722
-4927
-6650
-7293
-7096
-7233
-7439
-6129
-4532
-3538
-3115
-2118
-528
61
392
136
-31
-473
-801
-1260
-1832
-2001
-2137
-2117
-1969
-682
562
1060
1539
2917
4378
4567
4316
4555
4474
3241
1863
1242
422
-1337
-3118
-3648
-3888
-4363
-4735
-4390
-3671
-3154
-2279
-1202
-198
267
559
864
1135
1157
722
101
-501
-725
-910
-1162
-1219
-943
-472
-30
776
1843
2682
3017
3197
3575
3651
3068
1937
720
-518
-1937
-3259
-4378
-5244
-6051
-6376
-6064
-5209
-4394
-3506
-2399
-1137
110
991
1701
1903
1890
1721
1469
1106
566
171
-176
-196
109
732
1306
1874
2678
3645
4488
4991
5353
5505
5377
4923
4437
3889
3105
2170
1398
983
747
602
742
1078
1736
2404
3188
4034
4608
5182
4516
3792
3093
2599
1208
-1542
-3270
-4176
-5130
-6774
-7583
-7356
-6995
-7169
-6030
-4205
-3053
-2521
-1947
-411
191
397
134
-230
-719
-1104
-1171
-1567
-1609
-1484
-975
-544
631
2269
3201
3630
4434
5790
6203
5623
5182
4885
3723
2049
982
189
-1173
-2940
-3692
-3778
-3986
-4176
-4041
-3489
-3192
-2663
-1989
-1447
-1399
-1515
-1616
-1776
-1882
-2081
-2374
-2805
-2779
-2259
-1658
-1148
-453
608
1538
2366
3217
4071
4298
3942
3602
3144
2352
965
-300
-1615
-3063
-4290
-4945
-5211
-5520
-5589
-5028
-3996
-2929
-1824
-802
98
869
1460
1878
1886
1689
1208
598
113
-85
-253
-541
-530
-25
789
1491
2328
3254
3974
4473
4899
5315
5226
4669
4011
3328
2530
1602
772
35
-599
-966
-919
-645
-201
460
1206
2235
3029
4031
4675
5182
5201
4122
3368
2527
1939
-205
-2427
-3455
-3869
-4879
-5941
-5774
-5061
-4847
-4677
-2914
-1505
-903
-863
-192
660
444
300
-206
-721
-1378
-1464
-1385
-1457
-1185
-692
-105
474
1835
3099
3445
3468
4044
4586
4049
3139
2602
1802
211
-1150
-1642
-2275
-3393
-4361
-4264
-4107
-3997
-3650
-3113
-2712
-2588
-1963
-1417
-1227
-1390
-1425
-1454
-1576
-1430
-1163
-988
-1012
-511
397
1215
1827
2435
3149
3516
3732
3920
4008
3460
2563
1685
882
-32
-1278
-2271
-3361
-4168
-4718
-4853
-4712
-4653
-4308
-3739
-2878
-1954
-1091
-507
-10
396
811
1040
943
851
519
248
87
189
342
333
501
959
1613
2197
2731
3165
3422
3550
3608
3642
3354
2822
2247
1691
1246
876
628
382
205
333
732
1253
1781
2431
3004
3646
4166
4740
5109
5115
4932
3645
2610
1648
1068
-639
-2926
-3955
-4274
-4837
-5893
-5794
-5117
-4866
-5015
-3791
-2361
-2034
-2181
-1980
-1103
-1232
-1394
-1525
-1688
-1927
-1843
-1239
-785
-130
603
1375
1954
3028
4236
4485
4170
4179
4351
3648
2432
1777
1136
-239
-1661
-1956
-2053
-2658
-3371
-3203
-2748
-2705
-2382
-1895
-1503
-1666
-1579
-1241
-1151
-1319
-1474
-1505
-1642
-1435
-930
-459
-218
205
1010
1686
2162
2633
3065
3133
2868
2709
2541
2114
1231
367
-480
-1278
-1890
-2584
-3166
-3846
-4086
-4155
-4035
-3758
-3300
-2923
-2562
-1843
-1025
-239
64
479
844
1084
1308
1429
1531
1328
1228
1315
1513
1694
1872
2035
2154
2430
2787
3053
3080
2968
2839
2590
2309
2014
1669
1127
577
237
87
1
-143
-111
-81
123
471
948
1400
1620
2000
2217
2664
2854
3193
2781
1677
1026
710
559
-1136
-2317
-2613
-2551
-3309
-3750
-3112
-2641
-2987
-3235
-2003
-1321
-1444
-1985
-1812
-1484
-1772
-1825
-1889
-1801
-1724
-1341
-858
-150
867
1558
1745
1969
2953
3530
2954
2295
2134
1846
604
-395
-550
-961
-2088
-2860
-2496
-2174
-2287
-2451
-2019
-1762
-1719
-1460
-1211
-1239
-1615
-1714
-1718
-1807
-1759
-1590
-1453
-1349
-837
-32
621
1073
1565
2146
2449
2682
2908
2998
2631
2097
1843
1617
1215
552
152
-184
-649
-1089
-1418
-1490
-1861
-2182
-2335
-2139
-1935
-1750
-1472
-1100
-597
-231
252
582
947
1107
1049
988
885
843
552
271
166
240
319
398
697
1040
1282
1410
1650
1902
1897
1730
1506
1319
1054
732
507
339
258
205
366
652
1091
1433
1815
2280
2795
3259
3638
3938
4259
4416
4596
4507
3516
2686
2068
1853
429
-1247
-1808
-1858
-2625
-3788
-3710
-3149
-3341
-4196
-3754
-2969
-3034
-3598
-3800
-3322
-3379
-3461
-3412
-3235
-2879
-2324
-1774
-1310
-428
529
965
887
1304
1978
1769
1104
850
828
148
-724
-694
-526
-1002
-1582
-1242
-729
-738
-899
-627
-386
-686
-879
-871
-938
-1264
-1470
-1457
-1414
-1190
-703
-296
-71
382
1103
1634
1864
2052
2401
2401
2149
1959
1865
1624
1034
585
332
103
-239
-565
-784
-1120
-1571
-1936
-2191
-2530
-2936
-3232
-3298
-3207
-3019
-2609
-2109
-1518
-821
-176
428
953
1426
1670
1618
1579
1612
1575
1387
1333
1451
1651
1784
2038
2406
2618
2673
2637
2611
2434
2071
1650
1268
913
594
373
302
390
629
974
1406
1904
2440
2869
3216
3567
3839
4003
4038
4038
4075
3980
4000
3218
2047
1130
738
97
-1768
-2970
-3300
-3534
-4745
-5414
-5024
-4720
-5242
-5548
-4689
-4190
-4220
-4364
-4035
-3672
-3545
-3164
-2777
-2340
-1716
-906
-239
606
1706
2475
2668
2861
3592
3861
3257
2821
2809
2521
1513
824
857
660
-40
-495
-404
-461
-831
-1163
-1272
-1594
-2072
-2401
-2655
-2959
-3174
-3204
-3143
-3025
-2621
-2104
-1680
-1316
-710
-104
210
383
661
988
965
844
844
962
851
709
757
919
895
690
694
671
441
-94
-471
-714
-1048
-1429
-1639
-1508
-1352
-1085
-763
-328
80
424
668
775
835
760
553
243
88
46
-87
-164
50
480
801
1011
1382
1805
1966
1867
1803
1745
1515
1193
940
857
738
673
756
992
1253
1494
1741
2019
2260
2339
2411
2453
2579
2586
2664
2697
2932
3111
3511
3340
2401
1662
1354
1262
-411
-1873
-2436
-2413
-3313
-4330
-4097
-3668
-3723
-4117
-3427
-2765
-2629
-2675
-2457
-2039
-1965
-1773
-1655
-1332
-750
-136
177
471
1449
2218
2237
1951
2121
2320
1625
887
611
289
-639
-1485
-1513
-1440
-1830
-2253
-2042
-1812
-1849
-2000
-1984
-1975
-2191
-2257
-2301
-2384
-2355
-2053
-1594
-1232
-670
97
830
1293
1833
2461
2750
2736
2689
2830
2656
2245
1917
1790
1571
1235
1013
904
709
393
56
-350
-842
-1322
-1874
-2418
-2835
-3029
-3119
-3271
-3061
-2660
-2180
-1851
-1414
-897
-571
-421
-266
-40
-18
-86
-70
142
405
630
950
1336
1755
2084
2325
2500
2584
2514
2280
2062
1846
1637
1387
1182
1199
1265
1384
1473
1638
1883
2050
2219
2333
2505
2590
2676
2850
3031
3328
3476
3736
3979
4301
4557
3679
2549
1515
1243
20
-2090
-3381
-3700
-3958
-5172
-5442
-4913
-4430
-4609
-4323
-3402
-3077
-3202
-3413
-3224
-3156
-3198
-3338
-3587
-3244
-2400
-1570
-1217
-470
801
1563
1776
2109
2811
2777
2031
1695
1796
1559
741
281
291
272
36
-25
97
29
-163
-391
-513
-707
-927
-1206
-1474
-1541
-1338
-1001
-810
-611
-149
384
719
734
825
911
782
468
266
212
-10
-299
-355
-102
64
54
46
110
12
-307
-694
-1109
-1590
-2170
-2653
-2875
-2871
-2722
-2623
-2353
-1830
-1139
-592
-265
89
432
593
554
630
774
777
684
801
1217
1605
1856
2101
2405
2671
2750
2715
2609
2414
2082
1734
1499
1361
1239
1114
1095
1246
1485
1681
1770
1814
1925
1987
1975
1887
1869
1856
1814
1832
1966
2269
2371
2525
2551
2887
2732
1714
594
-141
-343
-1777
-3290
-3996
-3811
-4078
-4764
-4584
-3932
-3512
-3525
-3125
-2633
-2491
-2630
-2869
-2834
-2590
-2190
-2116
-2095
-1261
-43
808
1178
1976
2893
3123
2911
2857
2918
2282
1364
729
375
-6
-527
-792
-947
-867
-773
-747
-852
-969
-1086
-1453
-1889
-2170
-2287
-2536
-2881
-2934
-2581
-2080
-1786
-1538
-1092
-513
-114
-20
103
289
349
214
190
371
552
568
616
810
1133
1258
1129
793
488
246
-151
-607
-1056
-1319
-1468
-1518
-1347
-1068
-751
-527
-258
97
423
589
564
562
598
692
698
736
876
1061
1246
1426
1660
1827
1836
1712
1572
1470
1317
1052
704
482
387
373
394
451
610
768
946
1148
1332
1452
1479
1488
1582
1736
1889
2012
2162
2494
2809
3220
3504
3812
3991
4122
4225
3349
2310
1237
870
-132
-1741
-2788
-3127
-3134
-3782
-4048
-3874
-3476
-3369
-3328
-3059
-2882
-2772
-3018
-3199
-3019
-2586
-2256
-2355
-2039
-1156
-167
374
668
1205
1600
1631
1374
1244
1120
671
166
-243
-299
-362
-364
-436
-522
-400
-204
-161
-502
-816
-945
-1179
-1619
-1848
-1784
-1755
-1863
-1678
-1063
-387
16
329
720
1168
1495
1568
1479
1360
1246
1107
896
786
713
568
275
26
-127
-296
-604
-1029
-1395
-1669
-1859
-2040
-2182
-2202
-2065
-1829
-1556
-1267
-914
-607
-390
-280
-100
86
155
67
23
175
375
500
571
725
918
1081
1195
1315
1448
1503
1477
1414
1403
1437
1422
1384
1411
1526
1684
1827
1970
2106
2199
2314
2412
2506
2539
2562
2567
2575
2693
2799
2956
3001
2994
3038
3032
3217
2590
1492
261
-407
-924
-2244
-3464
-4223
-4152
-4304
-4581
-4667
-4384
-3817
-3484
-3195
-3094
-2815
-2569
-2702
-2811
-2662
-2062
-1703
-1658
-1344
-573
472
1172
1504
1646
1860
2186
2138
1797
1359
1330
1307
981
702
728
1018
978
746
632
702
659
219
-446
-1012
-1312
-1496
-1831
-2208
-2433
-2210
-1767
-1315
-972
-587
-66
288
360
359
497
594
388
65
-67
-12
42
15
-89
-193
-182
-90
-107
-354
-604
-669
-620
-664
-829
-923
-858
-719
-609
-530
-389
-255
-248
-403
-469
-339
-135
-58
-87
-3
283
683
990
1180
1350
1583
1800
1879
1815
1709
1629
1534
1371
1192
1034
935
914
968
1065
1202
1380
1505
1516
1439
1445
1554
1583
1501
1316
1241
1246
1359
1430
1515
1586
1699
1891
1956
2104
1686
1050
114
-627
-1191
-2054
-2863
-3626
-3744
-3595
-3447
-3477
-3551
-3244
-2742
-2188
-2042
-2120
-2140
-2131
-1944
-1977
-1933
-1771
-1406
-805
-298
240
733
1249
1654
1760
1740
1636
1670
1545
1274
999
829
892
838
754
599
380
277
73
-185
-759
-1434
-1931
-2248
-2396
-2587
-2590
-2486
-2151
-1681
-1146
-590
-212
189
534
739
787
634
566
466
405
376
434
561
645
736
794
881
891
911
906
796
581
293
133
27
-134
-333
-528
-521
-408
-333
-318
-367
-366
-333
-297
-242
-169
-74
74
304
520
678
725
771
829
846
827
793
798
819
807
779
810
910
1062
1213
1355
1496
1626
1758
1834
1788
1632
1416
1234
1120
971
812
665
612
678
767
886
957
1052
1172
1335
1444
1413
1309
1036
665
67
-515
-1039
-1536
-1948
-2282
-2273
-2116
-1899
-1650
-1442
-1243
-1149
-1118
-1131
-1272
-1508
-1715
-1815
-1827
-1817
-1779
-1638
-1381
-1076
-755
-578
-400
-297
-271
-210
-328
-397
-470
-492
-387
-347
-240
-88
76
206
193
157
30
-232
-528
-822
-1115
-1389
-1572
-1507
-1348
-1267
-1114
-882
-549
-306
-218
-56
59
101
139
176
296
360
415
619
874
1081
1199
1255
1341
1324
1154
920
636
354
58
-168
-270
-333
-388
-353
-232
-90
-64
-98
-63
-80
-149
-261
-301
-247
-159
-25
153
362
569
775
968
1143
1223
1240
1229
1201
1144
1074
1018
1014
1031
1061
1121
1168
1192
1162
1091
977
807
565
298
44
-143
-258
-376
-429
-433
-366
-281
-202
-89
3
62
89
106
84
80
122
212
297
349
464
588
664
704
695
624
486
301
142
-16
-175
-301
-383
-423
-423
-401
-382
-360
-350
-358
-381
-455
-549
-653
-757
-827
-889
-911
-883
-806
-706
-597
-485
-382
-293
-241
-201
-213
-264
-309
-346
-394
-501
-588
-604
-594
-646
-691
-667
-586
-562
-575
-504
-402
-340
-317
-217
-53
73
134
223
327
380
380
391
396
346
253
184
195
187
184
190
235
311
342
365
363
356
322
257
153
28
-84
-205
-295
-369
-387
-375
-352
-293
-218
-117
-48
13
75
132
177
197
212
201
189
185
196
195
168
138
129
141
145
134
130
156
215
276
341
405
494
568
612
656
679
687
666
670
690
702
743
825
910
955
976
1017
1027
1017
985
945
865
726
587
415
214
-27
-262
-486
-704
-889
-1054
-1184
-1259
-1277
-1220
-1172
-1107
-1008
-889
-727
-599
-465
-386
-353
-305
-261
-222
-221
-251
-218
-212
-219
-233
-269
-255
-296
-344
-407
-476
-544
-637
-689
-721
-760
-809
-815
-762
-718
-674
-601
-464
-319
-217
-87
72
211
313
406
530
648
709
753
840
889
897
866
864
881
818
728
695
666
609
534
429
376
219
10
-172
-411
-636
-911
-1168
-1360
-1541
-1698
-1809
-1830
-1729
-1586
-1437
-1209
-945
-627
-344
-67
164
314
463
519
602
651
636
687
750
886
1056
1118
1247
1426
1549
1654
1673
1700
1714
1613
1511
1348
1154
933
671
434
181
4
-167
-314
-384
-462
-460
-434
-388
-328
-299
-221
-153
-187
-230
-280
-312
-347
-444
-470
-500
-604
-623
-679
-628
-616
-596
-405
-315
-104
-304
-428
-499
-662
-425
-594
-367
-82
0
365
-171
-717
-1239
-1714
-1391
-1261
-972
-379
281
1032
1330
983
426
214
132
379
478
416
749
867
963
733
156
-106
-231
21
280
357
417
338
488
360
180
98
48
471
664
657
530
176
36
-147
-330
-420
-443
-270
15
235
192
144
188
384
599
538
448
357
293
229
-17
-261
-416
-379
-297
-250
-212
-219
-98
9
103
181
222
402
532
534
404
207
168
186
227
243
252
347
406
405
305
227
253
347
495
571
623
600
544
445
273
121
-56
-187
-264
-378
-486
-584
-602
-586
-580
-546
-456
-353
-327
-350
-377
-443
-527
-599
-602
-613
-688
-744
-760
-751
-777
-786
-753
-658
-551
-455
-344
-235
-110
21
124
201
252
286
278
253
220
177
188
200
219
261
292
333
347
346
379
409
423
407
368
310
245
178
88
-16
-105
-139
-168
-239
-280
-268
-219
-162
-84
21
123
192
250
331
399
422
463
533
615
690
736
779
809
763
710
677
645
608
504
417
340
256
150
24
-83
-201
-331
-495
-674
-867
-1072
-1237
-1334
-1398
-1436
-1449
-1370
-1227
-1092
-972
-849
-696
-550
-448
-361
-268
-194
-145
-93
-42
29
85
165
235
283
303
283
258
176
80
-33
-142
-233
-333
-442
-558
-654
-723
-794
-854
-887
-886
-867
-838
-790
-726
-685
-658
-608
-529
-435
-337
-231
-114
-3
120
247
348
386
413
459
519
561
603
674
773
869
983
1114
1198
1252
1225
1160
1047
876
710
538
383
217
74
15
-8
-38
-77
-26
85
189
258
366
524
657
784
929
1085
1178
1194
1248
1321
1381
1400
1414
1486
1526
1566
1568
1551
1459
1234
928
527
123
-260
-590
-850
-1039
-1137
-1200
-1262
-1345
-1415
-1480
-1532
-1579
-1636
-1687
-1744
-1725
-1622
-1486
-1318
-1140
-922
-681
-487
-324
-228
-186
-206
-238
-261
-250
-212
-146
-32
106
257
409
518
577
580
520
432
297
116
-79
-239
-346
-413
-447
-424
-357
-303
-234
-156
-62
-16
-61
-107
-155
-184
-197
-190
-139
-91
-55
-14
17
0
-88
-185
-237
-267
-330
-357
-320
-208
-72
44
180
293
361
346
269
167
45
-99
-277
-391
-450
-453
-388
-256
-50
180
413
636
820
919
965
948
886
777
611
475
406
380
377
363
390
450
481
484
499
549
581
593
630
725
823
898
994
1098
1152
1136
1084
1024
947
861
775
729
665
645
638
571
482
316
165
-58
-300
-499
-702
-863
-1021
-1109
-1140
-1205
-1261
-1267
-1225
-1172
-1159
-1116
-1058
-1019
-1009
-970
-871
-755
-666
-575
-442
-301
-203
-150
-125
-97
-85
-93
-80
-59
-35
-25
39
128
218
269
298
350
336
271
138
7
-121
-230
-309
-359
-351
-337
-292
-215
-137
-65
-52
-73
-124
-212
-301
-395
-466
-516
-497
-422
-356
-302
-238
-149
-85
-74
-95
-137
-196
-281
-359
-404
-441
-447
-411
-318
-188
-59
56
130
191
246
305
375
442
510
586
651
720
799
846
853
838
813
758
636
478
314
169
39
-29
1
79
167
270
399
492
502
447
394
335
214
63
-89
-209
-316
-389
-390
-312
-169
-17
183
401
578
685
723
787
821
763
665
597
541
459
332
221
144
43
-33
-109
-164
-204
-230
-247
-263
-262
-227
-163
-135
-114
-93
-75
-78
-90
-116
-159
-217
-282
-305
-336
-400
-483
-537
-536
-546
-583
-609
-567
-521
-487
-475
-436
-377
-364
-343
-307
-250
-228
-261
-279
-293
-318
-367
-399
-414
-441
-462
-473
-455
-451
-488
-527
-527
-511
-485
-436
-356
-226
-66
66
199
324
395
465
482
502
542
545
530
521
541
536
490
418
400
429
449
516
602
660
684
677
649
563
431
286
195
86
-3
-62
-142
-202
-268
-336
-413
-511
-611
-632
-688
-721
-731
-708
-628
-574
-499
-421
-332
-278
-196
-119
-32
48
131
272
398
507
595
739
872
935
952
979
1021
992
901
818
732
617
491
377
296
196
75
11
-57
-118
-203
-296
-369
-444
-494
-551
-579
-603
-595
-549
-514
-445
-361
-258
-112
39
215
385
527
628
669
652
575
500
390
271
168
61
-30
-105
-161
-193
-243
-294
-315
-338
-386
-467
-535
-603
-673
-756
-841
-898
-958
-996
-1005
-968
-875
-773
-649
-467
-255
-25
189
424
685
923
1140
1343
1528
1665
1695
1671
1657
1576
1447
1246
1092
946
726
495
281
117
-68
-267
-399
-523
-643
-754
-861
-907
-1002
-1078
-1135
-1187
-1184
-1197
-1140
-1054
-954
-813
-698
-542
-404
-294
-205
-153
-75
-6
59
112
189
281
376
475
588
724
809
867
905
937
980
947
894
807
694
621
467
362
225
50
-80
-220
-251
-319
-423
-473
-510
-509
-541
-568
-567
-543
-508
-451
-395
-374
-336
-342
-329
-344
-336
-303
-315
-297
-262
-198
-128
-78
15
113
169
231
274
300
270
181
85
-26
-127
-248
-373
-470
-529
-577
-593
-600
-561
-508
-488
-398
-327
-226
-123
-50
48
115
177
220
213
221
225
228
277
345
450
564
682
833
953
1037
1085
1077
1065
1020
955
859
725
614
500
384
249
96
-59
-226
-372
-483
-590
-687
-761
-788
-795
-833
-850
-812
-739
-675
-604
-485
-351
-241
-167
-74
46
165
268
338
437
545
670
769
845
918
944
940
887
814
724
625
556
496
441
409
385
386
360
283
177
63
-20
-143
-290
-436
-545
-606
-674
-714
-705
-671
-623
-571
-515
-451
-426
-404
-387
-400
-410
-428
-426
-430
-456
-461
-447
-418
-388
-380
-367
-351
-300
-243
-202
-191
-182
-157
-146
-136
-140
-166
-180
-181
-149
-117
-125
-150
-146
-85
-12
33
26
47
116
193
217
169
131
126
132
66
-48
-146
-203
-250
-328
-395
-420
-392
-327
-242
-148
-58
58
173
260
304
297
351
392
405
343
270
289
322
341
297
276
292
333
329
324
353
389
426
411
406
389
335
293
269
217
154
85
71
62
43
61
105
161
165
205
217
243
255
280
331
366
411
456
470
450
432
403
320
167
39
3
4
-53
-118
-145
-115
-122
-181
-236
-268
-285
-357
-411
-445
-439
-412
-368
-282
-191
-98
8
115
181
207
250
337
405
403
382
409
436
443
407
363
323
255
200
178
148
103
35
-4
-19
-88
-194
-320
-429
-531
-618
-701
-751
-757
-732
-680
-641
-609
-588
-582
-546
-473
-418
-413
-409
-365
-310
-291
-326
-356
-372
-396
-414
-432
-413
-369
-306
-227
-151
-58
26
85
112
118
141
169
168
158
137
154
201
237
253
238
253
311
371
397
401
421
477
536
534
495
439
398
332
182
20
-133
-268
-394
-538
-650
-728
-766
-749
-716
-655
-550
-399
-269
-179
-102
3
119
177
209
259
353
431
471
477
471
466
448
430
387
339
325
371
415
445
468
516
582
600
582
524
475
415
334
225
144
120
91
41
-7
2
11
18
10
36
75
109
161
198
209
188
186
190
182
149
130
115
80
30
-3
-49
-145
-255
-375
-480
-589
-683
-760
-812
-813
-780
-738
-735
-682
-585
-469
-373
-292
-186
-103
-33
-10
-22
-51
-100
-146
-203
-259
-314
-346
-339
-294
-227
-171
-55
102
275
415
504
603
676
688
643
571
504
411
298
192
96
5
-107
-178
-203
-221
-242
-252
-213
-148
-87
-43
32
