29
32
35
41
40
37
36
26
5
-3
-1
3
3
-1
-9
-12
-10
-12
-11
-14
-19
-16
-10
-5
-1
0
-6
-4
-2
-11
-20
-29
-38
-39
-36
-35
-31
-24
-14
-7
6
21
30
32
30
32
37
40
39
33
28
31
32
25
24
22
16
13
21
35
48
51
51
56
65
74
82
84
88
87
82
74
65
58
49
47
48
48
56
64
68
72
80
91
98
100
100
96
97
97
86
73
57
38
28
26
30
35
34
36
42
42
37
32
27
24
18
6
-6
-19
-25
-35
-41
-40
-43
-47
-51
-53
-56
-61
-64
-66
-67
-68
-60
-51
-43
-28
-17
-16
-30
-43
-51
-54
-55
-62
-73
-79
-84
-86
-79
-69
-63
-62
-59
-49
-40
-36
-26
-21
-13
-3
-1
-1
-3
-8
-10
-11
-10
-13
-12
-10
-9
-2
8
14
6
-9
-15
-6
8
16
17
12
10
17
21
20
20
13
5
2
4
5
-4
-18
-28
-31
-31
-42
-57
-76
-93
-102
-99
-96
-91
-87
-82
-57
-31
-16
-13
-14
-13
-6
4
11
12
10
7
14
25
30
37
32
19
25
47
60
62
67
61
62
72
78
76
62
59
51
35
23
2
-17
-26
-18
-12
-12
-6
-16
-31
-30
-22
-23
-20
-12
-9
-2
7
15
19
14
-1
-15
-22
-17
-9
-13
-24
-29
-35
-47
-52
-48
-31
-14
-4
-10
-10
2
9
2
-7
-11
-14
-16
-25
-27
-30
-23
-15
-11
-11
-14
-20
-21
-9
6
6
1
-4
-10
-8
-4
6
6
8
-3
-15
-8
1
6
-2
4
12
15
17
30
36
36
59
77
73
44
20
3
-5
-1
-9
-25
-38
-39
-40
-37
-30
-26
-36
-42
-24
5
22
8
-26
-44
-33
1
20
9
-6
-15
-20
-25
-31
-43
-54
-57
-52
-58
-46
-24
-21
-24
-30
-28
-32
-31
-35
-52
-61
-43
-45
-13
-114
-402
-517
-271
61
-102
-417
-469
-355
-218
-56
124
46
-167
-123
88
295
424
440
361
298
426
660
826
857
725
592
697
880
920
796
707
666
594
595
564
427
251
103
-107
-317
-360
-310
-399
-659
-855
-921
-884
-871
-874
-870
-911
-993
-1000
-852
-687
-634
-574
-437
-366
-308
-125
119
226
277
437
588
619
652
779
868
864
848
836
746
633
603
588
523
407
268
113
-18
-80
-131
-232
-346
-450
-542
-632
-671
-646
-633
-672
-713
-688
-626
-571
-494
-375
-284
-226
-146
-11
121
216
326
443
510
528
548
587
632
660
686
654
581
521
484
454
386
300
210
104
0
-55
-124
-155
-393
-756
-799
-448
-208
-755
-1304
-1168
-697
-481
-623
-677
-817
-977
-744
-299
-58
-128
-272
-323
-271
72
457
495
328
226
301
507
624
645
507
419
515
481
443
416
412
378
279
271
218
143
118
44
50
132
150
84
-3
98
247
295
354
403
375
337
403
650
776
656
375
-62
-50
436
966
651
-266
-619
-346
-120
-209
-176
-193
-801
-1378
-1128
-543
-523
-899
-933
-884
-1113
-1074
-554
-242
-483
-640
-315
-112
-268
-195
256
547
421
362
575
607
483
594
921
982
686
532
580
543
458
512
548
289
-33
-97
-73
-171
-248
-213
-308
-579
-705
-585
-498
-525
-486
-417
-480
-619
-479
-263
-130
-181
-25
-104
-591
-503
336
1077
216
-598
-313
367
424
283
583
359
-304
-336
193
380
177
-9
-127
-421
-319
-41
-37
-147
-219
-308
-333
-243
-156
-295
-199
111
24
-189
-139
65
81
159
433
519
325
338
459
584
712
808
821
748
800
838
801
889
953
805
600
545
567
472
403
315
25
-283
-283
-172
-254
-554
-740
-780
-865
-934
-936
-930
-1061
-1221
-1172
-1007
-915
-881
-838
-714
-633
-512
-307
-121
4
120
289
455
548
614
741
873
980
1014
1004
959
891
852
859
834
738
573
445
317
184
62
-30
-149
-296
-448
-539
-584
-821
-1183
-1457
-1093
-648
-770
-1411
-1669
-1298
-932
-719
-548
-539
-823
-928
-523
10
209
186
88
-8
80
417
735
788
705
637
611
697
805
824
813
909
936
819
681
685
638
542
588
673
596
311
191
250
362
436
437
406
345
363
447
497
523
556
554
506
458
541
443
137
-133
-38
221
95
-339
-681
-703
-664
-723
-731
-718
-976
-1374
-1507
-1250
-1090
-1195
-1284
-1278
-1328
-1376
-1155
-734
-537
-585
-501
-243
-42
5
231
582
731
650
659
875
994
966
1023
1161
1102
859
715
766
731
554
411
352
199
-51
-191
-206
-282
-475
-617
-716
-797
-980
-1054
-1318
-1581
-1442
-957
-687
-1206
-1508
-1257
-770
-511
-346
-163
-346
-524
-255
223
467
475
413
330
272
597
942
1059
946
815
747
775
876
908
862
881
945
791
648
575
672
697
739
702
591
599
673
828
884
1009
1098
1080
1141
1370
1580
1571
1195
961
937
1352
1437
290
-1033
-1000
756
1201
-743
-2485
-2001
-949
-1580
-2312
-1543
-1238
-2901
-4222
-2917
-1137
-1609
-2902
-2635
-1695
-1749
-1965
-888
246
-182
-832
-50
1184
1113
626
1465
2549
2173
1305
1676
2580
2253
1505
1868
2479
1769
552
568
1231
873
-94
-251
4
-584
-1583
-1531
-914
-1096
-1962
-2145
-1753
-1837
-2252
-2001
-1237
-1657
-2526
-2345
-780
-81
-855
-1248
-712
-39
6
369
908
837
450
508
1008
1337
1336
1206
974
854
995
1046
1033
916
736
455
348
412
258
-53
-76
78
4
-178
-264
-215
-320
-239
7
282
337
257
353
645
1140
1371
1516
1594
1839
1985
2254
2640
2671
2178
1618
1887
2455
2470
926
-704
-850
922
1749
-239
-2658
-2776
-1466
-1808
-2882
-2515
-1936
-3489
-5423
-4527
-2170
-2029
-3636
-3915
-2617
-2066
-2400
-1626
-80
215
-596
-237
1294
1945
1458
1894
3297
3580
2593
2399
3422
3675
2874
2618
3232
2935
1579
924
1404
1423
310
-451
-372
-643
-1805
-2378
-1909
-1700
-2549
-3257
-3307
-3800
-4067
-3198
-1561
-1886
-3465
-3764
-2415
-1065
-609
-275
-314
-704
-622
254
1195
1759
1819
1406
928
1354
2231
2528
2266
2041
1771
1360
1250
1371
1298
1066
1025
827
391
72
-61
-62
133
440
216
-316
-385
72
461
681
1128
1414
1258
1042
1456
2107
2220
1903
1869
2235
2297
1965
1016
-110
-422
916
2403
909
-2222
-3354
-1615
-644
-1841
-2527
-2139
-2916
-5067
-5163
-2647
-1281
-2933
-4574
-3858
-2400
-2337
-2270
-836
286
-440
-1181
-93
1478
1593
1404
2484
3416
2779
1871
2540
3643
3482
2778
2890
3033
2111
1074
1312
1949
1372
166
-350
-370
-1066
-1906
-1817
-1322
-1786
-3013
-3536
-3648
-3568
-3372
-2542
-2249
-3184
-3789
-3254
-1915
-1105
-836
-845
-1014
-888
-288
530
1301
1638
1418
1031
1187
1981
2449
2469
2459
2329
1971
1705
1757
1968
1838
1648
1382
972
731
609
647
687
685
565
206
30
281
597
874
907
1028
1266
1508
1676
1818
1900
1969
1922
2031
2382
2312
1896
327
-952
-686
1524
2519
-164
-3476
-3541
-1376
-1099
-2600
-2885
-2379
-3944
-6075
-5249
-2399
-1805
-4032
-5089
-3734
-2609
-2771
-2365
-585
147
-876
-1087
440
1764
1560
1703
3159
3769
2767
2161
3133
4056
3556
3022
3390
3187
1911
1021
1576
2098
1179
-37
-406
-622
-1541
-2238
-1839
-1393
-2279
-3541
-4063
-4065
-3828
-3366
-2550
-2766
-3700
-4004
-3214
-1947
-1079
-834
-1059
-1233
-846
-99
546
1300
1709
1407
968
1375
2301
2624
2429
2411
2277
1952
1675
1748
2016
1949
1682
1235
942
923
758
589
669
778
511
68
47
444
656
836
1076
1270
1439
1592
1984
2362
2369
2200
2045
2298
2784
2705
2298
850
-649
-764
1289
2879
624
-3129
-3916
-1713
-986
-2518
-3154
-2471
-3698
-6258
-6039
-3056
-1755
-3957
-5560
-4343
-2890
-2957
-2814
-1054
127
-826
-1340
75
1713
1712
1594
3021
4007
3195
2343
3203
4421
4130
3386
3678
3758
2654
1542
1839
2500
1731
385
-124
-278
-1091
-2026
-1858
-1379
-2036
-3402
-4143
-4202
-4006
-3623
-3143
-3215
-3909
-4142
-3666
-2641
-1698
-1353
-1536
-1653
-1091
-340
168
797
1366
1290
947
1236
2121
2588
2529
2486
2468
2264
2055
1992
2162
2226
2011
1592
1268
1264
1070
796
776
911
706
266
164
479
690
749
926
1166
1405
1486
1701
2064
2379
2434
2186
1984
2309
2688
2716
1415
-604
-1104
787
2974
1298
-2547
-4011
-2102
-1057
-2465
-3241
-2452
-3332
-6239
-6719
-3873
-1900
-3778
-5754
-4908
-3274
-3219
-3250
-1608
-105
-855
-1602
-368
1472
1735
1466
2779
4051
3498
2485
3116
4475
4483
3637
3813
4075
3169
1897
1899
2655
2123
759
81
-13
-773
-1866
-1911
-1321
-1792
-3162
-3692
-3966
-4469
-4642
-3409
-2425
-3527
-4744
-4438
-3057
-2076
-1561
-1280
-1481
-1686
-1087
-123
758
1406
1347
855
762
1686
2601
2685
2610
2500
2180
2052
2171
2399
2242
2014
1924
1588
1341
1243
1058
997
1008
960
708
354
495
694
972
1258
1379
1504
1531
1667
1960
2396
2745
2759
2299
2038
2080
2488
2728
1245
-876
-1348
1114
2766
30
-3720
-3853
-1489
-1455
-3575
-3762
-2568
-3964
-6772
-6412
-3158
-2243
-4942
-6263
-4533
-2888
-3259
-3187
-1157
-144
-1244
-1506
344
2038
1685
1573
3250
4255
3387
2685
3773
4942
4364
3614
4095
4245
3109
1957
2342
2849
1800
472
128
13
-983
-1983
-1767
-1403
-2327
-3537
-3877
-4051
-4588
-4686
-3501
-2885
-3847
-4721
-4322
-3065
-2154
-1705
-1512
-1554
-1432
-960
-307
687
1479
1423
865
925
1905
2563
2606
2654
2596
2303
2049
2108
2356
2329
2203
1938
1543
1325
1169
1031
1088
1141
976
538
268
441
633
965
1271
1304
1227
1271
1736
2208
2506
2655
2684
2593
2394
2291
2335
2802
2230
133
-1416
73
2998
1823
-2574
-4549
-2062
-513
-2665
-4245
-2973
-2839
-5829
-7212
-4445
-1977
-3899
-6388
-5504
-3246
-3158
-3781
-2252
-341
-963
-2033
-750
1578
1885
1250
2518
4170
3739
2553
3318
5042
4999
3779
3892
4444
3702
2283
2272
3076
2403
718
-7
121
-452
-1694
-1996
-1529
-2080
-3443
-4081
-3909
-4125
-4722
-4531
-3700
-3745
-4380
-4556
-3696
-2741
-2386
-2208
-1822
-1303
-1057
-879
-62
1068
1395
980
865
1636
2338
2478
2607
2820
2712
2360
2210
2506
2680
2473
2075
1727
1613
1426
1172
1140
1153
898
357
129
373
573
675
835
1050
972
858
1222
1921
2396
2307
2260
2374
2634
2855
2892
2757
2303
2277
1458
-59
-775
1054
2797
474
-3512
-4174
-1646
-1097
-3204
-4053
-3205
-4143
-6583
-6468
-3845
-2929
-4911
-6075
-4853
-3587
-3554
-2989
-1340
-711
-1508
-1281
447
1600
1417
1902
3595
4149
3247
3111
4325
4961
4304
4074
4772
4461
3053
2294
2917
3091
1866
752
439
-80
-1337
-2025
-1653
-1548
-2756
-3835
-4180
-4540
-4948
-4926
-3926
-3695
-4399
-5079
-4939
-3861
-2671
-2033
-2038
-2201
-1987
-1431
-565
738
1455
1192
733
1114
2089
2736
3044
3286
3066
2719
2508
2705
3062
2979
2694
2237
1936
1763
1468
1345
1398
1206
815
335
287
438
526
743
869
898
700
696
1155
1848
2132
2162
1970
2070
2189
2303
2395
2349
2068
483
-827
-346
2089
2200
-1122
-3904
-2823
-892
-1702
-3375
-3253
-3030
-4902
-6157
-4653
-2906
-3783
-5397
-5101
-3783
-3439
-3220
-2191
-1159
-1344
-1365
-203
980
1206
1386
2686
3865
3633
3115
3653
4457
4469
4189
4583
4623
3597
2660
2805
3165
2499
1409
821
321
-652
-1385
-1413
-1355
-2164
-3267
-3704
-3806
-3985
-4487
-4566
-4363
-4266
-4440
-4570
-4035
-3429
-3071
-2868
-2253
-1644
-1480
-1348
-595
380
811
941
1142
1514
1766
2160
2781
3266
3200
2810
2650
2860
2999
2877
2661
2543
2250
1751
1574
1729
1707
1264
837
732
711
590
593
706
748
600
600
810
1133
1373
1627
1813
2008
2015
2142
2384
2476
2268
1900
1717
570
-595
-323
1966
2175
-1160
-4012
-2910
-779
-1615
-3482
-3299
-2956
-4985
-6588
-4990
-2772
-3502
-5443
-5327
-3884
-3517
-3470
-2225
-777
-1096
-1713
-676
990
1424
1303
2483
3836
3529
2744
3379
4573
4616
4005
4269
4619
3779
2689
2723
3259
2695
1420
771
535
-265
-1269
-1545
-1408
-2067
-3199
-3711
-3727
-3930
-4230
-4295
-4425
-4806
-4930
-4227
-3486
-3103
-3079
-3037
-2617
-1904
-1107
-498
-36
351
579
835
1364
1974
2327
2417
2503
2635
2675
2777
2922
2919
2833
2548
2203
1906
1733
1751
1688
1457
1127
710
464
487
619
679
540
370
231
277
628
1061
1268
1257
1262
1529
1812
2049
2347
2661
2794
2792
2407
2053
1752
720
-225
-14
1969
2140
-1229
-4332
-3368
-823
-1233
-3430
-3769
-3475
-5238
-6761
-5124
-2616
-3304
-5666
-5803
-4256
-3369
-3056
-1877
-523
-999
-1789
-826
992
1896
1952
2890
3954
3441
2696
3466
4970
5208
4358
4264
4406
3597
2718
2869
3467
2780
1171
298
3
-594
-1364
-1700
-1741
-2538
-3862
-4400
-4367
-4173
-4381
-4363
-4402
-5149
-5503
-4993
-3480
-2771
-2969
-3337
-3095
-2280
-1111
-227
303
611
702
969
1366
2276
3050
3116
2830
2798
3063
3210
3202
3316
3195
2889
2414
2013
1909
1762
1614
1377
1029
730
351
114
181
176
142
30
-48
-111
-132
158
495
689
870
1148
1479
1604
1732
2159
2571
2747
2789
2529
2227
1566
270
-253
612
2077
1066
-1675
-2676
-1388
-1088
-2707
-3261
-2553
-3068
-4974
-5143
-3856
-3593
-4597
-4612
-3726
-3562
-3497
-2655
-1559
-1135
-1073
-465
312
494
761
1693
2971
3527
3307
3363
3837
4012
3915
4094
4386
4015
3201
2858
2756
2391
1697
1149
710
-47
-881
-1455
-1823
-2227
-2671
-3243
-3658
-4053
-4259
-4307
-4253
-4055
-4395
-4696
-4628
-3558
-2640
-2623
-2826
-2507
-1693
-876
-167
360
642
596
971
1600
2231
2598
2609
2538
2559
2804
3074
3128
3008
2720
2468
2378
2186
1939
1579
1388
1295
994
721
490
188
-61
-118
31
49
-224
-381
-289
-7
272
467
665
840
1113
1401
1672
1964
2198
2354
2623
2799
2501
1843
671
-50
259
1691
2408
277
-2663
-3301
-1651
-835
-1695
-2474
-2962
-4382
-5559
-4675
-2896
-2749
-4132
-4784
-4492
-3871
-2960
-1815
-1063
-1312
-1587
-908
55
882
1532
2303
2963
2938
2836
3236
3849
4144
4024
4007
3910
3332
2816
2643
2634
2164
1302
701
155
-553
-1225
-1666
-1889
-2357
-3145
-3708
-4001
-4094
-4161
-4214
-4139
-4147
-4273
-4457
-4341
-3557
-2521
-1938
-1958
-2014
-1497
-671
196
1059
1518
1559
1449
1703
2453
3094
3407
3281
2895
2664
2759
3104
3312
3104
2579
1970
1632
1538
1416
1282
1060
699
162
-319
-385
-236
-196
-240
-395
-600
-742
-580
-79
332
498
598
760
962
1204
1652
2203
2469
2487
2424
2563
2501
2248
1469
405
115
1207
2398
962
-1901
-2980
-1580
-704
-1605
-2444
-2628
-3596
-5004
-4696
-3178
-2738
-3898
-4592
-4251
-3651
-3016
-2146
-1400
-1340
-1428
-884
-84
578
1168
1874
2638
2853
2718
2800
3210
3672
3772
3659
3556
3122
2565
2196
2140
2011
1438
713
-13
-682
-1205
-1623
-1940
-2240
-2728
-3285
-3815
-4031
-3885
-3757
-3706
-3745
-3765
-3624
-3592
-3359
-2646
-1660
-1057
-1206
-1223
-641
251
1109
1716
1887
1727
1684
2261
2899
3148
3176
2941
2572
2320
2542
2901
2718
2138
1588
1194
1034
873
760
563
179
-201
-569
-657
-519
-501
-575
-675
-706
-716
-708
-368
104
418
535
697
1025
1409
1726
2272
2671
2770
2722
2894
3385
3268
2663
1511
655
857
2198
2844
941
-1783
-2429
-1086
-589
-1396
-2082
-2535
-3894
-5098
-4378
-2962
-2865
-4076
-4774
-4567
-3997
-3040
-2028
-1546
-1798
-1935
-1407
-566
314
1139
1779
2118
2124
2139
2578
3131
3493
3399
3176
3015
2701
2455
2372
2306
1829
1122
597
164
-434
-1007
-1391
-1668
-2081
-2641
-3049
-3399
-3614
-3627
-3536
-3465
-3580
-3669
-3460
-3115
-2815
-2437
-1934
-1423
-1243
-982
-386
282
727
964
1359
1720
1932
2153
2456
2672
2686
2566
2543
2582
2500
2361
2183
2044
1807
1452
1183
941
689
393
174
63
-204
-496
-593
-582
-541
-598
-525
-403
-445
-457
-207
277
655
766
863
1230
1666
1943
2135
2381
2746
2834
3066
3267
3088
2223
884
600
1613
3083
2661
57
-2024
-1679
-357
-376
-1200
-1659
-2449
-4210
-4861
-3566
-2310
-2862
-4161
-4537
-4422
-3883
-2746
-1618
-1396
-1973
-1983
-1287
-495
347
1209
1817
1974
1788
1957
2511
3092
3413
3323
3304
3094
2644
2314
2285
2393
1979
1298
746
199
-347
-726
-965
-1255
-1845
-2485
-2937
-3251
-3274
-3241
-3288
-3398
-3551
-3533
-3374
-2948
-2414
-2301
-2297
-2064
-1392
-734
-432
-63
294
507
778
1211
1681
1881
1930
2126
2204
2193
2279
2300
2127
1853
1838
1881
1587
1184
824
652
516
248
10
-271
-520
-752
-927
-758
-547
-702
-998
-1058
-735
-485
-348
-20
266
378
403
735
1371
1877
2235
2521
2628
2708
2950
3564
4074
3809
2842
1308
583
1635
3414
2824
-201
-1728
-438
109
-1761
-2608
-1454
-1740
-4359
-5091
-3382
-2976
-4384
-4683
-3825
-4018
-4340
-3090
-1935
-2173
-2292
-1331
-799
-950
-309
994
1605
1679
1980
2439
2740
3019
3276
3222
3234
3308
3067
2687
2562
2402
1809
1304
1069
592
-275
-780
-917
-1213
-1745
-2182
-2565
-3069
-3290
-3150
-2991
-2966
-3015
-3041
-2996
-2675
-2121
-1607
-1312
-1453
-1614
-1202
-92
786
749
538
708
1017
1311
1873
2511
2460
1859
1575
1838
2141
2197
2036
1678
1147
742
623
712
782
410
-295
-819
-950
-896
-914
-874
-823
-1067
-1357
-1279
-914
-636
-557
-432
-235
-26
269
641
1086
1527
1866
2190
2435
2829
3186
3453
3667
3834
3862
3682
3281
2150
1009
1117
2773
3403
1236
-1559
-2050
-952
-731
-1328
-1540
-2242
-4215
-5510
-4522
-3044
-3075
-4050
-4706
-5147
-5044
-3783
-2274
-1815
-2314
-2509
-2213
-1676
-594
718
1495
1559
1438
1519
1950
2657
3395
3508
3178
2761
2421
2343
2509
2723
2337
1511
855
379
-44
-351
-461
-656
-1199
-1893
-2322
-2520
-2547
-2520
-2484
-2426
-2508
-2665
-2769
-2459
-1835
-1360
-1109
-1041
-1072
-1048
-687
171
935
1048
839
730
978
1487
1947
2166
1952
1640
1453
1440
1554
1637
1469
960
457
279
227
92
-52
-307
-587
-917
-1068
-1036
-1040
-1002
-963
-937
-904
-792
-561
-272
-3
240
380
590
958
1430
1900
2200
2487
2729
2885
3133
3468
3802
3875
3719
3692
3710
3542
2775
1434
626
1354
2785
2284
-516
-2480
-2038
-1047
-1416
-1993
-2128
-3286
-5359
-5730
-4140
-3032
-3620
-4549
-4947
-5205
-4660
-3131
-1857
-1815
-2328
-2245
-1814
-1076
125
1228
1672
1585
1515
1758
2234
2971
3502
3335
2950
2697
2663
2640
2654
2708
2357
1730
1131
778
595
366
2
-428
-907
-1313
-1715
-2048
-2071
-2093
-2262
-2540
-2626
-2554
-2564
-2418
-2031
-1638
-1558
-1592
-1354
-1031
-921
-753
-298
230
324
94
175
542
914
1085
1159
1166
977
807
909
1123
1145
858
518
299
199
248
306
288
128
-182
-335
-273
-101
-20
-96
-115
-60
1
175
481
833
978
916
953
1208
1635
1938
2065
2190
2349
2522
2654
2839
3158
3383
3409
3367
3381
3297
2968
2311
1307
498
736
1930
1940
-337
-2673
-2573
-1309
-1347
-2256
-2565
-3159
-4910
-5744
-4438
-3119
-3700
-4823
-5056
-5019
-4767
-3608
-2215
-2033
-2689
-2651
-1933
-1185
-223
937
1614
1573
1430
1710
2364
3197
3795
3730
3397
3221
3203
3129
3202
3423
3089
2236
1565
1375
1253
878
400
-54
-597
-1163
-1611
-1944
-2150
-2392
-2711
-2999
-3058
-2994
-3105
-3150
-2936
-2606
-2509
-2487
-2183
-1726
-1433
-1307
-1111
-820
-498
-270
7
384
709
808
770
918
1217
1392
1337
1315
1351
1215
994
923
1001
915
674
485
417
234
-74
-200
-108
-39
-184
-343
-380
-335
-276
-85
219
386
345
269
422
712
1030
1297
1595
1763
1719
1703
2014
2520
2823
2843
2840
2907
2947
3054
3097
2978
2273
1108
269
845
2232
2013
-472
-2493
-2132
-1146
-1512
-2119
-1985
-2805
-4913
-5598
-4009
-2723
-3393
-4245
-4372
-4519
-4305
-2926
-1418
-1397
-2096
-1953
-1310
-711
277
1558
2106
1762
1599
2127
2776
3362
3784
3751
3376
3023
3059
3112
3106
3018
2526
1830
1247
969
631
137
-260
-656
-1280
-1868
-2158
-2368
-2664
-2998
-3089
-3180
-3315
-3363
-3317
-3120
-2934
-2694
-2443
-2090
-1682
-1362
-1061
-573
-133
29
218
686
1166
1245
1383
1821
2008
1782
1690
2056
2262
2034
1801
1692
1433
1093
1027
1047
747
202
-188
-439
-538
-522
-563
-750
-1053
-1222
-1304
-1266
-1058
-849
-832
-906
-846
-624
-326
57
438
644
753
902
1204
1548
1932
2345
2618
2669
2691
2735
2958
3223
3496
3471
2985
2369
1655
858
383
1223
2364
1544
-1254
-2844
-1961
-944
-1447
-1998
-1908
-3035
-5112
-5331
-3425
-2275
-3140
-4011
-4204
-4367
-4038
-2484
-1012
-1159
-1857
-1736
-1181
-619
551
1967
2365
1747
1515
2080
2610
3081
3597
3736
3185
2487
2338
2411
2489
2453
2115
1373
535
98
-141
-422
-711
-980
-1458
-2062
-2540
-2706
-2664
-2603
-2542
-2663
-2827
-2906
-2762
-2385
-1894
-1411
-1255
-1314
-1195
-697
-38
508
886
1070
981
801
1011
1692
2390
2464
1926
1388
1295
1591
1847
1952
1740
1091
204
-259
-11
331
110
-523
-1080
-1440
-1656
-1566
-1183
-1012
-1392
-1881
-1901
-1490
-1049
-732
-465
-311
-325
-316
52
702
1190
1333
1354
1520
1791
2056
2421
2822
2990
2869
2812
3009
3312
3410
3437
3454
3416
3142
2659
2266
1633
614
-189
468
1596
793
-2033
-3607
-2654
-1692
-2419
-2991
-2584
-3433
-5680
-6055
-3895
-2492
-3523
-4480
-4210
-4017
-3880
-2512
-699
-553
-1440
-1419
-588
117
1064
2401
2926
2281
1896
2521
3126
3373
3643
3749
3163
2348
2320
2631
2551
2132
1702
1166
460
136
132
-131
-768
-1277
-1528
-1814
-2164
-2380
-2520
-2760
-2843
-2701
-2562
-2638
-2713
-2490
-2099
-1634
-1231
-929
-806
-697
-294
349
935
1169
1151
1044
990
1131
1585
2061
2020
1499
1021
933
921
950
1012
879
293
-370
-558
-516
-646
-865
-1018
-1299
-1810
-2070
-1845
-1484
-1363
-1409
-1438
-1408
-1269
-904
-377
51
296
436
703
1169
1665
2014
2166
2348
2611
2830
2949
3064
3222
3242
3085
2973
3026
3036
2818
2547
2424
2406
2256
2040
1725
1208
594
-94
-883
-1568
-1147
-42
-375
-2791
-4583
-3730
-2336
-2713
-3459
-2921
-2921
-4741
-5723
-3975
-1965
-2280
-3259
-3151
-2723
-2614
-1586
238
814
43
-245
395
910
1490
2766
3619
2953
2015
2245
2924
3050
3014
3248
2966
1968
1378
1540
1651
1247
828
525
-51
-698
-1012
-1070
-1301
-1657
-1923
-2209
-2569
-2776
-2750
-2684
-2629
-2448
-2238
-2240
-2272
-2052
-1621
-1165
-737
-335
-213
-226
-1
575
1145
1465
1657
1696
1627
1699
2094
2404
2230
1675
1308
1333
1450
1354
982
653
262
-113
-334
-280
-248
-644
-1190
-1532
-1650
-1687
-1621
-1515
-1657
-1973
-1969
-1591
-1241
-1086
-918
-678
-592
-519
-135
375
698
775
942
1212
1417
1605
1807
1996
2063
2146
2280
2344
2295
2221
2253
2242
2144
2028
2047
2033
1890
1743
1727
1843
1767
1527
1124
851
475
-379
-1300
-1021
668
1159
-980
-3445
-3044
-1163
-1020
-1979
-1719
-1219
-2905
-4826
-3734
-1135
-717
-2218
-2767
-2316
-2284
-1921
-367
755
80
-830
-606
-77
191
1126
2288
2023
695
386
1230
1539
1280
1576
1963
1219
95
101
765
683
73
-120
-148
-699
-1353
-1341
-1048
-1106
-1443
-1657
-1815
-2012
-2026
-1782
-1492
-1322
-1236
-1262
-1322
-1131
-650
-202
53
263
413
384
380
778
1362
1605
1484
1400
1460
1459
1487
1695
1876
1692
1267
946
852
709
329
-157
-319
-40
-18
-671
-1529
-1758
-1504
-1424
-1479
-1443
-1522
-2032
-2402
-2125
-1505
-1159
-1154
-1297
-1457
-1392
-901
-183
231
294
319
383
495
802
1424
1913
1906
1657
1615
1772
1887
2004
2168
2193
1931
1691
1703
1798
1750
1624
1537
1477
1419
1475
1542
1503
1447
1582
1871
1888
1589
1232
1240
1040
53
-1081
-447
1659
1998
-751
-3289
-2323
-418
-936
-2295
-1542
-618
-2910
-5577
-4530
-1446
-1136
-3134
-3759
-3065
-3143
-3348
-1884
-246
-501
-1551
-1595
-1080
-619
630
2201
2216
852
501
1542
2103
2036
2601
3292
2486
1046
1147
2284
2447
1559
1158
1222
659
-163
-223
174
-9
-726
-1232
-1444
-1669
-1806
-1811
-1856
-1957
-1988
-2035
-2201
-2116
-1736
-1536
-1630
-1496
-970
-681
-768
-609
-86
228
195
368
849
1061
955
996
1286
1466
1484
1525
1556
1422
1322
1334
1297
1133
751
183
-337
-45
607
455
-684
-1465
-1256
-1075
-1239
-1106
-651
-929
-1875
-2137
-1467
-765
-603
-611
-678
-850
-691
-26
658
909
989
1030
878
804
1331
2157
2349
1894
1592
1696
1699
1511
1586
1783
1563
972
700
812
783
517
359
328
154
-6
110
318
280
200
307
491
570
596
614
503
364
333
368
381
399
328
-38
-320
-109
173
-157
-799
-880
-688
-1043
-1673
-1603
-1114
-1320
-2042
-2168
-1613
-1369
-1564
-1469
-1041
-939
-1125
-963
-481
-182
-105
91
393
604
837
1097
1159
1041
1105
1391
1463
1275
1175
1175
891
474
445
672
503
-113
-514
-565
-682
-971
-1053
-990
-1228
-1704
-1944
-1805
-1641
-1610
-1634
-1705
-1857
-1881
-1633
-1268
-997
-817
-681
-636
-529
-193
301
661
816
935
1073
1230
1446
1766
2015
2053
1993
1989
1983
1957
1945
1940
1769
1456
1188
775
96
-450
-142
391
77
-1079
-1820
-1790
-1763
-1848
-1594
-1242
-1698
-2597
-2808
-2255
-1653
-1349
-1156
-1261
-1572
-1420
-647
80
267
324
442
401
356
884
1772
2162
1884
1621
1715
1797
1817
2037
2307
2133
1598
1352
1511
1646
1540
1371
1229
1018
844
851
938
910
811
721
649
625
714
761
485
25
-228
-126
49
134
-4
-583
-1445
-1699
-1012
-414
-867
-1667
-1748
-1682
-2209
-2606
-1894
-1090
-1634
-2701
-2665
-1728
-1393
-1619
-1332
-750
-816
-1249
-912
-17
407
335
501
820
828
804
1160
1495
1375
1255
1444
1490
1146
980
1166
1099
626
431
647
558
-2
-345
-209
-175
-492
-740
-740
-811
-1017
-1063
-897
-824
-914
-988
-898
-693
-519
-444
-410
-261
14
261
383
501
677
790
807
865
1043
1161
1088
917
832
792
714
598
487
421
121
-470
-1095
-1055
-529
-336
-855
-1469
-1613
-1704
-1892
-1754
-1151
-869
-1379
-1928
-1863
-1359
-974
-637
-267
-113
-245
-289
153
858
1398
1553
1457
1329
1421
1774
2191
2423
2350
2076
1761
1598
1671
1763
1644
1264
977
863
758
582
457
378
155
-64
-9
257
357
227
83
-15
-83
-58
-56
-381
-897
-925
-455
-84
-304
-614
-812
-1095
-1432
-1293
-625
-325
-801
-1557
-1889
-1782
-1414
-861
-433
-494
-936
-1205
-1035
-545
68
488
401
-85
-255
192
861
1271
1447
1464
1190
815
811
1291
1662
1553
1171
835
559
390
405
476
344
-9
-371
-670
-844
-842
-758
-886
-1229
-1451
-1432
-1364
-1368
-1310
-1213
-1275
-1428
-1336
-986
-748
-799
-859
-684
-442
-286
-111
152
343
340
372
625
956
1115
1082
1078
1170
1275
1340
1400
1495
1512
1411
1265
1185
1172
1108
978
851
729
514
196
-31
-73
-108
-320
-661
-889
-1069
-1398
-1870
-2021
-1692
-1403
-1662
-2191
-2311
-2107
-2020
-1992
-1629
-1183
-1198
-1455
-1379
-904
-516
-279
-7
278
418
527
807
1141
1329
1392
1483
1585
1646
1727
1855
1878
1731
1592
1626
1708
1657
1429
1154
900
728
707
753
720
475
149
-103
-153
-50
95
157
69
-109
-262
-308
-203
79
374
423
193
-22
39
256
439
541
575
446
161
-3
123
381
463
336
120
-100
-329
-450
-379
-259
-335
-639
-977
-1189
-1281
-1265
-1169
-1111
-1251
-1559
-1746
-1678
-1459
-1266
-1135
-1065
-1076
-1118
-1025
-749
-402
-178
-81
-22
75
204
386
667
964
1069
951
829
868
1013
1061
1031
973
881
670
461
408
452
373
126
-97
-258
-413
-593
-672
-736
-906
-1110
-1183
-1156
-1184
-1223
-1164
-1087
-1093
-1044
-798
-524
-445
-440
-251
76
297
445
675
969
1131
1234
1478
1798
1959
1935
1981
2183
2309
2303
2218
2232
2258
2272
2162
1962
1663
945
-210
-1000
-120
1281
985
-1432
-2919
-2259
-1657
-2500
-2761
-1205
-847
-3283
-5328
-3984
-1602
-1446
-2324
-1942
-1315
-2035
-2512
-1047
742
920
345
429
560
497
1260
2757
3094
2113
1757
2329
2244
1486
1839
2865
2412
712
268
1209
1243
14
-446
137
-99
-1357
-1819
-1104
-899
-1679
-2174
-1890
-1715
-1945
-1920
-1560
-1368
-1366
-1209
-961
-739
-341
150
312
209
430
949
1230
1263
1513
1876
1781
1430
1461
1850
1941
1623
1376
1295
1096
817
738
753
542
136
-230
-512
-688
-698
-707
-1003
-1457
-1662
-1613
-1583
-1551
-1337
-1170
-1384
-1667
-1485
-915
-514
-413
-345
-212
-142
-4
410
919
1153
1056
932
924
1050
1266
1458
1461
1245
992
815
704
690
739
646
263
-184
-380
-393
-477
-657
-795
-939
-1165
-1359
-1328
-1224
-1260
-1373
-1360
-1203
-1089
-1005
-885
-793
-903
-1034
-803
-138
450
556
340
232
401
677
1038
1446
1695
1513
1018
721
915
1380
1640
1513
1124
730
442
346
451
619
574
181
-323
-611
-535
-316
-218
-350
-606
-846
-967
-924
-776
-625
-612
-694
-720
-563
-313
-126
-56
-31
48
191
401
600
709
716
743
821
927
1016
1111
1157
1116
1061
1085
1157
1180
1160
1095
955
750
607
547
521
410
261
74
-129
-337
-456
-422
-398
-566
-888
-1075
-1050
-1038
-1119
-1164
-1128
-1190
-1353
-1375
-1227
-1116
-1137
-1088
-951
-887
-930
-870
-639
-425
-339
-282
-159
-88
-89
-46
128
271
261
170
150
216
226
173
97
29
-101
-261
-331
-272
-229
-340
-507
-565
-509
-471
-493
-537
-555
-562
-513
-401
-248
-179
-242
-319
-218
37
220
247
222
282
351
402
566
830
957
852
773
923
1144
1267
1352
1418
1334
1146
1118
1338
1514
1505
1349
1171
961
871
962
1096
1081
963
849
647
512
295
-262
-1240
-1325
-22
1026
-60
-2077
-2348
-1385
-1434
-2252
-1440
205
-482
-3105
-3909
-1882
-319
-740
-1160
-532
-488
-1358
-1266
201
1212
1021
745
651
294
324
1508
2499
1908
948
1197
1672
985
417
1349
2177
1038
-492
-196
861
459
-732
-771
-202
-665
-1654
-1531
-722
-805
-1661
-2016
-1642
-1359
-1302
-1160
-1086
-1245
-1268
-951
-650
-442
-59
276
64
-286
46
849
1187
1006
1027
1291
1244
981
1132
1636
1812
1488
1088
909
868
905
951
865
629
345
26
-333
-467
-278
-157
-532
-1045
-1168
-1029
-1063
-1208
-1119
-1016
-1218
-1507
-1395
-992
-748
-758
-749
-689
-665
-583
-312
0
119
109
102
111
135
331
656
817
674
487
497
597
642
714
813
742
480
299
360
477
492
402
242
49
-72
-40
51
90
70
2
-121
-198
-102
118
235
153
70
104
167
179
254
428
496
375
253
333
492
494
372
297
331
339
285
246
237
154
-49
-202
-187
-125
-190
-370
-488
-528
-561
-633
-661
-680
-725
-783
-932
-1154
-1306
-996
-558
-446
-828
-1048
-881
-633
-546
-375
-12
140
-56
-265
-102
270
548
631
617
550
558
691
839
817
741
781
837
699
555
660
829
675
341
273
427
365
31
-128
-8
37
-196
-381
-301
-115
-91
-187
-240
-187
-68
12
81
176
337
415
361
323
513
834
945
862
877
1077
1163
998
863
942
995
838
643
652
671
489
192
26
-59
-215
-421
-559
-691
-904
-1080
-1183
-1293
-1490
-1570
-1518
-1501
-1611
-1675
-1599
-1511
-1473
-1378
-1196
-1045
-959
-823
-588
-388
-275
-164
7
178
308
439
568
663
723
793
850
842
784
713
621
521
460
442
346
144
-86
-244
-339
-436
-520
-637
-817
-1027
-1133
-1111
-1066
-1063
-1054
-1045
-1078
-1114
-991
-718
-502
-419
-342
-187
-36
86
316
645
873
950
1064
1258
1385
1430
1570
1776
1827
1736
1705
1770
1722
1631
1687
1867
1847
1651
1488
1454
1338
1184
1145
1203
1111
826
610
261
-481
-1399
-1169
137
952
-279
-2083
-2393
-1439
-1211
-1764
-1395
-338
-596
-2446
-3431
-2379
-865
-549
-972
-1246
-1352
-1366
-1000
-473
-161
152
614
424
-497
-636
823
2105
1518
347
589
1589
1441
585
755
1725
1687
585
21
557
1019
744
224
-61
-189
-193
-86
-212
-624
-867
-754
-856
-1273
-1296
-657
-327
-922
-1630
-1440
-716
-445
-648
-700
-472
-428
-580
-487
48
594
712
384
51
154
646
1054
1044
888
859
841
639
503
756
1114
1043
525
96
50
189
254
184
-21
-363
-678
-793
-741
-666
-631
-705
-990
-1327
-1352
-1016
-724
-784
-966
-943
-754
-622
-504
-260
-5
66
-16
41
302
583
745
794
783
763
831
967
1043
998
924
896
851
742
636
584
540
412
193
-20
-135
-175
-249
-394
-557
-657
-718
-785
-835
-845
-838
-870
-910
-879
-763
-636
-570
-557
-522
-401
-201
-4
126
220
318
393
442
550
763
947
960
858
821
894
980
1001
1002
962
834
646
496
473
492
455
327
187
67
-56
-186
-269
-268
-310
-469
-664
-761
-810
-880
-890
-825
-797
-941
-1070
-1027
-861
-774
-736
-655
-568
-546
-568
-494
-369
-188
-8
152
139
31
6
163
341
410
410
429
442
394
310
267
347
462
461
271
107
127
249
247
112
66
143
156
-18
-156
-73
96
96
-79
-179
-112
7
39
15
19
63
89
78
65
90
175
274
278
212
187
290
405
412
368
369
425
482
572
677
724
681
636
635
674
734
796
778
651
543
565
635
554
337
166
126
90
-3
-76
-89
-165
-370
-596
-679
-618
-537
-524
-596
-736
-907
-1003
-938
-783
-695
-740
-825
-869
-876
-804
-621
-414
-359
-461
-555
-508
-362
-198
-59
15
4
-72
-116
-70
51
167
218
162
50
-51
-74
-40
7
-11
-142
-292
-332
-228
-164
-217
-314
-374
-414
-413
-315
-189
-169
-217
-187
-81
-35
8
148
315
336
285
388
597
695
650
665
777
850
855
916
1021
1044
977
959
981
929
812
785
820
721
516
410
509
556
472
353
373
370
315
346
560
713
619
482
367
17
-685
-785
174
1282
851
-752
-1751
-1312
-642
-621
-751
-552
-611
-1402
-2283
-2457
-1850
-1016
-445
-712
-1662
-2293
-1751
-749
-444
-694
-541
-103
-267
-800
-576
502
1284
1154
696
500
572
848
1299
1553
1334
1027
1036
1061
712
416
659
994
675
-38
-384
-248
-164
-366
-617
-812
-997
-1111
-1060
-1032
-1147
-1275
-1249
-1194
-1213
-1159
-919
-693
-664
-681
-551
-247
87
391
577
622
648
853
1190
1426
1519
1596
1686
1673
1598
1644
1822
1903
1775
1521
1303
1168
1132
1124
985
621
194
-63
-147
-260
-466
-672
-863
-1136
-1475
-1650
-1581
-1471
-1547
-1762
-1907
-1898
-1790
-1618
-1409
-1226
-1146
-1115
-995
-745
-417
-108
125
251
316
411
597
869
1141
1341
1429
1430
1395
1397
1458
1534
1568
1510
1331
1077
846
713
660
578
422
188
-64
-306
-495
-620
-686
-757
-921
-1136
-1279
-1287
-1257
-1260
-1241
-1179
-1147
-1174
-1123
-945
-775
-717
-690
-532
-305
-140
-40
93
239
348
457
648
868
979
955
921
984
1091
1144
1136
1122
1092
980
834
757
744
698
571
444
346
199
-5
-179
-254
-278
-340
-461
-572
-650
-738
-818
-821
-763
-752
-836
-907
-891
-853
-877
-909
-845
-710
-632
-655
-665
-611
-529
-472
-412
-341
-292
-275
-242
-187
-151
-149
-120
-26
90
138
116
107
169
281
361
399
441
537
602
590
579
674
824
880
813
731
720
742
736
723
723
677
528
358
310
353
339
227
139
111
56
-40
-78
-11
12
-103
-259
-290
-201
-144
-161
-189
-198
-218
-217
-139
26
174
220
166
115
153
290
442
524
517
460
384
357
405
478
490
417
297
140
-30
-118
-86
-24
-71
-255
-476
-654
-712
-652
-543
-543
-721
-938
-1022
-919
-755
-656
-663
-742
-801
-777
-662
-507
-360
-302
-319
-328
-238
-100
4
77
166
262
280
250
228
241
257
264
257
233
163
31
-97
-154
-153
-165
-210
-276
-352
-465
-545
-510
-382
-315
-368
-446
-462
-410
-351
-243
-104
-32
-64
-47
121
323
420
462
550
640
682
737
862
981
1001
982
980
968
946
966
967
865
729
703
734
664
541
494
456
271
71
42
118
94
-42
-142
-194
-325
-515
-583
-491
-374
-344
-385
-482
-626
-717
-648
-440
-275
-232
-278
-345
-394
-378
-265
-111
32
113
122
61
-4
9
128
286
401
411
325
192
125
195
319
363
282
140
-18
-137
-181
-122
-63
-111
-254
-395
-479
-507
-491
-465
-469
-518
-567
-591
-591
-585
-571
-550
-523
-466
-404
-357
-350
-383
-413
-372
-226
-70
-17
-38
-19
58
109
146
254
411
469
400
344
375
414
448
540
651
627
472
377
438
534
549
522
488
413
316
290
357
406
333
189
91
91
112
74
-22
-115
-191
-287
-380
-396
-330
-324
-451
-609
-649
-615
-607
-613
-572
-530
-592
-690
-658
-472
-320
-322
-388
-382
-297
-187
-66
75
181
203
180
211
338
512
626
655
652
654
660
670
719
760
716
625
611
671
674
584
492
442
375
295
301
370
349
199
61
22
24
23
29
31
-23
-125
-185
-157
-103
-95
-128
-185
-258
-291
-229
-113
-56
-96
-168
-197
-179
-133
-59
3
-20
-107
-175
-156
-98
-73
-72
-61
-69
-125
-185
-174
-122
-102
-142
-196
-213
-201
-177
-162
-177
-239
-309
-335
-303
-247
-209
-235
-297
-341
-321
-246
-177
-146
-163
-207
-243
-214
-136
-77
-65
-89
-103
-94
-53
-21
-27
-61
-85
-66
-64
-89
-80
-22
16
-14
-41
12
93
94
67
120
226
257
242
296
392
374
277
302
456
535
463
408
450
458
376
368
489
552
434
294
289
339
322
266
247
218
127
27
14
82
78
-45
-183
-232
-226
-238
-258
-238
-210
-249
-335
-348
-276
-228
-248
-284
-282
-268
-268
-254
-205
-165
-167
-183
-173
-131
-88
-52
-13
19
10
6
60
143
195
214
251
286
265
229
261
355
404
374
350
367
369
340
332
353
351
286
244
247
222
161
137
159
132
44
-27
-11
40
19
-59
-126
-168
-225
-267
-265
-268
-339
-467
-564
-598
-612
-642
-674
-696
-699
-692
-701
-708
-692
-661
-627
-598
-536
-439
-339
-304
-279
-210
-141
-56
9
55
136
259
349
362
369
404
503
592
585
550
541
514
448
457
518
480
321
150
128
225
263
175
67
-21
-128
-190
-174
-92
-45
-116
-271
-366
-333
-283
-255
-268
-319
-353
-357
-340
-322
-284
-260
-278
-313
-303
-198
-83
-67
-126
-137
-82
-35
-1
63
149
190
166
166
227
286
304
352
433
457
421
408
451
472
436
415
432
435
381
316
280
264
248
218
159
69
-10
-33
-19
-28
-80
-151
-228
-290
-299
-279
-274
-300
-346
-391
-410
-390
-328
-239
-185
-199
-214
-179
-137
-89
7
146
233
226
205
244
340
406
444
487
486
396
287
274
352
406
383
336
260
125
-11
-4
129
210
141
-41
-217
-325
-334
-243
-138
-172
-370
-548
-582
-511
-412
-314
-258
-307
-447
-519
-409
-216
-111
-111
-134
-140
-144
-112
-19
95
133
55
-44
-61
-5
42
47
32
18
-28
-97
-95
-27
8
-11
-34
-46
-91
-139
-122
-53
2
13
-9
-50
-89
-91
-13
81
130
129
85
46
44
131
265
334
272
166
110
86
86
107
116
54
-64
-145
-124
-51
-28
-79
-141
-165
-152
-142
-135
-123
-125
-140
-136
-75
-11
-2
-12
17
71
85
76
94
117
85
41
56
103
124
120
129
130
104
99
128
147
124
113
152
175
152
133
159
175
164
192
255
262
195
154
209
305
381
407
371
299
256
283
345
388
408
394
307
196
198
312
377
299
188
142
106
30
-19
-2
-20
-134
-261
-313
-335
-380
-442
-475
-472
-474
-506
-555
-586
-567
-501
-447
-432
-410
-376
-361
-362
-321
-212
-90
-43
-53
-41
-21
-28
-19
52
125
112
37
15
76
98
38
11
57
77
1
-72
-69
-55
-118
-180
-148
-110
-152
-204
-158
-68
-48
-90
-109
-97
-88
-58
18
66
52
7
-22
-9
52
114
112
46
-41
-79
-60
-18
14
20
-11
-87
-173
-208
-153
-80
-97
-195
-286
-309
-298
-273
-210
-139
-177
-326
-387
-241
-55
-8
-33
-6
46
65
139
344
530
524
457
522
693
806
833
882
939
927
857
848
909
925
832
690
584
522
452
351
268
192
66
-92
-202
-253
-295
-377
-474
-543
-591
-645
-680
-673
-653
-654
-668
-667
-628
-560
-478
-420
-405
-365
-253
-124
-68
-35
50
156
192
165
175
246
301
284
249
240
216
140
51
-3
-36
-89
-151
-188
-200
-219
-244
-258
-241
-194
-161
-141
-120
-87
-63
-50
1
85
145
153
182
270
337
348
370
458
532
529
501
530
584
557
493
461
421
288
128
51
23
-62
-210
-313
-365
-475
-628
-703
-697
-740
-859
-942
-934
-903
-918
-930
-860
-786
-761
-719
-620
-516
-449
-354
-185
8
118
183
307
467
574
638
734
861
941
931
900
916
935
913
882
852
765
612
461
382
352
285
178
71
-41
-185
-307
-350
-358
-412
-529
-624
-633
-608
-610
-624
-611
-590
-569
-519
-418
-303
-242
-228
-192
-97
31
154
236
248
221
224
279
355
413
456
472
441
380
362
407
447
421
354
279
204
125
63
37
28
-20
-130
-237
-283
-286
-301
-345
-380
-395
-416
-441
-403
-317
-279
-308
-334
-280
-186
-119
-83
-51
-41
-48
-10
81
151
156
141
149
160
147
149
196
228
185
122
112
149
162
152
158
150
92
49
102
180
173
118
118
160
168
161
198
244
232
179
181
239
277
251
222
228
216
176
164
203
222
169
100
44
4
-29
-44
-56
-129
-259
-376
-398
-365
-357
-396
-453
-506
-562
-583
-533
-450
-419
-476
-549
-553
-482
-398
-343
-316
-324
-332
-320
-272
-198
-149
-135
-143
-144
-114
-63
-1
47
75
102
137
161
185
238
319
365
369
377
405
453
507
550
565
565
572
589
611
622
618
612
611
589
534
463
402
358
308
235
161
74
-39
-163
-253
-316
-404
-521
-622
-670
-704
-746
-768
-768
-779
-799
-785
-719
-633
-570
-524
-483
-438
-361
-232
-89
-1
63
147
241
319
416
578
744
794
746
747
841
923
941
953
968
912
778
695
729
743
619
458
364
274
117
-43
-112
-145
-237
-358
-429
-482
-578
-665
-675
-655
-671
-706
-720
-712
-709
-680
-590
-487
-425
-389
-346
-307
-277
-223
-126
-13
61
66
48
51
89
165
239
244
184
125
111
140
174
192
182
131
55
20
67
124
111
43
-8
-18
-23
-13
36
80
54
-18
-63
-66
-29
25
63
48
-14
-73
-86
-50
-6
13
-17
-100
-184
-201
-157
-144
-173
-186
-179
-198
-238
-242
-202
-167
-163
-154
-126
-101
-82
-42
34
91
99
94
132
196
232
254
295
344
355
341
366
420
428
378
332
327
319
278
229
195
160
111
75
71
38
-52
-142
-169
-146
-149
-196
-235
-253
-263
-267
-245
-202
-170
-179
-201
-171
-96
-33
-13
4
40
72
102
157
225
244
213
196
235
291
306
297
290
276
250
222
225
236
195
118
64
47
15
-56
-121
-157
-185
-243
-302
-323
-321
-330
-344
-344
-345
-364
-372
-336
-287
-277
-301
-305
-269
-212
-144
-79
-49
-52
-51
-19
32
89
131
135
97
62
81
150
203
202
165
137
127
131
136
148
154
127
70
41
49
57
50
59
103
119
70
20
36
72
67
43
55
64
14
-57
-79
-52
-33
-43
-57
-69
-100
-150
-192
-204
-184
-174
-203
-254
-282
-277
-263
-227
-160
-97
-91
-125
-117
-37
51
104
137
161
158
146
167
217
264
273
257
247
249
239
217
193
177
166
145
103
49
-13
-85
-129
-124
-108
-140
-221
-281
-268
-206
-135
-63
-10
-19
-72
-71
43
197
265
233
181
173
198
245
319
380
366
270
196
218
267
245
168
99
20
-91
-189
-237
-277
-373
-496
-563
-567
-583
-635
-670
-652
-628
-632
-622
-543
-433
-357
-315
-268
-182
-52
86
203
304
383
434
484
590
747
862
871
836
845
899
935
931
904
843
735
614
549
514
423
264
105
-20
-148
-291
-414
-520
-631
-726
-781
-817
-878
-964
-996
-943
-867
-828
-823
-809
-765
-685
-564
-412
-271
-187
-134
-58
54
191
336
459
523
527
520
562
649
713
719
687
640
576
501
445
412
364
281
195
116
15
-92
-164
-206
-253
-321
-391
-443
-489
-519
-490
-413
-358
-351
-367
-372
-344
-275
-189
-119
-80
-76
-74
-53
11
108
184
195
181
195
216
231
265
315
337
300
231
173
144
131
130
135
97
11
-68
-87
-64
-45
-47
-60
-91
-149
-200
-200
-151
-103
-97
-114
-125
-114
-86
-31
39
81
68
44
49
77
111
153
194
206
172
118
102
142
186
186
147
94
36
-8
7
69
85
15
-67
-90
-65
-45
-57
-74
-83
-102
-126
-118
-65
-13
-30
-82
-101
-70
-45
-37
1
41
33
-7
-7
46
92
86
59
52
56
55
79
97
74
42
44
62
54
38
49
57
26
3
17
21
-20
-66
-68
-38
-16
-24
-41
-60
-75
-67
-16
36
54
46
41
46
66
103
143
159
138
106
75
35
3
2
9
-12
-69
-135
-184
-223
-246
-242
-233
-263
-339
-400
-394
-346
-313
-308
-292
-265
-245
-228
-183
-100
-26
24
72
123
166
196
233
297
368
416
423
399
371
367
401
433
421
347
230
125
70
58
47
-10
-108
-224
-328
-371
-355
-311
-303
-354
-435
-502
-506
-436
-335
-269
-264
-299
-309
-233
-88
55
136
145
138
174
260
376
489
554
557
536
553
617
676
693
655
576
486
442
444
446
402
300
167
50
-26
-67
-95
-146
-232
-346
-432
-459
-441
-439
-484
-544
-588
-601
-575
-512
-449
-420
-412
-381
-315
-245
-167
-81
-18
5
27
87
149
171
172
204
255
259
221
195
202
217
227
221
191
121
41
11
26
39
9
-59
-146
-224
-248
-202
-135
-123
-174
-209
-205
-174
-117
-38
21
-5
-65
-46
61
163
201
196
180
154
143
178
220
220
168
111
64
51
80
119
93
-9
-91
-92
-52
-56
-95
-116
-131
-172
-186
-148
-110
-126
-166
-165
-133
-112
-109
-74
-4
44
62
98
183
266
272
238
257
317
366
378
380
369
315
249
224
251
279
246
181
119
61
-3
-48
-66
-104
-169
-248
-309
-355
-408
-455
-476
-467
-457
-480
-540
-566
-521
-440
-380
-355
-316
-252
-211
-193
-125
7
124
145
152
242
362
398
400
448
511
509
471
497
556
562
508
455
438
418
380
369
377
339
233
141
118
113
69
-21
-94
-166
-216
-236
-218
-203
-242
-356
-419
-322
-237
-191
-223
-277
-290
-299
-267
-206
-206
-222
-229
-255
-256
-212
-178
-164
-168
-184
-181
-212
-226
-194
-173
-174
-161
-172
-181
-191
-218
-172
-109
-119
-171
-217
-190
-91
-40
-20
34
77
102
112
161
289
421
351
267
282
401
555
524
460
398
375
412
424
344
279
266
251
235
201
142
140
108
68
49
-13
-108
-182
-224
-227
-187
-243
-333
-417
-463
-429
-376
-345
-366
-419
-438
-414
-358
-287
-210
-150
-129
-110
-65
-7
35
76
124
123
113
119
191
306
347
304
283
303
340
366
368
366
342
292
264
287
295
271
211
132
78
61
66
76
61
22
-37
-107
-135
-101
-64
-85
-136
-134
-91
-85
-128
-149
-113
-103
-173
-220
-194
-158
-163
-204
-249
-269
-275
-287
-276
-276
-281
-244
-194
-182
-213
-266
-239
-140
-81
-70
-49
7
44
49
18
36
144
241
259
214
178
211
288
337
341
312
280
256
245
249
281
241
131
59
44
55
34
-33
-81
-122
-166
-193
-246
-294
-347
-394
-386
-318
-254
-272
-302
-262
-191
-146
-124
-73
60
143
138
154
250
316
334
306
287
375
391
368
390
517
98
43
585
768
753
185
-311
-31
480
382
-52
-422
-302
265
-331
-1681
-1504
-149
1139
892
-1084
-2140
-582
990
495
-1085
-1831
-668
1018
1146
-424
-1423
-995
394
955
178
-669
-673
216
548
369
-579
-955
-417
284
289
-178
142
540
1309
1062
210
135
733
1312
1007
621
834
1413
1642
767
174
550
1086
923
-11
-270
486
912
212
-846
-1062
-333
-171
-922
-1310
-1031
-555
-544
-961
-1172
-801
-554
-932
-1026
-533
93
444
108
-199
154
422
266
132
437
773
840
601
427
607
652
255
-137
-191
6
182
-27
-446
-547
-494
-654
-890
-935
-765
-480
-431
-551
-426
-219
-206
-269
-218
22
322
515
550
559
580
521
463
458
514
584
522
357
248
232
170
-56
-287
-375
-340
-284
-301
-360
-433
-561
-666
-623
-454
-283
-188
-138
-62
91
223
259
281
346
464
626
754
798
785
711
590
516
524
543
523
425
228
41
-74
-160
-223
-264
-332
-399
-442
-447
-409
-342
-306
-313
-285
-254
-167
-48
58
108
132
138
133
142
104
83
92
92
1
-121
-221
-363
-474
-530
-562
-581
-639
-721
-765
-768
-738
-689
-618
-589
-490
-344
-189
-33
84
192
258
324
449
641
826
913
854
774
752
745
727
695
615
475
346
250
155
-5
-187
-311
-384
-456
-531
-586
-634
-685
-747
-759
-653
-522
-405
-329
-240
-166
-87
67
237
382
401
501
517
592
627
648
685
635
646
482
469
405
374
291
129
65
-111
-193
-305
-306
-263
-331
-299
-378
-385
-408
-389
-297
-264
-169
-224
-227
-226
-130
-2
-4
35
-25
8
17
21
71
74
79
-15
-50
-43
13
94
84
81
6
-30
-11
35
91
68
39
8
36
65
78
89
44
-13
-56
-72
-74
-94
-130
-149
-127
-180
-252
-280
-245
-172
-189
-246
-227
-115
-33
39
107
144
175
227
328
483
602
630
639
686
725
715
684
675
669
619
548
430
301
178
50
-52
-133
-219
-386
-556
-645
-685
-674
-692
-778
-862
-858
-771
-706
-690
-609
-462
-370
-321
-278
-190
-17
186
309
380
422
422
484
568
633
638
620
559
471
425
403
385
315
208
62
-54
-141
-217
-262
-300
-372
-474
-532
-522
-467
-428
-442
-483
-475
-402
-312
-249
-172
-106
-106
-134
-80
42
119
103
44
41
97
128
98
99
145
173
129
80
110
194
205
139
117
148
172
130
120
170
204
172
107
85
111
109
54
24
39
33
-14
-60
-59
-55
-70
-91
-104
-119
-152
-173
-180
-168
-178
-179
-168
-161
-127
-102
-69
-49
-70
-94
-54
-8
2
13
28
31
6
-35
-40
28
86
50
23
47
73
78
69
74
92
126
147
207
290
330
325
313
318
321
330
308
305
317
298
250
215
189
154
108
17
-65
-116
-140
-169
-199
-248
-288
-305
-333
-342
-333
-313
-294
-265
-248
-250
-205
-126
-66
-46
-22
34
100
171
195
209
212
214
249
256
208
136
109
111
81
11
-22
-42
-79
-135
-212
-249
-236
-252
-300
-311
-340
-357
-311
-260
-217
-180
-136
-57
11
23
39
128
211
291
362
391
408
404
403
443
510
519
489
437
359
293
252
236
207
132
1
-106
-141
-139
-183
-300
-435
-514
-534
-554
-579
-565
-572
-633
-694
-697
-607
-502
-454
-461
-443
-376
-266
-155
-76
-39
-9
21
90
204
315
416
465
504
531
574
652
726
764
750
709
667
656
663
642
576
509
452
385
299
236
197
140
56
-37
-118
-188
-228
-254
-308
-386
-431
-450
-481
-524
-563
-581
-552
-545
-566
-546
-510
-476
-446
-411
-348
-265
-222
-198
-152
-70
3
47
50
69
126
166
226
283
292
282
281
332
392
382
348
333
344
350
316
286
299
289
235
164
100
57
67
75
38
-57
-186
-230
-184
-141
-150
-191
-246
-314
-345
-306
-225
-159
-175
-240
-274
-247
-181
-109
-42
-39
-53
-43
37
160
257
279
276
327
393
438
467
512
531
514
478
466
489
472
401
351
359
371
325
254
183
102
54
37
-25
-128
-192
-210
-227
-278
-358
-395
-411
-464
-490
-465
-445
-474
-513
-513
-480
-457
-469
-434
-397
-418
-435
-385
-263
-204
-227
-262
-241
-166
-106
-59
-19
-42
-37
-49
-32
19
32
50
23
49
24
9
46
107
143
81
59
73
71
90
158
227
203
175
197
258
298
298
309
298
301
291
299
311
281
246
208
207
187
139
94
77
76
33
-24
-70
-104
-129
-175
-186
-173
-186
-242
-271
-271
-296
-297
-260
-199
-205
-278
-283
-195
-91
-27
1
20
15
47
148
243
274
252
259
277
289
291
320
361
346
278
197
160
149
140
109
42
-36
-117
-166
-204
-230
-264
-322
-364
-372
-379
-387
-381
-388
-372
-341
-315
-301
-295
-279
-248
-198
-148
-102
-80
-85
-56
11
93
146
141
126
139
119
126
193
235
258
243
197
149
141
141
149
142
95
50
31
39
45
54
76
113
101
70
63
82
100
111
126
170
180
170
138
169
184
223
222
232
255
71
146
133
159
70
11
32
-35
-2
-122
-155
-202
-183
-172
-297
-390
-368
-374
-432
-450
-483
-463
-439
-422
-454
-448
-326
-267
-217
-169
-133
-71
-62
21
91
138
218
246
274
282
324
401
432
472
464
478
528
556
587
560
539
517
452
409
334
246
206
170
121
14
-95
-175
-220
-250
-306
-356
-405
-456
-499
-500
-461
-417
-436
-448
-433
-412
-381
-330
-219
-147
-123
-98
-49
45
118
199
259
280
304
320
404
483
500
502
496
472
438
417
403
378
328
252
180
109
39
-1
-39
-115
-208
-280
-329
-390
-455
-488
-503
-513
-526
-523
-514
-494
-473
-431
-383
-353
-300
-221
-122
-44
18
66
119
182
233
298
362
419
433
437
445
468
513
520
497
450
393
348
342
337
274
205
157
102
24
-46
-75
-100
-158
-227
-282
-307
-313
-323
-348
-386
-421
-427
-419
-407
-407
-404
-382
-358
-330
-279
-191
-129
-109
-70
-3
30
46
94
138
169
177
177
226
272
289
279
254
225
173
148
111
99
96
72
44
-16
-64
-121
-162
-184
-191
-212
-258
-262
-239
-232
-231
-213
-167
-126
-137
-155
-111
-29
25
60
83
90
103
118
137
180
222
245
270
266
232
208
240
