149
139
133
147
165
182
192
194
195
196
188
176
160
157
159
153
130
100
88
91
98
94
81
69
64
64
63
58
44
29
19
11
1
-9
-22
-32
-41
-53
-61
-69
-72
-65
-61
-67
-75
-81
-78
-75
-78
-79
-78
-73
-73
-79
-91
-95
-86
-75
-72
-74
-75
-68
-57
-49
-49
-50
-54
-47
-35
-40
-52
-61
-54
-43
-45
-53
-59
-55
-44
-31
-29
-36
-47
-58
-65
-65
-64
-64
-63
-59
-56
-58
-62
-60
-47
-27
-15
-14
-15
-3
12
22
19
5
-8
-10
-10
-12
-18
-22
-18
-17
-25
-41
-50
-47
-30
-15
-18
-36
-51
-47
-33
-23
-30
-54
-70
-59
-38
-29
-25
-13
3
19
32
38
54
74
102
119
115
98
78
71
79
80
57
29
18
24
30
27
31
41
43
36
26
19
24
28
30
18
5
-4
1
15
28
27
17
13
11
19
45
78
93
81
58
55
69
90
103
95
81
68
62
63
69
74
67
46
26
15
17
22
18
23
33
37
21
-10
-24
-12
8
12
-12
-48
-65
-48
3
26
-6
-71
-97
-71
-28
2
14
28
45
67
87
102
114
133
164
187
188
172
157
180
227
262
248
203
198
199
217
229
225
240
233
124
-240
-596
-434
236
630
35
-1084
-1546
-841
308
707
-70
-1270
-1709
-928
254
645
-69
-1041
-1260
-644
103
343
61
-300
-404
-201
129
277
179
30
103
318
383
237
90
125
289
399
348
121
-161
-296
-178
112
180
-98
-544
-701
-491
-272
-204
-350
-471
-606
-640
-449
-250
-120
-194
-211
-158
-114
25
178
363
408
376
407
494
597
682
787
920
959
855
783
817
918
978
959
984
914
857
826
346
-383
-775
234
1587
1382
-671
-2721
-2358
-58
1891
1389
-1223
-3403
-2986
-371
1830
1331
-1065
-2799
-2217
-133
1256
1006
-214
-1031
-642
403
1075
756
10
47
869
1490
1050
11
-322
338
1293
1494
640
-498
-991
-383
665
934
124
-1029
-1375
-764
-117
-59
-589
-1038
-1047
-766
-489
-544
-784
-779
-393
79
61
-403
-627
-280
455
864
650
116
-248
-15
611
1105
978
396
-98
33
136
-18
-182
174
613
-147
-1136
-1467
-585
78
-39
-369
-813
-1228
-1355
-704
262
406
-255
-798
-812
-275
309
914
1079
547
-30
87
847
1458
1395
1239
1169
960
814
880
1408
1502
1117
748
687
737
409
-6
-95
-43
-122
-444
-846
-1071
-1346
-1284
-1000
-790
-1045
-1654
-1830
-1478
-981
-689
-695
-829
-982
-981
-507
57
400
325
168
296
484
676
833
1005
1125
1037
957
959
920
863
809
876
840
551
259
98
119
121
6
-103
-301
-508
-661
-675
-550
-545
-640
-703
-717
-695
-684
-554
-311
-187
-128
-99
26
142
240
422
568
590
504
501
258
-259
-467
389
1345
803
-818
-1529
-531
460
389
-4
-272
-819
-1370
-767
587
813
-194
-888
-596
-154
131
692
1086
568
-181
-78
622
1085
1080
1204
1244
1043
818
839
1336
1677
1635
1240
1063
812
-414
-1081
285
2364
1294
-2004
-2986
-958
148
-909
-1106
-197
-1323
-3637
-3064
-55
557
-1818
-2649
-1237
-950
-2138
-1326
980
847
-1511
-1556
733
1175
-488
-207
2209
2257
-82
-500
1573
2084
481
402
1957
1525
-671
-937
991
1489
-63
-701
-29
-160
-1263
-1195
-36
82
-1028
-1591
-1144
-783
-978
-930
-513
-334
-585
-968
-1109
-993
-252
619
762
-212
-1167
-1080
-23
1032
1295
556
-513
-875
-187
769
1108
777
166
-406
-498
116
1015
1321
779
309
278
687
967
1344
1783
1966
1691
1316
1479
1963
2437
2739
2978
2498
1501
753
829
1305
1720
1858
932
-979
-2011
-1232
-31
-188
-1077
-1644
-2548
-3442
-3085
-1605
-1224
-2384
-3112
-2885
-2834
-2647
-1478
-270
-589
-1534
-1311
-509
-118
288
1266
1857
1346
789
1072
1587
1890
2085
2176
1782
1019
646
696
929
1055
795
120
-678
-992
-915
-837
-798
-919
-1370
-2017
-2235
-1793
-1397
-1342
-1347
-1284
-1396
-1506
-1098
-334
20
16
12
115
180
72
354
727
1080
959
500
219
45
191
496
741
512
-360
-906
-781
-309
-17
-170
-464
-970
-1285
-968
-275
226
196
-97
-180
-84
374
985
1474
1683
1512
1532
1780
2212
2667
2951
3128
3077
2981
2759
2334
2185
2168
1627
969
1047
1410
159
-1639
-1623
-561
-902
-2292
-2458
-2291
-3505
-4197
-2799
-1748
-2996
-4253
-3373
-2599
-2919
-2374
-796
-561
-1748
-1624
-12
752
651
1117
1926
1962
1602
2039
2618
2680
2529
2413
2192
1845
1702
1584
1190
985
885
365
-372
-668
-517
-841
-1413
-1520
-1566
-2048
-2493
-2176
-1737
-1937
-2117
-1781
-1508
-1584
-1400
-680
-187
-161
-12
314
571
802
1009
1069
999
1121
1163
995
1077
1222
931
325
147
254
53
-270
-306
-420
-793
-1041
-944
-854
-989
-1039
-965
-828
-582
-326
-178
5
301
560
763
1175
1573
1706
1866
2381
2772
2824
2862
3134
3421
3258
2945
2677
2629
2022
914
717
1640
1642
-487
-2203
-1668
-1013
-1964
-2663
-2152
-2712
-4722
-4855
-2868
-2395
-3989
-4324
-3103
-3078
-3718
-2458
-608
-935
-2019
-1204
447
648
514
1520
2526
2331
1998
2521
3024
2904
2769
2809
2644
2263
1894
1583
1318
1305
1086
331
-410
-598
-699
-1210
-1618
-1559
-1759
-2485
-2805
-2344
-2036
-2329
-2387
-1921
-1701
-1793
-1444
-700
-340
-342
0
445
674
742
1238
1344
860
739
1166
1736
1368
914
555
307
257
224
352
123
-493
-970
-1125
-783
-637
-863
-1051
-1303
-1268
-1059
-487
-19
-44
-191
147
635
1029
1359
1814
2246
2222
2550
2915
3356
3655
3779
3967
3819
3470
3074
2934
2908
1841
785
1076
1715
606
-1784
-2173
-1221
-1601
-2897
-2875
-2473
-3969
-5353
-4081
-2595
-3498
-4564
-3720
-2867
-3643
-3319
-1281
-467
-1528
-1711
-125
782
548
1219
2547
2792
2214
2285
3073
3205
3058
3070
2879
2378
1966
1829
1601
1255
1052
435
-469
-902
-862
-1086
-1832
-2169
-2152
-2560
-3107
-2989
-2530
-2634
-3009
-2637
-2051
-1999
-1979
-1394
-679
-571
-463
56
521
704
945
1423
1493
1303
1292
1419
1249
966
1021
1074
692
133
-182
-142
-143
-249
-513
-882
-1180
-1324
-1186
-975
-999
-1180
-1229
-986
-637
-342
126
496
622
709
1203
1838
2172
2361
2787
3150
3354
3569
3890
4071
4096
4074
3837
3355
3095
2673
1533
690
1218
1924
321
-2176
-2621
-1609
-1863
-2993
-2887
-2759
-4521
-5821
-4390
-2690
-3484
-4709
-3966
-3264
-3861
-3363
-1157
-276
-1515
-1767
-45
1018
895
1482
2827
3123
2407
2497
3291
3509
3238
3190
3209
2701
2064
1805
1662
1467
1226
708
-152
-881
-1043
-1191
-1698
-2032
-2149
-2622
-3351
-3368
-2712
-2548
-2832
-2635
-2132
-2095
-2153
-1424
-495
-294
-320
115
606
696
899
1575
2045
1876
1259
776
884
1343
1596
1287
706
52
-539
-494
78
272
-415
-1269
-1573
-1573
-1448
-1099
-867
-1208
-1758
-1729
-1099
-455
56
290
230
244
598
1282
1888
2449
2742
2737
2826
3231
3716
3987
4114
4113
3855
3382
3038
2900
2240
924
434
1303
1510
-745
-2942
-2582
-1478
-2269
-3426
-3006
-3187
-5236
-5912
-3777
-2500
-3990
-4893
-3662
-3201
-3906
-2879
-506
-204
-1583
-1210
736
1384
1176
2162
3615
3512
2633
2948
3837
3934
3611
3587
3440
2657
2059
2017
1915
1604
1220
604
-363
-986
-980
-1211
-1907
-2281
-2325
-2752
-3533
-3453
-2714
-2596
-2957
-2779
-2243
-2221
-2253
-1411
-433
-321
-471
-70
542
806
1144
1824
2052
1547
1231
1354
1450
1206
1165
1359
929
106
-514
-380
0
-89
-495
-1073
-1548
-1766
-1656
-1189
-1025
-1339
-1637
-1583
-1078
-550
-71
350
421
412
691
1399
2141
2434
2594
2764
2993
3278
3571
4038
4337
4271
3905
3446
3195
3114
2858
1814
361
130
1033
705
-1620
-3219
-2573
-2218
-3444
-3946
-3133
-3827
-5976
-5917
-3647
-3220
-4711
-4686
-3337
-3548
-4115
-2255
4
-444
-1706
-658
1248
1534
1529
2902
3968
3307
2587
3314
4158
3888
3423
3400
3118
2307
1852
1915
1729
1204
699
62
-788
-1295
-1311
-1617
-2316
-2667
-2753
-3233
-3720
-3303
-2598
-2668
-2944
-2507
-1957
-1969
-1729
-701
77
-37
-12
669
1209
1330
1739
2459
2358
1749
1799
2258
1953
1121
1151
1561
1086
133
-243
-107
-323
-656
-677
-835
-1434
-1934
-1875
-1501
-1385
-1380
-1370
-1359
-1280
-978
-286
463
729
542
606
1219
1883
2235
2663
3049
3062
2997
3323
3992
4337
4263
4065
3692
3306
3000
2866
2214
754
-132
335
831
-718
-3023
-3421
-2682
-3033
-3947
-3545
-3347
-5145
-6379
-4770
-2963
-3621
-4560
-3705
-3118
-3746
-2976
-498
415
-769
-876
840
1804
1712
2578
4009
4058
3054
3060
3922
4051
3596
3427
3334
2621
1791
1584
1539
1157
609
-13
-844
-1617
-1817
-1933
-2483
-2985
-3052
-3262
-3855
-3908
-3200
-2857
-3107
-2907
-2172
-1912
-2034
-1441
-363
6
-49
393
1066
1266
1361
2022
2424
2024
1561
1788
2088
1668
1157
1024
863
422
0
-23
-203
-662
-1044
-1158
-1191
-1420
-1651
-1727
-1692
-1616
-1483
-1222
-891
-705
-516
-133
408
824
1083
1497
1926
2221
2555
3012
3447
3617
3661
3804
4059
4382
4448
4104
3579
3082
2772
2428
1444
204
-176
612
298
-1949
-3645
-3098
-2545
-3606
-4163
-3227
-3681
-5866
-6054
-3722
-2826
-4226
-4298
-2846
-2962
-3694
-2011
542
369
-990
-66
1834
2045
1861
3204
4439
3741
2824
3403
4110
3726
3162
3245
3063
2175
1505
1374
1135
588
97
-436
-1275
-1956
-2164
-2484
-3077
-3358
-3297
-3639
-4182
-3887
-3149
-3091
-3302
-2717
-1882
-1858
-1870
-970
-14
70
139
954
1626
1565
1680
2463
2729
1938
1448
2103
2582
1770
770
824
1004
378
-266
-63
3
-813
-1471
-1260
-1000
-1346
-1684
-1590
-1598
-1774
-1548
-923
-504
-521
-469
-20
579
918
1151
1624
2183
2388
2426
2867
3428
3611
3519
3737
4161
4268
4094
3866
3543
3070
2630
2375
1553
220
-416
156
296
-1441
-3255
-3265
-2769
-3502
-4148
-3383
-3298
-5114
-5963
-4296
-3009
-3768
-4093
-2903
-2756
-3597
-2501
58
696
-449
-164
1427
1896
1833
3053
4441
4033
2912
3095
3848
3791
3319
3144
2859
2021
1358
1223
1032
525
-104
-749
-1497
-2041
-2198
-2524
-3170
-3506
-3416
-3561
-4023
-3875
-3182
-3027
-3207
-2748
-1903
-1773
-1861
-1067
-12
168
186
915
1704
1722
1785
2534
2767
2060
1626
2298
2658
1987
1251
1179
877
270
137
539
255
-705
-1309
-1274
-1202
-1292
-1291
-1361
-1697
-1971
-1719
-1122
-575
-405
-413
-263
120
436
798
1487
2098
2085
1901
2245
2799
2975
3112
3503
3674
3430
3359
3741
3764
3149
2467
2268
2120
1248
-153
-737
-84
182
-1474
-3334
-3351
-2748
-3446
-4104
-3083
-2700
-4677
-5963
-4317
-2627
-3294
-3823
-2534
-2161
-3242
-2515
285
1293
-84
-192
1468
2043
1679
2667
4253
3923
2516
2484
3294
3247
2690
2617
2514
1676
910
754
668
281
-241
-790
-1514
-2127
-2314
-2503
-2872
-3097
-3079
-3237
-3598
-3435
-2808
-2553
-2592
-2171
-1418
-1221
-1280
-616
355
659
717
1354
2091
2058
2054
2578
2640
2033
1824
2382
2304
1513
1111
984
367
-44
274
466
-419
-1185
-1227
-1258
-1377
-1247
-1028
-1530
-2035
-1786
-1252
-862
-437
-106
-152
-285
126
820
1409
1967
2107
1918
1956
2488
2993
3109
3322
3423
3144
3081
3616
4160
3963
3214
2477
1994
1985
1707
496
-444
-19
298
-1416
-3242
-2728
-1928
-3136
-4204
-3014
-2423
-4498
-5614
-3661
-2368
-3716
-4238
-2439
-2049
-3526
-2802
80
745
-889
-677
1340
1664
937
2026
3745
3300
1868
2076
2960
2709
2141
2269
2197
1266
565
604
506
60
-342
-831
-1668
-2266
-2198
-2229
-2791
-3131
-2991
-3087
-3518
-3292
-2422
-2176
-2502
-2215
-1281
-915
-1007
-385
618
808
662
1246
2151
2221
2027
2375
2438
1694
1162
1753
2256
1745
767
174
-263
-435
-226
114
-274
-1192
-1897
-2011
-1612
-1187
-1063
-1476
-1980
-2112
-1696
-900
-90
163
-121
-324
53
775
1438
2006
2277
2144
1944
2195
2794
3230
3361
3318
3231
3179
3388
3722
3999
3865
3264
2285
1752
1900
1659
403
-524
-31
55
-1664
-3234
-2600
-1939
-3142
-4054
-2862
-2379
-4290
-5247
-3407
-2180
-3371
-3709
-2048
-1725
-3086
-2343
386
978
-509
-237
1528
1602
878
2086
3690
3017
1633
1954
2713
2270
1852
2267
2089
931
315
573
445
-112
-364
-717
-1667
-2323
-2139
-2121
-2715
-2945
-2584
-2634
-3106
-2878
-2052
-1800
-2001
-1539
-678
-478
-584
25
881
1012
890
1388
1993
1955
1843
2133
2198
1492
798
840
1193
1150
638
-9
-634
-1053
-1074
-745
-524
-842
-1615
-2200
-2106
-1623
-1246
-1145
-1216
-1477
-1614
-1141
-214
459
544
463
552
837
1308
1957
2479
2591
2420
2366
2578
2861
3088
3191
3219
3174
3196
3343
3478
3543
3334
2762
1863
1248
1159
826
-130
-703
-270
-576
-2467
-3738
-2698
-1866
-2968
-3743
-2674
-2615
-4518
-4764
-2513
-1740
-3381
-3451
-1625
-1542
-2696
-1339
1086
721
-799
249
2000
1522
1010
2600
3635
2328
1496
2429
2674
1699
1690
2375
1693
408
404
668
-143
-767
-487
-852
-2171
-2589
-2054
-2333
-3186
-3059
-2504
-2876
-3318
-2618
-1853
-2010
-2017
-1228
-750
-891
-392
709
1075
719
944
1655
1904
1954
2388
2601
2019
1576
1521
1078
316
552
1383
902
-699
-1433
-888
-756
-1130
-1073
-862
-1675
-2620
-2326
-1391
-1150
-1410
-1412
-1518
-1767
-1395
-267
498
482
285
452
792
1297
1935
2412
2559
2513
2500
2521
2778
3128
3243
2929
2764
2906
3118
3137
3142
3148
2771
2078
1273
812
505
171
-386
-679
-793
-1424
-2691
-3311
-2604
-2066
-2573
-3078
-2768
-2935
-3844
-3721
-2307
-1694
-2454
-2707
-2021
-1678
-1514
-333
867
627
-68
394
1313
1636
2048
2771
2723
1833
1570
2051
2141
1777
1675
1461
693
114
216
166
-451
-916
-1066
-1516
-2108
-2153
-1973
-2250
-2638
-2535
-2264
-2273
-2146
-1640
-1208
-1096
-898
-434
-10
282
596
946
1196
1417
1666
1822
1876
1945
2025
2003
1896
1838
1492
741
-72
-188
197
331
-211
-995
-1522
-1794
-1726
-1426
-1200
-1541
-2146
-2463
-2311
-1913
-1444
-1115
-1196
-1436
-1332
-758
-113
394
677
792
787
996
1471
1961
2303
2452
2523
2467
2497
2640
2827
2763
2621
2514
2636
2662
2648
2638
2785
2841
2427
1769
1082
853
615
291
-273
-495
-621
-1066
-1964
-2420
-2010
-1648
-1985
-2535
-2576
-2634
-3056
-3136
-2545
-2122
-2448
-2667
-2308
-1884
-1610
-972
-207
-106
-441
-236
451
802
1030
1491
1820
1417
1008
1157
1411
1171
875
827
644
169
-157
-170
-312
-646
-870
-953
-1150
-1419
-1537
-1590
-1685
-1654
-1429
-1271
-1265
-1167
-899
-685
-530
-181
243
505
544
647
796
910
1050
1334
1556
1481
1237
1087
1109
1133
1143
1031
755
323
-162
-537
-710
-648
-614
-762
-1073
-1361
-1622
-1745
-1563
-1186
-1009
-1159
-1334
-1360
-1238
-999
-562
-200
-130
-211
-139
152
534
984
1307
1371
1193
1177
1428
1814
2083
2160
2028
1760
1584
1597
1723
1698
1586
1451
1504
1539
1635
1703
1836
1830
1789
1809
1935
2076
2107
1864
1125
288
-123
129
362
248
-252
-969
-1890
-2429
-2119
-1399
-1383
-2142
-2892
-3263
-3399
-3203
-2523
-2035
-2293
-2816
-2782
-2297
-1709
-1011
-312
-188
-513
-490
131
794
1221
1675
1959
1749
1382
1474
1832
1918
1733
1610
1434
1081
783
697
533
152
-120
-237
-495
-968
-1301
-1427
-1583
-1755
-1707
-1592
-1712
-1934
-1945
-1730
-1507
-1255
-947
-751
-755
-763
-506
-73
350
595
634
560
575
823
1144
1329
1102
524
-18
-4
452
662
285
-368
-795
-964
-873
-647
-410
-521
-928
-1307
-1347
-1034
-651
-469
-612
-806
-763
-456
-119
163
374
548
605
651
864
1282
1676
1855
1872
1892
1971
2088
2159
2247
2318
2431
2477
2471
2415
2434
2555
2662
2709
2511
2062
1228
596
310
348
48
-328
-695
-1116
-1921
-2538
-2360
-1803
-1713
-2237
-2661
-2965
-3108
-3040
-2515
-2192
-2194
-2266
-2118
-1987
-1677
-865
-12
212
-34
153
693
1191
1470
1915
2240
2141
1829
1683
1750
1666
1609
1485
1238
817
512
360
47
-396
-671
-748
-1012
-1507
-1874
-2007
-2162
-2326
-2263
-2032
-1979
-2088
-2078
-1832
-1490
-1061
-577
-255
-187
-132
153
495
815
1167
1521
1631
1507
1466
1622
1783
1833
1779
1622
1327
1081
993
975
822
410
-186
-808
-1030
-804
-492
-768
-1567
-2344
-2431
-2001
-1513
-1409
-1690
-2087
-2301
-2111
-1643
-1113
-829
-810
-973
-947
-513
246
839
989
866
890
1206
1605
1951
2153
2266
2220
2147
2138
2241
2373
2420
2392
2304
2328
2406
2515
2446
2410
2338
2229
1800
1248
775
413
14
-395
-370
-180
-486
-1598
-2493
-2458
-1807
-1444
-1539
-2005
-2641
-3057
-2800
-2217
-1912
-1831
-1622
-1502
-1717
-1567
-638
394
551
259
261
635
960
1311
1709
1791
1511
1324
1372
1238
919
820
945
776
396
180
145
-167
-618
-781
-680
-719
-947
-1123
-1311
-1609
-1765
-1487
-1121
-1063
-1222
-1205
-1097
-999
-742
-211
179
137
-21
79
341
576
842
1097
1110
884
786
925
1083
1055
970
855
627
343
186
206
152
14
-154
-399
-869
-1376
-1426
-1064
-724
-958
-1545
-2043
-2062
-1663
-1143
-905
-1105
-1473
-1594
-1402
-1068
-733
-428
-284
-397
-526
-318
212
706
998
1103
1113
1098
1263
1622
1918
1974
1959
2018
2042
1920
1852
1916
1999
1992
2009
2032
1923
1779
1788
1929
1995
1910
1648
1141
639
390
259
-93
-396
-236
-91
-607
-1574
-2038
-1864
-1437
-1091
-1044
-1648
-2603
-2929
-2377
-1768
-1669
-1720
-1680
-1787
-1877
-1480
-716
-251
-211
-156
25
166
388
915
1434
1544
1353
1240
1304
1359
1363
1346
1230
1061
973
992
907
596
231
11
-83
-171
-278
-426
-715
-1100
-1326
-1263
-1098
-1028
-1015
-1028
-1122
-1232
-1141
-842
-573
-465
-412
-375
-417
-390
-81
353
575
533
497
538
555
622
850
1019
914
665
565
575
573
588
649
610
365
57
-300
-560
-625
-334
-106
-330
-968
-1471
-1531
-1222
-845
-678
-903
-1316
-1485
-1232
-865
-701
-664
-642
-607
-614
-468
-217
12
93
221
383
465
464
614
870
1022
1027
1070
1145
1152
1135
1185
1236
1197
1204
1350
1528
1497
1372
1299
1339
1432
1578
1664
1481
1103
806
631
357
24
2
332
548
209
-568
-1284
-1500
-1028
-255
51
-583
-1626
-2217
-2034
-1425
-820
-598
-985
-1652
-1900
-1475
-836
-467
-396
-475
-608
-680
-522
-137
199
381
449
435
320
186
231
450
648
668
549
409
281
169
144
167
107
-32
-111
-115
-220
-466
-635
-601
-481
-426
-384
-372
-526
-733
-699
-360
-88
-34
-76
-84
-114
-118
76
328
442
364
295
295
309
339
401
460
454
450
448
415
367
368
388
365
348
340
290
168
63
32
19
-3
-66
-204
-423
-583
-558
-442
-398
-555
-753
-868
-807
-696
-589
-594
-648
-738
-751
-602
-516
-372
-395
-418
-308
-204
-69
-86
-46
37
171
396
528
616
616
638
768
929
1069
1096
1021
968
1036
1096
1182
1221
1167
1028
857
938
1059
1132
1085
988
917
753
658
673
756
750
631
507
358
99
-288
-523
-442
-189
-42
-203
-610
-1101
-1380
-1211
-724
-411
-608
-1118
-1550
-1656
-1424
-1008
-730
-800
-1105
-1274
-1154
-842
-600
-576
-546
-355
-71
69
32
-10
46
227
390
442
377
266
212
200
247
383
491
396
158
-6
24
146
228
277
151
-81
-431
-392
107
200
173
-7
-376
-482
-192
96
128
19
-293
-498
-383
-200
-29
-23
-177
-352
-448
-362
-104
73
66
18
-73
-13
168
346
512
581
535
428
425
547
708
767
692
667
687
680
664
657
650
643
665
685
639
498
353
350
360
325
354
330
147
-92
-212
-219
-195
-229
-274
-338
-524
-626
-619
-612
-598
-586
-585
-635
-697
-673
-581
-508
-494
-460
-432
-426
-428
-403
-336
-271
-228
-180
-118
-128
-138
-127
-127
-111
-69
-54
-117
-190
-208
-165
-151
-165
-141
-142
-174
-192
-128
-40
33
72
44
57
98
216
320
422
440
426
279
285
721
784
738
556
395
398
620
801
647
487
217
135
163
199
253
219
77
-130
-290
-297
-210
-110
-97
-134
-300
-403
-364
-323
-157
-67
-82
-241
-338
-316
-190
-34
76
121
2
-58
30
181
259
327
361
337
256
223
316
383
359
293
305
229
122
61
22
-2
-33
-62
-146
-275
-423
-477
-522
-582
-609
-648
-751
-852
-846
-801
-778
-765
-706
-684
-749
-767
-628
-443
-336
-245
-164
-142
-151
-26
209
362
403
362
326
334
429
594
679
661
572
490
439
472
580
637
588
471
389
303
295
404
535
529
368
207
172
242
305
364
346
226
118
116
154
205
205
151
110
66
37
7
-44
-88
-74
-54
-108
-203
-285
-347
-359
-297
-288
-375
-461
-487
-438
-413
-398
-387
-428
-470
-442
-331
-272
-309
-358
-350
-313
-261
-195
-140
-101
-92
-87
-106
-104
-79
-55
-35
-64
-79
-55
-41
-5
73
82
59
70
89
79
41
46
91
120
92
76
83
34
-8
47
142
166
100
49
62
70
69
102
147
138
59
3
-3
-7
-15
-5
20
-37
-135
-176
-144
-60
11
32
8
-35
-37
53
157
243
266
254
245
297
411
504
542
532
575
629
625
634
711
753
711
628
602
618
586
550
514
450
331
216
123
25
-89
-197
-291
-367
-426
-522
-663
-769
-785
-753
-728
-767
-831
-882
-905
-816
-663
-556
-535
-558
-529
-414
-273
-135
4
106
138
113
104
187
276
297
336
320
179
34
61
196
238
174
104
32
-107
-162
-16
134
65
-70
-127
-143
-143
-75
83
151
48
-66
-49
54
182
301
376
354
284
257
297
361
401
383
291
206
175
147
123
132
141
62
-81
-174
-230
-268
-269
-241
-308
-492
-649
-651
-572
-540
-583
-654
-751
-844
-784
-587
-407
-353
-407
-461
-391
-202
-1
152
232
251
270
339
483
683
807
819
809
843
896
974
1027
1051
1017
931
872
807
706
583
517
421
226
27
-113
-245
-383
-483
-547
-641
-787
-893
-939
-966
-956
-900
-882
-938
-942
-847
-732
-660
-596
-475
-378
-307
-196
-36
107
195
276
333
379
429
514
584
592
579
537
477
424
420
411
364
295
195
61
-38
-41
7
13
-69
-166
-248
-341
-334
-216
-109
-85
-116
-114
-73
15
129
251
305
275
250
281
332
368
392
405
395
337
257
181
152
173
159
74
-50
-187
-292
-343
-397
-443
-486
-587
-696
-779
-811
-792
-799
-807
-757
-695
-714
-699
-626
-537
-427
-358
-278
-185
-133
-96
35
176
252
293
367
507
621
643
646
710
795
843
856
857
811
743
666
640
617
540
455
347
255
112
-54
-149
-165
-182
-284
-393
-485
-536
-509
-412
-338
-373
-460
-451
-343
-214
-143
-139
-130
-57
32
87
141
205
263
275
293
355
398
387
405
468
468
377
320
330
313
274
260
258
158
15
-22
1
-39
-118
-180
-238
-291
-335
-314
-325
-379
-372
-344
-284
-260
-224
-198
-195
-138
-39
94
202
227
212
189
212
348
485
535
495
433
369
336
357
414
432
340
154
-17
-116
-152
-116
-125
-200
-352
-501
-543
-483
-386
-357
-416
-497
-516
-489
-429
-345
-276
-251
-248
-227
-137
-10
88
170
252
292
304
351
445
498
472
413
362
315
292
305
285
184
19
-103
-126
-100
-111
-190
-303
-403
-458
-475
-422
-358
-352
-400
-435
-401
-348
-324
-263
-158
-115
-135
-135
-73
-12
23
68
143
167
120
126
205
279
299
307
307
275
217
219
261
232
145
47
-31
-72
-97
-140
-196
-245
-289
-337
-369
-338
-258
-228
-243
-223
-201
-174
-119
-27
66
60
-7
-9
91
186
216
212
189
167
160
194
256
276
237
177
165
206
224
202
167
153
140
134
146
157
124
63
52
87
118
100
95
121
114
99
83
77
93
133
178
183
145
121
123
120
139
201
211
118
21
-13
-18
-26
-18
-6
-72
-209
-291
-298
-299
-329
-360
-423
-499
-537
-540
-556
-580
-576
-563
-535
-474
-406
-399
-420
-385
-266
-128
-43
39
87
98
137
260
414
459
440
453
481
484
512
558
536
448
401
414
391
284
178
140
99
50
45
20
-76
-183
-216
-173
-159
-177
-181
-196
-242
-254
-205
-152
-137
-137
-140
-141
-143
-126
-82
-86
-85
-28
12
-17
-65
-53
-35
-49
-47
-28
-66
-164
-210
-175
-118
-95
-106
-143
-207
-243
-199
-106
-73
-119
-180
-197
-133
-29
76
116
85
58
99
217
333
429
478
452
410
424
495
557
571
543
465
336
226
192
205
185
129
27
-147
-306
-341
-277
-278
-383
-515
-595
-641
-656
-590
-514
-519
-548
-509
-433
-365
-292
-221
-170
-119
-32
87
188
258
343
427
490
553
634
719
766
777
768
728
664
654
664
643
597
500
353
222
192
199
174
86
-36
-146
-230
-243
-211
-225
-278
-310
-367
-443
-469
-429
-378
-360
-351
-342
-354
-370
-316
-214
-158
-151
-148
-127
-108
-100
-74
-48
-35
-35
-19
15
33
4
-47
-53
-31
-6
19
30
0
-55
-107
-106
-44
18
31
-7
-59
-78
-49
-4
45
72
45
-15
-47
-19
30
54
58
66
75
55
49
113
183
177
123
128
171
175
172
222
255
194
118
145
209
183
118
122
131
67
-16
-2
38
8
-42
-62
-98
-178
-194
-140
-92
-87
-81
-86
-122
-125
-46
36
79
126
162
166
136
165
253
322
334
342
340
292
272
296
338
349
311
265
216
160
129
157
196
170
100
34
-21
-44
-37
-37
-77
-166
-246
-284
-307
-301
-255
-227
-297
-393
-385
-316
-287
-302
-314
-330
-359
-368
-306
-245
-252
-295
-313
-308
-304
-282
-245
-195
-154
-150
-166
-141
-78
-23
-5
-1
29
63
64
45
61
93
122
158
185
177
119
53
56
138
182
121
-4
-98
-112
-80
-45
-39
-92
-214
-315
-325
-260
-200
-197
-227
-248
-270
-279
-232
-151
-87
-91
-135
-142
-87
-30
-3
27
31
8
-2
44
130
168
117
50
50
100
139
166
195
188
150
124
165
222
211
167
133
119
89
50
39
57
42
-6
-37
-36
-47
-92
-106
-79
-33
-7
-22
-36
-18
18
78
138
171
172
153
149
165
210
274
321
327
303
284
302
362
415
405
362
309
251
206
197
205
168
80
-10
-67
-111
-145
-150
-168
-226
-287
-315
-301
-289
-290
-274
-249
-254
-265
-242
-204
-145
-82
-24
12
40
78
122
204
292
349
342
308
309
340
357
348
322
287
231
171
156
159
101
5
-60
-101
-149
-214
-261
-301
-362
-404
-399
-387
-409
-423
-429
-424
-394
-360
-332
-311
-286
-240
-185
-143
-109
-79
-37
31
107
161
188
211
224
239
280
341
369
348
316
297
276
265
291
315
289
212
138
107
119
156
149
100
50
4
-42
-90
-83
-49
-60
-127
-202
-264
-323
-336
-282
-211
-227
-311
-334
-279
-215
-166
-114
-88
-113
-121
-53
51
95
71
93
131
132
126
165
211
224
219
228
259
235
216
256
295
306
277
230
211
238
251
221
173
128
97
60
56
95
95
8
-102
-132
-106
-98
-102
-100
-146
-257
-294
-218
-135
-94
-122
-151
-168
-181
-111
-6
51
47
21
8
34
132
205
217
181
158
165
176
183
188
189
146
106
104
93
62
14
-5
9
3
-22
-63
-116
-165
-195
-181
-150
-147
-199
-276
-334
-297
-217
-185
-199
-375
-383
-176
-3
-11
-313
-417
-160
147
224
-56
-313
-196
151
406
298
-22
-166
-5
258
337
191
-29
-130
-102
75
34
-143
-276
-345
-120
-21
-122
-306
-497
-438
-275
-245
-322
-480
-523
-416
-268
-148
-168
-301
-366
-262
-89
21
-25
-51
-58
-23
63
103
83
17
48
155
198
129
7
-12
62
98
141
177
159
119
122
165
202
166
95
81
91
112
93
75
92
109
149
171
136
85
49
75
181
267
233
117
36
59
127
173
218
229
161
83
90
162
171
114
108
130
98
47
71
114
68
-26
-43
-31
-74
-98
-63
-10
-54
-101
-96
-97
-110
-83
-29
-39
-124
-158
-94
-39
-28
-58
-89
-101
-48
0
8
28
56
55
25
29
82
136
131
142
161
117
73
88
142
166
129
82
43
6
-15
-18
-20
-88
-151
-190
-188
-164
-195
-219
-235
-254
-265
-271
-261
-240
-234
-248
-267
-271
-264
-198
-108
-41
4
-1
24
85
143
238
311
278
274
322
389
430
397
363
348
286
263
334
193
142
472
454
-82
-477
-375
351
678
-152
-826
-489
54
251
-152
-806
-622
-46
-29
-222
-375
-385
-21
126
-158
-227
-37
173
376
299
210
397
442
312
318
429
532
508
288
250
401
464
224
-161
-113
148
155
-75
-296
-297
-168
-306
-450
-380
-409
-438
-346
-339
-341
-322
-346
-224
-159
-191
-116
-3
50
149
223
236
259
301
339
365
336
302
396
400
389
283
115
92
71
52
22
-111
-204
-210
-243
-290
-360
-418
-415
-401
-439
-466
-415
-416
-431
-345
-279
-186
-126
-195
-114
-16
114
252
231
241
302
388
431
431
448
449
443
423
389
422
370
364
247
94
10
-22
-45
-14
-269
-740
-32
-240
-569
-377
-976
-398
-250
-852
-619
-558
-566
-378
-362
-677
-378
-26
-365
-117
31
-156
300
260
39
-134
-852
-837
229
1320
313
-990
-847
53
662
-217
-1450
-403
804
108
217
-32
-12
38
-663
-602
-211
41
375
701
681
274
691
391
-314
-70
28
1217
1567
1383
1570
918
629
292
-185
292
672
854
1385
1119
493
-95
-189
-654
-1389
-995
-333
151
-2
-429
-359
-977
-2024
-1874
-1216
-860
-751
-240
262
56
-294
-846
-826
-447
-459
309
1341
1626
1552
1093
656
572
467
677
1301
1713
1847
1705
1441
989
489
127
-112
60
467
692
619
234
-303
-853
-1257
-1260
-959
-551
-457
-531
-513
-678
-955
-1124
-1066
-837
-502
-94
247
312
100
-204
-290
-167
23
377
714
791
725
636
464
309
229
229
362
548
657
680
515
123
-190
-272
-143
34
139
187
70
-105
-308
-375
-371
-300
-271
-144
-90
-15
-3
-370
-396
-486
-328
-230
-84
-13
-162
-325
-511
-482
-408
-409
-322
-316
-308
-311
-381
-351
-499
-454
-447
-280
-80
45
2
-93
-128
-238
-201
36
274
225
146
139
133
80
-1
13
94
131
129
81
97
75
-19
-69
-105
-61
-15
-21
10
34
40
-31
-79
-91
-81
11
127
189
130
25
-42
-85
-107
-72
2
-13
-198
-364
-397
-389
-384
-379
-400
-469
-573
-579
-475
-412
-438
-463
-439
-386
-286
-149
-62
-6
-6
-4
88
230
402
508
541
555
533
497
523
586
654
653
573
483
378
267
213
225
209
101
-26
-123
-207
-267
-310
-307
-331
-421
-449
-407
-364
-322
-282
-296
-296
-319
-277
-121
44
152
138
75
55
105
153
226
301
299
256
215
167
164
129
86
92
48
-22
-81
-125
-130
-182
-223
-283
-275
-279
-231
-163
-71
-81
-102
-113
-182
208
107
190
374
222
257
255
220
411
499
455
482
441
315
333
348
289
257
205
154
32
81
17
-74
-80
-225
-301
-400
-322
-325
-371
-325
-400
-419
-544
-511
-395
-329
-270
-249
-235
-260
-244
-182
-47
24
56
175
232
311
345
341
421
413
482
560
626
649
632
597
546
535
513
514
511
507
440
348
284
208
179
99
-1
-18
-72
-144
-208
-272
-311
-366
-454
-477
-452
-454
-456
-460
-464
-430
-384
-380
-369
-302
-253
-190
-106
-78
-71
-52
5
108
175
240
292
266
246
240
289
379
362
335
369
358
289
241
277
271
213
136
114
