-280
-24
-163
-276
-24
-289
-167
-16
-314
-7
-115
-262
110
-256
-150
129
-257
-86
131
-277
41
74
-320
247
-116
-162
297
-301
80
136
-295
270
-85
-181
359
-153
-40
366
-216
206
239
-265
448
-74
-47
438
-214
203
297
-268
419
51
-227
460
-189
-34
387
-353
257
187
-233
312
-18
-64
271
-109
91
249
-178
300
148
-126
440
-151
91
265
-155
185
47
34
189
21
49
187
-114
233
43
-91
239
-5
18
204
-78
130
48
-64
159
-105
27
101
-65
44
33
-72
9
93
-146
-87
86
-105
-86
-21
-102
-51
-51
-152
3
-74
-176
115
-121
-151
38
-122
-19
-51
-125
55
-17
-156
138
-87
-140
106
-108
-110
-52
-96
-41
20
-258
-2
-28
-146
-74
-138
-89
-31
-182
-119
46
-268
92
-117
-155
76
-74
-344
256
-141
-243
113
-121
-1
-122
-155
214
-285
-142
94
-283
41
-259
-188
92
-219
-273
110
-209
-181
-84
-41
-184
-174
-24
-49
-140
-234
137
-303
98
-283
-61
31
-234
-18
-97
-16
-203
10
57
-146
-52
79
-37
101
-151
143
38
1
10
137
17
39
58
143
59
-40
180
82
103
-43
289
130
37
143
263
-9
131
142
150
83
43
245
164
24
195
133
234
-1
180
298
-75
277
150
113
118
124
228
37
95
176
74
131
-24
265
62
-89
163
193
-104
38
168
-41
-7
109
19
-58
47
-66
246
-192
25
272
-119
21
195
46
-82
139
174
-57
86
167
-66
266
-78
18
335
-195
2
311
-210
103
75
-32
82
106
-162
260
-26
-326
428
-246
-125
141
-138
-94
-13
-121
-164
83
-309
-134
159
-424
-18
15
-311
20
-183
-210
38
-268
-233
271
-447
-65
173
-413
220
-228
-168
198
-254
-201
313
-379
-91
239
-470
158
-86
-244
111
-122
-225
226
-220
-228
402
-420
45
101
-202
68
-77
-99
136
-58
-353
504
-398
-89
337
-517
199
97
-415
324
-42
-341
358
-101
-234
430
-300
99
411
-520
485
79
-468
617
-224
-256
538
-326
-21
495
-493
230
342
-632
538
-99
-268
436
-296
110
264
-458
422
89
-529
614
-170
-211
493
-340
179
279
-487
355
113
-366
381
-116
-43
307
-260
140
461
-652
607
128
-418
565
-50
-109
305
-22
-185
630
-705
470
166
-492
517
-233
31
289
-506
248
282
-678
511
-186
-160
270
-291
130
17
-348
412
-400
-118
302
-409
61
80
-466
394
-407
-196
346
-608
162
-124
-183
156
-334
-107
414
-640
259
-72
-328
305
-315
-120
274
-420
155
104
-628
602
-415
-117
328
-595
356
-178
-263
255
-350
-42
123
-296
-76
139
-296
117
-140
-92
118
-194
-7
97
-125
82
-9
-156
230
-256
-48
147
-316
196
-203
-37
52
-77
-178
184
-306
152
-149
-5
113
-230
202
-118
37
-37
-7
-26
47
24
86
-121
321
-123
158
102
109
42
122
237
-109
288
72
48
89
415
-321
365
98
204
-43
247
154
181
-118
257
370
-274
284
285
-40
207
214
-153
421
64
-264
522
24
-302
608
-315
434
-206
102
468
-451
292
275
-232
397
-36
90
414
-211
208
336
-179
318
36
56
304
-97
198
47
144
92
-40
183
57
-36
86
209
-224
313
-50
-108
283
-72
-93
109
48
-108
-90
57
-19
-214
55
-14
-268
203
-246
-34
208
-373
108
57
-125
-263
217
9
-390
284
-184
-15
-69
-131
43
-191
29
-293
115
-214
-232
51
-138
-236
-266
129
-324
-199
-59
-78
-122
-299
252
-244
-108
-64
95
-180
-251
203
-302
-63
-53
-192
81
-350
27
-23
-270
-65
-76
-10
-84
-148
30
262
-357
-29
418
-312
-172
355
29
-377
262
127
-184
-106
184
-172
101
-375
286
-66
-231
96
-44
39
-197
157
-171
301
-188
-73
454
-367
256
13
64
8
126
43
-170
535
-505
494
-214
124
247
-234
282
6
292
-355
675
-115
-144
576
-380
404
-92
-36
203
-6
-6
33
372
-412
344
134
-209
246
-42
166
73
220
-304
628
-255
50
331
-237
174
-24
151
-56
109
-29
77
285
-582
848
-684
396
-73
-242
514
-481
30
151
-59
-481
405
-135
-298
175
-379
584
-756
320
40
-372
354
-535
487
-574
418
-552
434
-373
-254
589
-960
863
-907
667
-312
-62
342
-264
416
-664
1087
-1101
819
-382
-149
581
-814
421
-280
163
-594
526
-564
124
247
-1033
1268
-1144
393
17
-342
459
-759
1027
-1332
1257
-1155
537
46
-670
864
-1011
1034
-963
671
-318
44
172
-480
1016
-1268
1209
-849
474
16
-689
1214
-1345
1190
-960
618
-200
-136
315
-804
1360
-1760
1473
-774
-54
574
-789
703
-664
579
-788
895
-810
280
392
-966
1385
-1342
1085
-547
178
250
-392
740
-1057
1517
-1379
1201
-681
353
232
-611
1120
-1326
1477
-1328
945
-440
4
201
-460
611
-887
959
-1026
733
-487
15
123
-422
419
-714
522
-624
557
-629
219
30
-254
402
-722
744
-630
530
-621
375
77
-550
686
-723
519
-432
190
-173
-30
132
-390
415
-459
469
-412
198
29
-164
171
-393
352
-429
392
-762
566
-191
-502
422
-574
428
-613
432
-442
222
-228
-81
173
-478
319
-301
282
-229
-88
498
-472
232
-110
213
-27
-329
598
-261
61
-117
269
-77
-272
371
-226
165
-184
70
241
-352
240
-114
218
-175
108
75
88
-124
23
332
-210
61
-48
397
-358
121
67
172
-69
-259
607
-387
381
-286
294
-15
94
-147
199
96
-278
519
-306
174
252
-113
-17
394
-183
49
228
-130
151
174
-276
118
127
-69
-224
13
107
150
-596
379
162
-432
144
87
-137
154
-282
352
-195
263
-254
125
184
-114
-166
210
157
-462
555
-499
503
-195
-104
370
-195
-3
109
118
-137
5
387
-401
282
73
-84
-2
252
-128
36
293
-297
401
-284
194
140
-283
201
20
-3
-51
125
-119
145
-86
-285
518
-392
-1
249
-302
533
-489
275
83
-175
-64
222
-372
135
141
-563
522
-199
-308
209
-213
60
-151
-169
147
-50
-70
-52
44
-91
128
-405
339
94
-485
396
16
70
-110
131
146
37
-248
498
-233
-43
354
-67
86
-5
300
-303
610
-350
140
307
-254
181
154
123
-358
598
-145
58
63
-104
215
42
-325
323
-18
-195
223
-206
147
33
-357
470
-103
-291
369
-122
-70
230
-147
-168
807
-824
751
-230
35
575
-817
781
-171
-320
525
-184
-66
334
-35
-356
803
-711
286
268
-428
339
-37
-196
292
-50
-299
361
-106
-303
712
-694
309
308
-519
472
40
-402
565
27
-577
915
-512
-55
533
-647
531
-158
-9
175
-204
327
-88
-127
214
28
-307
633
-509
196
109
-376
299
-448
238
-401
326
-620
440
-195
-402
247
-194
22
-504
395
-403
192
-320
-172
262
-622
384
-497
-8
398
-725
156
355
-612
50
382
-803
471
-34
-488
384
-381
152
-245
-89
63
-143
-321
142
51
-565
304
-274
123
-426
446
-631
484
-488
146
8
-512
644
-784
359
30
-560
488
-65
-397
431
-497
421
-196
-227
431
-146
-361
600
-409
157
116
-395
450
-189
-122
148
-56
-69
-67
-49
96
-171
-84
264
-204
-156
396
-386
201
-148
-145
479
-522
299
126
-257
284
-169
266
-225
-6
108
80
-118
99
134
-194
254
-69
63
43
-133
522
-754
660
-370
247
-126
11
187
-178
126
-48
307
-602
655
-344
176
-29
41
161
-140
-39
304
-172
27
-82
336
-272
69
176
41
-55
207
185
-30
187
-363
787
-529
-159
661
-415
-107
335
-254
67
-175
-130
315
-486
-50
265
-345
-63
-15
-247
287
-731
488
-300
-329
220
-352
170
-597
381
-381
73
-236
85
63
-256
138
-116
129
-398
485
-317
20
418
-561
614
-250
124
52
-125
219
-112
297
-528
638
-77
-538
699
-566
354
-301
-226
432
-424
-296
486
-165
-548
729
-755
502
-206
-618
1142
-1083
254
640
-715
280
364
-459
435
-127
-132
688
-865
708
-93
36
56
63
309
-348
500
-251
339
-102
62
222
129
-304
709
-418
255
114
9
110
-35
210
55
-218
110
207
-261
136
0
176
-121
141
-44
152
-337
255
-94
-74
12
-13
188
-293
384
-48
-224
439
-90
66
146
-64
365
-33
-171
604
-293
117
125
-70
113
140
-552
962
-527
-286
897
-723
398
232
-744
998
-592
-213
954
-975
391
308
-683
799
-515
18
341
-323
88
94
15
40
-129
222
-246
175
-84
-176
522
-735
405
145
-503
498
-568
132
231
-376
-194
610
-575
56
124
-122
-60
-82
78
0
-530
622
-517
7
-30
-13
-185
33
13
-263
82
-191
112
-174
-77
43
16
-96
202
-652
792
-722
91
157
-460
350
-186
-113
114
-50
-56
-176
473
-660
390
-48
-102
38
-101
215
-359
429
-497
286
-24
-100
194
-353
636
-398
-140
591
-778
722
-788
844
-646
250
283
-401
487
-494
490
-287
257
-312
679
-635
547
-245
194
-133
80
63
-53
68
43
-50
-148
653
-1011
674
27
-782
604
-199
-472
482
-358
12
26
-115
210
-359
-144
745
-672
-272
1235
-1023
345
487
-806
903
-516
-93
571
-694
831
-682
271
680
-1101
549
579
-1191
953
-627
255
-206
-127
400
-402
-159
594
-421
-544
1275
-1151
18
710
-723
187
196
-493
773
-1121
883
-152
-801
753
-172
-634
719
-322
-408
903
-1199
955
-451
-281
999
-1252
719
438
-1283
1223
-355
-562
696
-490
259
-148
220
-134
-275
284
89
-633
162
368
-347
-91
47
626
-994
502
176
-625
177
234
-412
221
-105
148
-1
-7
187
15
-557
1166
-1093
646
264
-700
1063
-741
451
193
-679
635
56
-476
339
87
-259
609
-909
888
-423
34
221
-86
317
-449
395
202
-238
-6
71
454
-419
-295
1008
-806
287
336
-73
174
-61
-15
1192
-1520
919
643
-1150
1045
-251
-340
1039
-1445
1164
117
-1404
1516
-527
-403
1126
-1388
878
110
-871
770
-318
-409
971
-991
116
1006
-1701
1291
-441
-521
1482
-1722
1020
640
-1849
1853
-885
6
528
-845
790
95
-971
1206
-458
-317
588
-122
-221
611
-818
1075
-720
-250
1104
-1228
947
-916
638
24
-162
-216
767
-918
466
74
-583
677
-617
120
375
-796
279
-225
-136
-376
508
-729
511
-11
-390
75
222
-538
621
-696
457
71
-319
106
475
-1008
924
-604
273
1
-35
48
-82
-172
294
-292
-164
419
-367
-146
286
-432
197
-307
42
77
-111
40
-105
52
-61
89
-213
55
184
-423
118
22
-267
359
-641
511
-187
-149
15
-72
191
-546
576
-525
683
-648
589
-217
-7
371
-778
1113
-601
-40
442
-126
26
240
-201
206
230
4
-332
610
-439
259
-49
-178
458
-445
16
339
-376
470
-660
461
134
-543
550
-671
726
-89
-814
1415
-1015
179
584
-1006
684
-217
-385
464
-253
61
-19
-337
552
-522
210
-276
100
210
-378
117
521
-930
518
322
-647
442
-17
-301
869
-445
-605
1163
-527
-235
309
-3
-128
95
66
-83
14
-479
776
-689
764
-863
584
373
-878
779
-547
-8
749
-1134
390
544
-880
394
12
-151
-68
-278
737
-919
374
162
-758
1095
-706
-213
387
352
-1107
847
-384
-88
173
-494
480
-202
-273
195
223
-879
777
-370
-619
1266
-1426
614
54
-170
-396
549
-364
158
-548
693
-420
-112
215
-151
-2
61
-183
-52
555
-991
821
-139
-51
-296
533
-463
755
-967
589
324
-63
-340
650
-64
-113
348
-309
702
-562
513
42
59
9
-106
557
-711
501
-275
184
-190
137
270
-697
604
-363
127
19
-367
562
-220
-192
493
-424
154
129
-383
529
-459
351
-93
-213
61
-79
571
-782
464
-13
416
-410
-97
763
-704
628
-407
272
139
-267
320
-226
275
-296
514
-512
229
42
-407
882
-1288
1149
-173
-769
1113
-717
309
-234
110
241
-209
-162
289
145
-693
698
-499
175
-26
-286
394
-444
24
405
-482
264
36
10
110
66
-157
166
159
-384
593
-51
-421
446
123
-480
585
-538
321
-68
-438
1147
-1449
859
-262
-78
176
-770
1031
-787
-90
564
-660
121
-292
470
-720
10
371
-507
115
-128
16
-266
150
-319
406
-453
220
-202
442
-380
4
143
-362
526
-996
803
123
-1179
1300
-426
-549
688
-382
64
189
-566
1047
-722
-64
899
-1089
599
163
-642
823
-477
-122
816
-1137
679
24
-902
1083
-641
-390
987
-761
-335
708
-639
-112
469
-644
327
100
-509
459
-90
-207
-75
369
-171
-173
323
-97
175
-159
-138
485
-295
-111
360
-21
-179
204
210
-147
133
18
39
147
75
-63
43
177
206
-51
26
212
351
-338
-40
662
-134
-55
226
175
-14
63
105
-73
231
-114
154
75
-86
55
39
-180
-25
-114
182
-106
-326
215
50
-505
-60
282
-340
-517
436
-17
-431
-127
134
-120
-337
-21
-31
-42
-286
-99
94
-339
-138
-238
63
-257
-619
223
186
-763
-34
308
-169
-430
-35
433
-619
-51
380
-48
-287
535
-280
88
473
-599
817
76
-142
614
32
699
1
153
983
-58
363
903
305
340
803
630
311
670
712
408
638
835
893
341
857
928
-51
568
191
108
261
215
124
123
61
-378
-355
-638
-447
-809
-765
-498
-951
-682
-779
-1071
-1193
-911
-1078
-1101
-594
-695
-645
-756
-305
-460
-744
-234
-194
-227
-126
267
195
217
-38
261
225
-82
203
268
295
138
550
312
52
126
48
-51
-417
82
51
-164
-234
95
21
-726
-227
-427
-224
-302
-246
303
-172
-86
77
-178
-183
-120
-11
587
101
283
906
24
438
751
137
344
767
1005
604
320
1427
762
108
1151
795
564
871
944
641
618
356
890
1101
552
603
379
608
321
-1
263
-362
-468
-154
-95
-705
-494
-695
-1023
-1236
-1095
-699
-1437
-1074
-1352
-1365
-1389
-1324
-1348
-1587
-1270
-1493
-798
-784
-713
-841
-925
-438
-531
-208
-82
164
119
288
616
544
650
463
419
562
716
980
961
908
765
698
614
490
520
473
210
75
169
-18
-214
-421
-415
-655
-676
-519
-487
-510
-902
-794
-785
-733
-737
-570
-508
-610
-500
-279
-206
-425
38
27
244
464
571
665
655
721
729
1003
1089
1397
1234
1194
1578
1228
1248
1574
1401
1247
1566
1657
1623
1504
1455
1585
1437
1302
1079
489
899
850
108
191
177
110
-210
-567
-481
-877
-1320
-1530
-1227
-1158
-1689
-1852
-1738
-1663
-2467
-2219
-1832
-1908
-2006
-1700
-1271
-1275
-1348
-1318
-1229
-1086
-494
-179
6
324
732
528
522
908
951
1044
846
1384
1767
1645
1395
1375
1325
868
701
840
1152
767
477
724
519
147
-454
-613
-859
-1094
-1164
-1080
-980
-1268
-1511
-1721
-1671
-1986
-2013
-1810
-1618
-1529
-1409
-1178
-1215
-1329
-1287
-941
-734
-328
86
491
503
424
767
781
926
1040
1489
1888
1887
1973
2197
2012
1711
2019
2114
2128
2116
2349
2582
2296
2166
2372
2284
1970
1858
1936
1108
423
574
970
634
-62
67
-61
-747
-1382
-1366
-1315
-2233
-2429
-2062
-1884
-2472
-3129
-2975
-3302
-3402
-3218
-2455
-2122
-2398
-2226
-2032
-1834
-1736
-1481
-1234
-767
39
578
923
774
948
959
839
1328
2031
2546
2130
2350
2600
2504
2028
1593
1956
1552
1320
1554
1861
1466
506
70
-16
-301
-622
-542
-557
-924
-1359
-1397
-1903
-2672
-2889
-2764
-2478
-2428
-2211
-2173
-2445
-2847
-2721
-2214
-2359
-1913
-1234
-875
-797
-879
-424
-347
-455
146
1191
1546
1784
2109
2263
2170
1935
2539
2880
2872
3209
3568
3698
3267
2965
3075
2789
2780
3331
3744
3538
3155
2904
2599
2055
767
309
315
705
1051
289
-297
-1041
-1541
-2564
-2772
-2328
-2617
-3030
-3179
-2853
-3301
-4531
-5142
-4640
-4334
-4299
-3268
-2334
-2491
-3299
-3527
-2688
-2188
-1992
-1250
-195
625
936
1066
1142
1064
1047
1374
2290
3286
3689
3264
2748
2717
2512
2302
2085
2458
2677
2092
1837
1673
1285
23
-608
-513
-212
-342
-841
-826
-1451
-2438
-3179
-3117
-2858
-3100
-3063
-2653
-2514
-3008
-3257
-3155
-3122
-3141
-2408
-1274
-1020
-989
-994
-748
-847
-580
478
1186
1528
1875
2681
2766
2332
2490
3121
3371
3308
4250
4843
4458
3741
3800
3935
3494
3483
4220
4599
4001
3877
3699
3051
2437
1560
762
165
577
1646
800
-756
-1509
-1567
-2598
-3415
-2793
-2388
-3653
-4557
-3788
-3528
-5132
-6375
-5338
-4466
-4743
-4208
-2712
-2450
-3962
-4266
-2888
-1639
-1492
-877
127
889
1119
1513
1847
1744
1945
2376
3126
3952
4434
3965
2804
2551
3093
3324
2736
2763
2956
2119
1026
964
1133
138
-1012
-992
-298
-738
-1716
-2032
-2295
-3507
-4488
-3825
-2820
-3078
-3817
-3630
-3390
-3892
-4034
-3209
-2698
-3194
-2607
-1090
-625
-1345
-1451
-648
-462
-159
1205
2482
1969
1496
2394
3256
2708
2815
4050
4167
3532
3930
5243
4541
3328
3607
4464
4229
3829
4970
5065
3728
3195
3592
3665
2085
611
643
708
1149
938
-88
-1461
-2303
-2520
-2926
-3096
-2778
-3458
-4694
-4934
-4147
-4665
-6382
-6441
-4993
-4585
-4826
-3748
-2833
-3689
-5064
-3813
-1403
-863
-987
-415
1030
1242
1222
2009
2662
2661
2545
3554
4597
4837
4153
3382
3194
3465
3964
3692
3394
2895
2197
1177
970
1298
714
-439
-1100
-706
-838
-1907
-2509
-2892
-3922
-4692
-3990
-2829
-3263
-4350
-4406
-3983
-4241
-4021
-3086
-2873
-3421
-2710
-1119
-903
-1534
-1381
-477
-194
321
2128
2810
1948
1618
2757
3525
3123
3415
4313
4090
3713
4525
5301
4335
3263
3775
4371
4169
4268
5044
4633
3500
3438
3804
3484
1580
173
458
1199
1866
867
-725
-1970
-2411
-2744
-2964
-2395
-2611
-4114
-5228
-4594
-4166
-5751
-7031
-6115
-4795
-5012
-4738
-3634
-3573
-5235
-5498
-2980
-1098
-1041
-1501
-683
529
834
1321
2188
2663
2544
2593
3648
4735
4541
3519
2986
3461
4281
4181
3505
3108
2441
1588
1077
1714
1793
427
-946
-1034
-607
-1253
-2044
-3049
-3756
-4192
-3867
-2915
-3206
-4167
-4878
-4487
-3935
-3583
-3271
-3399
-3448
-2933
-1687
-1182
-1431
-1539
-1014
-259
594
1861
2353
1916
1639
2500
3635
3877
3892
3983
4129
4245
4617
5038
4639
3980
3859
4413
4713
4757
4581
4364
3925
3911
3811
3739
2275
-150
-179
972
2645
1062
-1212
-2191
-2346
-2689
-3183
-2109
-2343
-4334
-5680
-4700
-3903
-5691
-7219
-6391
-4678
-4992
-4838
-3956
-3763
-5218
-5686
-2970
-853
-728
-1735
-1291
338
1317
1890
2359
2885
2683
2763
3478
4963
5201
3977
3046
3565
4888
4480
3445
2844
2650
1912
1243
1913
1908
390
-1560
-1361
-544
-862
-2015
-3591
-3975
-4415
-3972
-3335
-3321
-4216
-5145
-4727
-3917
-3418
-3628
-3751
-3444
-2652
-1755
-1267
-1326
-1590
-1199
-203
1098
1977
2191
1918
1864
2541
3770
4365
4030
3678
3952
4720
4850
4884
4714
4231
3925
4235
4953
4820
4291
4176
4363
4451
3968
3652
2973
395
-431
829
3052
2340
-944
-2420
-2213
-2093
-2620
-2273
-1892
-3663
-5738
-5320
-3689
-4700
-7010
-7124
-5070
-4400
-5320
-4726
-4031
-4685
-5668
-3974
-956
-682
-2109
-2516
-500
1384
2017
2099
2334
2265
2235
2883
4449
5390
4331
2857
2910
4379
4824
3620
2674
2707
2479
1599
1599
1994
891
-1127
-1543
-264
-61
-1614
-3454
-4366
-4349
-4179
-3116
-2901
-4088
-5531
-5542
-4216
-3508
-3610
-3911
-3842
-3361
-2364
-1400
-1477
-2014
-1729
-452
659
1360
1780
1642
1525
2202
3692
4570
3951
3190
3670
4532
5162
5278
5090
4382
3736
4166
4946
5107
4389
4211
4318
4398
4475
3833
3398
1593
-338
92
1850
3334
863
-2417
-3202
-2140
-1772
-2412
-2501
-2867
-4982
-6367
-4861
-3514
-5378
-7837
-7023
-4782
-4842
-5768
-4875
-4109
-5072
-5450
-3000
-639
-1576
-3125
-2268
629
2266
2035
1753
1891
2030
2433
3843
5463
5351
3489
2396
3492
5243
5155
3634
2931
2982
2598
1921
2204
2275
719
-975
-523
590
-25
-2144
-3627
-3309
-3378
-3714
-3515
-3440
-4530
-5740
-4972
-3550
-3650
-4626
-4612
-3881
-3506
-2816
-1853
-1616
-2470
-2196
-627
441
693
1016
1735
1805
2155
3514
4197
3428
2936
4273
5298
5018
4908
5099
4674
3902
4675
5684
5000
4005
4111
4886
4813
4558
4566
3750
3057
1414
412
924
2096
2986
207
-2364
-2400
-1258
-1588
-2810
-2418
-2605
-4916
-6124
-4278
-3464
-6027
-7633
-6126
-4221
-5644
-6254
-4730
-3981
-5114
-5494
-2770
-1314
-2416
-3677
-1852
892
1516
935
774
1500
1656
2206
3584
4875
4363
2591
2363
3870
5408
4595
3363
3091
3247
2768
2239
2822
2544
1080
-303
204
1123
-296
-2072
-2919
-2491
-2726
-3491
-3352
-3648
-4490
-5139
-4104
-3561
-4262
-4974
-4546
-3615
-3444
-2780
-2360
-2494
-2916
-2116
-521
-46
212
724
1337
1390
1929
3381
3694
3260
3414
4853
5202
4602
4799
5041
5118
4563
5269
5494
4656
4125
4508
5354
5032
4754
4489
3603
2914
1981
828
903
1976
2983
726
-2276
-2517
-1072
-1106
-2235
-2355
-2411
-4655
-6209
-4519
-3103
-5083
-7445
-6771
-4906
-5644
-6394
-4890
-3976
-5170
-6186
-4063
-1979
-2579
-3613
-2364
244
1064
364
166
945
1589
2210
3382
4536
4352
2818
2362
3845
5581
5412
3776
3172
3487
3311
2981
3345
3462
2077
343
395
1430
855
-1098
-2283
-2038
-2235
-2940
-2834
-2908
-3738
-5024
-4443
-3541
-4077
-4855
-4759
-3948
-3759
-3411
-2754
-2922
-3446
-2850
-1185
-304
-355
88
765
796
1249
2847
3543
2892
2658
3952
4886
4454
4543
4929
4649
4170
4656
5410
4823
3908
4181
4652
4709
4427
4382
3945
2743
2690
1574
525
676
2087
2490
-751
-2650
-1843
-817
-1675
-2632
-2309
-3041
-5373
-5619
-3543
-3405
-5908
-7371
-5984
-4662
-5761
-5656
-4324
-4206
-5720
-5771
-3276
-1900
-2914
-3622
-1774
124
447
-265
171
1056
1634
2190
3186
4094
3347
2271
2595
4501
5609
4553
3132
3132
3730
3477
3370
3660
3220
1424
321
1281
1969
699
-1247
-2197
-1746
-1931
-2105
-2248
-3058
-4112
-4410
-3425
-3048
-3931
-4732
-4423
-3682
-3131
-2903
-3073
-3479
-3403
-2101
-815
-460
-411
-281
236
760
1893
3005
2865
2266
2757
4200
4836
4573
4305
4407
4299
4534
5149
5302
4549
3755
4135
4743
4871
4663
4243
3861
3088
3391
2349
629
638
1927
3223
595
-1713
-1750
-793
-1174
-1865
-1532
-2126
-4493
-5791
-3658
-2542
-4693
-6850
-6453
-4779
-5675
-5689
-4390
-3977
-5772
-6821
-4274
-2257
-2578
-4065
-3016
-1009
-294
-564
-417
703
904
1161
1969
3279
3396
1989
1881
3318
5043
4404
2975
2949
3543
3372
2899
3577
3590
2048
507
1100
2361
1679
-604
-1834
-1398
-1096
-1332
-1753
-2222
-3294
-4103
-3277
-2421
-3014
-4384
-4547
-3509
-3016
-3029
-3150
-3262
-3419
-2793
-1464
-622
-960
-987
-343
292
1033
2033
2420
1796
1795
3315
4424
3989
3492
3667
3935
3809
4513
4985
4317
3301
3449
4371
4513
4268
4119
3936
3491
3214
3562
2154
574
949
2863
3489
752
-1352
-1233
-108
-180
-695
-1046
-1990
-4171
-4442
-2458
-1672
-3991
-6503
-6151
-4662
-4778
-4819
-4081
-4266
-6052
-6556
-4197
-2232
-2899
-4242
-3509
-1566
-746
-991
-657
-156
368
550
1462
2699
2565
1678
1487
3112
4608
3970
2569
2645
3362
3376
3273
3567
3494
1887
849
1727
2740
1604
-264
-746
-308
-465
-1081
-1074
-1598
-2757
-3141
-2382
-2180
-3269
-3964
-3623
-3277
-3492
-3309
-3135
-3635
-3662
-2647
-1472
-1724
-1968
-1284
-756
-537
268
1577
1497
862
1497
2969
3209
2730
3013
3383
3179
3202
4057
4285
3452
3094
3724
4033
3796
3829
4172
3825
3719
3933
3823
3205
1197
1112
2110
3811
3502
440
-1333
-666
881
523
-510
-1055
-2199
-4040
-3574
-1289
-1598
-4832
-6961
-5534
-4065
-4697
-4495
-4114
-4945
-6973
-6200
-3160
-2044
-3531
-4888
-3424
-1816
-1115
-1265
-859
-516
-345
178
1391
2698
2086
1095
1390
3324
4506
3492
2575
2917
3543
3314
3479
3994
3470
1693
1261
2656
2939
1763
326
373
302
-450
-374
-199
-963
-2258
-2494
-1916
-2262
-3075
-3147
-3094
-3550
-3638
-3063
-2862
-3651
-3547
-2569
-2161
-2306
-2046
-1208
-1139
-1091
68
967
809
648
1509
2291
2181
2346
3041
3122
2814
3079
3839
3807
3169
3529
3843
3778
3694
4030
4242
3720
3865
4306
3912
3464
2273
1555
1884
3106
4030
1691
-1005
-873
784
1026
-224
-1207
-1702
-3528
-4030
-2045
-1298
-3803
-6821
-6589
-4528
-4558
-4798
-4492
-4935
-6580
-7054
-4701
-2545
-3397
-5154
-4867
-3061
-1525
-1470
-1475
-1097
-823
-464
479
1905
2380
1440
972
2410
4207
4167
2927
2814
3702
3880
3719
4177
4417
3281
2124
2763
3676
3159
1579
793
1153
809
446
238
-431
-1434
-2241
-1736
-1515
-2390
-3100
-3427
-3282
-3386
-3286
-3306
-3806
-3963
-3236
-2373
-2434
-2480
-2246
-1844
-1626
-895
241
303
-14
226
1495
2057
2056
2324
2570
2624
2694
3582
3967
3621
3359
3751
4136
4110
4250
4495
4470
4207
4371
4761
4168
3825
2530
1723
2236
3443
4338
1665
-721
-789
816
1029
-14
-1019
-1931
-3631
-4090
-2135
-1569
-3763
-6621
-6709
-4920
-4822
-4798
-4694
-5143
-6803
-7246
-5022
-2937
-3295
-4975
-4964
-3424
-1775
-1301
-1149
-1021
-823
-447
365
2035
2627
1886
1011
2014
3978
4381
3544
3283
3940
3785
3669
4229
4872
3894
2311
2768
3225
3093
2151
1538
1474
220
-9
82
-353
-1250
-1930
-2030
-2548
-3127
-3087
-3184
-4022
-4240
-3866
-3745
-4304
-4240
-3372
-3453
-3768
-3361
-2377
-2254
-2359
-1479
-680
-541
-422
380
1100
1209
1562
2357
2609
2659
3050
3477
3773
3754
4251
4374
4160
4226
4391
4607
4501
4673
4643
4179
4201
4193
3987
3063
1593
1608
2268
3275
2148
-280
-1285
-490
269
-424
-1569
-2149
-3275
-4400
-3473
-1949
-3072
-5753
-6979
-5405
-4458
-4633
-4340
-4446
-5699
-6867
-5319
-2734
-2171
-3724
-4595
-3505
-1899
-815
-668
-535
-443
-358
270
1544
3023
2730
1513
1533
3401
4563
4002
3494
3882
4020
3370
3745
4648
4372
2852
2247
3188
3518
2216
960
837
1086
645
-46
-587
-1234
-2066
-2165
-1637
-1939
-3108
-4049
-3825
-3323
-3428
-3694
-3955
-4241
-4287
-3487
-2744
-2736
-2986
-2717
-2214
-1817
-891
-50
-172
-580
359
1888
2235
2001
2249
2917
3040
3473
4454
4431
3655
3372
4289
4783
4532
4241
4088
3573
3311
3976
4045
3342
2765
2573
2443
1792
824
592
628
1386
930
-791
-1970
-1436
-710
-1252
-2111
-2193
-2773
-3945
-3551
-2111
-2310
-4466
-5572
-4313
-3550
-3699
-3444
-3069
-3906
-5093
-4254
-2099
-1280
-2241
-3014
-2566
-1213
-297
142
242
324
385
444
1430
2766
3137
1949
1451
2612
3732
3405
2859
3256
3218
2418
2314
3309
3476
2111
1337
1682
2190
1482
425
364
307
26
-741
-841
-836
-1414
-2279
-2409
-2185
-2624
-3270
-3212
-2837
-3293
-3843
-3485
-3126
-3397
-3546
-2692
-2305
-2514
-2218
-1353
-1141
-1228
-327
564
440
579
1813
2463
1973
2097
3054
3447
2864
3293
4031
3559
2890
3169
3827
3251
2867
3087
3072
2332
2156
2567
2176
1447
1323
1532
1176
825
872
274
-1021
-1015
176
936
-543
-1862
-1699
-1060
-980
-1154
-1182
-1572
-2679
-2855
-1654
-879
-1792
-3308
-3692
-2825
-2420
-2070
-1834
-1988
-2933
-3452
-2374
-801
-500
-1491
-2126
-1507
-289
296
291
303
209
8
139
1331
2316
1841
499
334
1505
2066
1840
1533
1688
1178
684
1110
1944
1874
649
176
575
813
547
279
66
-387
-979
-1007
-423
-416
-1079
-1809
-1871
-1669
-1699
-1641
-1669
-1911
-2343
-2208
-1569
-1384
-1647
-1860
-1603
-1479
-1135
-575
-134
-354
-380
232
810
965
1269
1759
1692
1537
1940
2631
2572
2063
2219
2452
2259
2181
2336
2288
1615
1431
1755
1685
1259
1153
1123
760
640
666
682
522
377
561
515
387
534
153
-602
-185
1056
1249
-32
-842
-202
493
280
279
459
-98
-1083
-830
475
593
-541
-1451
-1348
-1047
-1008
-598
-417
-958
-2135
-2324
-1409
-528
-560
-1400
-1907
-1596
-925
-636
-703
-742
-878
-1092
-1040
-102
637
13
-889
-821
68
401
303
390
450
-9
-417
248
982
844
114
-18
327
585
531
435
448
214
59
60
317
357
51
-411
-508
-367
-405
-512
-570
-658
-961
-1215
-953
-754
-794
-915
-977
-1024
-1032
-685
-403
-406
-567
-518
-325
-290
60
338
292
12
100
388
494
498
674
787
524
465
969
1104
758
598
827
933
711
843
938
822
395
598
1039
1062
932
809
813
686
910
1265
1388
1208
1023
698
549
959
1613
1686
701
176
342
730
765
485
357
-249
-821
-610
42
-65
-1016
-1682
-1658
-1438
-1371
-1266
-1315
-1776
-2412
-2381
-1784
-1266
-1224
-1645
-1978
-1670
-1148
-789
-807
-834
-610
-586
-394
144
686
458
-50
245
905
1198
942
1009
1229
893
621
941
1510
1315
789
606
752
801
716
674
643
306
-95
-16
164
244
-72
-463
-648
-703
-617
-555
-432
-590
-1005
-1251
-1001
-660
-805
-1028
-1125
-1119
-1000
-694
-424
-600
-979
-836
-447
-182
28
105
42
-172
-80
460
724
678
692
729
705
800
1236
1502
1131
930
1089
1325
1257
1219
1209
991
716
848
1088
792
574
454
364
250
220
350
133
-233
-346
-137
-57
-257
-244
-364
-708
-857
-538
-153
-325
-645
-881
-739
-693
-527
-454
-500
-641
-717
-513
-310
-4
-203
-464
-529
-278
111
205
313
224
78
-48
158
620
780
531
326
301
457
526
542
546
476
195
58
126
303
254
-193
-388
-339
-351
-500
-591
-566
-732
-1060
-1079
-810
-737
-954
-1141
-1122
-998
-984
-800
-634
-665
-775
-776
-438
-156
-79
-91
-114
3
147
388
574
752
692
610
735
993
1256
1136
1131
1129
1182
1277
1364
1435
1206
1045
988
1158
1137
988
828
596
573
516
532
428
124
-152
-348
-360
-260
-345
-606
-952
-1037
-1087
-1057
-1010
-1001
-1038
-1201
-1115
-893
-800
-895
-957
-799
-565
-379
-200
-149
-160
-41
199
446
591
646
709
810
1001
1253
1320
1244
1166
1302
1473
1511
1539
1463
1347
1216
1173
1244
1122
893
664
556
498
351
175
-85
-326
-597
-720
-909
-1114
-1317
-1510
-1601
-1754
-1909
-2081
-2194
-2171
-2080
-2072
-2110
-2149
-2159
-2036
-1865
-1580
-1385
-1373
-1332
-1134
-773
-481
-297
-173
1
172
466
798
1062
1193
1183
1332
1493
1665
1791
1821
1848
1824
1812
1800
1680
1512
1364
1265
1258
1206
1069
789
511
260
166
78
-93
-239
-498
-745
-906
-929
-963
-1062
-1237
-1349
-1370
-1378
-1362
-1324
-1331
-1363
-1412
-1280
-1172
-1050
-959
-876
-686
-613
-403
-210
-24
139
257
432
604
787
961
1126
1215
1296
1361
1498
1627
1657
1755
1811
1784
1706
1644
1651
1641
1623
1504
1354
1113
902
832
728
626
319
36
-216
-354
-428
-629
-809
-1073
-1272
-1339
-1341
-1440
-1607
-1831
-1908
-1780
-1745
-1686
-1710
-1761
-1739
-1654
-1357
-1063
-987
-1011
-930
-706
-386
-130
91
272
264
387
637
932
1091
1109
1156
1264
1234
1248
1330
1276
1320
1203
1256
1173
995
861
805
820
685
517
317
155
-32
-122
-230
-301
-460
-698
-798
-896
-969
-1043
-1119
-1154
-1233
-1313
-1346
-1310
-1290
-1269
-1193
-1071
-1031
-959
-856
-713
-556
-476
-316
-179
-13
135
263
423
554
720
847
988
1113
1154
1205
1250
1369
1389
1476
1455
1447
1423
1321
1316
1184
1094
970
863
691
543
359
211
39
-176
-318
-517
-651
-780
-849
-947
-1090
-1259
-1365
-1405
-1405
-1331
-1356
-1314
-1339
-1282
-1179
-1053
-898
-808
-671
-572
-378
-215
-31
115
175
314
476
667
830
978
1072
1117
1130
1157
1262
1265
1271
1263
1300
1297
1260
1181
1078
1006
921
869
760
662
517
323
195
113
63
-75
-303
-437
-499
-581
-612
-703
-770
-928
-1079
-1107
-1091
-988
-1026
-1005
-1094
-1145
-1130
-1063
-898
-833
-751
-778
-713
-689
-557
-326
-145
-37
-90
-44
18
228
363
491
554
510
524
595
826
962
1000
886
777
765
774
867
795
728
590
459
382
247
146
-7
-106
-197
-272
-294
-479
-647
-801
-797
-759
-848
-960
-1062
-1025
-993
-904
-809
-818
-866
-833
-686
-431
-358
-276
-226
-107
-4
78
287
406
492
501
631
747
787
744
823
923
939
922
904
980
950
915
868
863
807
684
609
606
557
420
284
153
171
106
7
-47
-180
-266
-419
-445
-378
-409
-523
-565
-579
-586
-583
-647
-584
-634
-625
-570
-542
-563
-612
-567
-471
-355
-289
-258
-230
-208
-61
50
134
196
226
285
313
461
577
625
581
639
736
750
701
712
758
736
620
574
592
396
289
205
193
129
-59
-118
-204
-306
-440
-545
-636
-729
-731
-784
-811
-871
-910
-890
-908
-843
-838
-817
-829
-745
-630
-548
-419
-390
-349
-321
-199
-38
68
116
176
226
236
275
348
467
475
496
480
545
548
560
654
629
645
551
545
513
442
435
417
401
305
266
232
253
122
44
78
-18
-74
-120
-57
-120
-224
-292
-272
-271
-386
-379
-403
-343
-435
-469
-452
-472
-412
-376
-273
-200
-199
-203
-36
81
201
203
164
293
334
437
560
676
692
629
634
774
851
793
831
818
831
743
690
656
534
450
358
365
263
119
28
-111
-177
-308
-349
-418
-509
-627
-706
-717
-753
-777
-855
-855
-891
-863
-810
-740
-635
-646
-622
-614
-543
-429
-262
-140
-53
-43
-75
30
158
338
397
383
361
319
439
544
638
599
481
488
507
543
515
438
315
225
158
231
258
110
11
-99
-102
-60
-115
-131
-247
-360
-403
-402
-364
-355
-458
-562
-626
-589
-515
-583
-625
-690
-737
-778
-723
-613
-568
-581
-588
-498
-376
-336
-280
-196
-124
-75
-27
78
237
363
371
460
505
543
665
752
838
835
756
764
802
798
763
691
664
568
442
397
385
333
197
37
10
-37
-138
-185
-188
-215
-350
-498
-532
-486
-527
-569
-577
-561
-576
-578
-529
-457
-456
-519
-469
-316
-194
-171
-194
-165
-65
-13
119
262
270
195
133
286
447
576
613
590
579
500
542
701
820
790
642
550
537
594
559
544
508
397
274
214
275
271
163
25
-4
-48
-100
-157
-142
-191
-294
-360
-382
-347
-430
-475
-517
-552
-607
-649
-559
-489
-488
-553
-565
-512
-448
-400
-295
-182
-173
-127
-97
30
150
206
278
323
369
423
484
525
599
575
574
577
587
661
598
608
566
458
366
276
243
142
57
27
-17
-167
-296
-389
-426
-481
-527
-535
-611
-695
-739
-704
-670
-692
-676
-703
-676
-615
-511
-450
-439
-386
-365
-240
-175
-65
-11
50
140
213
292
314
392
449
454
518
573
606
622
613
663
685
603
574
559
552
579
523
504
419
358
332
327
316
242
113
-2
-7
-65
-49
-146
-200
-295
-373
-394
-494
-486
-562
-581
-628
-652
-647
-661
-681
-678
-606
-642
-603
-605
-513
-426
-416
-332
-302
-210
-132
18
152
238
245
331
449
541
638
637
622
636
670
760
783
769
655
558
529
533
524
447
374
292
213
98
54
-53
-126
-217
-258
-292
-399
-515
-570
-564
-543
-526
-609
-689
-733
-701
-576
-536
-536
-617
-659
-626
-549
-386
-295
-232
-288
-239
-90
50
174
191
265
308
406
472
532
569
517
544
557
678
692
639
569
537
581
582
594
513
463
329
281
317
310
260
34
-47
-98
-112
-170
-245
-363
-558
-643
-673
-624
-700
-808
-917
-944
-924
-938
-874
-943
-933
-958
-811
-659
-594
-534
-541
-391
-270
-96
-10
91
158
258
426
534
665
615
641
715
818
930
882
865
815
814
794
818
799
733
677
534
552
455
389
254
136
37
-38
-75
-219
-285
-427
-513
-640
-707
-714
-739
-748
-827
-826
-831
-842
-829
-775
-731
-675
-641
-604
-506
-425
-320
-246
-172
-84
22
142
270
353
394
425
486
629
729
843
848
827
848
892
998
1011
1004
956
922
918
960
954
897
767
611
610
523
492
362
233
120
-21
-34
-123
-233
-402
-511
-570
-607
-704
-805
-911
-1033
-1041
-1015
-950
-979
-1049
-1040
-1029
-919
-813
-720
-610
-576
-468
-321
-159
-28
22
51
136
232
317
385
517
591
625
649
720
817
798
797
781
800
714
633
629
603
519
406
347
268
125
-25
-43
-106
-258
-356
-417
-426
-515
-640
-630
-682
-813
-862
-877
-821
-863
-899
-836
-811
-801
-780
-681
-531
-452
-438
-352
-263
-164
-91
-8
129
180
210
298
396
459
455
486
569
685
726
780
824
834
910
987
1049
1024
935
897
952
985
973
886
771
655
532
547
503
452
315
124
7
-75
-121
-210
-274
-448
-556
-644
-669
-649
-732
-779
-870
-858
-794
-753
-703
-706
-687
-652
-581
-520
-392
-348
-315
-215
-156
-18
-10
29
116
166
259
297
395
432
464
487
538
562
559
572
543
530
457
443
412
385
342
293
236
162
120
40
35
-64
-156
-244
-323
-299
-337
-363
-381
-416
-519
-585
-606
-576
-549
-615
-542
-524
-487
-485
-501
-407
-443
-386
-373
-310
-281
-257
-211
-126
-22
-8
112
117
213
259
279
384
424
505
555
620
622
620
609
648
707
651
587
483
413
400
396
378
263
104
-20
-81
-101
-107
-204
-349
-492
-582
-565
-510
-507
-524
-603
-628
-559
-530
-449
-433
-428
-425
-393
-286
-183
-121
-105
-79
-63
-13
44
121
206
250
328
332
359
409
445
511
540
537
509
497
441
458
449
422
386
310
293
262
255
208
173
111
53
19
-27
-14
-55
-76
-120
-92
-121
-188
-204
-213
-183
-179
-144
-92
-91
-139
-134
-100
-43
-11
-27
-41
-30
-6
45
57
22
-7
-28
35
73
108
103
83
75
129
187
219
182
148
139
174
170
168
192
136
120
36
55
57
54
6
-7
-44
-108
-161
-195
-151
-228
-256
-303
-309
-341
-387
-332
-297
-305
-393
-347
-312
-286
-292
-290
-214
-246
-218
-195
-128
-88
-120
-139
-119
-59
-50
36
39
66
13
-16
85
70
106
48
83
112
97
105
104
134
56
53
31
106
15
-61
-56
-85
-60
-162
-163
-210
-225
-258
-198
-147
-242
-299
-353
-233
-140
-98
-90
-132
-161
-164
-44
77
138
55
-32
18
89
151
109
122
114
46
61
119
188
130
37
56
133
187
160
201
214
241
209
234
306
284
270
222
301
297
266
224
177
187
134
138
88
81
12
-26
11
14
44
-83
-86
-84
-49
-15
-9
39
-38
-51
-75
43
77
39
8
-37
0
-22
38
43
56
4
52
102
104
107
43
57
31
99
128
113
82
72
87
62
82
53
47
-14
-47
-21
-41
-30
-98
-89
-85
-117
-137
-177
-149
-96
-83
-114
-124
-181
-123
-76
-10
22
-46
-127
-159
-85
-50
-50
-133
-133
-141
-148
-101
-31
6
-97
-179
-131
-55
-59
-83
-74
-63
-75
-77
-44
-47
-68
-94
-100
-59
-58
-25
-55
-57
-39
-20
-14
-13
-17
-40
-35
-13
1
-26
-85
-118
-86
-28
4
-8
-51
-83
-56
-37
0
-20
-39
-55
-18
33
51
91
95
123
110
112
90
69
85
133
173
159
157
124
121
74
106
116
84
61
32
92
63
72
74
92
58
33
67
91
79
-11
-15
-47
-50
-29
1
37
-53
-86
-75
-27
-8
-42
-44
-44
-7
10
70
106
123
115
89
82
47
52
63
115
133
111
84
59
75
82
92
86
77
35
9
39
66
63
28
-8
-26
-63
-78
-74
-49
-41
-56
-102
-92
-68
-53
-22
-25
-21
-44
-63
-7
22
28
17
-14
-12
1
15
45
31
-8
-37
-54
3
49
44
-46
-100
-96
-52
8
6
4
-91
-118
-82
-24
41
38
25
13
6
-12
28
-3
-26
-77
-97
-37
-78
-111
-111
-137
-160
-136
-106
-82
-134
-145
-46
-23
-28
-18
-12
28
-24
-6
27
18
19
5
23
3
-10
-55
-35
-31
-15
-21
-90
-59
-96
-55
-56
-58
-6
-77
-44
-2
39
43
-22
-20
42
54
39
81
51
28
-19
4
94
85
78
29
4
33
36
64
118
110
120
125
160
259
247
256
260
290
301
289
320
356
347
292
279
263
267
183
157
179
168
164
129
145
127
83
53
91
110
40
-30
-70
-41
-60
-62
-42
-46
-67
-140
-117
-104
-106
-155
-200
-191
-199
-200
-214
-190
-207
-228
-252
-232
-208
-239
-241
-203
-135
-95
-99
-65
-9
24
46
84
123
117
111
159
208
221
196
153
159
163
166
123
34
-15
-54
-55
-74
-130
-201
-258
-295
-280
-304
-352
-421
-504
-499
-481
-457
-474
-490
-496
-472
-411
-302
-234
-218
-211
-207
-96
-66
-27
10
-3
63
113
186
230
215
230
275
315
372
389
357
361
352
416
458
406
373
274
257
304
279
251
163
102
90
114
97
85
30
-50
-69
-97
-27
-67
-125
-146
-141
-117
-132
-86
-54
-56
-128
-135
-111
-93
-75
-88
-49
-64
-103
-127
-114
-41
-49
-44
-82
-63
-40
-6
93
144
172
128
184
250
326
320
355
389
353
319
288
342
333
307
271
279
246
159
111
82
42
-36
-78
-92
-124
-190
-243
-232
-269
-319
-357
-354
-344
-393
-418
-378
-273
-271
-273
-273
-252
-256
-254
-162
-127
-122
-146
-100
-26
27
41
65
124
148
216
249
313
335
282
305
340
363
326
288
260
229
187
188
219
171
101
2
2
-11
-29
-48
-79
-88
-155
-180
-183
-176
-225
-274
-305
-318
-334
-351
-322
-331
-360
-382
-356
-305
-296
-287
-278
-288
-267
-253
-206
-171
-166
-156
-100
-31
6
28
31
46
45
68
144
189
168
158
179
238
249
238
253
253
233
230
246
289
220
125
119
127
132
61
5
-27
-81
-149
-156
-143
-197
-270
-317
-269
-213
-212
-212
-177
-154
-135
-88
-27
28
16
29
110
179
217
197
212
219
238
293
339
342
318
331
325
370
393
382
340
292
317
338
332
294
279
231
212
194
179
172
138
125
110
121
91
26
-33
-72
-95
-134
-180
-201
-203
-181
-185
-189
-207
-228
-236
-205
-139
-134
-145
-182
-153
-124
-119
-75
-68
-117
-175
-152
-73
-25
-55
-54
-78
-118
-82
-29
42
46
-3
-14
10
25
67
55
47
24
-19
0
10
7
-66
-97
-134
-164
-240
-296
-302
-338
-362
-393
-380
-388
-429
-435
-393
-370
-361
-352
-300
-261
-223
-143
-65
-30
-38
-33
34
88
137
176
195
258
252
299
353
374
425
401
412
388
380
383
408
423
386
367
290
290
273
277
255
169
127
69
65
34
67
63
4
-81
-131
-105
-163
-189
-234
-221
-223
-254
-228
-208
-203
-219
-169
-94
-71
-88
-110
-77
-50
-43
-6
55
80
71
98
124
164
129
107
142
161
168
169
200
218
247
227
246
234
196
165
166
197
183
161
120
104
60
29
18
-12
-80
-158
-216
-269
-320
-358
-369
-415
-468
-507
-527
-517
-521
-504
-462
-471
-456
-408
-353
-320
-274
-251
-166
-125
-91
-4
45
131
190
267
287
288
297
356
432
450
477
460
432
408
425
472
421
358
331
335
330
289
270
242
194
107
96
98
53
-17
-84
-78
-124
-202
-296
-295
-304
-344
-367
-391
-367
-411
-446
-432
-384
-391
-412
-366
-334
-321
-318
-280
-211
-205
-194
-131
-54
-43
-36
-16
35
103
133
190
214
248
281
313
347
330
297
309
333
350
338
293
280
237
182
185
168
114
50
12
12
-36
-102
-121
-170
-235
-257
-232
-198
-230
-257
-240
-241
-249
-258
-238
-236
-249
-225
-171
-121
-141
-147
-124
-73
-18
55
128
167
182
192
260
337
413
432
425
464
509
537
534
533
543
538
512
495
503
490
473
442
425
400
327
260
204
174
129
83
9
-45
-127
-194
-223
-264
-263
-318
-355
-378
-417
-397
-376
-326
-356
-419
-418
-384
-297
-257
-241
-229
-230
-223
-155
-71
-68
-114
-145
-100
-35
1
30
1
-49
-78
-32
42
37
-47
-96
-48
0
15
-29
-51
-78
-79
-50
4
4
-68
-112
-119
-86
-90
-105
-138
-163
-194
-226
-175
-184
-219
-273
-265
-236
-262
-267
-272
-212
-223
-211
-204
-182
-174
-153
-50
-6
28
-11
-3
45
82
153
164
190
174
197
230
268
326
303
298
272
311
323
337
322
327
336
297
318
269
269
220
192
188
160
126
71
64
48
66
32
16
-2
-28
-9
-30
-3
-14
-44
-76
-87
-58
-37
-28
-56
-19
-17
-19
-28
-48
-41
-73
-47
-1
24
-9
-42
-3
16
33
12
23
-7
-81
-91
-55
-10
-37
-83
-120
-112
-117
-104
-77
-87
-98
-147
-150
-126
-121
-145
-195
-185
-170
-157
-170
-184
-198
-230
-246
-241
-237
-251
-251
-234
-171
-126
-90
-75
-55
-17
3
56
72
84
46
58
141
202
217
126
108
101
123
146
130
115
76
58
80
155
135
76
18
43
135
185
193
164
120
81
102
188
242
218
126
119
161
189
195
165
166
117
100
101
148
130
93
75
65
78
36
53
67
78
47
2
-8
-2
14
27
41
29
-3
-56
-57
2
50
40
-36
-67
-51
-24
15
4
-27
-115
-170
-154
-109
-114
-172
-194
-209
-186
-208
-209
-205
-240
-238
-246
-190
-167
-196
-205
-175
-108
-88
-72
-43
1
-11
-11
62
100
116
95
150
196
189
173
199
237
222
205
195
211
183
174
178
199
185
143
139
132
155
138
131
138
106
98
87
120
97
62
36
30
12
-8
8
6
11
-26
20
41
27
-6
2
43
47
51
34
13
-62
-89
-66
-25
-48
-93
-76
-49
-47
-57
-67
-52
-93
-112
-38
21
33
-8
-9
22
9
-13
-4
-22
-79
-138
-143
-125
-171
-255
-291
-304
-310
-330
-367
-359
-412
-428
-419
-409
-394
-475
-506
-449
-370
-328
-338
-332
-312
-314
-262
-167
-100
-130
-153
-85
25
96
79
106
120
137
179
257
325
303
268
284
347
370
364
371
351
338
333
362
384
373
344
333
341
311
286
250
284
285
277
251
205
192
155
142
127
115
76
45
31
47
56
3
-46
-119
-113
-99
-58
-36
-90
-112
-143
-84
-41
9
-9
-19
-34
-17
66
82
120
84
92
132
189
225
222
205
186
215
233
264
253
195
147
107
95
88
51
17
-30
-58
-87
-129
-164
-226
-272
-301
-330
-340
-392
-402
-442
-461
-476
-474
-465
-515
-483
-472
-419
-409
-382
-337
-322
-286
-273
-211
-202
-176
-164
-104
-33
-41
-14
-13
25
54
81
145
156
162
160
209
256
258
237
252
280
271
259
238
237
174
103
93
106
91
47
11
3
-28
-102
-102
-102
-111
-148
-169
-155
-199
-247
-255
-226
-249
-273
-269
-223
-169
-175
-145
-153
-138
-117
-72
13
44
65
92
151
215
268
283
288
294
297
335
387
439
452
450
464
463
433
414
389
385
385
399
440
403
343
264
208
158
85
44
-5
-63
-128
-184
-207
-278
-345
-405
-407
-427
-459
-453
-444
-410
-422
-404
-378
-361
-336
-277
-207
-144
-118
-91
-44
-49
-28
7
49
100
141
174
218
254
287
306
314
303
285
253
250
251
273
299
293
284
237
231
238
255
217
154
102
52
31
31
14
-23
-89
-135
-144
-181
-211
-254
-295
-354
-372
-364
-365
-401
-461
-457
-436
-406
-397
-395
-381
-383
-361
-298
-222
-180
-148
-71
11
93
146
196
265
315
371
403
431
431
451
481
523
559
545
536
483
457
428
382
348
288
217
124
79
38
-6
-88
-194
-293
-403
-465
-495
-511
-533
-577
-585
-579
-563
-540
-522
-503
-498
-480
-454
-430
-410
-376
-358
-324
-255
-170
-100
-63
3
84
159
223
258
306
335
380
449
526
580
596
597
610
637
607
592
574
557
538
490
500
480
456
396
339
325
283
246
173
109
4
-99
-161
-213
-224
-301
-382
-451
-487
-501
-515
-498
-523
-552
-602
-579
-505
-448
-399
-389
-366
-312
-232
-120
-10
71
122
185
272
364
454
481
528
545
594
645
649
712
701
692
663
655
660
582
505
447
407
307
195
112
42
-11
-141
-202
-251
-335
-411
-479
-471
-522
-587
-677
-700
-693
-739
-765
-782
-768
-791
-787
-741
-697
-693
-703
-653
-617
-570
-505
-412
-291
-218
-120
19
144
243
292
321
396
436
427
461
452
454
436
459
514
517
489
438
416
376
351
323
309
278
216
186
140
99
77
47
-22
-104
-164
-252
-323
-405
-418
-396
-431
-413
-448
-403
-416
-436
-441
-427
-392
-391
-303
-289
-258
-259
-284
-146
-274
-461
-404
-469
-244
-91
231
617
944
1237
1409
1593
1481
1444
1213
981
747
464
390
175
252
244
317
427
490
659
172
54
-264
-614
-816
-1126
-902
-899
-569
-338
31
214
153
229
-4
-96
-512
-639
-788
-931
-757
-750
-388
-196
171
383
476
601
478
404
87
57
-186
-296
-308
-345
-109
-44
200
391
486
525
551
518
416
361
213
246
242
324
466
508
596
493
532
445
381
205
21
-101
-270
-243
-365
-339
-445
-568
-592
-639
-615
-767
-844
-957
-969
-998
-935
-840
-832
-716
-671
-495
-356
-354
-312
-365
-297
-277
-187
-83
-19
164
245
467
574
672
766
823
899
894
917
858
847
837
870
960
1075
788
560
517
266
264
39
-6
27
-114
103
-194
-654
-905
-1413
-1433
-1492
-1378
-950
-549
-157
180
319
148
87
-142
-375
-598
-848
-624
-782
-706
-391
-183
201
431
703
790
741
584
494
340
-112
-342
-475
-486
-313
-119
327
582
778
969
959
855
626
416
214
157
163
204
362
273
369
427
381
464
439
523
481
407
363
240
-55
-398
-382
-591
-771
-734
-789
-734
-768
-621
-368
-395
-272
-149
-239
-239
-206
-231
-102
-250
-212
109
123
311
466
634
637
638
733
773
540
313
546
319
195
498
414
590
625
604
793
389
242
286
46
-80
-94
1
-2
-52
-72
-2
-87
-496
-628
-780
-1223
-1236
-1279
-1263
-1153
-720
-512
-375
-288
-203
-386
-844
-702
-891
-957
-834
-954
-398
-125
-106
-5
165
-30
-78
261
-186
-252
-170
-185
317
277
683
437
241
580
471
390
325
440
502
204
327
703
561
124
603
734
584
473
55
329
-69
-93
43
79
-17
501
322
244
180
46
50
-453
-485
-94
34
-629
-205
-127
-154
151
272
8
-318
-583
-148
-86
-244
-16
11
221
527
349
269
-362
-83
456
-174
300
705
689
573
314
859
577
78
451
375
192
103
155
835
628
21
696
672
-6
25
121
-299
-403
-39
208
6
-651
102
132
-692
-293
-325
-803
-863
-246
-321
-606
-1123
-494
-358
-664
-468
-379
-426
-713
-440
-277
-673
-595
-330
-65
-271
-276
305
-125
-214
198
61
-552
-8
265
168
-236
3
855
94
128
439
89
327
125
451
461
231
444
389
255
264
357
-310
330
214
-183
377
184
339
417
-381
-67
-43
-424
72
-230
-122
80
-436
33
-263
-812
-314
-407
-621
-790
-369
-291
-764
-484
-189
-247
-273
100
-20
-367
-502
-189
-339
-261
-171
-268
447
392
237
240
698
75
-277
-80
-80
-12
52
695
521
1142
873
358
1068
398
-92
58
-469
112
191
156
624
816
540
477
436
68
38
-312
-92
-42
-566
-410
-382
-223
-52
-410
-338
-60
-325
-487
-374
-566
-169
-460
-602
-162
-6
-304
52
86
-311
265
-166
-120
335
100
877
427
-215
1234
194
418
744
177
469
746
109
1010
683
364
1322
563
391
620
296
326
591
263
333
407
449
655
185
215
306
-149
-314
-345
-383
-165
-116
-344
-149
388
-465
-531
-135
-1100
-718
-1313
-989
26
-729
-465
711
-566
-263
-342
-1289
-360
-982
-855
701
166
-121
625
-41
188
-146
-456
605
-73
36
506
295
167
259
139
552
443
977
1073
-117
51
136
-743
-312
577
46
363
819
415
-213
-503
-821
-145
-1277
-379
102
-918
-370
-111
-491
-749
-424
-1404
-936
-373
-1131
-582
49
-1089
306
-419
-358
48
-197
-950
-464
432
-512
203
312
327
795
382
284
689
32
-380
299
271
744
864
751
757
1228
997
444
-186
71
428
-144
50
970
448
202
21
931
-8
-724
-249
-18
-262
-721
-25
-236
-256
-938
-243
-469
-668
-257
-872
-814
-1093
-381
-863
-809
-85
-44
452
105
314
482
-420
-843
0
-301
-310
359
1351
1579
432
1108
741
34
-50
-81
602
1169
1106
1510
1676
524
773
681
-149
115
-6
-40
333
-59
227
579
-345
-99
474
-823
-818
-760
-1018
-1049
-1065
-950
-439
-166
-420
-406
-608
-318
-1108
-949
-624
-568
-769
-222
461
-345
291
665
-36
-101
566
296
-543
186
946
2
238
1782
697
602
1109
193
613
213
181
319
464
514
359
865
795
580
-55
6
8
-514
-365
117
-912
90
135
-578
-70
-142
180
-1216
-487
-66
-1475
-850
-113
-149
-1008
-119
117
-538
126
-638
-369
100
-977
-374
-614
-761
647
222
-144
1086
510
370
187
-154
47
-69
-91
447
615
845
867
1076
216
-16
754
-440
-411
119
99
67
656
1038
548
589
-452
-513
-98
-989
-1255
331
-486
-1150
574
325
-557
-270
-94
-887
-799
-1560
-352
9
-1492
1237
646
-564
958
476
-156
-1066
-138
-581
289
-243
800
1669
112
985
914
60
-238
37
1000
-895
542
131
665
1145
86
1596
830
-243
129
-246
-1378
-904
-171
51
224
400
1579
919
-823
-137
-1207
-1338
-1402
-447
98
-155
540
380
-453
-462
231
-1011
-1147
-772
-732
-759
-791
-24
356
-546
-309
874
-305
-388
-314
-471
21
-542
-124
645
-116
560
1235
65
31
459
158
358
-19
291
700
-619
76
1635
1016
50
623
749
-636
-646
118
-244
-309
775
503
529
1102
-200
-195
-649
-1424
26
-436
-549
660
962
13
205
39
118
-282
-1950
-534
-499
-226
-336
1048
160
-109
1127
-720
185
311
-976
326
-89
737
489
360
777
116
54
477
491
-542
464
939
-35
528
-278
529
-53
-70
1519
-279
620
-367
119
855
-1155
-17
869
-341
-335
-330
1081
-28
-296
-247
72
-1150
-552
947
-1194
449
-923
-67
-13
-962
-143
-1038
142
12
-830
204
356
-672
37
-402
-845
220
-544
171
1196
-381
241
227
-125
-194
-481
-747
1222
243
-439
1724
122
-172
722
-163
-144
37
75
168
-225
602
598
-421
-98
730
-144
-583
32
-245
-649
118
-202
140
-839
-219
520
-380
-25
404
-191
-804
-438
-371
583
-919
-262
1094
-410
-558
867
428
-983
-479
361
-403
-157
-253
1330
566
-494
863
-123
-71
81
348
936
-392
736
329
44
-192
351
88
1110
843
-382
1243
-659
-168
827
-1335
26
1164
278
-341
865
195
-673
372
-473
-1012
-569
-373
310
-1164
-283
502
-830
178
-464
-564
-450
-1443
-40
105
-1315
1185
-463
-305
994
-1147
-57
956
-834
444
435
-510
1085
-403
26
838
407
522
726
-277
703
368
-307
384
665
1
135
697
267
-187
-115
1502
-647
-266
169
-319
-60
-1086
724
-114
-77
126
-33
119
-870
-188
-1424
-255
-871
-312
417
-659
534
-620
-313
-692
-1332
7
-1369
-523
485
-356
-352
539
444
-1154
-358
-313
-413
-562
22
926
-85
258
828
179
-361
133
206
367
-83
947
513
112
1111
-509
125
52
-263
235
-11
10
252
308
-344
512
-117
-139
313
-1708
447
104
-1553
458
293
-35
-576
41
-448
-773
-30
-216
-164
-642
745
-206
-618
955
-728
-507
1306
-380
-257
524
277
-403
359
1272
90
-703
1410
1013
-822
668
850
-264
-163
871
571
431
908
307
481
85
-347
241
-359
627
177
708
1030
-643
60
655
-1481
-167
859
-1028
-455
814
28
-821
387
-316
-458
-654
114
-262
-1158
180
450
-1152
609
141
-807
471
426
-687
532
366
-451
501
494
466
685
685
673
61
-23
1200
-228
77
857
28
170
1202
-285
-79
1250
-353
-45
-435
351
35
-839
808
-440
-718
-22
253
167
-817
-225
-899
-30
-125
-1335
-367
-169
-266
-162
-376
-111
-208
-98
-228
-544
-375
-608
439
-496
-543
1070
-460
509
731
-954
225
400
-530
694
129
-7
616
491
672
-30
-35
973
-349
28
275
-471
148
565
-396
133
144
-90
206
-265
-52
-599
46
-564
-618
174
-526
-92
-259
-704
-238
-430
-431
-1132
-253
-183
-1285
203
-23
-777
-629
471
-514
-89
196
-341
146
-709
113
-34
-17
475
-24
4
837
241
72
563
-55
-189
229
656
62
266
411
262
977
159
-105
-333
211
-122
-745
179
210
171
-781
70
525
-741
-346
-211
-207
-612
82
-1
-161
112
-917
457
-50
-1081
272
37
-260
-7
263
91
-218
-619
488
541
-902
717
939
-15
328
504
520
303
656
220
381
1457
-34
188
1232
-143
65
608
168
285
211
23
196
-265
-19
-427
-438
-26
382
-1016
177
346
-905
-207
-113
-689
-921
273
-598
-809
110
-266
-475
-162
196
-777
-132
17
-937
530
-54
146
-353
-606
1326
-476
-416
1066
33
-80
758
-494
460
806
-705
770
51
563
850
-499
490
132
436
-985
823
433
-128
466
-358
578
320
-532
-445
673
426
-730
432
445
-518
-277
480
-550
-845
1109
-690
29
-65
670
-238
-1685
1235
130
-1693
-55
1242
-1145
-135
949
-873
331
160
-533
300
-213
-10
313
195
50
227
216
971
-366
-422
2030
-886
-1236
2458
-1043
-544
1004
-182
638
-662
188
1620
-1950
292
1639
-2409
1137
-15
-1362
1878
-1015
-198
943
-820
225
245
-1084
818
-363
-1122
1641
-1004
-311
1508
-787
-395
829
-133
-99
-262
-526
1252
-612
360
564
-728
1037
-312
-341
1068
-946
61
514
-225
272
-162
-164
589
-163
-625
566
-557
-294
571
-797
-262
1535
-1319
-145
950
-810
182
-580
138
-63
-460
694
86
238
-689
1240
-36
-988
865
-97
20
477
-275
439
724
-340
401
931
-979
609
1210
-1393
632
29
-284
660
-859
934
-279
-468
1073
-1161
-996
1022
-2303
336
668
-1790
886
108
-1186
714
-1667
-162
-549
-1264
720
-982
-964
815
-589
-827
906
-1274
174
-220
-269
-99
-773
1085
-876
86
1495
-1055
881
968
-936
1087
-261
-243
725
293
-241
824
68
844
393
-336
246
-117
-110
-330
486
-569
430
-200
371
-257
-183
572
-1036
-157
-24
-361
147
-713
-179
835
-744
-363
303
-603
11
-213
-519
389
53
105
-93
207
174
64
315
-447
952
-208
-494
1316
198
267
328
514
864
535
-212
794
561
-357
1015
81
158
858
-212
587
101
-344
664
-428
-132
-48
-115
-276
-593
-105
-297
-1093
-568
182
-1047
-1273
-64
-919
-1055
-343
-701
-627
-1088
285
-643
-934
312
-520
-815
160
249
-789
611
347
-124
780
-166
87
919
492
-149
509
877
124
399
532
799
280
170
789
711
-172
299
1124
-295
390
797
-640
1006
-430
-449
980
-1291
158
-199
-618
327
-1334
647
-822
-797
111
-965
-57
-1287
99
-536
-964
1103
-1490
5
691
-1615
330
511
-851
437
687
-313
793
67
864
381
-144
1659
344
83
1289
153
735
887
522
805
935
396
1107
697
-517
1515
-405
431
535
-420
985
-183
-1110
915
-99
-1282
-590
374
-785
-1541
267
-737
-781
-492
-951
-326
-1079
-144
-824
-607
-367
-754
66
-646
308
-892
712
32
-1200
1653
-372
-353
1063
268
727
-280
1473
1054
-258
993
1692
-126
426
1653
-380
1560
203
159
1428
-302
357
-125
687
-289
-293
581
-12
-539
-59
59
-449
-630
-359
-276
-170
-964
276
-622
-1311
121
-405
-1407
-645
90
-969
-364
-618
-515
207
-1052
267
-108
-298
357
-111
-92
537
-329
-254
1661
-540
169
1345
-137
593
202
959
112
198
1016
32
699
579
628
100
-46
1342
-1088
558
782
-867
401
-128
-277
-104
-580
-3
-763
-664
-473
-454
-1194
-146
-1190
-1018
115
-1361
-646
-664
-805
-519
-858
-556
-190
-790
-471
352
-318
-577
796
-460
520
131
68
1117
41
163
922
383
750
-1
776
965
-16
720
861
478
-20
125
487
200
-466
320
957
-343
-258
627
-186
-320
-597
59
-521
-1165
217
-349
-434
-529
164
-898
-582
340
-1550
357
-380
-1222
376
-185
-426
-175
300
-632
401
102
84
181
-760
1395
-335
119
1081
1
1101
132
746
690
652
876
33
1369
-50
746
496
486
1215
-1338
1860
-333
-446
813
-721
504
-492
267
-702
-330
-63
-643
-637
-586
269
-1966
16
400
-2236
995
-916
-562
-634
-688
306
-1788
179
-272
-1080
941
-439
274
46
295
332
-541
852
61
-95
953
628
179
293
1485
-360
164
1033
283
29
587
1398
-874
507
1791
-537
144
765
18
-285
17
401
-645
-344
888
-1556
-222
918
-2080
429
-53
-1737
500
-548
-970
-160
-307
-483
-177
-730
465
331
-1712
1033
20
-585
268
163
-318
1147
-430
576
647
310
554
441
380
833
292
687
986
-209
1389
813
-415
747
973
-491
412
-238
869
-246
-548
1113
-1036
64
-4
-865
33
-477
-263
-395
-823
283
-1026
-630
-123
-1554
-2
-687
-905
-164
-446
-394
-606
114
-486
254
-508
-412
1040
-817
221
284
181
132
661
656
-213
1154
560
-464
1142
764
-203
1195
-67
751
1092
-929
1328
193
-467
1314
-990
367
780
-975
528
-166
-385
216
-755
-26
-398
-693
129
-547
-669
-271
-260
-575
-587
-350
-370
-375
-742
34
48
-878
-290
400
154
-543
-194
1052
-151
-571
1394
-732
292
1282
-1123
1671
433
40
1498
-835
1523
571
-1070
2201
-536
-215
1439
-252
-368
900
122
-634
629
-304
-346
-276
-359
137
-1063
-371
-152
-1073
10
-628
-1115
-339
-426
-1020
-649
-575
-738
-941
67
-759
-726
-21
-541
46
-441
304
-140
-259
383
-130
334
-306
647
953
-91
693
667
673
525
-126
847
474
313
132
1601
-374
745
794
102
501
-445
894
79
-151
532
456
-1030
825
185
-1267
650
-633
-111
-428
-810
689
-1057
-813
782
-1369
-521
544
-995
-350
290
-1021
14
125
-666
386
-346
-264
766
-325
-762
1675
-501
-709
1805
-418
22
1704
-817
534
1629
-861
769
1271
-776
1111
292
-80
1550
-1368
626
1618
-1904
149
1575
-1667
205
266
-1111
972
-1244
35
489
-2323
791
-50
-1638
-56
534
-1338
-446
533
-1161
790
-1761
370
694
-2308
1349
-406
-388
351
-293
311
614
-153
-53
839
-265
14
704
-100
847
177
387
1309
85
-555
2116
-768
-255
1572
-471
692
-124
1072
-144
-193
1020
-352
322
-630
333
-143
-440
152
-331
-105
-308
-219
-692
382
-953
-609
177
-429
-498
-180
445
-582
-517
-135
343
-528
-737
797
-85
-23
68
670
692
-1077
1371
271
-127
537
80
856
194
535
-283
1535
88
-421
1555
-34
136
168
611
-74
-352
890
386
-725
-37
660
-249
-857
64
31
-406
-1337
733
232
-1775
495
-90
-1261
523
-928
-564
848
-1582
520
-327
-835
606
-778
-567
804
-555
-799
1689
-1624
379
1092
-1352
-24
1036
-1
-1053
447
1067
-489
-530
738
523
-684
482
629
-649
644
540
-929
937
320
-874
352
561
-470
-599
543
-113
11
-657
254
-34
-1171
937
-1264
-820
1158
-1324
-75
167
-782
855
-404
-1193
1214
-608
-1124
689
-66
-221
159
-348
836
73
-1094
847
785
-893
149
579
500
191
-793
1303
1092
-1872
1165
1475
-1442
308
678
603
-1265
390
1408
-849
-591
1366
-86
-1023
695
-545
-220
583
-1318
562
417
-1011
273
-567
312
-584
-651
631
33
-1305
382
1275
-1805
972
166
-1358
1315
-58
-198
-318
569
-51
-288
549
8
697
-1364
1420
468
-1901
1874
-661
-273
868
-475
983
-318
73
414
126
-761
551
537
-1290
1328
-358
-310
1228
-1848
908
715
-1926
1222
-203
-214
-480
625
-460
-565
465
-687
604
-1101
616
166
-442
64
-240
661
-499
-254
704
-313
224
-427
598
185
-557
598
801
-635
146
1029
-275
-77
615
-339
725
121
-574
1097
-578
112
389
-511
34
149
-14
-467
874
-1211
389
802
-1395
807
-1149
77
198
-848
108
-335
9
-761
1059
-1356
-247
810
-1649
1196
-549
-356
473
-227
502
-1058
659
38
-616
895
-650
31
253
-102
150
-164
34
233
-53
-184
540
-468
-100
912
-775
20
833
-815
-410
1117
-848
-303
841
-901
737
-394
-456
1113
-1082
658
186
-593
680
-374
-25
171
104
-28
-432
428
41
-421
409
-30
-589
543
546
-637
-77
490
97
-291
7
335
130
-192
276
457
-392
72
112
448
-310
-156
206
679
-22
-691
774
38
82
-696
1070
-518
-194
793
-734
1105
-794
-56
869
-394
-771
699
760
-1214
945
294
-1107
1051
-362
-421
520
-685
137
569
-592
185
-156
43
234
-440
-213
533
-122
-871
406
411
-439
-283
24
766
-439
-562
515
-24
-738
-358
1132
-622
-65
202
-145
462
-902
65
27
-358
284
-527
961
-878
-191
538
33
-874
240
1093
-1321
558
473
-838
548
327
-252
31
-145
542
-598
9
332
-433
98
143
121
22
313
-357
227
497
-869
410
202
-420
624
-1032
757
-79
-377
21
65
31
-693
647
-363
-444
175
240
-480
19
480
-464
221
-111
-223
-416
661
-334
-900
836
247
10
173
386
353
-357
-52
977
-507
-349
1376
-753
111
1400
-1064
530
776
-1346
619
867
-677
185
909
-215
-243
525
376
-113
-1118
1211
-204
-486
238
-334
688
-1181
684
355
-1210
708
-785
385
-576
-245
131
-10
136
-890
465
-249
16
-598
673
-550
-416
707
2
-423
396
77
-316
829
-78
83
279
-375
662
611
-801
614
1053
-699
-225
1434
-624
-376
707
58
70
119
607
-450
294
178
-544
690
-437
-299
483
53
-1037
327
143
-945
126
-807
1103
-1023
-604
963
-759
-1118
801
44
-1007
459
-368
-106
485
-1274
397
641
-955
-146
601
176
-989
891
140
-541
1105
-367
-691
1484
-507
-283
688
-402
28
973
-1341
522
882
-1426
894
-160
-652
1402
-1107
-671
1857
-1478
-224
424
-216
-151
-877
383
-412
480
-902
-21
461
-478
93
-819
271
-267
-325
-322
-573
1641
-1660
72
1389
-1903
97
893
-972
-273
938
-672
230
923
-860
712
78
-655
1146
-679
-399
1298
-198
153
441
16
-230
1122
12
-1616
2018
160
-974
704
858
156
-1160
939
1128
-1614
752
446
-368
254
-85
609
-519
790
-808
410
664
-454
-581
513
544
-1410
1002
271
-1110
305
681
-19
-968
87
1051
-1270
290
651
-361
-63
-87
622
-844
568
-201
20
118
-849
1118
-215
-231
-41
-156
382
-1098
683
-245
-715
702
-125
-7
-247
190
-372
758
-76
-1211
451
125
-970
433
-205
36
-609
666
211
-1277
791
17
-874
-22
433
-495
-592
718
-417
-412
1219
-1280
235
106
-332
153
-248
721
-819
-467
1164
-352
-1223
878
-32
-930
487
26
-595
769
-643
-58
329
89
-326
-74
562
-155
-504
469
638
-682
-437
1348
-275
302
43
336
239
-491
1228
202
-504
1031
73
485
73
1042
-1020
831
591
-942
1133
456
-849
209
1201
-1001
-102
879
-766
-262
92
563
-667
-496
897
-604
-900
928
13
-1330
649
400
-1350
683
291
-979
141
367
-114
-218
135
79
-265
606
155
-597
848
206
-537
406
860
-612
-160
875
245
-695
-65
845
-233
-252
790
-105
-289
571
100
-493
279
216
-674
113
153
377
-800
-187
71
-670
319
-482
-190
-406
592
-824
-583
1383
-1067
-418
219
-13
-345
96
-286
-459
956
-1042
-212
786
-531
19
-806
840
103
-265
559
-693
1016
319
-1059
1353
362
-521
177
877
-5
-117
662
-626
688
-77
401
-123
-288
1009
-704
-293
348
-68
-332
-69
127
-523
187
-680
-549
412
-1069
-459
-70
-515
24
-714
-202
12
-692
-10
-171
-282
-136
-217
238
-688
209
155
-315
-237
262
640
-318
115
179
528
-207
563
162
519
344
-231
708
572
333
-382
286
1004
-292
-370
769
249
141
-297
-244
577
228
-1230
326
397
-152
-1000
95
374
-855
-227
-637
260
-86
-1048
-92
286
-469
-378
-274
48
168
-814
1032
-571
-406
1084
-705
204
924
-476
-138
1067
293
-91
785
753
-498
727
1026
143
-98
1057
435
270
37
956
710
-631
608
360
-378
618
168
-817
635
437
-430
-295
222
-227
-248
-300
316
-977
-486
401
-967
-417
587
-939
-1139
915
-394
-1164
-97
747
-1178
-920
1792
-988
-1122
1902
-951
-563
872
-8
-206
-186
577
-22
250
802
-330
515
584
513
-555
376
1095
-585
373
502
197
120
183
-38
-303
507
-371
-565
304
-136
-148
-698
177
-142
-768
-604
-159
25
-1399
-133
366
-1375
167
-37
-1184
-4
-38
-531
-406
278
-270
-501
287
154
-767
371
857
-896
386
1080
-488
157
1121
153
-384
989
757
-491
964
1055
-183
282
1064
-256
408
795
-185
115
679
419
-412
211
754
-650
-55
320
-567
-285
288
-510
-600
63
-488
-336
-883
376
-645
-1063
334
-839
-541
-193
-163
-824
199
427
-700
-342
623
201
-994
624
405
-540
813
375
-109
1023
599
-443
325
1486
-266
-369
1371
570
-739
1359
558
-560
864
313
-322
-304
1076
-540
-1024
1306
-234
-1268
710
65
-1474
341
-165
-1097
-191
10
-744
-707
77
-277
-1529
8
339
-1389
-293
189
-1146
-212
324
-1155
583
-308
-430
-25
280
603
-742
-10
890
52
-379
928
603
-51
391
79
800
598
-328
836
253
408
373
278
417
-30
662
-208
64
956
-391
-345
91
-77
-184
-166
-281
79
-724
-236
125
-1114
116
-142
-1235
-57
-112
-708
-24
-285
-515
-53
-88
-346
-428
-69
332
-728
-581
1040
-225
-36
615
-56
576
165
243
550
216
512
369
18
1119
971
-704
951
810
-97
307
282
481
276
-12
299
272
368
437
-473
-268
622
-411
-833
202
221
-1203
-17
-208
-579
72
-987
64
-542
-678
517
-966
102
339
-816
-384
327
-435
-66
190
-661
676
-327
180
534
-655
924
287
-527
634
789
-227
202
923
189
435
-205
724
845
-839
692
578
-912
1226
514
-1079
873
784
-776
-69
1036
-79
-556
-90
149
-430
-174
199
-656
-612
411
-274
-1061
16
281
-1259
-697
629
-773
-721
388
-739
-184
-2
-484
15
-178
6
-238
-147
-3
282
-279
-467
1249
-138
-260
910
-82
-110
441
204
-3
191
589
242
35
291
564
-327
75
446
-523
-49
808
-478
34
611
-218
-112
20
20
230
-227
-220
322
-335
-156
-271
-391
326
-723
-213
341
-807
-7
249
-696
-430
439
-11
-571
112
158
-320
-39
16
-103
-252
516
247
108
-49
557
50
-281
1104
-74
-371
1293
230
17
91
335
728
74
-628
226
435
-58
198
-315
-97
488
-115
-434
501
-1068
-132
639
-1251
-138
48
111
-586
43
-112
-679
-95
-599
625
-1154
-181
882
-1189
125
446
-510
-398
903
-398
-487
546
-233
483
-475
-319
739
55
-130
289
502
-73
-218
-4
804
-335
-355
1063
34
-646
1507
377
-985
673
377
135
-313
-280
1214
-400
-776
1322
184
-738
571
36
-142
67
-484
686
-152
-872
606
-70
-343
-794
265
326
-1133
-91
519
-1076
-228
450
-25
-376
-519
441
278
-1316
153
928
-1697
154
894
-942
168
759
-687
413
-252
-689
1200
-750
320
613
-384
-104
490
-237
-398
518
-501
298
190
-426
726
3
-305
770
894
-1247
265
825
-408
349
-67
127
-58
137
716
81
-368
385
536
-834
-19
896
-376
-309
1100
-428
-551
920
-100
-713
-143
-426
219
-100
-826
685
127
-897
1
670
-962
-441
644
-462
-232
-358
706
694
-1120
-82
1138
-203
-1180
943
401
-965
645
829
-753
250
961
121
-193
-268
863
319
-902
392
1209
-939
-476
1547
-267
-266
57
-307
512
-530
-366
1031
81
-778
-29
1222
-930
-583
1127
-474
-1066
164
380
-700
-553
874
304
-1371
288
708
-227
-891
77
176
-575
109
114
-116
-283
331
332
-28
-803
114
627
-154
-419
422
618
460
164
640
452
-307
-337
895
132
-1161
517
973
16
108
-370
475
431
-827
-442
297
-172
-454
-208
409
-134
-716
246
499
-386
-1016
-278
164
-508
-770
109
569
-706
81
706
-381
-335
-474
161
43
-477
-39
300
-12
182
423
93
478
-249
-371
200
-209
-179
200
432
699
496
72
384
134
-51
-32
-160
184
160
167
281
311
286
12
64
401
-206
-518
-71
-216
-270
-198
-348
198
189
-279
-160
-272
-327
-559
-315
-303
-65
-201
89
493
95
69
-356
-255
198
-563
-367
253
260
-88
172
481
181
254
231
-322
168
223
-374
123
158
141
327
556
210
218
466
-501
-186
50
-282
-104
168
374
118
131
25
32
-166
-368
-255
-456
-284
-66
-320
-253
146
152
-128
-373
-114
-384
-398
-748
80
372
-461
205
409
189
-505
162
401
-648
-168
222
29
-436
310
493
44
411
94
609
-205
-255
79
-124
1
-301
709
296
85
331
0
-132
-322
-110
-374
-275
-52
153
-61
-328
42
201
-358
-252
-101
-329
-330
-418
-129
-173
-337
108
247
-366
-48
317
-533
-384
272
-185
-171
47
240
177
109
92
425
135
-242
416
32
36
170
16
342
411
207
69
501
154
-269
405
-1
-76
249
93
2
-204
177
-90
-259
-172
72
-35
-461
49
-469
-646
-245
-294
-440
-200
163
-377
-282
-283
-357
-271
-260
167
105
-104
166
152
-92
-16
61
281
196
320
554
387
252
64
169
358
147
263
786
423
199
582
-50
123
237
226
153
139
548
-56
-176
12
160
-215
-379
444
30
-333
-73
-138
-433
-722
-358
-166
-288
-452
-221
-52
-499
-660
-279
-244
-626
-223
220
-375
-385
275
-121
-210
-153
180
78
-139
280
289
122
-33
427
344
147
513
524
419
204
272
221
336
246
182
539
70
203
334
249
65
-200
258
127
-220
-206
-49
-147
-216
-297
-122
23
-446
-523
71
-167
-709
-53
64
-395
-427
7
20
-294
-298
-56
37
-314
72
312
-57
-257
54
303
-226
-21
444
449
69
242
629
375
28
426
573
-82
174
709
342
-96
401
604
105
39
332
372
-52
-125
155
37
-240
-87
-27
-155
-178
-222
-61
-333
-268
-343
-383
-410
-235
-298
-365
69
-97
-33
-134
8
-47
-270
-301
4
44
-191
315
213
56
207
181
34
-1
178
152
125
56
326
292
-96
272
310
175
212
343
412
34
-15
112
117
-82
100
202
115
338
65
-40
95
90
-184
-391
59
94
-317
-265
43
-47
-279
-230
-422
-347
-45
-223
-154
-17
28
-222
-117
168
-202
-168
-119
-79
-11
-103
219
67
113
352
159
-103
36
332
-4
17
168
294
393
-58
65
234
164
-106
-294
31
113
-203
-53
382
173
-150
68
106
-100
-227
-221
-96
-240
-140
-228
-231
76
65
-99
-212
57
134
-199
-273
49
12
-201
-139
93
92
-138
-55
76
112
-83
-55
65
2
-117
-243
240
19
-71
295
242
0
-92
246
23
-293
-171
177
180
-134
184
262
-22
-81
-98
85
-102
-216
56
122
-209
-119
163
9
-99
-17
107
5
-213
-86
36
-169
-158
173
195
25
50
177
133
-124
0
55
-28
-76
-4
194
62
82
168
116
-48
-78
65
-172
-229
-103
15
-67
-171
120
-16
-149
-118
-174
-115
-234
-183
-59
39
-14
-63
108
42
-41
-125
-130
-20
-230
-168
72
30
-28
49
183
99
-26
55
55
-109
4
78
72
20
106
117
-13
38
-68
-4
-10
-169
-104
33
82
45
95
191
188
-26
-78
-126
-179
-158
-258
-159
-41
-8
-9
-1
71
1
-262
-136
44
-97
-100
19
102
5
-35
8
134
-20
-124
97
-22
-59
141
156
125
257
343
254
240
125
151
-46
-84
160
79
156
227
293
148
120
90
-120
-74
-90
-101
-159
-47
96
-37
-118
25
0
-123
-276
-267
-196
-267
-277
-170
90
74
-38
120
115
-12
-191
-97
-56
-171
-80
20
113
156
121
157
184
88
16
-114
-21
11
-17
90
195
231
222
310
128
24
-38
-41
-20
-186
28
119
100
133
143
262
80
-6
-36
-75
-157
-245
-15
-21
-91
-106
-32
-36
-170
-191
-204
-156
-234
-211
-164
-80
-41
-59
15
17
84
-52
41
88
70
125
31
95
56
204
129
164
355
249
146
152
300
101
-17
81
23
82
-107
23
165
6
-25
28
34
-87
-32
-114
-76
-66
-164
-62
-42
-26
-91
-110
-39
-106
-128
-155
-99
-77
-105
-87
-33
-4
-28
5
-36
-27
-86
-102
-175
-160
-30
-34
69
125
180
137
121
175
126
143
102
137
208
195
207
237
153
188
141
64
97
-51
30
-9
-32
-48
-31
38
-118
-32
-41
-43
-177
-212
-212
-332
-238
-241
-159
-138
-87
-63
-95
-109
-130
-142
-146
-116
-86
-99
-35
75
72
-9
45
57
-20
11
73
51
79
54
72
170
112
231
216
150
162
177
43
54
66
-74
49
19
54
70
31
54
-9
-24
-77
-119
-170
-151
-153
-190
-156
-169
-234
-251
-235
-282
-275
-241
-288
-290
-220
-201
-180
-131
-158
-175
-137
-122
-84
-78
-13
-3
-54
33
96
1
80
144
122
182
201
234
126
175
135
130
168
-6
205
64
25
184
-13
46
-11
-32
-91
-24
-15
-33
31
-144
-65
-155
-109
-191
-242
-170
-231
-175
-174
-59
-172
-131
-56
-120
-153
-141
-1
-116
-40
10
-43
-35
-20
-26
-55
-19
-46
3
-26
81
193
179
177
251
218
114
161
218
142
101
153
98
174
177
191
161
66
88
28
2
17
-17
-28
-48
-81
-32
-44
-121
-105
-125
-206
-101
-83
-155
-51
-96
-78
-47
-120
-89
-61
-97
-77
-5
3
12
-15
33
-18
-9
-8
-6
77
61
143
140
192
207
155
130
75
101
63
79
171
167
145
111
187
121
92
152
106
57
-8
80
-18
-50
34
-107
-83
-99
-113
-94
-125
-139
-190
-61
-159
-107
-49
-131
-72
-55
19
-63
0
37
21
27
21
119
85
55
97
131
113
135
157
116
145
99
164
115
72
99
91
53
51
175
-28
35
44
15
-8
-25
87
-44
-3
-12
