-103
-70
-124
-84
-88
-122
-34
-120
-92
-39
-122
-37
-58
-63
7
-52
-16
-21
-39
13
-40
23
0
-14
22
-44
-16
-16
-82
-139
-129
-181
-109
-112
-147
-86
-67
-43
54
25
0
94
24
137
44
100
174
20
139
-4
181
65
20
147
-6
182
9
75
95
7
73
-2
83
-75
3
39
-69
-10
1
-8
-67
18
-76
-36
1
-117
-93
-53
-134
-57
-127
-84
-91
-134
84
-219
76
-52
-123
135
-132
183
15
4
145
86
144
65
33
203
23
122
184
-9
169
11
176
50
50
109
78
172
-5
253
65
119
156
-32
164
2
83
26
-51
-31
-38
-55
-43
-170
-86
-54
-170
63
-153
-7
-100
-99
104
-174
23
-105
-36
57
-53
68
4
14
111
68
46
31
-45
97
9
19
49
36
51
-4
90
97
-101
-19
48
-3
0
-20
9
-75
71
-6
0
132
-77
91
10
-74
121
-52
-18
20
32
45
-17
-16
-7
-59
21
3
-21
52
-34
40
70
-6
13
-10
12
-55
-33
-23
-38
14
-96
69
68
-36
155
-38
64
113
-72
196
-24
-10
79
-122
66
25
-73
58
55
-2
152
-102
-44
45
-105
93
-161
100
96
-150
228
72
-103
73
-39
-59
99
-130
15
86
-226
54
22
-50
33
-198
75
-112
-63
31
-161
59
-112
57
-12
-55
-15
-53
-14
-174
87
-45
-124
36
-33
4
3
-144
87
-1
-82
150
-79
72
-45
98
108
-15
269
-40
222
-18
4
159
-124
83
-179
11
-79
-63
32
-80
102
-81
-9
-11
19
11
-6
-93
5
43
-109
52
-88
64
33
-68
66
-2
116
-37
25
13
-163
77
-107
21
-46
-104
-53
-53
-57
-160
86
-159
89
49
-31
69
-193
182
-140
76
-66
-49
102
-90
88
-37
63
-106
166
-118
-13
192
-231
161
-116
85
191
-160
223
-89
111
-9
-74
170
-30
121
147
63
149
136
29
140
120
20
82
25
13
39
183
22
86
69
59
46
8
-16
-71
81
-279
74
-80
9
-72
-55
21
-235
247
-323
37
-6
-223
225
-308
210
-106
-60
63
-165
76
-114
71
-114
165
51
65
101
-85
57
-34
77
-179
52
-155
-63
103
-248
7
-88
29
-149
-38
5
43
71
-139
-61
-46
-105
43
-127
-164
63
-192
118
-154
-119
-13
-99
-47
-247
-26
-229
46
58
-169
20
0
-149
-36
-233
-197
77
-238
37
-112
2
92
-152
41
-167
22
72
-229
142
-111
-54
33
-309
-53
-166
-72
-138
-48
-128
-208
12
-193
119
-137
-103
109
-130
113
-142
45
18
-59
52
50
116
37
100
55
30
41
28
-5
83
-61
78
-16
-33
156
-44
32
89
-63
83
57
-62
338
26
181
80
57
229
-6
325
1
175
131
71
208
62
-41
141
211
-21
287
136
92
173
83
65
133
-47
-38
16
30
58
34
12
-123
278
-123
130
63
-173
245
-83
144
-86
20
163
-148
121
-2
152
-90
141
36
-37
273
-54
221
142
143
196
87
125
23
121
-65
-23
103
-122
0
62
51
11
101
-51
63
87
-1
20
-9
20
-43
12
64
-59
51
-213
-54
34
-128
-20
-263
-48
-77
248
-856
-460
-370
-541
491
-245
319
68
180
406
0
79
-336
45
-86
60
144
-12
30
-122
-49
51
-161
7
-102
-316
102
-146
124
76
-224
40
12
-142
20
-50
31
-80
-30
6
-101
28
-101
10
84
-131
-118
144
-182
-42
143
-100
2
234
-147
38
54
-151
140
-28
-50
81
-28
-32
41
108
122
136
-3
157
55
-302
219
-118
-175
64
-100
34
26
-33
-20
67
-81
-9
36
-7
-43
76
-41
-165
120
-153
21
-43
-39
18
6
74
-72
20
-1
-43
-17
-21
-113
115
-16
108
40
16
109
24
240
-53
177
132
-84
339
-151
131
45
-189
182
-46
131
51
98
103
59
208
-67
-19
55
-125
134
52
-174
207
-149
122
239
-166
123
-184
54
151
-349
-37
-81
-62
150
-28
75
-256
-56
-98
-25
-88
39
152
-359
265
-193
-101
142
-424
-95
-120
-258
118
85
-209
86
-123
161
59
-118
-79
-66
114
-165
99
-92
-29
-61
-28
12
-323
219
-130
45
-166
37
185
-330
132
-234
149
86
-134
189
-222
-6
-172
-7
-154
-152
120
-51
132
-154
-60
42
-73
-1
136
-41
22
61
87
68
-211
255
74
-47
154
-100
200
-105
-44
23
45
-12
-156
119
-83
103
-108
-15
9
-205
212
-187
-65
21
-16
151
-36
-64
80
-39
12
35
-65
162
-68
94
110
-66
-736
-374
-257
-237
340
126
405
407
459
438
123
-74
-221
105
-30
156
212
127
181
35
291
221
-50
201
-2
63
292
37
248
197
-32
-28
101
59
-99
69
85
94
48
-11
65
-35
24
-97
121
-90
31
122
-50
16
-165
240
48
113
102
-8
144
-88
69
-8
9
-24
-85
-32
-27
107
-32
47
-188
-174
155
-89
-108
-281
-137
-108
-139
27
-112
-74
-55
-23
-65
-152
-203
-136
-126
-203
-129
-20
-121
-173
30
-143
-142
-121
-148
-53
-53
11
28
36
-52
109
-112
-20
-99
-129
76
-197
-28
4
-205
-5
36
-35
6
-57
-6
132
19
49
73
23
-47
90
40
-65
8
-27
7
4
87
26
15
9
-19
107
83
48
84
79
73
-115
-50
-128
-246
-32
-119
-225
-35
5
37
234
-27
81
181
-53
55
30
-90
-56
53
-60
12
-46
-13
23
-129
47
-62
41
70
-21
102
155
-14
171
91
-36
133
-56
-35
-175
-39
45
-40
128
-53
62
-15
-14
79
19
-5
0
114
22
118
71
100
17
-18
47
-97
-57
-17
31
-32
31
-39
8
-49
-64
58
-46
32
9
127
-25
96
124
130
145
142
200
64
93
-58
56
6
-4
54
101
23
79
121
-69
105
11
50
-13
-30
69
-7
63
72
70
-8
-101
-60
-82
-127
-169
-115
-125
-150
-97
-54
-73
-80
13
36
79
53
93
106
51
116
61
-11
-103
-189
-143
-247
-305
-201
-314
-216
-186
-186
-137
-258
-202
-163
-169
-187
-214
-207
-214
-275
-226
-248
-241
-196
-203
-155
-165
-148
-112
-93
-123
-83
-99
-99
-88
-108
7
5
9
54
100
108
100
222
205
173
176
236
256
212
143
207
165
73
154
148
162
65
135
292
257
379
433
414
483
452
533
533
362
437
486
428
497
500
576
624
644
749
754
740
811
841
867
857
903
964
916
903
883
877
793
595
443
204
-36
-295
-569
-868
-1197
-1454
-1704
-1880
-2027
-2137
-2176
-2171
-2048
-1882
-1714
-1577
-1430
-1272
-1122
-973
-908
-823
-719
-693
-663
-558
-483
-367
-343
-233
-50
113
269
327
470
500
570
514
435
419
284
158
-22
-112
-187
-335
-425
-488
-489
-460
-414
-408
-391
-297
-234
-145
-63
58
247
312
391
525
632
668
719
806
887
975
995
1123
1184
1200
1278
1372
1476
1531
1669
1706
1720
1767
1794
1800
1703
1741
1772
1736
1833
1793
2021
2058
2010
1902
1329
1150
724
360
-360
-1296
-1746
-2126
-2745
-3237
-3666
-3687
-3715
-3889
-3560
-3069
-2565
-2300
-2047
-1493
-979
-713
-542
-487
-416
-277
-274
-172
-170
-177
-73
-31
136
441
856
1168
1353
1588
1879
2148
2205
2143
2017
1817
1611
1223
864
357
-66
-585
-1097
-1499
-1831
-2044
-2387
-2437
-2532
-2397
-2310
-2250
-1931
-1847
-1676
-1513
-1441
-1070
-971
-828
-629
-554
-234
-121
-5
161
274
467
660
825
1071
1307
1418
1641
1792
2031
2228
2238
2373
2351
2435
2427
2317
2179
1978
1828
1560
1353
1243
1198
1102
1055
1118
1277
1452
1626
1861
2059
2358
2451
2738
2787
2724
2617
1852
1499
778
217
-510
-1919
-2584
-3236
-3855
-4328
-5116
-4999
-4944
-4993
-4687
-4230
-3480
-3054
-2748
-2227
-1583
-1286
-1045
-1023
-981
-839
-911
-748
-802
-708
-494
-224
181
557
1255
1839
2330
2736
3137
3644
3850
3853
3611
3312
2922
2304
1649
821
43
-703
-1443
-2075
-2537
-2843
-3200
-3456
-3530
-3428
-3205
-3199
-3033
-2716
-2457
-2192
-2043
-1722
-1401
-1329
-1159
-958
-674
-380
-261
37
332
626
966
1179
1466
1728
1962
2174
2361
2538
2719
2795
2757
2745
2775
2750
2515
2306
2119
1979
1780
1504
1461
1340
1325
1305
1388
1672
1821
2151
2394
2654
3061
3266
3426
3390
3142
2640
1966
1126
417
-499
-1897
-2940
-3822
-4359
-4993
-5735
-5792
-5722
-5569
-5331
-4778
-3914
-3361
-2976
-2394
-1722
-1281
-1071
-1023
-884
-825
-833
-657
-583
-534
-384
-60
399
851
1441
2088
2708
3187
3679
4204
4512
4551
4244
3878
3393
2713
1897
882
-92
-1018
-1832
-2580
-3179
-3567
-3823
-4013
-4083
-3836
-3613
-3268
-3241
-3058
-2646
-2628
-2364
-2414
-2238
-1947
-2060
-1743
-1527
-1141
-755
-547
7
504
998
1470
1843
2184
2535
2731
2877
2968
2901
2907
2718
2554
2458
2370
2303
2036
1922
1845
1845
1778
1648
1706
1728
1811
1914
2089
2379
2638
2839
3077
3327
3647
3856
3781
3718
3437
2812
2130
1292
614
-406
-1976
-3046
-3732
-4286
-5057
-5960
-6062
-5940
-5941
-5821
-5324
-4552
-4135
-3939
-3331
-2526
-2049
-1874
-1806
-1562
-1300
-1115
-828
-588
-423
-128
395
992
1549
2187
2874
3533
3959
4417
4943
5242
5165
4748
4343
3937
3271
2306
1242
196
-692
-1594
-2445
-3080
-3533
-3889
-4166
-4215
-3912
-3537
-3450
-3365
-3174
-2721
-2440
-2495
-2424
-2357
-2234
-2188
-2192
-1859
-1645
-1462
-1178
-725
-30
523
949
1384
1864
2374
2764
2925
2975
2986
2914
2744
2455
2255
2057
1772
1450
1293
1317
1374
1372
1401
1575
1796
2031
2262
2519
2808
3056
3321
3612
3880
4201
4307
4368
4268
4153
3952
3085
2275
1448
710
-214
-1977
-3046
-3776
-4483
-5362
-6392
-6444
-6361
-6498
-6513
-6085
-5319
-4904
-4727
-4158
-3337
-2819
-2481
-2264
-1871
-1455
-1152
-723
-454
-153
285
958
1569
2064
2782
3533
4218
4600
5002
5515
5712
5560
5051
4616
4150
3347
2323
1183
132
-835
-1778
-2759
-3438
-3984
-4378
-4712
-4781
-4520
-4191
-3938
-3869
-3459
-3239
-2810
-2635
-2577
-2291
-2469
-2136
-1922
-1818
-1365
-1360
-865
-456
67
773
1189
1627
2015
2449
2837
3034
2957
2972
2769
2545
2409
2141
1990
1602
1367
1253
1277
1306
1298
1470
1562
1835
2117
2431
2761
2956
3230
3630
3887
4228
4434
4578
4842
4651
4651
4508
3853
3089
2013
1270
443
-1086
-2612
-3644
-4379
-5283
-6408
-7139
-7005
-7143
-7264
-7121
-6498
-5712
-5500
-5048
-4256
-3482
-3028
-2711
-2291
-1765
-1288
-918
-388
-20
444
1107
1789
2447
3027
3787
4547
5049
5357
5750
6047
6007
5575
4959
4463
3745
2698
1547
367
-640
-1670
-2728
-3599
-4256
-4709
-5055
-5274
-5158
-4842
-4531
-4300
-3882
-3402
-3048
-2709
-2562
-2116
-1993
-1997
-1762
-1644
-1229
-1079
-880
-417
-26
582
1086
1556
2057
2468
2805
3085
3140
3156
3094
2721
2376
2045
1804
1462
1023
783
758
799
724
874
1144
1541
1818
2105
2643
3026
3422
3632
3997
4464
4606
4884
4889
5141
5218
4951
4892
4217
3551
2643
1716
891
-507
-2112
-3303
-4174
-5035
-6163
-7124
-7332
-7467
-7674
-7615
-7193
-6458
-6130
-5773
-4911
-4000
-3350
-3027
-2541
-1918
-1264
-818
-368
154
529
1104
1742
2416
3018
3573
4226
4769
5134
5531
5844
5867
5576
4990
4533
3961
2980
1850
597
-455
-1447
-2494
-3371
-4106
-4649
-5064
-5277
-5224
-4957
-4694
-4445
-4019
-3519
-3006
-2618
-2421
-2029
-1884
-1755
-1572
-1455
-1114
-1096
-903
-532
-204
343
704
1145
1568
1928
2358
2629
2741
2747
2676
2475
2178
1835
1632
1335
935
689
675
776
758
808
1071
1528
1863
2184
2593
3047
3377
3679
4048
4404
4720
4769
5036
5121
5288
5344
5004
4893
3921
3251
2464
1468
557
-1426
-2691
-3691
-4623
-5626
-6967
-7509
-7664
-7918
-8030
-7739
-7096
-6525
-6344
-5706
-4626
-3836
-3302
-3029
-2422
-1718
-1174
-690
-253
208
631
1333
1971
2635
3272
3903
4648
5075
5567
6056
6297
6169
5687
5211
4789
3981
2811
1598
379
-628
-1769
-2819
-3637
-4400
-4889
-5284
-5354
-5103
-4863
-4542
-4223
-3712
-3057
-2673
-2237
-1995
-1729
-1478
-1530
-1247
-1130
-1043
-889
-841
-399
-42
417
850
1172
1638
2048
2424
2639
2652
2604
2529
2264
1963
1760
1518
1142
776
692
755
822
769
911
1287
1671
2065
2333
2810
3146
3388
3761
4030
4418
4627
4684
4950
5027
5246
5273
5038
4722
3756
3093
2356
1410
129
-1829
-3137
-4093
-5083
-6332
-7562
-8067
-8214
-8495
-8505
-8069
-7391
-6903
-6602
-5722
-4540
-3673
-3210
-2829
-2140
-1390
-758
-305
98
479
952
1656
2281
2930
3539
4238
4912
5387
5950
6514
6724
6465
5978
5552
5114
4173
2888
1564
300
-839
-2107
-3235
-4142
-4999
-5601
-5963
-5916
-5590
-5256
-4918
-4410
-3720
-2931
-2378
-2009
-1730
-1550
-1286
-1245
-1109
-1111
-1211
-1129
-1034
-654
-233
145
554
884
1422
2001
2401
2589
2624
2649
2636
2438
2112
1839
1477
1065
710
614
653
670
624
760
1174
1645
2155
2500
2967
3352
3734
4127
4445
4749
4918
5042
5165
5421
5461
5641
5450
5174
4534
3503
2982
1979
845
-989
-2856
-3716
-4793
-5894
-7389
-8312
-8467
-8726
-8835
-8638
-7935
-7359
-6916
-6313
-5048
-3929
-3309
-2892
-2420
-1548
-790
-184
134
504
958
1665
2388
2933
3604
4206
4964
5444
5960
6620
6940
6797
6195
5706
5277
4509
3157
1666
287
-965
-2163
-3456
-4459
-5356
-6063
-6478
-6513
-6138
-5740
-5320
-4921
-4175
-3428
-2713
-2216
-2108
-1752
-1737
-1461
-1385
-1472
-1327
-1418
-1148
-858
-417
177
590
1003
1530
2173
2767
3056
3042
3107
3085
2907
2573
2155
1767
1259
794
470
474
458
449
485
726
1377
1790
2310
2613
2960
3465
3677
4015
4199
4357
4529
4515
4652
4852
4993
5180
5017
4829
4194
3452
2925
2084
883
-1060
-2684
-3595
-4606
-5899
-7463
-8277
-8431
-8714
-8786
-8489
-7696
-7077
-6655
-5713
-4342
-3215
-2643
-2287
-1634
-782
-118
335
575
836
1286
1951
2640
3208
3775
4454
5145
5664
6205
6786
7059
6747
6082
5575
5095
4141
2648
1043
-348
-1582
-2862
-4050
-4978
-5759
-6337
-6659
-6477
-5992
-5567
-5179
-4677
-3867
-3043
-2433
-2140
-1940
-1757
-1630
-1521
-1525
-1456
-1476
-1430
-1193
-782
-178
302
741
1158
1712
2361
2777
2932
2856
2793
2696
2369
1905
1451
1031
542
110
-1
160
313
387
613
1122
1774
2235
2652
3009
3352
3659
3822
4089
4245
4348
4409
4476
4676
4861
5071
5220
5377
5223
4659
3952
3311
2756
1323
-666
-2568
-3696
-4674
-6330
-7990
-9000
-9221
-9449
-9631
-9243
-8327
-7533
-6954
-5956
-4463
-3123
-2431
-2048
-1505
-733
-80
298
421
495
887
1496
2194
2717
3325
4141
4870
5471
6053
6802
7214
6968
6298
5764
5309
4319
2753
986
-451
-1811
-3187
-4444
-5381
-6042
-6595
-6825
-6518
-5870
-5234
-4742
-4154
-3230
-2472
-1693
-1382
-1125
-1035
-1190
-941
-1038
-955
-1125
-1212
-851
-596
55
545
997
1380
1725
2343
2777
2876
2667
2542
2304
1991
1510
1148
743
149
-283
-355
-73
16
215
447
1066
1659
2128
2740
3029
3434
3563
3860
4135
4209
4200
4204
4333
4470
4767
4909
5293
5388
5760
5997
5520
4758
3670
3139
1959
-261
-2608
-4268
-5275
-6939
-8927
-10182
-10327
-10362
-10561
-10193
-8957
-7636
-6872
-5933
-4425
-2860
-2035
-1656
-1340
-823
-277
-27
191
110
392
1035
1810
2562
3228
4386
5493
6276
6808
7533
8218
8097
7185
6175
5439
4298
2519
408
-1340
-2769
-4222
-5502
-6357
-6757
-7017
-7020
-6569
-5603
-4622
-3920
-3181
-2464
-1552
-1119
-1024
-930
-1244
-1367
-1872
-2077
-2016
-2183
-2057
-1960
-1415
-580
205
1019
1608
2188
2864
3337
3513
3341
2974
2605
1990
1265
679
275
-208
-793
-995
-713
-149
152
582
1303
2063
2810
3281
3811
4223
4341
4310
4322
4280
4194
4021
3838
4026
4092
4509
4854
5172
5696
6082
6498
5827
4698
3763
3028
1730
-1068
-3724
-5289
-6401
-8088
-10191
-11140
-10972
-10819
-10736
-9922
-8178
-6652
-5916
-4910
-3273
-1757
-1099
-1088
-1022
-777
-404
-204
-152
-211
70
997
1997
2964
3922
5293
6621
7277
7731
8366
8919
8378
6851
5362
4310
2885
765
-1496
-3253
-4486
-5713
-6619
-6928
-6774
-6569
-6293
-5510
-4367
-3214
-2627
-2109
-1818
-1480
-1266
-1641
-1805
-2629
-2920
-3179
-3376
-2968
-2819
-2108
-1478
-750
395
1516
2514
2952
3134
3474
3716
3402
2768
2098
1506
779
-6
-450
-494
-585
-811
-561
110
1066
1692
2148
2947
3502
4064
4246
4347
4409
4075
3756
3392
3240
3015
2945
2895
3067
3552
4100
5032
5502
6074
6561
7116
7153
5668
4092
2606
1480
-771
-4188
-6720
-8126
-9131
-10761
-12177
-12058
-11122
-10435
-9656
-8041
-5806
-4290
-3601
-2642
-1310
-396
-379
-768
-1061
-1021
-777
-511
-139
148
1053
2501
3891
5210
6352
7913
8997
9116
8886
8821
8499
6981
4567
2467
1030
-759
-2912
-4850
-5940
-6509
-7072
-7168
-6631
-5805
-5163
-4583
-3738
-2693
-2049
-1859
-1886
-2025
-2229
-2576
-2914
-3244
-3446
-3535
-3231
-2779
-1994
-1029
-52
902
1550
2447
3318
3756
3649
3201
3007
2610
1856
1018
408
9
-553
-978
-839
-300
88
274
729
1562
2345
2744
2977
3295
3471
3381
3154
2983
2889
2502
2213
1985
2054
2311
2541
2912
3314
3856
4567
5278
5720
5983
6040
6085
5943
5154
3290
1288
-409
-1766
-3646
-6627
-8530
-9368
-9699
-10301
-10943
-10155
-8939
-8151
-7194
-5824
-3955
-2979
-2932
-2539
-1715
-1082
-1110
-1346
-1348
-842
-206
746
1869
2857
4021
5401
6731
7780
8372
8914
9131
8200
6956
5854
4909
3278
746
-1168
-2234
-3250
-4500
-5462
-5548
-5328
-5415
-5251
-4479
-3667
-3386
-3435
-3292
-2910
-2892
-3153
-3215
-3310
-3259
-3239
-3039
-2344
-1913
-1237
-558
66
899
1506
2195
2612
2489
2405
2454
2465
2090
1460
1228
1119
671
249
361
620
631
369
513
1144
1426
1362
1393
1643
1872
1777
1709
2045
2198
2152
2048
2134
2476
2575
2607
2633
2721
2886
3051
3221
3367
3526
3637
3995
4148
4264
4330
4265
4350
4020
3505
1846
217
-1064
-2112
-3499
-6283
-7891
-8414
-8601
-9089
-9701
-8861
-7675
-7004
-6128
-4805
-3000
-2026
-1953
-1538
-750
16
145
72
107
599
1287
1936
2867
3719
4572
5399
5976
6552
6753
6780
6575
5409
3944
2669
1797
578
-1396
-2934
-3527
-4038
-4844
-5305
-5021
-4586
-4762
-4859
-4310
-3683
-3656
-3908
-3970
-3739
-3789
-3820
-3586
-3040
-2526
-2136
-1249
-521
653
1280
1834
2299
2215
2549
2440
2222
1878
1158
856
624
348
280
233
511
593
480
808
1335
1452
1018
816
813
853
424
55
301
343
258
292
782
1627
1916
2099
2500
2838
3130
3095
2999
2939
2742
2442
2278
2138
2258
2386
2438
2776
3245
3719
4122
4326
4639
4702
4566
3834
1798
109
-1328
-2246
-4273
-6951
-8052
-8180
-8101
-8521
-8247
-6710
-5341
-4558
-3559
-2017
-536
-178
-404
-484
-295
-99
-334
-694
-908
-194
580
1168
2097
3251
4492
4941
5002
5362
5426
5065
4119
2720
1424
186
-774
-1776
-2851
-3422
-3521
-3775
-3949
-3738
-3168
-2862
-3150
-3327
-3239
-3312
-3600
-3724
-3691
-3625
-3476
-2971
-2080
-1165
-174
976
1670
2194
2668
3153
3224
2425
1656
1072
455
-324
-939
-1038
-955
-1011
-800
-153
637
1185
1331
1406
1413
1268
747
91
-441
-949
-1397
-1822
-1704
-1144
-590
-76
504
1431
2180
2629
3029
3334
3265
2872
2555
2315
2094
1720
1682
1746
1859
2159
2795
3465
3992
4520
5045
5436
5489
5484
5388
5029
4465
3019
715
-921
-2126
-2728
-4636
-6482
-6647
-6381
-6236
-6344
-5506
-4093
-3543
-3547
-2799
-2081
-1722
-2055
-2469
-2636
-2997
-2769
-2279
-1950
-1565
-383
929
1834
2713
3852
4928
5051
4526
4283
3832
3237
2343
1074
55
-807
-1146
-1618
-2096
-1961
-1578
-1835
-2302
-2288
-1923
-2003
-2747
-3127
-3200
-3582
-3915
-3672
-3056
-2606
-2235
-1426
-595
235
1116
1978
2180
2069
1810
1654
1296
656
283
-391
-829
-1053
-968
-696
-292
46
181
246
413
597
390
38
-426
-874
-1378
-1690
-1620
-1315
-1164
-819
-181
559
1284
1987
2595
2864
2884
2830
2860
2724
2708
2574
2421
2223
2241
2576
2818
3096
3404
3609
3700
3872
4025
4154
4183
4052
3813
3486
3272
3227
3116
3130
1930
214
-1040
-1750
-2029
-3936
-5389
-5749
-5729
-6090
-6555
-6036
-4810
-4270
-4587
-4178
-3504
-2523
-2541
-3041
-2912
-2651
-2176
-2117
-2072
-1030
308
1008
1388
2146
3379
4196
4206
3793
3624
3275
2905
2135
980
418
137
-164
-982
-1486
-1014
-547
-929
-1541
-1787
-1648
-1717
-2405
-2927
-3061
-3238
-3364
-3533
-3229
-2397
-1731
-1141
-745
-7
952
1588
1889
1843
1816
1411
904
329
-114
-363
-902
-1117
-1331
-1126
-705
-431
-213
40
264
121
33
-96
-56
-361
-820
-961
-983
-649
-332
-83
451
1011
1544
1904
2113
2506
2747
2715
2440
2270
2211
2248
2028
1830
1878
1879
2015
1959
2091
2292
2439
2505
2509
2567
2832
3139
3285
3401
3627
3801
3996
4060
4271
3955
2289
870
-505
-986
-2423
-4444
-5503
-5850
-5740
-6318
-6480
-6013
-4471
-3744
-3649
-3479
-2935
-1800
-2051
-2697
-2957
-2591
-2044
-2325
-2428
-1428
-270
874
1387
1889
2712
3562
3860
3509
3243
3000
3006
2016
1068
639
606
449
-346
-745
-656
-558
-740
-1432
-1990
-2205
-2428
-2914
-3603
-3857
-3824
-3258
-3126
-2796
-2127
-1176
-1
477
854
1268
1800
1792
1148
516
218
-120
-740
-1393
-1567
-1321
-929
-900
-672
-112
466
958
702
645
637
587
259
-207
-425
-443
-301
-319
-201
54
550
958
1093
1244
1346
1396
1468
1328
1245
1153
1267
1473
1455
1567
1864
2329
2507
2602
2678
2852
3026
2973
2942
2814
2912
3148
3287
3373
3313
3608
3689
3802
3714
3743
3750
2126
781
-932
-1459
-2532
-4340
-5172
-5928
-5617
-5825
-5364
-5312
-4894
-4035
-3139
-2576
-3518
-3647
-3356
-3095
-3455
-4029
-3711
-3075
-2675
-1548
-585
492
1470
2665
3666
3575
3597
3399
3476
2344
1711
1292
498
-35
-750
-678
-926
-841
-345
-329
-723
-1094
-969
-1065
-1630
-2060
-2411
-2585
-2958
-2601
-2146
-2050
-1356
-603
401
561
777
1259
1284
977
576
477
-165
-738
-1157
-1065
-885
-699
-73
243
468
751
1018
1204
1040
650
242
-322
-681
-972
-1220
-1369
-1167
-805
-386
149
438
842
1017
1417
1663
1493
1313
1135
1167
1228
1436
1669
1895
2111
2421
2757
2917
3007
3095
3026
3026
2925
2897
2845
2831
3007
3046
3266
3487
3623
3747
3689
3655
3639
3555
3776
2438
1218
-477
-1564
-1888
-3444
-4052
-5543
-5318
-5001
-4686
-4682
-5138
-4420
-4086
-2929
-3259
-3575
-3995
-4060
-3661
-3705
-3637
-3483
-3063
-1792
-677
-42
909
1134
2239
2634
3028
2784
2604
2546
2105
2085
1229
1353
1234
1500
1540
1198
1261
986
973
673
-120
-724
-1412
-1850
-2119
-2732
-3194
-3523
-3012
-2448
-1825
-1682
-1629
-1039
-808
-454
-786
-1282
-1493
-1749
-1719
-1954
-2091
-1892
-1468
-679
-212
219
478
813
1084
904
698
78
-177
-457
-688
-765
-1027
-754
-339
277
801
1040
1400
1734
1965
1826
1471
1206
1010
1093
1057
1157
1253
1433
2015
2382
2817
2864
2925
3115
3145
3116
2794
2586
2371
2366
2383
2376
2478
2621
2907
3150
3196
3220
3185
3100
3038
2602
2647
1920
1245
94
-1413
-1827
-3384
-3736
-4686
-4968
-4465
-4559
-4070
-4372
-4171
-4217
-3760
-3786
-3802
-3816
-3980
-3560
-3549
-3510
-3220
-3048
-2243
-1078
-342
1154
1532
2344
2797
2829
3081
2639
2627
2321
2497
2255
2229
2012
1762
1918
1584
1574
1350
1089
1066
569
13
-693
-1662
-2142
-2824
-3161
-3375
-3393
-2898
-2395
-1825
-1617
-1341
-1162
-918
-807
-961
-1019
-1221
-1222
-1289
-1390
-1292
-1249
-855
-396
15
604
1022
1514
1810
1883
1828
1539
1268
930
781
633
554
540
525
662
681
795
884
894
921
752
559
385
157
-1
-141
-211
-317
-301
-139
-62
46
-24
-87
-94
-273
-423
-672
-790
-825
-851
-681
-479
-185
117
371
638
825
841
815
778
641
528
375
235
219
197
270
374
476
654
825
986
1065
1068
1046
917
768
605
435
283
131
90
49
61
58
18
77
85
104
159
168
162
152
97
76
0
-93
-126
-150
-184
-263
-356
-404
-434
-507
-571
-646
-703
-782
-883
-936
-983
-990
-990
-994
-950
-908
-805
-680
-570
-499
-499
-501
-548
-550
-530
-505
-462
-397
-183
43
272
527
809
1091
1285
1386
1476
1525
1435
1298
1112
985
849
715
644
626
662
699
759
777
789
776
702
517
246
-5
-264
-521
-794
-997
-1091
-1170
-1199
-1173
-1041
-920
-854
-832
-834
-788
-781
-793
-831
-811
-764
-724
-634
-531
-413
-286
-178
-68
81
204
291
343
393
518
641
708
761
847
959
1019
997
985
991
933
799
638
499
359
229
95
-3
-87
-126
-122
-145
-159
-159
-104
-40
1
39
56
71
89
130
189
186
170
197
232
240
208
206
225
239
234
219
233
253
264
244
229
256
232
158
78
13
-20
-106
-199
-273
-293
-270
-226
-133
-31
149
320
474
601
687
731
684
597
460
331
174
-27
-224
-370
-468
-577
-677
-725
-734
-708
-675
-645
-604
-649
-699
-783
-846
-892
-953
-955
-995
-982
-955
-852
-723
-629
-473
-357
-224
-170
-157
-140
-173
-204
-258
-287
-329
-337
-348
-358
-282
-241
-194
-102
-22
123
214
296
393
456
597
628
629
630
582
563
501
432
396
365
373
386
415
459
478
513
455
368
305
169
54
-70
-224
-335
-484
-593
-650
-751
-824
-902
-810
-713
-660
-519
-490
-331
-244
-121
-65
162
45
-106
109
-239
233
47
-119
184
-8
330
43
-139
-129
-81
319
373
599
805
996
1418
1364
1362
1203
907
1036
707
524
342
-14
219
55
-67
-129
-504
-319
-399
-538
-581
-889
-598
-513
-432
-493
-687
-394
-462
-438
-634
-909
-732
-845
-666
-692
-787
-435
-407
-74
-87
-105
215
164
449
412
316
409
160
186
-10
-150
-107
-210
-13
-23
13
85
53
204
158
121
8
-7
39
-2
-8
-66
80
178
156
157
128
237
356
399
448
381
364
378
353
406
349
290
302
125
-55
-272
-449
-499
-642
-679
-686
-627
-451
-308
-56
180
332
444
616
722
763
722
579
483
378
276
227
247
231
363
485
705
984
1223
1467
1565
1665
1701
1785
1778
1619
1502
1284
1167
978
812
718
605
543
409
324
269
311
325
313
299
312
315
280
234
218
195
89
21
-194
-531
-1033
-1573
-1970
-2265
-2577
-2768
-2794
-2683
-2439
-2309
-2094
-1879
-1600
-1404
-1332
-1327
-1324
-1287
-1378
-1450
-1476
-1398
-1307
-1234
-1073
-745
-367
-25
200
343
494
622
784
858
911
965
1054
1103
1073
1030
956
937
874
777
627
414
217
-26
-262
-502
-680
-796
-933
-1032
-1275
-1391
-1550
-1551
-1493
-1587
-1467
-1473
-1205
-991
-867
-677
-483
-130
81
181
220
343
430
411
292
276
350
499
564
715
929
1158
1435
1462
1608
1602
1676
1748
1715
1725
1648
1663
1618
1605
1541
1548
1584
1557
1482
1333
1220
1163
1105
1050
1088
1159
1384
1531
1642
1731
1798
1895
1807
1652
1406
1178
912
578
277
71
8
-37
-116
-126
-49
112
274
426
526
426
162
-287
-723
-1124
-1568
-1953
-2217
-2290
-2241
-2276
-2272
-2144
-1930
-1766
-1761
-1768
-1725
-1609
-1613
-1612
-1543
-1361
-1135
-1026
-820
-511
-99
225
381
485
571
598
483
312
158
109
48
-76
-164
-261
-320
-397
-473
-494
-521
-624
-780
-984
-1173
-1332
-1494
-1547
-1542
-1509
-1460
-1345
-1137
-923
-741
-622
-498
-384
-373
-506
-738
-881
-931
-949
-951
-907
-651
-302
-3
199
405
684
862
879
781
728
707
604
451
365
411
529
634
765
974
1213
1430
1533
1542
1508
1457
1391
1328
1273
1273
1291
1292
1298
1267
1273
1225
1137
973
757
543
299
133
-12
-95
-157
-124
27
220
418
591
791
964
1029
991
933
886
878
823
716
688
745
912
1046
1222
1470
1714
1936
1947
1851
1575
1243
888
505
140
-231
-483
-710
-930
-1221
-1466
-1571
-1626
-1709
-1856
-1992
-2035
-2076
-2165
-2265
-2324
-2265
-2199
-2130
-2008
-1750
-1393
-1087
-875
-739
-549
-376
-276
-191
-55
174
361
434
455
480
574
609
566
484
375
231
-28
-347
-655
-865
-1001
-1089
-1131
-1143
-1092
-1021
-938
-858
-828
-823
-904
-1035
-1165
-1265
-1275
-1231
-1087
-926
-750
-529
-282
45
311
523
684
815
917
922
913
922
981
1037
1032
1025
1045
1101
1105
1034
948
844
703
485
239
57
-22
-40
-14
6
76
180
288
383
470
571
583
510
367
239
141
87
56
81
213
423
693
938
1202
1447
1633
1727
1711
1661
1502
1356
1223
1136
1119
1056
1030
1009
1046
1100
1167
1221
1264
1267
1130
961
782
605
395
134
-121
-374
-631
-866
-1055
-1212
-1313
-1380
-1425
-1459
-1517
-1540
-1561
-1635
-1759
-1833
-1910
-1969
-2013
-2007
-1857
-1716
-1578
-1470
-1309
-1128
-947
-758
-590
-389
-220
-32
93
179
237
267
299
265
236
228
187
144
77
0
-45
-105
-138
-160
-110
-16
147
329
436
530
552
539
450
312
140
8
-119
-310
-474
-590
-574
-523
-438
-290
-63
176
333
441
536
570
525
408
255
150
90
91
155
186
216
298
299
336
313
264
266
189
110
-83
-226
-270
-356
-449
-533
-526
-374
-282
-272
-245
-195
-56
64
121
198
334
420
469
493
620
789
933
1053
1117
1241
1303
1357
1364
1355
1321
1237
1152
1022
946
850
758
618
389
155
-79
-262
-438
-649
-846
-1018
-1150
-1263
-1374
-1433
-1464
-1470
-1434
-1300
-1098
-894
-683
-492
-287
-80
117
285
396
420
417
443
489
526
504
455
436
452
441
429
408
372
306
195
91
-27
-168
-351
-574
-758
-913
-1017
-1074
-1110
-1093
-1065
-1014
-941
-892
-816
-704
-547
-400
-291
-172
-49
81
189
281
393
487
579
671
788
920
982
974
911
833
734
657
546
426
285
117
-11
-139
-276
-440
-580
-710
-812
-926
-1034
-1087
-1125
-1172
-1211
-1124
-945
-723
-527
-345
-119
119
305
447
515
608
695
732
778
798
922
1033
1163
1334
1514
1671
1761
1823
1818
1749
1545
1311
1102
781
444
151
-106
-237
-437
-642
-700
-791
-835
-910
-991
-996
-961
-945
-942
-982
-1029
-898
-764
-599
-495
-387
-125
37
133
258
406
567
609
517
474
473
438
433
302
139
79
8
-19
-72
-135
-134
-169
-221
-306
-413
-443
-425
-423
-470
-512
-491
-462
-477
-476
-394
-282
-181
-121
-52
66
201
324
399
456
511
584
630
620
626
665
699
666
528
372
241
154
77
-30
-134
-230
-271
-322
-383
-399
-374
-316
-310
-333
-364
-368
-361
-395
-471
-539
-552
-571
-619
-654
-616
-511
-420
-356
-291
-231
-133
-51
13
58
82
171
256
324
379
436
525
562
600
644
653
643
561
492
403
300
204
86
5
-113
-195
-250
-289
-268
-255
-238
-274
-268
-233
-203
-157
-155
-132
-127
-140
-168
-214
-260
-262
-193
-130
-73
-37
27
143
239
306
308
303
312
306
284
214
201
208
241
253
235
293
302
340
298
224
181
107
103
56
48
41
64
138
177
251
277
323
323
271
190
63
-66
-267
-411
-531
-554
-539
-503
-401
-284
-123
-13
108
178
258
288
260
223
163
121
19
-75
-176
-220
-233
-261
-275
-291
-257
-251
-239
-236
-241
-246
-283
-272
-274
-237
-211
-170
-128
-119
-80
-44
57
162
258
340
373
426
453
472
485
455
472
434
396
348
308
319
253
208
82
-8
-102
-205
-290
-434
-525
-636
-682
-725
-720
-656
-541
-396
-309
-220
-162
-82
-90
-122
-170
-183
-179
-216
-208
-235
-188
-129
-57
33
95
205
325
395
417
384
374
391
393
367
321
334
326
375
361
332
294
221
176
71
-12
-93
-89
-125
-145
-169
-164
-117
-127
-131
-161
-152
-162
-184
-248
-260
-235
-165
-104
-51
35
109
222
277
367
405
455
453
396
332
202
135
27
-48
-156
-275
-351
-422
-412
-417
-375
-326
-275
-236
-259
-247
-254
-195
-195
-223
-233
-230
-146
-90
9
82
205
295
363
408
408
445
412
336
199
93
13
-24
-87
-150
-198
-209
-198
-227
-245
-290
-247
-263
-317
-393
-458
-435
-428
-414
-427
-369
-265
-128
4
102
210
347
474
543
570
557
595
604
617
615
634
694
728
787
774
790
766
754
713
608
510
401
334
216
82
-58
-121
-168
-172
-203
-222
-207
-182
-126
-143
-159
-232
-267
-343
-446
-540
-638
-686
-738
-773
-762
-691
-581
-446
-317
-201
-104
-19
5
-9
-62
-96
-153
-234
-308
-361
-361
-392
-377
-354
-278
-213
-168
-136
-128
-116
-148
-163
-203
-215
-223
-202
-184
-193
-179
-147
-73
-39
-16
7
44
99
131
169
197
241
292
342
383
384
381
361
342
295
212
155
105
74
43
31
42
51
55
53
73
91
104
107
94
59
33
15
2
-8
-40
-40
-30
-5
22
72
141
226
325
417
520
576
611
632
642
635
601
557
495
441
373
338
309
289
288
246
246
244
274
305
302
284
253
245
223
198
155
116
77
5
-84
-184
-298
-418
-527
-602
-649
-718
-775
-782
-742
-708
-695
-669
-638
-596
-561
-533
-508
-503
-492
-467
-444
-414
-351
-270
-190
-122
-18
128
271
357
373
374
362
345
305
238
166
124
88
62
25
4
16
30
50
50
62
58
41
-9
-81
-153
-226
-294
-343
-368
-379
-372
-366
-326
-304
-272
-239
-196
-160
-149
-128
-107
-81
-70
-44
-16
4
29
44
45
28
1
0
3
-7
-5
3
23
51
100
174
259
337
419
515
603
668
710
714
700
671
622
564
475
407
351
302
261
244
258
277
295
292
299
295
287
262
206
124
16
-97
-181
-250
-305
-380
-470
-541
-616
-658
-703
-716
-707
-689
-652
-615
-552
-474
-376
-305
-222
-139
-53
16
18
36
37
47
47
41
67
79
106
127
182
253
305
359
420
501
566
594
609
620
612
583
528
474
403
329
257
190
123
52
-13
-81
-142
-190
-216
-244
-311
-385
-428
-448
-451
-457
-458
-458
-441
-395
-346
-316
-303
-285
-263
-252
-246
-228
-212
-210
-212
-180
-112
-41
16
64
114
145
151
159
162
138
106
69
63
48
24
36
85
148
194
251
314
391
430
455
458
425
372
299
240
162
92
40
-5
-51
-111
-136
-158
-170
-206
-246
-288
-366
-438
-506
-552
-607
-656
-678
-653
-589
-528
-451
-379
-307
-242
-190
-131
-91
-72
-74
-73
-56
-27
9
56
109
154
198
237
282
317
329
337
347
354
345
318
291
282
287
290
298
310
327
331
326
337
347
337
304
262
229
179
111
48
-4
-54
-110
-164
-197
-215
-227
-243
-268
-303
-330
-328
-338
-339
-328
-282
-202
-127
-32
63
167
262
345
422
469
513
550
595
607
597
575
552
532
496
468
417
351
269
221
189
134
67
-1
-34
-72
-113
-136
-154
-192
-258
-304
-334
-360
-390
-408
-415
-421
-417
-386
-332
-294
-263
-207
-141
-95
-80
-85
-81
-73
-80
-97
-139
-188
-252
-287
-290
-275
-247
-224
-191
-167
-144
-115
-97
-86
-96
-135
-184
-247
-294
-336
-383
-411
-412
-394
-385
-383
-326
-182
-31
60
146
234
299
349
384
446
454
394
323
289
277
257
226
179
100
20
-31
-67
-108
-166
-222
-273
-296
-304
-284
-260
-249
-231
-197
-162
-125
-81
-33
-3
32
84
143
221
299
399
489
577
653
732
814
872
924
929
911
866
812
764
681
592
482
365
275
182
91
-11
-98
-180
-271
-366
-461
-532
-628
-725
-835
-917
-973
-1013
-1008
-990
-925
-821
-691
-545
-392
-241
-71
103
253
377
477
543
565
550
528
513
493
465
437
420
419
431
468
511
523
521
500
473
424
345
253
121
-13
-147
-257
-345
-421
-453
-461
-454
-432
-397
-357
-293
-226
-166
-197
-333
-392
-395
-433
-435
-335
-301
-364
-356
-252
-205
-232
-296
-385
-466
-496
-454
-413
-397
-408
-397
-313
-201
-128
-75
-6
27
40
110
193
226
215
222
251
268
305
343
370
415
482
547
606
665
680
658
656
631
562
527
510
386
248
226
254
175
118
159
113
-17
-111
-118
-109
-163
-366
-488
-461
-475
-542
-610
-555
-478
-491
-503
-458
-395
-347
-389
-414
-259
-111
-95
-49
126
282
291
281
386
487
539
538
586
649
599
606
766
808
670
574
553
495
360
355
290
20
-213
-248
-264
-418
-633
-727
-670
-754
-822
-703
-596
-637
-679
-533
-295
-271
-389
-407
-381
-411
-455
-400
-373
-460
-462
-360
-310
-233
-86
44
201
330
472
558
553
604
671
704
663
649
681
704
726
783
854
804
689
662
706
667
580
532
477
348
280
380
408
246
140
153
26
-117
-53
52
-114
-464
-589
-455
-383
-515
-686
-754
-722
-747
-693
-433
-292
-431
-450
-223
-21
44
73
22
-79
-44
-13
-12
-33
-176
-324
-322
-344
-382
-279
-265
-421
-441
-242
-152
-176
-44
89
15
7
79
160
213
144
23
-9
50
-6
-26
125
107
-117
-38
168
102
47
144
49
-171
-126
-6
-119
