33
-125
-133
-105
40
-24
60
180
3
82
27
-178
-62
173
-83
-35
50
56
-89
8
95
-78
25
280
167
40
-159
-92
262
41
75
153
-168
-47
-38
-36
73
-11
-69
28
-141
93
164
-266
46
-315
-55
-50
-195
-46
-85
203
101
68
315
179
-167
-342
176
-59
182
308
-236
193
67
8
-147
-58
-185
-248
-345
132
139
-62
357
6
147
93
-225
-9
-138
-57
69
0
223
31
-87
22
-81
138
101
-96
202
278
31
-107
266
193
152
163
-294
-66
10
-140
69
-183
79
141
71
-18
-13
102
355
104
10
-59
-311
-173
-322
-258
281
238
80
-25
8
296
-104
83
-2
-204
130
-31
-206
-5
-141
-102
-220
120
133
49
195
106
232
-316
-33
31
36
160
-122
186
268
303
80
-276
84
-5
72
-61
-50
27
9
-18
-28
-41
69
90
-207
169
317
193
124
-152
-172
-204
-299
-143
-186
188
-162
113
-13
157
8
-110
246
19
42
-62
23
-142
164
-258
-224
-49
6
78
70
66
248
196
-30
-144
-173
-135
-135
-71
-40
97
64
123
5
140
112
-211
-246
-107
3
-228
48
-49
169
-24
34
129
-112
144
-84
-125
253
137
-59
-344
-174
-169
-368
191
-29
-41
99
109
23
116
124
-135
-164
-332
73
98
337
-141
-63
304
132
402
-125
17
177
-64
324
-123
-114
148
-150
-145
-80
348
170
-96
5
107
-280
-94
-16
-114
73
-106
-46
-123
54
93
-102
181
-215
-37
-124
166
166
-134
-4
-232
83
170
144
-105
172
49
63
14
67
366
158
-104
294
-7
260
186
-286
-78
-49
267
32
246
-166
117
177
-108
61
-307
116
-48
-272
-134
-28
-302
194
56
207
147
-154
-248
-39
187
-53
-6
-280
-76
-150
-58
103
28
-58
152
-152
-64
-310
-219
13
41
96
-45
-370
-418
75
-38
152
112
136
-13
-102
-34
-49
73
-292
-50
-140
171
136
-207
-206
10
-95
-255
-62
-235
-138
133
-52
183
127
-125
-134
-289
-11
70
200
-344
165
-148
-173
25
-198
-121
50
-90
27
196
-194
105
-246
1
77
-102
-10
-246
-150
22
-148
-70
53
55
42
159
98
21
-206
50
98
-92
154
-19
56
68
378
175
150
135
-334
259
-151
-171
102
-120
240
-136
18
-189
-257
65
495
255
251
33
-237
-9
-138
358
82
76
-78
246
206
372
308
131
-83
-171
182
59
168
124
-22
-115
135
-17
60
-233
-257
-70
356
204
-35
-63
-145
-212
-253
73
7
103
111
113
-54
402
178
-217
-23
-18
-79
176
95
-2
59
92
225
48
0
123
41
377
396
-183
-24
226
-152
-274
43
-242
-173
119
-100
-217
164
72
55
-89
72
-82
-330
-4
-121
-155
8
114
-126
88
-118
-47
78
25
-364
-199
-137
-269
-165
10
128
-7
167
-52
-254
-85
-35
-132
152
42
36
-29
274
198
398
10
-295
-45
-168
254
-220
86
15
-108
62
127
244
142
304
80
-53
-139
-123
-188
-340
-144
-12
-126
-237
-267
-217
39
-1
247
227
-47
-104
-135
-61
53
-114
234
52
94
57
-170
482
12
254
154
-93
-157
-176
-150
54
227
171
250
-140
207
77
-43
58
-47
255
138
-239
-92
-126
-35
-256
-92
-213
-238
65
62
29
87
280
-94
124
194
50
205
197
-107
-116
26
-78
-47
-14
-75
92
85
278
180
131
183
155
44
-49
-35
-95
-40
-9
-38
269
-48
24
-158
-130
-24
-103
198
-308
60
418
134
223
176
-67
-175
3
-15
-78
-87
-280
12
-198
239
2
-217
212
-256
-203
-68
292
-41
-129
-25
-136
-152
-166
-31
-210
-3
63
-28
-126
112
115
-101
233
-173
60
-23
21
41
-179
-17
-58
122
30
-161
-62
-189
-44
-66
-159
46
238
72
-78
227
11
145
-45
76
16
34
-40
-177
58
105
163
-109
-26
-3
110
-43
92
-75
-165
66
-217
83
7
251
49
100
-83
34
-183
79
158
25
89
18
104
-34
48
54
190
-5
401
-130
33
-38
121
-148
-164
112
-147
-21
-94
227
102
-51
-7
-136
104
209
-54
-119
76
303
18
20
-52
-299
-139
-33
-283
90
42
-47
180
32
169
-59
-199
231
-101
-118
196
-165
-37
-122
-173
111
107
-5
19
-32
178
72
-206
376
-20
243
33
-182
153
34
33
-83
-121
-232
-123
-261
102
-87
-31
154
-33
-70
-59
-86
7
-188
-323
-114
-89
-19
-13
37
29
23
-169
119
9
-194
214
-69
79
177
-112
132
207
92
73
-95
37
-90
-345
-236
-150
246
-10
-27
25
169
87
-644
-436
-345
-168
-292
-400
11
-78
-63
200
16
23
-120
-133
143
325
203
270
280
218
267
60
191
18
-68
81
-146
7
36
-167
-75
50
235
65
-121
-98
55
33
258
-113
256
223
50
77
-34
-258
-72
-35
-68
93
-104
35
-94
150
194
35
42
101
72
379
182
14
54
-71
-98
-136
89
113
-36
30
-35
-204
-148
-34
-227
128
151
8
146
-60
-13
186
81
-15
223
58
-40
82
93
344
184
-76
26
-342
-109
19
67
157
-42
-24
-294
-239
147
14
-10
219
97
28
32
-416
-45
-21
-136
-12
-220
26
-85
-69
314
247
-94
177
-133
-182
96
-76
-52
-73
19
62
-87
25
-42
39
-27
104
-115
-129
-47
-251
133
82
-85
3
-128
-166
-122
150
-35
-162
82
-18
-55
30
-80
-332
-122
-119
-236
120
405
155
182
253
-26
24
-26
-324
-289
-244
-313
-260
1
78
167
-37
191
131
-58
100
-336
-154
-23
-154
38
146
85
79
-10
131
124
-106
155
-74
48
231
-81
225
237
-109
-104
73
208
301
143
71
88
75
-133
-89
-33
155
27
-1
147
11
19
-74
-68
256
82
21
239
73
11
-264
-109
208
84
-165
44
-108
116
184
-153
98
40
-247
-57
64
-69
0
-49
171
227
19
-111
-304
22
148
105
-116
-137
85
-2
31
-150
228
-178
-166
-95
82
138
-201
-127
-15
193
107
-327
-133
-136
-110
91
87
79
2
171
-24
16
1
109
-131
34
58
-211
-48
23
79
-55
184
-39
22
90
-5
31
-13
-75
-315
-46
-30
-204
-90
55
-66
-98
187
107
-141
3
84
47
8
-153
-105
-55
14
137
6
104
-11
-171
-28
221
126
-90
65
51
140
270
52
-109
-237
-215
-164
-156
16
142
42
46
288
139
-180
-387
-242
-69
-64
85
45
246
219
195
192
124
-44
23
-47
84
17
-248
9
-63
-44
41
108
78
118
273
234
-112
-147
-59
-14
133
-11
-112
-42
-184
-81
113
100
74
-88
81
198
-36
188
145
-128
48
45
26
-27
-170
-141
-18
73
79
-120
-80
-85
-208
61
102
-45
23
-143
-125
6
-133
-54
-56
-5
-55
-239
108
129
-63
111
-81
-40
113
-290
-202
259
150
-110
-78
-52
-9
-45
25
179
-168
-76
-128
-91
291
-137
-252
81
185
222
123
-114
-51
-270
-196
129
-125
-2
-47
-76
399
315
21
34
-8
32
90
101
-89
-297
-118
-23
-7
60
-234
-433
164
184
134
-35
-178
-276
-234
-10
-54
-105
0
58
-28
228
127
-67
-58
220
165
122
181
266
183
113
246
93
-83
52
61
129
193
23
38
-84
106
7
-265
-46
-167
-146
104
181
145
20
-148
-61
-81
-18
16
11
-1
71
-45
-9
209
217
155
87
341
149
20
-49
51
53
-12
11
45
146
-63
-46
96
-48
-75
-245
-186
6
-117
-91
-166
68
84
-3
37
-24
-39
7
54
7
162
86
-4
-80
83
353
-3
29
203
165
53
-260
-423
-249
-226
-154
67
201
401
196
-62
-53
-219
-294
-264
-292
-148
28
-124
-155
-11
15
-97
-446
-513
-438
-241
22
178
152
-28
-115
-55
79
68
-37
-89
7
131
73
-19
66
51
101
71
-77
68
-42
-58
-53
15
65
23
39
-149
120
126
97
-135
-356
-175
-210
-43
138
56
193
280
310
335
334
226
111
5
-77
-110
-175
10
74
255
281
56
122
114
-16
62
74
-103
-201
-217
-114
-116
-192
-119
-148
129
287
214
262
161
-24
-44
-113
-193
-280
-285
-23
62
238
103
19
-16
-9
23
-69
-61
-68
-175
-141
-55
-107
-257
-285
-42
36
2
1
77
180
305
255
199
-31
-122
-121
-84
62
120
180
98
228
319
169
-4
-153
-11
30
136
229
174
115
62
66
56
103
82
40
7
149
89
1
76
-78
-110
-158
-128
-56
22
165
39
-88
-88
-246
-437
-270
-120
-22
-31
-68
26
-80
-49
-182
-269
-79
91
109
71
100
108
66
-44
-98
-169
-230
-91
-119
13
115
-54
-131
-222
-224
-200
-128
-60
114
87
72
79
61
45
-104
-115
-65
-75
-109
-54
46
147
71
-29
7
-23
85
-43
-36
40
-83
-125
-117
33
136
62
20
33
-56
-49
-76
-24
146
138
31
60
122
59
-89
-24
31
-32
-109
-121
32
119
125
101
81
88
141
120
139
119
-3
-54
-115
-125
-125
-139
-141
-163
-43
-1
-1
85
69
43
-13
-78
-29
-46
-80
47
68
88
132
68
180
185
124
205
147
149
175
93
30
18
50
106
156
162
172
146
136
49
53
41
-54
-83
-74
-1
21
6
-44
-36
-3
-22
50
131
186
222
230
257
187
158
68
35
-8
-47
-79
-93
-38
-30
9
-20
-20
8
-6
11
-2
-23
-72
-167
-184
-157
-204
-236
-249
-263
-226
-210
-197
-233
-242
-221
-262
-249
-200
-164
-132
-132
-97
-58
-68
-83
-112
-123
-127
-147
-138
-87
-74
-38
-24
-53
-20
40
33
-25
-25
-28
-67
-71
-93
-121
-120
-117
-62
42
71
38
48
15
16
21
-5
39
78
140
177
216
276
212
159
134
137
138
194
188
144
189
176
162
122
136
134
105
183
249
294
286
246
275
232
250
259
227
261
304
275
242
245
253
267
256
287
363
382
376
361
291
232
121
29
0
12
6
-92
-141
-173
-210
-270
-286
-302
-393
-444
-451
-497
-594
-680
-797
-824
-800
-782
-806
-785
-784
-742
-660
-586
-538
-526
-496
-453
-423
-389
-370
-344
-319
-270
-182
-138
-86
-71
-44
-3
18
31
29
23
71
111
121
112
106
131
144
189
264
295
333
309
314
310
278
264
257
262
260
285
325
337
381
362
367
396
411
436
411
397
379
412
368
353
363
329
318
340
418
498
546
622
767
904
996
1101
1205
1224
1213
1145
1114
1116
1119
1049
940
883
863
852
756
703
663
642
621
602
581
443
198
-81
-526
-1170
-1708
-2034
-2564
-3217
-3499
-3403
-3294
-3127
-2800
-2372
-1863
-1338
-886
-584
-341
-183
-286
-410
-430
-471
-868
-1310
-1251
-956
-826
-899
-778
-397
-39
152
255
388
463
361
218
198
214
-36
-309
-402
-273
-207
-264
-408
-354
-19
156
66
10
138
238
247
367
553
637
619
735
924
1042
1031
845
696
708
774
625
378
316
407
419
435
551
689
751
885
1080
1251
1287
1240
1148
1093
1202
1146
919
858
976
1150
1121
1100
1219
1232
1279
1336
1356
1268
1149
1086
1194
1277
1231
1065
1058
1271
1300
1242
1161
1114
985
771
597
365
-295
-1298
-1994
-2250
-2636
-3490
-4251
-4330
-4071
-3761
-3524
-3146
-2532
-1889
-1346
-850
-369
-159
-361
-580
-470
-327
-611
-1049
-1291
-997
-659
-470
-684
-869
-583
-330
-415
-710
-719
-787
-892
-778
-578
-563
-632
-576
-424
-113
155
-37
-376
-395
-133
-222
-468
-568
-522
-330
-57
251
456
651
811
954
1182
1289
1084
670
571
696
641
367
154
172
280
469
624
724
855
1053
1236
1398
1520
1493
1298
1211
1384
1504
1370
1192
1217
1347
1441
1435
1316
1287
1278
1286
1271
1346
1380
1324
1285
1258
1421
1326
1211
1080
1079
1214
1178
1206
1133
1103
1088
1007
980
744
520
137
-281
-881
-1455
-2073
-2701
-3340
-3875
-4023
-4113
-4048
-3772
-3330
-2724
-2186
-1550
-1005
-581
-338
-244
-240
-314
-393
-592
-732
-891
-802
-679
-620
-495
-339
-195
-460
-527
-431
-528
-991
-1334
-1257
-1213
-1145
-1093
-938
-597
-209
146
244
434
501
368
144
103
48
-232
-497
-539
-279
-34
72
183
374
651
782
788
724
647
530
372
336
349
330
270
355
580
861
986
988
1036
1168
1258
1203
1096
1088
1085
1103
1161
1251
1345
1532
1646
1679
1773
1822
1742
1594
1598
1575
1475
1275
1261
1378
1534
1478
1437
1543
1743
1820
1753
1623
1563
1440
1250
924
572
173
-619
-1610
-2445
-2958
-3687
-4565
-5206
-5273
-4923
-4473
-4029
-3370
-2488
-1586
-871
-218
287
519
339
175
79
-101
-542
-995
-1202
-1040
-747
-557
-410
-67
298
503
578
536
243
-270
-822
-1060
-1257
-1615
-1997
-2065
-1643
-1121
-694
-438
-73
340
685
834
834
720
427
143
21
57
-34
-298
-409
-322
-10
116
-33
-176
-161
-38
-56
-70
-52
-3
96
388
823
1196
1413
1599
1850
2124
2243
2116
1812
1618
1519
1399
1174
1043
1036
1060
1205
1468
1742
1862
1901
2047
2202
2150
2081
1901
1784
1790
1787
1716
1635
1704
1873
1919
2041
2094
2049
1923
1790
1591
1300
692
-608
-2356
-3499
-4086
-5184
-6731
-7606
-7306
-6571
-5817
-4855
-3562
-2217
-905
289
1266
1869
1808
1157
636
471
175
-802
-1785
-2055
-1588
-1027
-747
-552
-85
396
650
818
880
539
-245
-771
-774
-819
-1451
-2225
-2220
-1621
-1121
-1080
-1005
-597
-44
305
337
370
367
124
-161
-74
200
0
-537
-684
-277
20
-112
-500
-703
-439
-111
-50
-111
85
295
421
814
1382
1654
1474
1527
1930
2262
2165
1836
1548
1513
1622
1505
1220
1069
1123
1137
1163
1360
1445
1253
1126
1340
1706
1789
1637
1512
1730
2105
2467
2341
2229
2228
2333
2596
2514
2448
2157
2156
2180
2162
2100
1764
1345
829
225
-1046
-2936
-4411
-5286
-6314
-7693
-8161
-7507
-6487
-5513
-4046
-2026
-410
817
1839
2725
3013
2574
1594
448
-257
-883
-1815
-2871
-3051
-2386
-1732
-1355
-863
-112
237
359
471
501
28
-712
-1172
-1183
-1011
-1080
-1419
-1548
-979
-203
30
-147
-213
-79
-91
-254
-439
-726
-1100
-1378
-1216
-814
-631
-862
-1042
-793
-391
-279
-536
-838
-776
-389
42
312
594
867
1104
1478
2074
2388
2130
1764
1750
1883
1709
1263
806
560
640
883
987
1034
1150
1358
1565
1877
2039
1926
1766
1908
2213
2364
2325
2267
2294
2432
2709
2803
2787
2722
2864
2992
3170
3104
2864
2641
2473
2244
1847
1326
432
-1117
-3210
-4813
-5596
-6537
-8127
-9186
-8567
-6931
-5458
-4041
-2256
-306
1235
2458
3315
3575
2952
1667
379
-369
-977
-2080
-3351
-3759
-3034
-1956
-1347
-944
-442
146
411
576
589
174
-626
-1131
-840
-311
-108
-116
271
1022
1761
1768
1066
412
-25
-694
-1663
-2404
-2703
-2906
-2897
-2391
-1418
-731
-501
-238
307
760
612
-52
-670
-824
-777
-781
-756
-408
225
876
1471
2115
2455
2188
1680
1515
1394
899
165
-281
-268
-31
251
521
814
1187
1582
1827
1982
1949
1674
1260
1110
1260
1333
1295
1420
1926
2575
2984
3093
3115
3164
3012
2711
2388
2041
1689
1354
1272
1385
1512
1682
1743
1688
1425
1152
464
-809
-2691
-4741
-6056
-6689
-7314
-8124
-7918
-6359
-4365
-2608
-896
928
2196
2822
3120
3117
2419
956
-692
-1851
-2294
-2567
-3008
-3204
-2646
-1458
-314
365
663
900
889
649
436
194
-371
-1086
-1084
-416
281
582
940
1444
1822
1990
1438
182
-1020
-1806
-2673
-3606
-3987
-3856
-3528
-2809
-1566
-259
525
903
1190
1392
1274
749
-161
-922
-1129
-1043
-879
-655
-195
440
1030
1515
1865
1796
1237
672
439
275
-75
-398
-349
70
760
1422
1953
2314
2543
2722
2729
2532
2183
1726
1310
1257
1537
1706
1783
1948
2356
2721
2987
2955
2628
2377
2392
2393
2153
1927
1968
2069
2360
2795
2964
2771
2324
1621
609
-673
-3248
-6163
-7804
-7859
-8511
-9576
-8989
-6468
-3954
-2031
129
2383
3493
3795
3807
3710
2719
778
-1505
-2706
-2804
-2910
-3471
-3675
-2678
-1061
191
683
900
957
583
-72
-329
-431
-1079
-1991
-1707
-302
881
1240
1748
2375
2787
2775
2328
1185
-278
-1642
-3018
-4284
-5070
-5239
-5334
-4958
-3720
-2056
-817
166
1092
1749
1972
1946
1458
784
181
-189
-554
-705
-687
-687
-724
-479
-116
-8
-66
9
165
266
417
620
877
1247
1696
1966
2196
2356
2284
1936
1631
1387
1038
641
521
601
837
1230
1697
2160
2548
2978
3112
3070
3001
2731
2357
2119
2061
1988
1738
2023
2648
3209
3393
3638
3915
3900
3620
3129
2186
666
-911
-3243
-5930
-7634
-7869
-8298
-9461
-9038
-6421
-3677
-2081
-542
1607
2995
3334
3262
3164
2295
574
-1207
-2016
-2046
-2269
-2771
-3062
-2330
-940
121
216
-81
-109
-300
-854
-1200
-1159
-1465
-2107
-1622
0
1261
1442
1791
2480
2880
2709
2039
861
-595
-1709
-2655
-3369
-3691
-3873
-4402
-4785
-3812
-2312
-1776
-1944
-1599
-599
227
713
867
831
824
883
1083
1221
1097
307
-635
-913
-605
-702
-1407
-1757
-1323
-432
478
1146
1614
1989
2282
2556
2900
2877
2104
1118
758
972
910
450
154
418
942
1548
2048
2346
2443
2453
2490
2677
2843
2489
1916
1853
2364
2714
2581
2509
2793
3172
3465
3574
3571
3474
3278
2898
2660
2605
2101
646
-691
-1666
-3801
-6521
-7936
-7774
-8459
-9532
-8646
-5797
-3368
-1836
164
2521
3839
4223
4285
4083
3020
1261
-614
-1718
-2157
-2519
-3252
-3645
-2804
-1298
-431
-473
-342
-64
-401
-1030
-1026
-852
-1321
-1746
-858
705
1606
1868
2378
2816
2896
2498
1655
258
-1192
-2429
-3447
-3952
-4068
-4300
-4996
-4813
-3315
-1887
-1640
-1583
-864
138
885
1370
1494
1452
1365
1356
1518
1716
1300
187
-738
-717
-484
-977
-1733
-1909
-1318
-475
315
908
1349
1588
1754
2073
2457
2131
1132
406
488
822
796
516
574
1018
1589
2062
2313
2312
2128
1974
1877
1974
1868
1400
918
1102
1603
1977
2093
2292
2757
3153
3631
3927
3999
3502
3161
3111
3022
2651
1341
-46
-2293
-5116
-7246
-7809
-8225
-9983
-10435
-8077
-4534
-2106
-283
2306
4350
5299
5637
5957
4995
2775
289
-1310
-1856
-2414
-3355
-4418
-4140
-2582
-995
-454
-619
-589
-716
-1152
-1227
-909
-1228
-1979
-1494
368
2212
2689
2908
3334
3634
3254
2347
909
-1135
-2927
-4186
-4619
-4653
-4547
-4619
-4142
-2659
-1314
-1077
-1244
-863
-449
-439
-242
254
673
890
1390
2179
2692
2549
1732
802
140
-499
-1654
-2770
-3244
-2976
-2424
-1620
-515
825
1930
2684
3359
3824
3557
2652
1820
1391
1033
515
159
231
594
976
1379
1649
1736
1610
1411
1224
1186
1087
784
552
847
1368
1693
1950
2272
2757
3084
3351
3507
3409
3345
3489
3715
3594
3601
3505
3492
2892
2011
148
-3507
-6996
-8583
-8618
-10151
-11887
-10726
-7025
-3483
-939
2155
5049
6095
6229
6533
6376
4047
682
-2249
-3336
-3616
-3894
-4778
-5245
-4087
-1997
-513
-350
-531
-967
-1884
-2362
-1807
-1447
-2195
-2461
-730
1903
3496
3952
4258
4097
3588
2678
1459
-733
-3064
-4836
-5519
-5207
-4421
-3887
-3518
-2259
-236
1368
1063
-85
-747
-720
-771
-840
-760
-402
343
1663
3107
4065
3725
2397
984
213
-673
-2270
-4172
-5009
-4470
-3283
-1847
-547
685
1810
3035
4025
4426
3805
2353
1099
804
785
309
-308
-409
85
850
1439
1680
1416
919
602
618
749
631
316
222
982
2081
2692
2919
3225
3389
3564
3825
4009
3624
3021
2922
3307
3738
3840
3655
3217
3107
2852
1652
-576
-3765
-7174
-9401
-9701
-9781
-10533
-9957
-6879
-2704
574
3251
5453
6332
6082
5686
5140
3228
140
-2718
-4064
-4093
-3864
-4074
-4359
-3829
-2410
-989
-641
-1225
-2007
-2715
-3002
-2473
-1476
-1026
-756
592
3056
4986
5451
5107
4310
3076
1663
223
-1723
-3931
-5422
-5780
-5155
-4037
-2959
-2252
-1379
35
1330
1685
1036
-96
-1270
-1537
-979
-642
-809
-648
405
1772
2797
2875
1711
166
-1081
-1760
-2568
-3516
-4261
-4293
-3286
-1406
442
1481
1903
2372
3074
3575
3225
2107
861
168
168
544
771
644
593
929
1614
2012
1732
864
145
49
448
875
1137
1373
1932
2886
4008
4754
4756
4414
4221
4283
4282
4071
3596
3064
3041
3447
3946
4163
3949
3363
2092
629
-1406
-4748
-8571
-10826
-10952
-10831
-10597
-8613
-4732
-809
2271
5165
7426
7835
6741
5418
3900
1528
-1454
-4069
-5401
-5562
-5117
-4706
-4195
-3129
-1711
-729
-583
-812
-1248
-2013
-2428
-1735
-573
92
755
2328
4262
5366
5494
5032
3848
2006
73
-1659
-3486
-5114
-6151
-6298
-5437
-3940
-2573
-1590
-454
856
1645
1769
1427
912
210
-471
-826
-1055
-1125
-1114
-899
-528
-32
124
-294
-881
-1233
-1734
-2341
-2709
-2633
-2302
-1751
-927
134
1063
1750
2129
2390
2492
2335
1964
1496
1254
965
572
294
246
218
106
40
105
202
236
288
505
809
1172
1598
2142
2689
3205
3554
3815
3939
3788
3483
3205
3093
2801
2620
2632
2848
3000
3069
3218
3151
3218
3200
3055
1834
28
-1842
-4206
-6928
-8843
-9063
-8867
-8754
-7286
-4007
-397
1904
3664
5245
5938
5370
4216
2874
874
-1294
-3088
-3825
-4006
-3829
-3728
-3462
-2697
-1546
-810
-1029
-1576
-1788
-1904
-1941
-1375
-270
564
1343
2717
4363
5134
4767
4008
2937
1476
-285
-1882
-3474
-4710
-5252
-5020
-4223
-3079
-1993
-1117
-162
883
1514
1415
914
434
120
-15
-39
-686
-1358
-1400
-801
-527
-673
-897
-1108
-1179
-1101
-983
-1132
-1496
-1473
-987
-199
421
686
626
742
1149
1419
1305
762
330
299
625
902
1002
855
598
687
1056
1223
834
352
185
356
636
860
956
955
1212
1852
2514
2848
2851
2736
2727
2965
3108
2922
2479
2175
2293
2584
2892
2906
2768
2748
3001
3222
3076
2962
2445
992
-1163
-3494
-5686
-7766
-9017
-9489
-9282
-8109
-5587
-2302
431
2502
4111
5036
5030
4385
3237
1331
-847
-2645
-3499
-3763
-3863
-3910
-3666
-2923
-1856
-881
-640
-1097
-1560
-1651
-1410
-999
-389
339
1180
2339
3784
4764
4672
3872
2885
1711
252
-1246
-2755
-4102
-4798
-4604
-3790
-2854
-1945
-1057
-100
899
1616
1670
1207
694
414
303
364
148
-332
-772
-713
-397
-533
-1111
-1756
-2070
-2013
-1817
-1660
-1586
-1288
-676
178
1047
1520
1501
1297
1221
1190
1027
554
85
-110
125
580
914
994
919
887
961
1032
870
408
5
-8
247
557
840
1061
1357
1847
2468
2964
3133
3011
2804
2728
2802
2715
2334
2148
2169
2474
2812
3182
3468
3501
3646
3842
4013
4073
3753
2651
893
-1175
-4304
-7833
-9857
-10080
-10536
-11224
-9664
-5605
-1620
836
3213
5548
6388
5787
5038
4042
1763
-1191
-3311
-4021
-3988
-4058
-4304
-4251
-3274
-1712
-715
-907
-1444
-1673
-1922
-1823
-831
366
848
1435
3173
5156
5801
5171
4252
3042
1377
-287
-1825
-3536
-5029
-5648
-5305
-4269
-3013
-2134
-1532
-554
672
1295
1077
477
33
-218
-123
168
349
143
-212
-199
-187
-463
-1304
-2405
-3139
-3253
-2912
-2492
-1997
-1384
-567
567
1589
2210
2224
1827
1477
1332
1130
683
129
-173
100
590
994
1218
1278
1028
841
843
680
221
-164
-187
165
731
1277
1639
1893
2235
2663
2880
2785
2522
2130
1767
1718
1836
1885
1913
2194
2715
3179
3686
3886
3892
3661
3661
3633
3306
2883
2331
1401
47
-1533
-3940
-7000
-8898
-8943
-8694
-9042
-8141
-5021
-1544
887
2800
4808
5563
5032
4174
3440
1802
-744
-2982
-3995
-4043
-3874
-3870
-3862
-3344
-2205
-1149
-903
-1217
-1511
-1700
-1659
-901
246
954
1341
2473
4128
5094
4867
4091
2972
1464
-80
-1480
-2939
-4482
-5399
-5383
-4565
-3467
-2511
-1740
-738
480
1417
1744
1692
1419
1108
1009
1159
1130
721
351
-2
-344
-1126
-2075
-3041
-3794
-4114
-3992
-3436
-2515
-1334
11
1152
2101
2725
2843
2552
1951
1361
685
3
-515
-633
-582
-438
-328
-28
212
346
303
224
121
29
37
267
542
852
1285
1694
2063
2324
2475
2419
2350
2364
2370
2321
2311
2428
2594
2716
2797
2872
2974
2910
2792
2703
2838
3008
3181
3615
4075
4322
4259
4210
3575
1831
-1230
-5345
-8811
-10271
-10412
-11156
-11632
-9444
-4950
-690
2194
4621
6344
6407
5675
5125
3945
1072
-2323
-4256
-4254
-3560
-3404
-3740
-3789
-2892
-1463
-734
-1335
-2457
-3234
-3421
-2677
-1073
249
806
1790
4043
6266
6831
5947
4531
2802
933
-725
-2400
-4389
-6007
-6346
-5383
-3797
-2420
-1629
-1041
-25
1168
1737
1342
468
-213
-272
261
913
1099
937
919
1302
1521
1101
-250
-2188
-3991
-5056
-5040
-4734
-4473
-3908
-2262
63
2191
3392
3679
3301
2779
2239
1697
623
-687
-1683
-1848
-1440
-800
-546
-676
-747
-378
258
514
253
-159
-155
266
1085
1846
2173
2200
2516
3018
3216
2921
2284
1603
1267
1404
1714
1813
1708
1824
2294
2913
3416
3533
3287
3284
3598
3858
3740
3579
3379
3244
3269
3490
3667
2860
965
-1391
-4030
-7050
-9400
-10327
-10576
-10673
-9336
-5679
-1286
1773
3832
5744
6837
6449
5387
3880
1490
-1239
-3152
-3811
-3821
-3716
-3664
-3421
-2721
-1490
-649
-1019
-2048
-2627
-2656
-2421
-1611
-355
789
1919
3681
5706
6669
6091
4830
3360
1498
-626
-2638
-4593
-6179
-6821
-6360
-5339
-4185
-3133
-2227
-1241
-170
596
612
186
-85
55
465
948
1290
1421
1614
1935
2046
1531
373
-1253
-3134
-4673
-5583
-5824
-5719
-5208
-3965
-2101
103
1979
3199
3752
3837
3720
3347
2707
1782
779
38
-309
-341
-397
-609
-935
-1078
-900
-568
-423
-459
-391
-75
538
1267
1867
2154
2342
2571
2767
2774
2577
2244
1949
1872
2092
2339
2466
2438
2454
2478
2644
2654
2311
2089
2107
2399
2610
2933
3140
3198
3293
3547
3912
4079
3275
1596
-329
-2004
-4461
-7727
-9781
-9613
-8856
-8403
-6476
-2568
1023
2995
4675
6379
6741
5299
3556
2111
416
-1653
-3171
-3822
-3784
-3409
-3045
-2815
-2365
-1613
-1332
-1735
-2109
-2053
-2103
-2023
-1085
463
1431
2091
3183
4257
4215
3279
2210
864
-876
-2542
-3719
-4561
-5043
-4971
-4305
-3258
-2049
-1016
-260
345
862
1031
843
672
662
713
918
1320
1691
1863
1777
1556
1063
298
-878
-2045
-3138
-4100
-4476
-4485
-4113
-3264
-1914
-386
941
2016
2736
2968
2740
2134
1512
565
-391
-1046
-1411
-1715
-1892
-1964
-1874
-1718
-1551
-1246
-897
-511
-11
638
1199
1623
2056
2327
2395
2504
2471
2103
1607
1206
943
677
485
556
869
1267
1700
2182
2579
2761
2856
2733
2604
2543
2668
2876
3091
3451
3936
4150
4170
4516
4881
4589
3344
2011
590
-1023
-3872
-7581
-10058
-10028
-9002
-8693
-7745
-4407
-358
2419
4318
6342
6997
5533
3847
2983
1867
-571
-3033
-4340
-4246
-3800
-3561
-3725
-3783
-3288
-2524
-2207
-2354
-2506
-2641
-2526
-1316
761
2109
2503
3224
4664
5330
4702
3496
2058
54
-1816
-2849
-3561
-4492
-5018
-4659
-3583
-2122
-859
-231
68
711
1365
1546
1358
1163
944
946
1447
2086
2137
1736
1392
1106
675
-143
-1333
-2689
-3535
-4099
-4477
-4418
-4125
-3589
-2622
-1177
303
1321
1810
2119
2270
2169
1726
1095
245
-338
-634
-880
-1094
-1150
-1337
-1405
-1299
-1018
-763
-653
-449
-10
519
902
1266
1526
1672
1865
2179
2272
2224
2143
2012
1945
1955
1987
1857
1734
1730
1837
1897
1822
1802
1544
1335
1478
1813
2077
2333
2757
3355
4017
4614
4898
4811
4521
4399
4119
3101
1075
-1185
-3702
-6910
-9661
-10677
-10263
-10309
-9843
-7089
-2787
470
2349
4082
5467
5386
4573
3662
2243
-35
-2106
-3192
-3460
-3414
-3476
-3786
-3914
-3196
-2288
-2222
-2924
-3191
-2922
-2478
-1486
259
1807
2749
3900
5598
6661
6195
4877
3360
1675
-169
-1815
-3295
-4625
-5321
-5103
-4251
-3077
-2009
-1209
-491
499
1448
1839
1755
1630
1681
1876
2218
2418
2207
1719
1289
933
333
-606
-1848
-3021
-3805
-4295
-4457
-4166
-3681
-3101
-2004
-355
1193
1863
2149
2442
2724
2591
2103
1413
688
75
-316
-696
-1037
-1480
-1937
-2220
-2029
-1575
-1280
-1080
-572
400
1386
2120
2582
2965
3138
3191
3156
2932
2424
1810
1376
1198
1150
1121
1030
1023
1226
1647
1978
2070
2081
2020
2165
2384
2599
2835
3019
3357
3682
3998
4155
3971
3621
3185
2936
2481
1151
-627
-2560
-4608
-7198
-9626
-10378
-9866
-9193
-8253
-5601
-1823
1300
3331
5036
6110
5953
4760
3452
1869
-157
-2274
-3690
-4372
-4402
-4255
-4162
-3923
-3193
-2219
-1765
-1756
-1707
-1480
-1177
-507
739
1977
2679
3361
4294
4828
4364
3211
1736
-103
-1991
-3579
-4810
-5764
-6180
-5862
-4880
-3485
-1958
-678
327
1297
2113
2449
2360
2098
1752
1432
1348
1351
1100
701
349
8
-464
-1084
-1934
-2850
-3450
-3520
-3581
-3713
-3336
-2326
-1132
31
1065
1843
2372
2725
2860
2620
1989
1163
429
-104
-465
-787
-1254
-1610
-1560
-1313
-1024
-813
-593
-226
421
1213
1952
2431
2629
2797
3160
3458
3391
3065
2626
2273
2047
1832
1578
1245
1031
1038
1235
1467
1601
1628
1576
1641
1969
2172
2193
2281
2588
2989
3255
3465
3566
3757
3661
3331
2992
2993
2280
507
-1813
-3867
-5865
-8249
-9846
-9891
-9006
-7846
-5779
-2323
1133
3483
4943
5896
6355
5612
4174
2340
427
-1500
-2935
-3793
-4250
-4393
-4469
-4363
-3931
-3199
-2984
-3228
-3453
-3166
-2623
-1945
-949
410
1612
2656
3740
4568
4518
3660
2494
1205
-215
-1747
-3141
-4251
-4861
-4948
-4421
-3621
-2727
-1908
-1055
-126
732
1273
1425
1515
1670
1924
2118
2169
2001
1710
1334
892
313
-476
-1428
-2293
-2833
-3049
-3020
-2859
-2834
-2617
-1886
-889
-56
499
937
1277
1656
1974
2083
1838
1373
1058
996
839
522
63
-464
-804
-755
-596
-522
-525
-364
143
843
1444
1800
1852
1725
1749
1972
1973
1664
1401
1281
1291
1397
1464
1331
1070
939
990
1139
1267
1211
1069
1119
1582
2198
2508
2850
3393
4031
4522
4886
5047
4645
4326
3911
3524
3196
2458
993
-930
-2748
-4831
-7352
-9225
-9686
-9248
-8668
-7105
-3873
-505
1895
3712
5344
5954
5343
4010
2571
719
-1395
-3174
-4115
-4598
-4795
-4754
-4598
-4164
-3302
-2675
-2590
-2484
-2133
-1667
-1085
43
1449
2569
3431
4425
5258
5176
4194
2829
1195
-640
-2402
-3920
-5032
-5669
-5679
-5038
-3876
-2544
-1331
-247
828
1774
2351
2451
2298
2040
1730
1463
1204
843
340
-131
-538
-898
-1358
-1965
-2609
-2951
-2954
-2764
-2374
-1773
-1014
-571
0
797
1164
1088
690
575
644
638
570
339
231
104
68
-46
-452
-841
-1312
-1638
-1551
-1229
-939
-676
-195
586
1470
1987
2190
2174
2073
1856
1615
1311
836
522
448
589
892
1110
1239
1386
1632
1951
2179
2391
2548
2796
3062
3396
3676
3743
3574
3386
3365
3103
2753
2357
2227
2256
2178
2040
2095
2495
2677
1621
69
-1074
-2288
-4656
-7784
-9183
-8760
-8005
-7430
-5660
-2474
594
2613
4310
5520
5622
4108
2343
951
-504
-2432
-4159
-4913
-4675
-3950
-3537
-3206
-2778
-2134
-1852
-1783
-1699
-1652
-1675
-1219
113
1715
2726
3342
4000
4409
4120
3093
1679
-99
-1903
-3406
-4273
-4642
-4735
-4491
-3592
-2170
-741
285
895
1318
1514
1509
1386
1240
945
741
877
1309
1668
1702
1384
893
330
-371
-1308
-2363
-3238
-3700
-3704
-3193
-2551
-2075
-1442
-514
546
1226
1535
1315
1052
1052
1101
963
456
16
-77
-21
82
-20
-343
-904
-1137
-980
-861
-875
-948
-700
-63
820
1577
2065
2162
2196
2477
2695
2540
2111
1608
1213
1135
1289
1271
1113
1044
1216
1622
2023
2381
2496
2496
2650
2940
3046
2851
2671
2600
2653
2868
3191
3018
2765
2781
2876
2811
2428
1963
930
-249
-1507
-3366
-6176
-8669
-9101
-8308
-7907
-7182
-4833
-1400
1353
3324
4801
5414
4630
3291
2277
939
-1065
-3218
-4428
-4732
-4297
-3884
-3962
-4064
-3431
-2343
-1767
-1756
-1751
-1531
-1102
-87
1487
2709
3113
3596
4474
4968
4420
3110
1470
-205
-1676
-2748
-3563
-4277
-4625
-4275
-3245
-1999
-971
-447
-48
510
1087
1305
1179
915
680
758
1114
1427
1307
891
500
248
-102
-758
-1693
-2573
-3025
-2955
-2565
-2128
-1590
-1188
-773
-29
815
1016
404
-291
-315
-5
96
-90
-212
-76
245
680
827
587
53
-421
-601
-471
-526
-816
-1064
-730
59
853
1238
1354
1464
1713
2021
2204
2066
1672
1454
1531
1901
2154
2128
1979
1983
2159
2307
2223
1855
1533
1456
1675
1955
2061
1957
1890
2045
2191
2475
2644
2588
2382
2068
2392
2685
2664
2145
1554
1139
259
-788
-2076
-3615
-5752
-7826
-8238
-7241
-6242
-5672
-4296
-1492
1372
3269
4187
4550
3979
2905
1910
974
-549
-2481
-3880
-4287
-3836
-3314
-3294
-3504
-3224
-2238
-1317
-1031
-1051
-961
-587
217
1479
2537
2794
2859
3298
3789
3546
2489
1103
-297
-1509
-2296
-2892
-3560
-4153
-4118
-3426
-2391
-1404
-793
-423
118
955
1597
1713
1404
1096
975
1056
1109
801
142
-463
-745
-908
-1255
-1829
-2460
-2801
-2706
-2297
-1945
-1631
-1513
-1188
-559
49
276
63
141
516
1086
1472
1601
1598
1503
1440
1388
984
346
-487
-1109
-1442
-1377
-1317
-1339
-1214
-632
172
819
1187
1367
1595
1784
2013
2145
2042
1809
1809
2006
2166
2114
1876
1572
1330
1190
1055
861
563
376
466
732
995
1231
1465
1854
2392
2849
3175
3358
3528
3438
3413
3316
3186
2847
2361
2046
1262
5
-1992
-4405
-7042
-8838
-9165
-8898
-8543
-7138
-4149
-423
2417
4637
6093
6513
5792
4718
3348
1043
-1592
-3688
-4670
-4996
-4741
-4481
-4264
-3714
-2457
-1277
-982
-1286
-1399
-1240
-847
51
1173
1964
2576
3695
4843
5174
4513
3286
1663
-129
-1720
-3112
-4544
-5620
-5805
-5135
-4000
-2711
-1466
-443
602
1685
2449
2550
2231
1854
1607
1546
1519
1352
962
657
513
317
-142
-896
-1826
-2639
-2989
-2909
-2713
-2430
-1854
-926
204
958
1597
1783
1416
1066
803
642
185
-270
-382
-209
125
241
212
22
-344
-489
-743
-1070
-1383
-1567
-1512
-1089
-488
49
478
821
1213
1540
1611
1363
1086
817
578
533
577
529
492
563
769
925
951
906
901
1050
1304
1654
1940
2175
2383
2562
2703
2861
2767
2613
2655
2637
2526
2402
2544
2563
2279
2211
2307
2495
1908
767
-333
-1668
-3627
-6154
-7513
-7354
-6890
-6666
-5474
-2483
493
2199
3324
4335
4550
3537
2245
1002
-476
-2185
-3430
-3886
-3763
-3270
-2946
-2845
-2393
-1301
-544
-733
-945
-657
-349
-111
621
1723
2259
2416
2962
3498
3191
2115
931
-355
-1645
-2639
-3427
-4125
-4402
-3926
-3030
-2013
-886
133
831
1449
2087
2362
2043
1552
1208
931
710
543
229
-233
-531
-620
-821
-1215
-1651
-2067
-2317
-2156
-1780
-1463
-1223
-825
-124
621
989
1043
813
568
498
404
186
-192
-446
-487
-274
-99
-240
-562
-806
-935
-844
-831
-897
-965
-819
-381
244
690
922
1129
1373
1642
1836
1815
1466
1153
1022
982
869
668
420
300
336
486
600
559
563
663
997
1412
1803
2021
2089
2354
2664
2783
2720
2551
2459
2549
2741
2712
2432
2217
2124
2049
1904
1796
1465
619
-356
-1180
-2462
-4828
-6733
-6862
-6138
-5939
-5483
-3455
-573
1504
2847
4050
4552
3828
2744
1849
595
-1093
-2708
-3766
-4089
-3688
-3290
-3333
-3297
-2400
-1142
-668
-708
-451
-27
248
874
1926
2511
2429
2531
2981
3051
2304
1162
-77
-1348
-2306
-2944
-3567
-4127
-3984
-3206
-2261
-1234
-186
532
944
1416
1854
1796
1260
706
347
161
52
-92
-395
-623
-586
-465
-544
-769
-1075
-1406
-1516
-1274
-997
-886
-744
-601
-238
280
584
355
-44
-107
-94
-162
-304
-297
-165
-43
327
766
817
562
295
133
-68
-221
-483
-804
-845
-571
-181
49
171
322
501
581
718
861
770
637
871
1249
1448
1560
1675
1728
1756
1809
1788
1593
1310
1140
1075
1091
1164
1261
1247
1305
1496
1612
1535
1428
1414
1432
1686
1967
2213
2514
2862
3134
3037
2835
2683
2582
1937
471
-1006
-2322
-4222
-6890
-8740
-8616
-7896
-7655
-6699
-3752
-330
1809
3322
4771
5426
4838
3807
2617
977
-911
-2455
-3527
-4041
-3860
-3569
-3744
-3579
-2419
-1403
-1540
-1811
-1374
-989
-844
-176
1021
1756
2158
3063
3969
4019
3381
2560
1398
-8
-1135
-2139
-3326
-4091
-3968
-3365
-2731
-1827
-757
44
731
1479
1987
1906
1603
1412
1245
1154
1211
1168
883
696
722
532
-21
-713
-1363
-1982
-2316
-2349
-2224
-2046
-1805
-1177
-407
433
1002
1183
1220
1110
1147
1017
624
139
-339
-364
-190
-96
-174
-399
-558
-649
-669
-788
-1116
-1373
-1289
-845
-198
411
879
1253
1603
2120
2439
2263
1811
1406
1153
898
699
560
389
343
518
775
826
649
425
235
152
166
180
202
349
794
1412
1883
2281
2535
2665
2764
2794
2720
2407
2066
1887
1799
1728
1571
1303
1242
1347
1295
657
-302
-1494
-3450
-5856
-7094
-6837
-6617
-6937
-5926
-2884
220
2023
3179
4282
4539
3830
2884
1709
-204
-2237
-3599
-4169
-4185
-3813
-3635
-3770
-3187
-1600
-499
-768
-1240
-941
-471
-180
572
1594
2116
2565
3662
4678
4595
3700
2575
1232
-169
-1308
-2482
-3810
-4507
-4075
-3176
-2371
-1498
-554
168
835
1605
1918
1540
1017
841
796
735
628
328
-51
-117
54
-102
-692
-1374
-1898
-2221
-2240
-2050
-2155
-2321
-1840
-855
47
598
1057
1283
1375
1628
1763
1507
792
265
174
180
148
-91
-527
-873
-881
-777
-987
-1262
-1339
-1108
-582
147
831
1266
1543
1951
2444
2572
2267
1766
1272
926
735
555
250
26
97
350
635
759
756
658
735
1052
1287
1296
1358
1768
2281
2589
2766
2832
2738
2541
2284
2079
1744
1395
1094
1084
1226
1279
1336
1442
1520
1418
1284
990
208
-1076
-2879
-5155
-6877
-7299
-6910
-7070
-6862
-4879
-1741
553
1864
3027
3782
3527
2920
2368
1113
-846
-2510
-3273
-3499
-3379
-3257
-3412
-3435
-2360
-833
-318
-763
-742
-148
289
735
1511
1986
1962
2306
3097
3250
2434
1303
183
-975
-1864
-2495
-3373
-4184
-4037
-3102
-2203
-1440
-538
205
740
1392
1943
1829
1197
744
563
436
370
265
-94
-350
-190
54
-188
-702
-1157
-1431
-1643
-1804
-1684
-1393
-981
-420
199
802
1362
1395
1079
844
780
536
55
-276
-264
-88
45
128
271
311
187
79
-114
-232
-316
-446
-485
-174
207
493
792
1186
1482
1602
1617
1522
1326
1005
748
595
452
367
425
581
760
940
992
989
1057
1034
992
1104
1309
1525
1733
2062
2365
2544
2603
2561
2516
2333
2148
1877
1569
1376
1235
1042
930
1008
1096
1159
1240
1381
1387
911
-3
-1400
-3557
-5701
-6736
-6718
-6942
-7161
-5926
-3226
-600
1032
2282
3266
3373
2817
2211
1119
-676
-2413
-3409
-3722
-3467
-3024
-2841
-2715
-1818
-325
473
106
-380
-282
-216
-193
233
661
689
945
1840
2562
2405
1718
904
21
-812
-1432
-2156
-3130
-3545
-2991
-2127
-1408
-658
98
661
1272
1910
2033
1478
851
480
234
61
-88
-369
-706
-651
-296
-240
-617
-1050
-1329
-1633
-1893
-1892
-1779
-1619
-1261
-745
-150
525
1016
1053
867
827
890
732
348
102
139
206
225
327
334
136
-114
-301
-372
-388
-500
-624
-498
-62
457
896
1242
1598
1955
2143
2160
2049
1757
1341
996
783
651
546
470
487
669
865
995
1032
980
911
904
973
1064
1155
1261
1457
1743
1992
2199
2272
2082
1929
1752
1645
1402
1209
929
648
717
889
1115
1142
1142
1263
1437
1677
1920
1642
835
-595
-2620
-4599
-5449
-5581
-6319
-7077
-5890
-3124
-740
595
1695
2836
3044
2771
2396
1300
-667
-2423
-3311
-3698
-3677
-3463
-3632
-3735
-2573
-712
160
-265
-456
-7
265
444
885
990
651
908
1879
2326
1898
1260
546
-263
-810
-1192
-2163
-3375
-3676
-3007
-2319
-1843
-1203
-594
-38
820
1664
1709
1145
686
475
287
122
-124
-627
-954
-665
-196
-167
-436
-627
-850
-1262
-1355
-1202
-1218
-1307
-967
-168
634
1098
1218
956
662
505
231
-327
-986
-1273
-1180
-919
-514
-133
12
76
256
559
654
453
156
20
119
367
572
700
786
995
1346
1589
1582
1362
1110
986
1016
1022
900
731
750
1013
1289
1374
1322
1224
1158
1205
1376
1496
1498
1588
1866
2287
2615
2551
2337
2129
1901
1723
1332
833
356
127
367
822
1101
1020
1065
1576
2093
2229
1913
1615
1673
1755
1357
417
-1081
-3024
-4601
-5246
-5311
-5799
-6302
-5528
-3336
-1074
359
1256
1835
2063
2264
2178
1272
-341
-1709
-2415
-2691
-2676
-2671
-2962
-3163
-2376
-924
-216
-575
-876
-710
-471
-218
92
130
-41
269
1170
1771
1664
1201
621
4
-430
-824
-1706
-2839
-3291
-2937
-2371
-1864
-1347
-873
-347
498
1308
1440
967
510
319
226
170
-14
-383
-570
-243
205
270
10
-334
-819
-1239
-1352
-1363
-1574
-1730
-1383
-606
125
556
750
858
935
959
852
528
218
14
-14
104
326
428
374
295
396
533
486
196
-91
-239
-283
-239
-165
-62
126
419
790
1163
1404
1502
1552
1681
1762
1697
1548
1372
1273
1214
1105
901
621
427
376
366
469
705
1020
1360
1722
2160
2499
2664
2648
2496
2319
2158
1913
1622
1398
1213
1060
926
847
919
922
738
554
687
962
1070
1044
1198
1312
1114
225
-1339
-3047
-4178
-4691
-5261
-5903
-5640
-4145
-2386
-917
402
1458
1677
1470
1253
677
-628
-2114
-3137
-3576
-3569
-3234
-2950
-2779
-2100
-782
245
381
237
153
21
-84
111
231
18
15
591
1229
1404
1240
853
202
-359
-694
-1263
-2130
-2654
-2454
-1955
-1376
-676
-50
365
823
1324
1359
844
172
-429
-956
-1277
-1349
-1517
-1685
-1445
-850
-394
-289
-317
-453
-621
-694
-687
-865
-1204
-1180
-719
-101
349
569
688
811
1046
1111
797
176
-279
-321
-161
50
187
327
589
1027
1460
1568
1291
868
569
500
418
225
-11
-77
173
618
965
1074
1040
1082
1237
1355
1281
1075
882
857
1072
1329
1423
1354
1386
1546
1603
1503
1178
724
326
124
166
117
110
298
654
1121
1547
1863
1929
1791
1856
1935
1743
1541
1283
1169
1132
1076
1056
789
583
593
453
466
445
356
211
-6
-68
-607
-1430
-2333
-3429
-4292
-4423
-4101
-3936
-3801
-2656
-936
255
875
1427
1665
1261
781
451
-360
-1602
-2378
-2574
-2606
-2527
-2175
-2063
-2111
-1575
-663
-451
-839
-835
-436
-311
-79
500
746
564
732
1221
1110
396
-221
-840
-1635
-2129
-2268
-2565
-2922
-2568
-1699
-1008
-423
287
806
1033
1402
1769
1607
1112
833
710
499
346
269
-1
-309
-276
-130
-268
-531
-639
-695
-712
-630
-524
-568
-469
-14
432
639
791
969
989
844
699
379
-211
-652
-946
-1186
-1388
-1452
-1352
-1258
-980
-465
-73
128
391
744
1047
1203
1359
1368
1273
1261
1262
1149
961
809
673
553
515
586
575
609
834
1177
1416
1552
1677
1757
1738
1702
1624
1463
1214
1034
1002
981
1007
982
963
989
1121
1227
1227
1111
889
725
577
470
342
289
468
642
816
1088
1460
1689
1436
1284
1545
1761
1583
1035
531
37
-917
-2657
-4404
-5171
-5183
-5371
-5582
-4677
-2704
-963
37
994
1979
2234
1802
1387
897
5
-1015
-1744
-2114
-2135
-1974
-2047
-2294
-2069
-1280
-901
-1209
-1353
-1020
-737
-494
195
963
1232
1468
2099
2554
2375
1886
1335
588
-129
-573
-1077
-1845
-2274
-2035
-1706
-1550
-1258
-881
-696
-517
-119
71
-161
-384
-336
-198
-55
142
209
123
208
510
540
214
-119
-396
-671
-798
-774
-774
-832
-606
-308
-204
-101
111
228
72
-20
83
118
44
99
262
420
486
559
536
395
335
240
-23
-174
-119
-56
-115
-123
85
264
379
501
619
623
582
667
750
759
840
976
1055
1151
1339
1457
1432
1412
1402
1345
1179
980
803
580
430
364
291
206
151
203
248
327
499
629
714
862
1045
1240
1357
1375
1394
1371
1265
1161
988
827
702
455
191
117
300
399
449
600
773
1023
1229
1125
654
-144
-1211
-2542
-3538
-3799
-3776
-4121
-4185
-2896
-1060
-90
263
780
1178
1041
695
336
-459
-1506
-2091
-2116
-2083
-1980
-1797
-1803
-1806
-1115
-258
-308
-820
-740
-272
-119
5
404
568
424
668
1150
1011
345
-129
-489
-1004
-1315
-1378
-1670
-1997
-1639
-825
-356
-127
216
512
635
864
1064
788
326
180
255
231
163
129
-44
-171
29
221
23
-327
-414
-324
-222
-75
81
86
20
247
536
605
445
228
62
3
70
52
-192
-361
-304
-120
-37
-155
-225
-312
-279
-134
-9
77
194
384
639
867
1056
1027
877
776
691
616
412
148
9
32
139
251
280
383
540
713
888
1045
1121
1038
980
1027
1028
848
559
334
203
156
179
217
252
326
522
762
954
1103
1129
1153
1264
1360
1351
1214
1048
894
701
527
432
172
-8
-7
84
109
163
362
463
405
498
632
431
-88
-675
-1574
-3115
-4174
-4191
-4049
-4511
-4413
-3020
-1278
-257
455
1168
1426
1138
913
586
-358
-1353
-1862
-2089
-2186
-1813
-1487
-1639
-1691
-897
-137
-314
-763
-630
-351
-263
98
695
841
824
1289
1776
1598
1056
594
-94
-851
-1164
-1274
-1730
-2090
-1685
-947
-488
-100
377
648
723
962
1103
786
376
254
236
202
299
380
187
26
187
265
-75
-490
-661
-742
-777
-571
-411
-433
-214
419
1022
1196
1180
1196
1125
982
879
560
-64
-581
-653
-567
-632
-696
-648
-513
-158
334
620
566
466
642
907
1014
942
726
440
301
313
157
-284
-726
-881
-850
-722
-523
-300
-68
326
930
1407
1569
1508
1432
1335
1152
889
423
-113
-383
-379
-273
-241
-175
-9
212
524
793
898
819
741
860
1093
1233
1265
1328
1477
1788
1971
1856
1713
1514
1241
1143
973
798
574
323
530
851
997
696
259
5
-484
-1666
-3121
-3945
-3789
-3716
-3854
-3164
-1656
-194
710
1387
1949
2018
1457
839
106
-825
-1745
-2390
-2791
-2732
-2232
-1913
-1889
-1493
-544
94
63
23
295
507
624
931
1275
1263
1225
1445
1451
1066
576
-33
-835
-1476
-1660
-1822
-2179
-2257
-1743
-1107
-622
-95
426
673
796
1008
1030
733
402
177
-48
-169
-157
-256
-536
-671
-580
-575
-811
-971
-988
-983
-952
-963
-938
-800
-445
-104
15
135
381
538
444
314
215
-104
-478
-615
-611
-684
-796
-765
-594
-338
-90
46
-11
-72
57
178
84
-58
-103
-103
-27
162
315
322
343
565
869
1047
1110
1119
1134
1197
1334
1372
1144
845
647
506
323
140
-73
-296
-299
-69
298
592
812
1117
1484
1838
2076
2039
1850
1656
1543
1393
1098
795
532
350
370
506
549
490
165
129
691
1338
1271
628
559
1293
1842
1494
907
787
763
374
-406
-1907
-3544
-4288
-4168
-4272
-4512
-3885
-2530
-1283
-173
1238
2138
1748
1108
1260
1266
396
-646
-1279
-1662
-1650
-1252
-1303
-1968
-2085
-1344
-876
-1123
-1215
-983
-1007
-860
42
865
828
738
1311
1783
1662
1388
962
152
-514
-533
-632
-1250
-1730
-1626
-1399
-1195
-781
-484
-626
-602
49
626
637
565
680
775
881
1089
982
397
-54
-87
-183
-562
-1056
-1574
-2010
-2032
-1550
-1256
-1358
-1229
-586
40
365
498
451
184
29
144
87
-271
-559
-558
-361
-21
335
475
366
556
1051
1301
1144
861
659
487
379
362
253
-33
-95
197
567
836
1037
1184
1291
1532
1768
1681
1286
916
726
534
267
26
-198
-368
-299
-28
210
286
383
580
844
1159
1397
1443
1356
1375
1459
1443
1261
1056
881
757
648
603
552
449
355
403
598
749
857
760
870
1025
1040
896
664
541
487
367
322
273
202
-398
-1995
-3248
-3410
-3122
-3734
-4656
-4181
-2441
-1128
-479
151
801
953
925
1160
917
-2
-889
-1354
-1577
-1445
-1272
-1649
-2347
-2029
-809
-219
-614
-732
-246
75
304
812
1049
666
455
867
1043
621
192
-193
-662
-826
-509
-547
-1165
-1419
-890
-460
-473
-453
-360
-448
-353
161
506
310
106
223
345
387
369
3
-619
-893
-659
-635
-1142
-1502
-1456
-1227
-864
-378
-78
-29
143
596
867
720
382
56
-224
-399
-419
-619
-1005
-1099
-784
-400
-113
114
339
544
849
1203
1327
1122
892
866
847
732
566
353
92
50
246
415
458
538
800
1119
1410
1565
1564
1444
1333
1302
1218
972
700
494
398
463
570
629
616
652
790
936
929
860
717
610
676
811
918
956
1009
1104
1182
1191
1160
1026
802
603
521
411
250
166
181
270
384
511
534
456
325
263
181
12
-114
-162
-513
-1706
-2929
-3218
-2873
-3046
-3717
-3522
-2185
-907
-251
208
652
743
513
506
397
-158
-823
-1186
-1310
-1057
-660
-733
-1301
-1339
-417
268
33
-317
-118
160
299
608
884
593
226
373
552
238
-245
-699
-1218
-1543
-1364
-1214
-1660
-2011
-1608
-1041
-860
-776
-593
-559
-564
-207
162
47
-298
-379
-298
-224
-167
-278
-640
-844
-513
-174
-252
-419
-487
-550
-515
-227
58
-73
-319
-95
376
574
449
94
-313
-551
-467
-400
-661
-836
-566
-73
438
881
1161
1148
1091
1343
1563
1319
779
336
65
-50
-81
-150
-318
-288
209
864
1286
1461
1549
1568
1567
1587
1444
1020
558
329
292
207
42
-122
-227
-136
146
444
611
721
901
1112
1299
1404
1338
1077
850
798
780
592
307
166
187
297
440
569
712
850
863
924
1119
1062
658
309
279
467
490
189
30
243
551
679
601
478
190
-813
-2212
-2891
-2663
-2775
-3562
-3550
-2189
-624
167
489
820
948
775
661
369
-377
-1083
-1357
-1442
-1334
-1056
-1187
-1924
-2272
-1578
-883
-1075
-1401
-1042
-396
157
787
1281
1144
844
989
1080
586
-112
-692
-1269
-1634
-1432
-1163
-1471
-1807
-1457
-895
-777
-850
-768
-735
-679
-255
257
369
310
460
634
650
584
329
-281
-807
-806
-607
-853
-1225
-1124
-672
-192
255
580
707
805
1091
1363
1316
1110
792
524
436
578
674
396
101
290
704
869
795
680
614
619
747
764
522
208
43
21
30
30
-34
-177
-206
99
526
730
782
904
1065
1174
1178
1010
684
320
125
25
-152
-359
-481
-425
-204
176
554
774
915
1126
1328
1387
1280
1079
806
589
526
561
551
384
334
455
655
786
769
698
781
969
1010
768
562
639
632
494
426
670
840
561
324
531
764
661
312
202
366
529
103
-1294
-2577
-2794
-2495
-2904
-3674
-3436
-2154
-1124
-575
59
557
385
8
26
-36
-657
-1484
-2105
-2383
-2159
-1776
-1961
-2616
-2541
-1551
-845
-908
-894
-467
-151
88
639
1010
730
327
369
512
358
49
-377
-856
-983
-635
-479
-835
-1068
-796
-487
-350
-118
118
54
69
534
1035
1075
845
670
568
516
465
186
-321
-580
-377
-127
-138
-172
-141
-325
-529
-411
-199
-249
-440
-365
-119
145
247
122
-107
-250
-173
-84
-221
-386
-416
-427
-436
-341
-190
-233
-311
-144
190
450
564
572
562
615
785
934
896
851
964
1151
1254
1274
1256
1129
952
879
881
801
647
599
689
825
1022
1224
1323
1356
1494
1680
1725
1649
1520
1374
1259
1214
1137
946
755
681
658
563
465
450
453
456
526
687
739
606
433
286
308
475
338
-153
-370
-63
301
210
-120
-259
-216
-134
-92
-183
-580
-1406
-2345
-2987
-3207
-3217
-3490
-3842
-3376
-1959
-666
-200
-148
45
237
230
54
-340
-968
-1446
-1440
-1141
-905
-914
-1192
-1541
-1473
-939
-637
-932
-1187
-881
-268
261
663
861
786
771
1023
1149
816
241
-230
-471
-448
-276
-325
-660
-793
-446
-43
6
-151
-296
-349
-200
146
413
338
161
211
391
491
362
-36
-521
-717
-664
-802
-1148
-1334
-1188
-884
-674
-442
-195
-192
-197
-43
174
252
191
188
329
572
767
677
367
159
131
143
36
4
192
452
754
1153
1497
1617
1598
1613
1665
1639
1522
1343
1156
1069
1129
1155
1023
869
786
765
733
689
625
551
601
818
1008
1093
1162
1232
1271
1246
1165
993
751
540
435
390
330
278
268
275
348
473
519
504
530
579
552
515
484
332
199
-82
-553
-596
-415
-503
-846
-1030
-659
-189
-268
-580
-531
-226
-146
-261
-304
-346
-345
-754
-1851
-2836
-3057
-3089
-3543
-4033
-3696
-2628
-1796
-1344
-780
-212
-63
-37
97
99
-137
-443
-697
-808
-667
-500
-823
-1436
-1557
-1116
-802
-883
-869
-613
-316
107
638
898
802
707
805
858
713
491
238
-103
-247
-120
-116
-401
-666
-745
-797
-798
-691
-636
-673
-503
-28
439
626
563
425
315
258
201
10
-282
-407
-304
-86
102
95
-71
-166
31
357
475
298
152
267
544
790
823
678
631
814
996
1021
915
716
501
476
671
911
984
921
1002
1258
1441
1382
1080
676
478
568
755
871
999
1231
1482
1720
1813
1621
1155
593
176
-51
-186
-288
-320
-214
81
491
788
883
858
799
737
631
472
241
-5
-108
-114
-102
-77
-105
-174
-174
-128
-37
-41
-187
-256
-149
37
130
123
-4
-248
-215
-155
-536
-752
-496
-187
-209
-391
-356
-222
-359
-560
-553
-527
-574
-349
-143
-561
-1179
-1517
-1878
-2311
-2494
-2437
-2288
-1979
-1178
-194
287
309
427
555
435
315
193
-249
-686
-686
-537
-707
-1035
-1157
-1195
-1223
-1015
-647
-537
-551
-217
332
705
942
1090
1053
930
899
859
592
163
-207
-484
-687
-757
-786
-928
-1062
-949
-676
-483
-315
-64
223
508
814
1038
1047
939
812
667
494
301
87
-94
-157
-87
26
35
-40
-83
-266
-543
-657
-629
-557
-478
-298
103
597
992
1181
1191
1122
993
836
607
364
227
185
220
360
479
492
394
276
231
267
296
282
291
364
518
708
816
798
764
752
784
821
796
692
532
357
229
121
-41
-227
-346
-365
-280
-135
28
136
158
139
97
-4
-238
-492
-636
-663
-589
-491
-375
-258
-119
68
233
304
324
382
423
385
429
341
163
130
53
-111
-235
-141
62
66
-46
57
270
452
579
713
822
1006
1196
869
-15
-792
-1264
-1810
-2430
-2667
-2369
-2001
-1642
-1004
-320
-74
-84
-84
-138
-237
-253
-335
-554
-611
-388
-323
-659
-1010
-1116
-1191
-1283
-1156
-889
-717
-489
-29
373
554
674
688
510
329
288
246
49
-135
-175
-148
-111
-70
-117
-219
-237
-98
19
104
268
454
557
633
734
716
520
286
109
-32
-113
-163
-154
-84
78
251
324
307
285
253
133
9
-9
-105
-306
-345
-165
44
129
98
97
189
315
397
374
332
388
510
578
592
586
483
260
81
3
-22
-61
-94
45
370
684
830
793
661
518
368
163
-59
-199
-223
-146
-26
80
153
167
126
133
194
264
352
425
469
550
631
591
475
358
280
252
214
162
125
110
140
104
13
8
94
223
353
519
657
770
831
792
588
153
-340
-577
-591
-708
-992
-1115
-919
-596
-253
19
223
429
684
925
1086
1228
1097
248
-930
-1557
-1670
-2016
-2654
-2916
-2546
-1865
-1203
-699
-477
-463
-335
-4
355
602
698
613
496
630
852
557
-307
-1128
-1443
-1439
-1365
-1254
-1191
-1072
-628
87
578
655
603
615
666
802
987
1022
866
780
860
974
933
631
128
-302
-394
-313
-336
-440
-382
-148
149
441
625
576
391
236
221
267
236
45
-161
-169
-47
5
-122
-334
-488
-549
-552
-479
-480
-628
-799
-809
-653
-443
-338
-297
-185
104
478
716
735
636
535
435
330
204
-2
-301
-536
-598
-513
-451
-455
-467
-382
-128
218
430
475
526
633
780
877
881
788
659
561
507
425
257
33
-150
-228
-206
-185
-247
-322
-310
-155
41
210
309
298
259
303
395
410
313
160
68
127
271
374
316
154
71
162
265
147
-78
-211
-330
-361
-256
-170
-82
62
235
517
977
1438
1643
1572
1517
1536
1459
1168
839
402
-468
-1522
-2150
-2343
-2584
-2950
-2931
-2309
-1438
-605
42
370
452
609
777
793
720
615
363
140
86
16
-401
-1131
-1751
-1991
-1967
-1809
-1518
-1206
-819
-203
533
1022
1214
1234
1185
1020
820
682
511
167
-192
-388
-453
-544
-742
-965
-1054
-923
-684
-466
-303
-89
184
444
629
743
710
529
305
178
135
46
-146
-357
-457
-476
-501
-601
-842
-1105
-1151
-980
-707
-470
-306
-172
-11
191
343
306
105
-43
-15
139
329
473
450
333
278
321
298
110
-124
-198
-55
239
561
763
851
974
1150
1310
1393
1339
1207
1073
972
901
782
523
235
43
35
167
299
332
334
377
444
455
421
364
313
311
378
502
602
568
389
216
112
40
-76
-197
-254
-194
-128
-78
-34
-36
0
165
331
439
568
637
446
161
51
32
45
81
37
-12
228
654
865
746
602
615
716
809
930
798
111
-751
-1222
-1400
-1751
-2241
-2434
-2176
-1624
-848
-216
-60
-144
-53
72
76
25
-105
-391
-572
-476
-376
-604
-1091
-1560
-1868
-1929
-1726
-1469
-1420
-1354
-982
-429
-16
228
317
283
271
428
632
673
489
216
21
-59
-108
-311
-672
-925
-904
-727
-532
-359
-188
-73
47
235
406
393
210
45
36
143
260
289
234
187
191
189
89
-113
-361
-533
-537
-367
-235
-249
-251
-111
118
315
381
384
401
476
627
777
863
865
818
787
795
724
517
208
-100
-291
-354
-371
-363
-305
-132
186
579
934
1167
1296
1400
1472
1441
1285
959
534
172
-80
-249
-365
-438
-413
-318
-172
-5
97
145
259
375
446
561
700
764
721
641
586
521
401
278
133
5
-112
-246
-363
-411
-433
-374
-228
-115
-80
-126
-179
-72
118
131
12
-46
94
309
373
253
135
75
69
93
119
111
85
77
16
-304
-876
-1336
-1594
-1738
-1693
-1380
-1037
-756
-456
-130
30
-47
-232
-345
-336
-211
-28
31
-69
-204
-343
-649
-1064
-1413
-1604
-1640
-1442
-1054
-649
-362
-102
170
346
402
423
419
320
265
340
436
406
246
2
-246
-463
-623
-756
-843
-780
-584
-332
-44
234
368
405
447
518
553
533
491
456
443
457
403
258
96
-73
-210
-278
-296
-400
-556
-638
-524
-354
-331
-415
-405
-222
71
359
561
705
787
852
869
839
685
422
119
-94
-203
-231
-293
-415
-458
-350
-145
55
223
376
611
912
1251
1492
1548
1400
1142
799
479
157
-171
-441
-607
-619
-466
-300
-220
-74
146
336
453
600
751
864
877
843
737
586
411
282
198
120
20
-113
-227
-245
-195
-164
-170
-142
100
425
582
633
775
889
842
864
923
725
444
399
420
234
-12
-91
-7
125
258
384
541
659
791
657
81
-616
-974
-1145
-1358
-1478
-1289
-963
-709
-399
-77
-30
-240
-338
-389
-365
-194
-14
-115
-295
-361
-398
-716
-1173
-1466
-1567
-1538
-1348
-1019
-753
-566
-423
-232
-29
219
348
361
377
560
765
822
656
451
264
52
-98
-191
-291
-403
-429
-420
-362
-316
-288
-321
-296
-186
5
156
293
437
544
557
503
439
289
46
-297
-663
-994
-1125
-1100
-990
-891
-731
-554
-413
-332
-270
-270
-318
-265
-60
279
594
835
917
897
763
587
346
108
-98
-186
-156
-48
75
111
36
-76
-104
-12
222
451
656
831
993
1077
1036
760
362
8
-261
-388
-361
-254
-142
-23
80
198
187
47
-93
-147
-94
76
255
405
549
599
529
400
291
209
214
300
490
744
981
1042
952
827
646
308
-68
-270
-327
-271
4
470
774
841
727
533
335
227
112
6
-26
198
634
941
971
847
565
-115
-988
-1614
-1740
-1741
-1749
-1605
-1208
-854
-572
-464
-601
-748
-630
-373
-126
172
431
486
237
-48
-313
-678
-1221
-1611
-1692
-1450
-1087
-763
-623
-615
-635
-595
-492
-375
-180
61
331
612
958
1152
1057
661
218
-167
-431
-625
-756
-845
-831
-689
-530
-414
-340
-320
-363
-280
-87
137
301
462
548
563
529
452
307
143
-8
-135
-222
-286
-387
-624
-859
-908
-745
-492
-221
-25
179
415
638
776
780
632
479
435
479
562
547
370
87
-153
-274
-285
-296
-271
-165
3
193
322
301
188
147
246
491
748
918
907
694
387
119
-148
-443
-688
-719
-446
8
412
603
568
392
212
74
-2
-36
13
118
286
488
655
670
579
494
459
491
540
592
557
474
410
444
451
465
467
498
474
419
361
253
198
325
590
600
499
471
632
670
530
221
106
238
474
636
717
688
316
-353
-1018
-1273
-1423
-1618
-1795
-1627
-1221
-744
-531
-595
-796
-922
-809
-562
-259
39
308
323
248
139
-19
-495
-1124
-1533
-1503
-1202
-818
-526
-422
-313
-142
28
60
155
253
326
388
655
949
974
648
248
-5
-135
-233
-364
-424
-454
-420
-382
-306
-291
-320
-404
-354
-130
209
481
601
639
656
650
542
337
53
-245
-595
-808
-824
-679
-548
-451
-444
-347
-176
-39
-74
-235
-326
-170
187
548
816
896
861
735
623
516
395
188
72
107
236
302
223
-42
-394
-645
-726
-641
-441
-119
188
424
558
608
464
178
-121
-288
-270
-95
117
191
103
-106
-370
-664
-831
-867
-748
-512
-158
201
508
643
607
474
272
90
29
147
358
583
682
725
703
653
578
524
493
576
629
530
414
341
327
284
163
66
226
467
624
653
705
822
919
840
721
635
561
552
635
734
670
257
-373
-804
-1005
-1164
-1362
-1489
-1473
-1304
-1071
-853
-719
-709
-697
-560
-305
7
269
342
259
98
-82
-241
-431
-644
-745
-658
-471
-298
-278
-391
-537
-633
-632
-472
-213
48
257
469
726
912
868
659
433
223
81
6
-62
-191
-373
-593
-749
-792
-749
-710
-650
-513
-310
-117
51
116
46
-66
-96
-48
37
133
147
100
-18
-173
-366
-543
-740
-863
-955
-1017
-1013
-958
-895
-770
-582
-369
-59
260
503
641
649
505
336
166
20
-92
-200
-336
-431
-508
-546
-542
-514
-454
-282
1
328
586
703
740
749
713
693
730
715
614
456
283
102
-76
-269
-382
-389
-306
-154
6
113
195
249
268
345
487
632
754
867
968
1051
1069
1000
896
787
734
763
774
719
624
497
393
393
349
265
248
356
536
768
858
782
729
714
668
590
539
481
482
511
591
682
715
557
378
309
200
-177
-617
-772
-758
-809
-890
-892
-920
-925
-853
-777
-762
-719
-630
-527
-344
-80
33
-133
-408
-609
-749
-900
-1059
-1164
-1146
-1067
-935
-777
-670
-690
-666
-558
-425
-236
28
134
58
34
103
117
17
-76
-148
-196
-230
-243
-360
-512
-656
-818
-950
-880
-714
-603
-475
-264
-47
87
166
158
74
-73
-251
-474
-643
-703
-694
-692
-697
-740
-774
-754
-652
-491
-314
-160
-12
149
219
190
61
-94
-218
-197
-89
49
118
111
23
-94
-196
-222
-173
-85
112
374
574
701
814
847
827
826
825
841
912
987
948
835
667
523
424
353
326
365
471
636
819
904
925
923
919
954
1084
1216
1250
1133
933
733
564
387
240
150
151
257
414
579
706
778
729
626
557
561
537
569
628
621
530
499
568
711
788
665
553
599
683
587
389
135
-24
-95
-149
-155
-87
-178
-531
-839
-849
-659
-622
-738
-854
-864
-887
-888
-934
-1015
-1046
-949
-766
-509
-227
-111
-239
-522
-722
-787
-838
-975
-1064
-1016
-838
-608
-394
-293
-313
-335
-255
-139
-7
152
198
54
-81
-69
-60
-109
-166
-197
-228
-226
-203
-197
-270
-452
-674
-852
-903
-805
-674
-600
-539
-385
-234
-125
-85
-112
-216
-330
-425
-468
-474
-546
-663
-756
-749
-653
-500
-445
-456
-482
-473
-420
-274
-138
-30
33
10
23
180
373
446
469
395
291
214
176
79
-51
-233
-305
-161
112
355
474
425
300
275
360
520
708
925
1146
1334
1428
1379
1125
727
398
315
445
669
857
927
831
634
426
274
222
332
589
936
1315
1591
1581
1269
820
457
259
238
357
549
678
646
448
165
-133
-368
-440
-277
75
420
628
711
608
301
45
-80
-167
-149
44
187
249
231
60
-195
-400
-551
-569
-400
-193
3
106
33
-233
-550
-825
-940
-963
-933
-794
-625
-513
-521
-617
-792
-895
-947
-899
-718
-492
-356
-324
-389
-541
-683
-807
-890
-888
-694
-422
-230
-156
-116
-194
-362
-467
-461
-395
-250
-58
47
97
76
-20
-185
-330
-440
-487
-505
-525
-539
-585
-672
-747
-739
-674
-519
-278
-7
218
312
244
83
-112
-294
-459
-621
-762
-780
-681
-582
-523
-540
-617
-703
-645
-448
-145
138
306
326
323
348
338
277
201
199
324
562
798
942
914
739
558
500
568
704
862
1009
1131
1247
1345
1339
1196
1031
961
1020
1154
1275
1256
1129
937
772
675
652
673
667
598
488
415
294
163
71
64
104
186
273
387
462
400
258
137
62
52
80
56
-15
-96
-170
-222
-209
-161
-63
28
137
245
334
262
105
-52
-67
56
232
287
235
189
228
336
313
193
72
64
43
91
77
-25
-250
-430
-548
-677
-920
-1119
-1086
-1029
-976
-922
-884
-1017
-1120
-1185
-1184
-1187
-1183
-1129
-969
-765
-595
-517
-631
-775
-828
-849
-863
-768
-672
-663
-698
-717
-703
-695
-698
-656
-527
-376
-201
-44
-11
-99
-177
-160
-58
92
230
301
247
140
17
-125
-288
-405
-448
-377
-179
40
184
203
144
63
69
104
155
190
185
140
94
33
-41
-92
-142
-136
-53
84
164
170
60
-56
-105
-51
126
389
636
771
836
793
712
598
489
399
355
303
252
216
148
110
110
149
278
584
914
1181
1269
1178
927
632
363
255
334
474
667
842
908
764
523
244
113
178
361
602
864
1046
1066
949
684
434
356
463
641
808
875
764
546
264
51
-59
-19
135
439
741
880
813
576
283
54
-9
-41
98
286
346
92
-188
-442
-513
-429
-360
-265
-67
97
-26
-165
-332
-395
-377
-258
-140
132
233
-147
-760
-1133
-1196
-1237
-1297
-1334
-1259
-1268
-1303
-1358
-1344
-1271
-1081
-836
-493
-69
211
141
-239
-617
-832
-870
-840
-685
-538
-481
-537
-648
-798
-899
-883
-782
-573
-312
7
236
261
112
34
39
97
230
371
381
242
26
-234
-413
-476
-422
-328
-152
51
219
245
146
-3
-162
-186
-71
58
95
136
114
-56
-268
-409
-509
-560
-494
-318
-68
107
138
78
27
11
61
161
274
408
468
422
251
27
-221
-363
-327
-88
234
458
553
559
527
470
477
498
549
656
840
1004
1123
1113
962
808
728
741
777
789
704
607
498
405
358
367
385
448
570
690
778
791
712
571
468
421
426
403
347
264
212
166
100
6
-91
-184
-217
-167
-104
-60
-73
-113
-141
-95
-63
19
80
5
-133
-196
-246
-217
-148
-299
-514
-471
-340
-329
-270
-205
-164
-76
34
3
-192
-600
-910
-853
-701
-688
-687
-755
-953
-1045
-1006
-1007
-1029
-961
-803
-566
-335
-135
-97
-277
-448
-403
-302
-231
-60
89
90
34
-29
-119
-196
-223
-204
-139
-82
-57
-74
-197
-351
-396
-358
-270
-95
98
194
199
155
72
1
-11
23
-1
-66
-110
-146
-215
-284
-358
-447
-483
-434
-353
-305
-335
-436
-496
-481
-418
-311
-210
-122
-24
98
208
360
498
583
610
581
521
470
429
375
377
424
499
595
694
720
692
613
547
555
689
879
1039
1077
998
868
748
663
609
564
523
528
541
537
493
403
296
278
353
446
507
470
309
92
-118
-276
-358
-334
-268
-174
-126
-118
-115
-119
-164
-225
-199
-85
102
241
283
199
58
-71
-127
-111
-67
-46
-129
-256
-367
-374
-356
-314
-223
-148
-68
69
262
245
178
161
141
80
78
62
-78
-208
-364
-433
-384
-278
-238
-182
-120
-54
110
197
41
-176
-172
-63
2
-5
-106
-346
-630
-782
-793
-709
-627
-602
-653
-667
-632
-632
-680
-699
-603
-403
-152
4
85
65
-42
-203
-252
-274
-342
-441
-513
-568
-637
-647
-636
-584
-525
-405
-298
-180
-64
16
42
82
169
226
256
258
208
102
-7
-53
-39
9
66
83
58
15
16
9
41
72
133
186
243
280
278
275
225
199
182
227
255
319
358
330
282
289
345
423
551
582
457
237
81
50
156
276
313
291
245
248
293
317
262
215
197
249
410
517
455
297
162
92
131
216
224
190
109
15
-51
-62
-64
-81
-68
-22
136
282
358
338
287
237
264
331
343
329
246
117
16
45
125
246
291
221
147
184
164
140
221
315
246
147
88
41
85
113
71
8
147
246
284
201
51
-133
-187
-146
-218
-328
-403
-315
-262
-191
-163
-173
-278
-391
-444
-460
-418
-480
-626
-751
-769
-775
-751
-674
-593
-445
-326
-335
-373
-273
-180
-179
-151
-99
-90
-113
-128
-208
-305
-374
-425
-496
-518
-471
-418
-411
-389
-333
-298
-253
-175
-99
-42
24
49
14
-15
-42
-96
-140
-164
-201
-249
-272
-306
-307
-279
-250
-228
-168
-77
21
145
250
353
448
505
471
393
319
272
259
270
289
271
215
182
200
238
266
291
314
356
376
329
248
222
225
230
237
258
290
321
287
197
145
105
24
-59
-51
27
140
214
241
238
260
276
291
328
368
404
388
358
321
315
256
209
206
230
251
227
180
144
174
195
253
296
299
303
341
362
406
399
254
163
220
200
100
159
222
153
53
42
0
36
152
234
252
248
233
155
117
86
8
-167
-269
-196
-85
-94
-224
-359
-481
-555
-545
-478
-436
-474
-519
-554
-586
-602
-601
-667
-753
-663
-490
-413
-404
-352
-353
-409
-428
-410
-442
-524
-603
-686
-715
-623
-464
-377
-321
-238
-212
-250
-238
-167
-120
-69
-28
-10
-2
-19
-104
-210
-258
-267
-194
-121
-66
-81
-127
-190
-182
-90
-10
48
49
84
149
249
271
242
156
39
-40
-82
-81
-47
48
98
135
174
197
189
171
135
76
72
73
77
70
57
3
-16
43
124
228
298
328
271
196
75
-5
-2
46
140
223
264
220
199
132
94
145
255
351
404
412
336
278
209
188
258
411
553
636
642
550
491
456
434
411
429
454
472
518
518
458
343
304
304
309
306
330
248
78
29
121
243
268
254
134
128
204
230
139
48
-38
-207
-298
-355
-327
-390
-509
-562
-375
-142
-56
-56
-138
-181
-194
-166
-263
-350
-423
-518
-631
-652
-558
-513
-514
-533
-469
-467
-522
-572
-555
-486
-390
-281
-233
-176
-148
-177
-268
-308
-304
-335
-403
-477
-549
-637
-680
-648
-547
-444
-360
-270
-192
-140
-120
-116
-123
-129
-127
-128
-90
-37
4
-3
-36
-69
-100
-90
-80
-41
-6
25
34
51
70
60
60
32
30
58
140
212
252
271
240
213
192
215
248
282
299
342
423
468
462
417
400
405
453
495
485
436
338
269
272
382
493
564
588
532
465
405
437
528
682
788
834
838
780
681
505
353
217
182
165
188
228
234
229
220
289
351
430
443
447
401
312
196
60
-33
-93
-65
-49
-18
-32
-93
-124
-45
-5
-102
-129
-57
-74
-196
-229
-193
-162
-122
-61
-7
1
-51
-150
-209
-241
-298
-409
-520
-523
-418
-365
-441
-501
-485
-463
-458
-384
-293
-295
-345
-372
-361
-342
-297
-294
-340
-353
-332
-358
-468
-544
-606
-679
-731
-697
-637
-600
-530
-438
-326
-208
-87
-60
-80
-86
-67
-72
-125
-198
-278
-325
-378
-410
-446
-464
-487
-481
-436
-356
-223
-95
32
130
213
229
226
247
320
373
344
271
192
161
180
229
213
160
76
4
-25
15
98
185
281
324
360
364
384
