3
3
-9
-23
-24
-15
-9
-13
-14
-7
-5
1
11
19
23
26
32
42
53
58
62
74
93
108
112
96
71
55
53
66
71
65
49
30
17
7
-3
-13
-23
-26
-22
-17
-16
-19
-21
-29
-32
-42
-44
-57
-99
-130
-107
-61
-73
-88
-101
-128
-157
-147
-133
-158
-165
-164
-145
-134
-131
-156
-180
-184
-186
-164
-151
-151
-156
-129
-95
-91
-95
-118
-113
-92
-53
-23
-4
8
-7
3
11
19
9
23
55
83
115
127
144
145
155
168
182
188
179
194
219
254
279
290
279
256
243
235
239
249
260
265
289
304
299
302
298
288
274
289
310
315
323
334
353
365
373
365
306
205
135
151
192
200
173
150
117
64
9
-27
-78
-148
-186
-172
-166
-223
-297
-354
-384
-404
-412
-420
-438
-450
-433
-387
-371
-400
-444
-455
-434
-406
-366
-319
-275
-258
-245
-224
-216
-224
-230
-203
-162
-120
-78
-41
-30
-30
-16
-7
-15
-42
-48
-37
-17
4
17
29
29
22
18
25
26
23
33
55
81
89
87
76
70
75
95
126
137
124
115
112
101
89
76
65
49
40
44
48
40
24
16
8
-10
-29
-46
-50
-46
-28
-5
4
-10
-37
-58
-70
-78
-88
-84
-82
-75
-61
-41
-22
-16
-13
-12
-18
-28
-31
-18
6
23
26
27
29
21
10
14
25
25
28
32
41
48
55
54
43
37
35
48
60
72
88
104
117
109
100
92
94
102
121
138
147
142
132
132
117
98
101
135
151
138
137
141
131
108
106
93
68
48
52
66
59
51
44
53
52
41
22
0
-2
-6
6
1
-19
-43
-72
-97
-132
-152
-157
-135
-130
-145
-156
-154
-150
-159
-154
-158
-159
-155
-137
-118
-117
-118
-129
-120
-112
-103
-96
-83
-68
-59
-34
-31
-44
-62
-53
-31
-8
15
17
12
5
8
12
22
32
54
74
80
79
84
79
67
70
91
115
145
164
147
122
113
126
147
173
177
167
182
225
266
272
216
121
68
87
121
138
146
134
102
70
33
-29
-109
-168
-179
-148
-146
-201
-279
-326
-355
-372
-378
-397
-420
-419
-387
-357
-343
-344
-350
-322
-277
-246
-214
-170
-135
-105
-61
-25
-20
-19
9
66
136
197
230
245
255
266
267
256
222
185
184
205
224
207
176
155
134
105
73
28
-73
-178
-180
-93
-69
-115
-153
-200
-270
-309
-289
-298
-309
-288
-216
-150
-157
-208
-243
-209
-180
-157
-119
-86
-85
-64
-11
-7
-43
-83
-67
-8
63
113
146
180
184
183
185
185
162
174
246
324
377
407
423
427
433
418
400
415
434
451
498
549
534
485
493
520
500
459
472
429
271
117
138
259
265
163
77
17
-113
-214
-219
-221
-318
-400
-375
-348
-435
-591
-656
-643
-624
-631
-622
-605
-612
-559
-456
-402
-462
-523
-482
-382
-274
-186
-104
-46
-4
34
54
48
13
32
110
202
237
250
255
237
227
238
258
215
167
168
210
244
233
201
148
103
81
80
87
60
38
46
72
74
60
45
20
6
7
33
45
48
60
86
106
90
78
82
82
68
70
91
101
103
125
145
140
118
103
90
84
87
95
97
97
105
113
120
98
64
44
26
-2
-13
-46
-132
-181
-118
-54
-72
-114
-154
-211
-255
-252
-285
-346
-372
-336
-288
-283
-327
-396
-400
-375
-349
-336
-328
-321
-289
-217
-188
-202
-239
-240
-211
-174
-152
-143
-111
-80
-51
-28
-33
-61
-69
-24
11
23
34
58
82
95
117
134
137
125
142
184
208
223
239
266
295
336
369
370
351
349
368
381
390
387
382
408
440
435
397
368
349
332
335
327
303
288
298
295
289
289
262
241
241
244
215
187
163
145
151
157
145
107
68
36
23
18
-8
-48
-90
-125
-154
-167
-201
-267
-328
-368
-394
-436
-491
-543
-569
-565
-539
-529
-558
-602
-635
-625
-601
-575
-561
-550
-535
-506
-476
-468
-467
-453
-416
-385
-376
-382
-373
-338
-278
-227
-198
-175
-165
-164
-147
-112
-87
-74
-44
4
45
62
59
72
108
162
204
241
266
269
286
321
361
394
425
445
460
477
494
504
528
569
611
644
660
667
673
709
741
759
794
856
905
926
931
928
924
925
932
855
617
300
203
379
513
421
234
118
11
-110
-234
-377
-565
-743
-771
-704
-735
-953
-1150
-1160
-1081
-1088
-1189
-1283
-1301
-1190
-1030
-931
-936
-954
-910
-808
-679
-598
-553
-491
-362
-217
-150
-181
-225
-168
-45
51
82
108
131
161
244
331
322
215
153
175
219
209
188
206
230
259
282
281
212
134
119
178
236
226
185
182
224
249
242
216
190
186
230
288
308
311
326
368
399
399
379
361
353
360
378
359
309
263
240
245
271
258
208
151
14
-165
-224
-133
-103
-125
-107
-175
-325
-384
-387
-492
-550
-498
-445
-444
-448
-481
-514
-485
-457
-439
-431
-432
-414
-288
-162
-156
-174
-152
-130
-121
-76
-43
-12
48
110
145
135
91
64
121
182
190
188
204
212
209
233
223
178
156
176
202
208
210
219
255
273
287
315
325
307
358
448
451
418
434
449
459
498
493
435
416
446
459
489
499
440
413
448
442
392
356
285
215
205
190
104
4
-51
-97
-148
-221
-312
-389
-431
-478
-532
-585
-679
-755
-763
-744
-769
-794
-799
-813
-810
-796
-785
-801
-794
-760
-703
-641
-603
-552
-483
-419
-383
-349
-347
-380
-368
-289
-217
-202
-202
-231
-252
-254
-257
-262
-263
-250
-222
-168
-131
-135
-137
-112
-86
-55
-19
-10
-10
35
104
156
189
204
236
315
381
412
474
554
623
691
766
803
830
874
910
944
989
1016
1024
1066
1109
1151
1226
1281
1269
1283
1321
1299
1278
1316
1323
1280
1254
1203
1016
689
384
311
428
430
252
79
-19
-174
-355
-526
-739
-955
-1061
-1053
-1069
-1195
-1391
-1510
-1500
-1475
-1530
-1639
-1700
-1629
-1444
-1283
-1221
-1177
-1063
-914
-801
-709
-645
-588
-488
-330
-211
-213
-232
-147
28
156
196
214
234
240
249
288
291
235
217
303
390
373
297
242
221
212
213
184
116
81
113
185
208
164
110
78
81
88
65
22
28
98
192
245
223
169
145
155
151
150
94
-71
-191
-82
72
43
-3
13
-14
-56
-45
-100
-237
-285
-210
-119
-111
-184
-251
-224
-172
-186
-228
-279
-331
-292
-154
-84
-113
-118
-64
0
18
-16
-62
-58
14
105
157
120
82
139
246
290
269
267
300
350
394
437
447
449
492
588
680
677
655
700
777
799
832
882
911
990
1161
1296
1287
1190
980
690
482
459
467
461
508
548
493
336
120
-139
-375
-565
-689
-762
-857
-981
-1035
-990
-985
-1078
-1179
-1261
-1347
-1392
-1370
-1340
-1296
-1183
-1005
-817
-677
-577
-485
-368
-285
-268
-286
-308
-273
-133
64
197
267
334
362
330
248
141
36
-6
33
106
171
204
236
267
257
158
17
-124
-240
-299
-286
-317
-450
-485
-363
-291
-311
-296
-347
-502
-583
-559
-615
-666
-606
-484
-332
-222
-209
-238
-203
-174
-178
-177
-190
-174
-22
181
295
363
428
484
513
511
470
434
446
500
571
604
596
631
719
784
795
786
793
813
831
866
917
971
1062
1219
1381
1460
1460
1464
1514
1539
1498
1463
1486
1484
1246
767
441
553
747
655
455
374
260
-24
-313
-569
-893
-1230
-1343
-1241
-1237
-1482
-1672
-1570
-1412
-1471
-1710
-1907
-1945
-1825
-1639
-1486
-1385
-1235
-935
-570
-369
-366
-400
-334
-194
-130
-213
-322
-232
55
352
520
562
561
566
542
434
250
37
-100
-70
39
62
7
28
136
190
92
-114
-310
-459
-512
-467
-427
-433
-370
-175
4
-1
-184
-385
-491
-552
-646
-706
-682
-600
-440
-227
-115
-192
-285
-273
-280
-383
-530
-595
-521
-362
-213
-107
-31
45
164
270
239
100
23
69
179
282
373
471
585
721
821
805
686
585
595
658
665
660
755
920
1063
1178
1249
1254
1257
1332
1421
1427
1397
1445
1603
1736
1749
1708
1679
1607
1451
1198
728
154
-113
47
132
-98
-218
56
240
-191
-758
-1080
-1424
-1907
-2173
-2142
-2185
-2290
-2016
-1373
-1064
-1244
-1191
-859
-860
-1084
-987
-708
-655
-527
16
556
611
604
917
1107
782
337
160
-23
-262
-283
-138
-116
-120
91
234
-34
-418
-581
-719
-972
-1080
-979
-891
-725
-326
67
172
143
221
255
69
-113
-108
-106
-198
-240
-162
-160
-418
-682
-672
-585
-728
-868
-727
-562
-510
-461
-398
-410
-451
-394
-300
-311
-355
-258
-14
155
203
246
359
474
539
555
540
534
580
684
740
779
850
964
1074
1107
1060
965
944
1041
1190
1291
1373
1597
1846
2029
2176
2274
2317
2397
2503
2335
2046
1964
1890
1351
605
12
-1064
-2701
-3463
-2857
-2689
-3569
-3388
-1572
-566
-1471
-2094
-1404
-1191
-2043
-2289
-1447
-1004
-996
-177
1111
1472
1029
1008
1265
879
-68
-702
-804
-800
-848
-765
-418
-69
42
80
179
-19
-709
-1221
-1056
-714
-716
-608
68
821
1053
953
812
457
-56
-330
-366
-473
-554
-311
179
522
500
272
71
-133
-447
-816
-1050
-998
-744
-389
-29
53
-313
-656
-598
-760
-1478
-1879
-1441
-844
-589
-259
213
477
612
749
603
108
-206
-128
11
27
20
140
395
659
661
423
244
242
269
264
335
421
553
875
1247
1343
1190
1133
1186
1211
1129
1003
1057
1338
1739
1930
2080
2300
2455
2504
2538
2713
2716
2773
2902
2936
2639
2105
1548
801
-323
-2253
-4161
-4603
-3730
-3515
-4128
-3269
-854
433
-381
-1071
-604
-536
-1289
-1597
-979
-472
-236
520
1573
1837
1069
442
357
-149
-1530
-2606
-2538
-2174
-2118
-1746
-856
-276
-173
110
430
103
-695
-1009
-594
-163
-132
-82
446
1008
979
473
-53
-566
-1133
-1473
-1465
-1421
-1381
-960
-178
378
380
189
154
161
-54
-294
-313
-66
274
649
889
620
-107
-839
-1098
-1450
-2235
-2699
-2220
-1330
-741
-223
305
706
982
1114
942
451
97
100
354
526
491
499
726
917
758
379
39
-114
-119
29
246
382
598
1054
1531
1666
1564
1469
1467
1574
1544
1394
1404
1691
1922
2061
2178
2261
2149
2123
2342
2321
2278
2451
2956
2908
2457
2024
1396
450
-819
-2234
-4093
-5331
-5018
-4005
-3718
-3636
-2195
-103
612
-223
-835
-613
-632
-1201
-1379
-803
-267
57
691
1339
1128
182
-427
-676
-1389
-2501
-3011
-2607
-2007
-1495
-770
80
633
906
1215
1324
845
86
-130
207
383
181
124
469
641
276
-351
-918
-1446
-1874
-1968
-1789
-1532
-1153
-490
275
687
664
565
632
614
347
29
6
198
340
383
170
-477
-1326
-1793
-2103
-2741
-3320
-3032
-2091
-1168
-453
217
861
1375
1604
1371
840
351
112
38
-50
-105
-42
202
435
434
207
-9
-65
-117
-155
-115
100
495
1051
1584
1935
2149
2277
2248
2032
1778
1485
1240
1350
1586
1715
1848
2218
2523
2545
2603
2538
2500
2572
3057
3448
3199
2565
1980
1525
651
-975
-3308
-5319
-5553
-4522
-4107
-4314
-3226
-747
903
755
220
360
351
-452
-1116
-844
-343
-248
-22
752
1419
1268
604
-101
-961
-1951
-2626
-2846
-2941
-2715
-1651
-89
970
1291
1555
2034
2102
1351
317
-197
-187
-72
-29
63
167
118
-61
-418
-1077
-1882
-2341
-2320
-2099
-1766
-1143
-292
484
959
1251
1350
1146
585
9
-282
-333
-426
-558
-477
-787
-1391
-1784
-2012
-2877
-3641
-3251
-2452
-1839
-1084
142
1214
1869
2117
1957
1527
907
229
-344
-746
-860
-800
-568
-199
174
360
399
376
176
79
238
348
425
862
1610
2208
2530
2588
2404
2107
1800
1270
656
437
674
1024
1383
1795
2113
2346
2576
2594
2467
2541
2641
2753
3107
3671
3436
2514
1625
840
-1012
-4296
-6872
-7000
-5800
-5645
-5524
-3473
-260
1399
1227
1064
1232
510
-883
-1414
-1168
-1273
-1393
-512
940
1616
1221
609
118
-781
-2220
-3329
-3694
-3618
-2997
-1509
310
1553
2320
3084
3434
2751
1407
324
-273
-663
-878
-680
-134
231
218
79
-166
-903
-1949
-2566
-2476
-2115
-1632
-733
511
1630
2283
2559
2485
2018
1135
264
-298
-543
-831
-1193
-1355
-1241
-1249
-1814
-2502
-3064
-3187
-2939
-2345
-1565
-601
540
1615
2445
2655
2227
1557
888
245
-415
-883
-996
-773
-343
98
487
641
579
491
422
324
212
266
698
1402
2034
2336
2425
2364
2091
1565
909
277
-76
-77
278
779
1345
1904
2304
2630
2685
2550
2209
2144
2200
2317
2551
3028
3201
2561
1427
178
-1764
-4821
-7354
-7679
-6613
-6063
-5339
-2993
165
1870
1958
1785
1639
750
-561
-1180
-1205
-1337
-1262
-247
1090
1585
1224
766
218
-936
-2405
-3326
-3560
-3426
-2669
-1037
833
2123
2876
3416
3505
2721
1343
117
-626
-1028
-1157
-923
-446
-55
68
-85
-551
-1329
-2153
-2591
-2549
-2152
-1457
-355
894
1928
2551
2757
2511
1771
822
22
-446
-848
-1008
-1315
-1709
-1680
-1479
-2235
-3378
-3252
-2700
-2346
-1765
-556
623
1645
2502
2917
2718
1915
1065
451
-290
-1040
-1340
-1166
-718
-170
285
618
876
733
528
632
649
367
550
1316
1955
2231
2348
2337
2131
1741
1080
373
-28
-82
113
615
1248
1779
2251
2759
3034
3073
2810
2621
2743
2918
2961
3209
3782
3650
2631
1235
-356
-3265
-6723
-8319
-7481
-6691
-6479
-4668
-1109
1541
2061
1970
1979
1290
-262
-1331
-1558
-1796
-2099
-1382
144
988
703
333
156
-745
-2380
-3598
-3991
-4077
-3718
-2343
-375
1188
2193
3035
3545
3079
1719
305
-608
-1179
-1560
-1482
-981
-544
-383
-327
-494
-1211
-2159
-2694
-2715
-2439
-1869
-880
409
1600
2366
2679
2619
2095
1177
243
-350
-755
-1032
-1266
-1286
-1112
-976
-1298
-2151
-2723
-2810
-2492
-2032
-1127
90
1401
2643
3471
3560
2969
2105
1271
386
-519
-1148
-1271
-900
-357
234
718
1068
1195
1194
1244
1199
968
876
1170
1691
2048
2183
2187
2114
1956
1527
849
277
53
134
348
808
1394
1813
2289
2571
2603
2499
2541
2496
2554
2909
3235
3558
3874
3746
2731
1211
-1620
-5432
-8189
-8146
-7361
-7430
-6335
-2794
971
2306
2453
2684
2252
666
-615
-1085
-1688
-2444
-1969
-443
678
706
425
491
41
-1339
-2820
-3462
-3808
-3930
-2949
-1098
395
1311
2334
3298
3354
2337
933
-163
-770
-1125
-1285
-1122
-712
-391
-260
-312
-743
-1633
-2422
-2551
-2233
-1860
-1264
-231
939
1760
2127
2095
1727
1048
227
-379
-763
-991
-1456
-1813
-1944
-2009
-2475
-2939
-2781
-2270
-1591
-857
93
939
1550
1872
1994
1763
1070
311
-49
-357
-752
-979
-750
-257
195
569
858
1115
1094
913
828
870
831
831
1135
1569
1864
1859
1655
1408
1164
797
363
267
463
833
1278
1706
2123
2323
2449
2465
2487
2467
2424
2633
2837
3017
3181
3478
3826
3436
2288
740
-1823
-5139
-7205
-6794
-6304
-6330
-4760
-1372
1397
2055
2170
2339
1727
283
-688
-989
-1573
-2049
-1425
-269
279
85
-5
141
-336
-1600
-2658
-2980
-3206
-3168
-2194
-751
242
1003
1996
2728
2516
1442
342
-289
-644
-1081
-1328
-1109
-765
-649
-619
-599
-1011
-1768
-2183
-1996
-1706
-1470
-946
25
1004
1551
1711
1735
1567
1014
340
-165
-441
-955
-1599
-2028
-2106
-2358
-2804
-2820
-2362
-1711
-1157
-420
406
1032
1272
1380
1426
1047
336
-98
-234
-417
-732
-801
-474
-33
286
449
702
873
895
913
1085
1237
1250
1363
1647
1877
1835
1602
1349
1140
876
678
703
770
934
1250
1719
2201
2473
2530
2619
2980
3078
3039
3026
3235
3405
3473
3180
2925
2605
1769
53
-3102
-6140
-7238
-6436
-6493
-6505
-4407
-1005
1216
1870
2213
2142
1173
-16
-524
-951
-1829
-2126
-1134
-284
-219
-476
-306
-220
-786
-1739
-2369
-2580
-2882
-2607
-1422
-121
502
1178
2323
3121
2776
1571
498
-78
-451
-1019
-1366
-1256
-1074
-1012
-803
-692
-1171
-1785
-1806
-1343
-1020
-786
-209
682
1400
1771
1912
1800
1372
860
446
70
-361
-1012
-1693
-2158
-2327
-2655
-2932
-2707
-1995
-1079
-209
566
1182
1649
1794
1597
1219
658
101
-190
-316
-423
-504
-432
-194
156
418
465
432
481
681
907
1035
1095
1233
1455
1627
1628
1369
1115
876
734
609
578
652
819
1055
1351
1591
1693
1773
2081
2342
2624
2974
3143
3413
3516
3899
3613
3510
2930
2138
-329
-4579
-7265
-7337
-6619
-7655
-6836
-3363
125
1429
1851
2480
2036
448
-370
-382
-968
-2058
-1506
-27
279
-262
-491
-95
-498
-1478
-2283
-2345
-2473
-2637
-1793
-367
499
815
1805
2928
3035
2012
924
434
156
-405
-977
-1040
-964
-1173
-1263
-1088
-1399
-2162
-2410
-1747
-1064
-789
-408
572
1541
1852
1774
1723
1510
861
275
-36
-210
-585
-1155
-1688
-2135
-2518
-3091
-3197
-2689
-1824
-925
67
1158
1924
2242
2224
1985
1447
578
-46
-329
-594
-878
-938
-547
-114
192
232
298
476
632
739
906
1184
1385
1626
1940
2235
2224
1910
1385
1026
670
296
-26
38
42
15
562
1314
1797
1718
2122
2573
3055
3263
3493
3818
4003
4208
4218
4366
3887
2836
-42
-4364
-7286
-7639
-7492
-8496
-7563
-4134
-631
959
1660
2378
2020
695
15
29
-573
-1440
-797
316
324
-297
-478
-299
-928
-2124
-3056
-3197
-3327
-3355
-2502
-1171
-325
290
1518
2774
3005
2190
1248
891
676
100
-586
-859
-1031
-1386
-1552
-1624
-2098
-2837
-2982
-2264
-1415
-942
-393
650
1698
2189
2241
2168
1866
1318
772
434
92
-274
-707
-1328
-2049
-2632
-3098
-3382
-3098
-2367
-1389
-282
917
1790
2236
2318
2197
1793
1108
494
163
-137
-488
-691
-609
-434
-319
-265
-140
177
440
751
1180
1599
1839
2072
2381
2558
2493
2279
1934
1638
1321
947
718
686
692
730
1070
1424
1615
1783
2201
2836
3234
3611
4028
4605
4819
4874
4983
4684
3350
-1026
-5765
-7641
-6973
-7916
-9434
-7453
-3333
-593
85
889
1383
366
-647
-264
-22
-1108
-1564
-6
1094
631
-305
-303
-276
-1222
-2542
-3155
-3302
-3825
-3749
-2519
-1354
-1009
-303
1308
2712
2822
1978
1301
1389
1360
630
-219
-688
-1110
-1570
-1696
-1977
-2821
-3603
-3398
-2588
-2023
-1827
-1187
32
1112
1709
2057
2291
2246
1988
1715
1411
849
155
-347
-402
-1413
-2782
-3531
-3562
-3417
-3192
-2272
-1213
178
1342
2124
2533
2356
2014
1917
1752
1310
634
320
89
-160
-597
-961
-930
-954
-744
-167
513
826
1089
1504
1913
2102
2129
2210
2462
2620
2476
2316
2088
1758
1403
1095
825
647
834
1083
1428
1740
1989
2527
2799
3417
3812
4308
4350
4636
5101
4473
2826
-1272
-5160
-6900
-6434
-7147
-8164
-6425
-3044
-831
-295
90
274
-501
-943
-211
173
-372
-416
1029
1558
987
142
7
-218
-899
-1694
-2169
-2402
-2965
-2899
-2144
-1549
-1579
-867
727
2078
2462
2174
1854
1804
1694
1115
307
-402
-1002
-1391
-1417
-1607
-2224
-2886
-2941
-2555
-2215
-2117
-1745
-917
44
864
1565
2085
2201
2084
1930
1577
935
146
-388
-625
-1147
-2019
-3161
-3566
-3658
-3552
-3203
-2343
-1130
-15
1125
1918
2281
2278
2059
1900
1672
1151
572
37
-301
-724
-998
-1233
-1328
-1153
-764
-220
225
478
710
1064
1395
1611
1885
2231
2495
2660
2633
2369
1892
1445
845
606
498
569
977
1343
1632
1782
2322
2585
2865
3374
3759
4122
4630
4872
4249
2768
-494
-4389
-6413
-5903
-5962
-6815
-5693
-2630
-628
-695
-746
-554
-1153
-1737
-839
291
418
374
1411
2055
1543
452
-145
-184
-559
-1152
-1440
-1468
-2019
-2507
-2238
-1845
-1925
-1670
-527
911
1798
1960
1893
1948
1811
1267
658
189
-399
-928
-971
-915
-1250
-1957
-2417
-2352
-2160
-2168
-2093
-1514
-676
73
735
1359
1710
1652
1472
1260
1105
708
279
-107
-113
-625
-2253
-3251
-3584
-3553
-3689
-2947
-1684
-576
503
1351
1974
2014
1563
1497
1642
1546
1180
765
597
170
-210
-815
-1032
-1082
-1015
-541
54
383
470
713
981
1280
1588
1888
2064
2419
2631
2551
2175
1743
1256
964
889
875
1036
1128
1543
1508
1910
2056
2412
2809
3184
3646
3968
4574
4016
2686
-599
-4392
-6428
-5668
-5318
-6134
-5322
-2619
-961
-1433
-1864
-1856
-2149
-2701
-1509
189
990
788
1269
1585
994
118
-228
-55
-111
-58
72
81
-964
-2227
-2711
-2475
-2385
-2011
-823
854
2167
2580
2321
1869
1478
894
530
478
496
353
452
559
72
-932
-1883
-2300
-2473
-2443
-2085
-1258
-421
52
452
857
1048
877
755
874
1223
1485
1527
1397
1169
611
-183
-1148
-2614
-3584
-3646
-3129
-2601
-1713
-631
232
964
1385
1348
1222
1313
1614
1929
1912
1759
1286
553
-455
-1197
-1668
-1770
-1501
-1013
-294
366
643
563
585
675
808
1205
1883
2359
2618
2626
2343
1746
1155
651
268
360
620
1159
1685
1922
1920
2009
2366
2451
2780
3463
4243
4867
4707
3811
1597
-2320
-5858
-6448
-4939
-4752
-5064
-3468
-1294
-1085
-2390
-3041
-3177
-3342
-2518
-412
1229
1458
1329
1442
778
-345
-927
-476
284
667
715
471
-300
-1804
-3104
-3575
-3430
-2875
-1458
421
1751
2088
1761
1165
635
331
182
281
702
1091
1124
790
-28
-1182
-2183
-2541
-2435
-2082
-1543
-882
-375
-309
-503
-690
-694
-536
-67
735
1547
2008
1970
1603
942
98
-724
-1271
-1656
-2283
-2459
-1934
-1452
-1597
-1687
-1133
-515
-25
423
1049
1591
1891
1960
1911
1563
846
115
-339
-542
-783
-910
-724
-332
-135
-90
37
205
391
765
1260
1721
2025
2274
2359
2302
2143
1818
1425
1188
1162
992
1044
1075
1123
1118
1255
1523
1847
2570
3072
3725
4294
4557
4427
3890
2914
1196
-1333
-4380
-5688
-4451
-3000
-3351
-3615
-2633
-2080
-2969
-3768
-3423
-2905
-2026
-197
1678
1874
950
320
11
-399
-373
190
961
1379
1299
676
-611
-2320
-3790
-3873
-2960
-1843
-879
220
1003
934
289
-413
-740
-664
-57
756
1374
1366
665
-335
-1208
-1907
-2349
-2230
-1553
-896
-600
-585
-774
-1222
-1730
-1774
-1239
-357
427
1037
1419
1406
957
235
-287
-593
-578
-381
-304
-339
-872
-1410
-1725
-1566
-1352
-996
-181
620
1232
1327
1275
1005
786
671
745
848
745
518
126
-203
-489
-651
-614
-225
344
869
1243
1339
1148
997
999
1095
1281
1619
1948
2041
2065
1752
1118
677
592
588
895
1481
1855
2065
2277
2453
2615
3128
3602
3946
4308
4644
4648
3730
2145
-242
-3407
-5620
-4898
-2807
-2506
-3303
-3276
-2919
-3555
-4429
-4262
-3270
-2007
-328
1555
2227
1216
-337
-1207
-1234
-546
717
1894
2314
1906
970
-367
-1998
-3243
-3354
-2271
-739
461
1047
750
-202
-1202
-1540
-1242
-493
502
1264
1514
1015
-103
-1431
-2305
-2403
-1822
-761
264
628
174
-617
-1274
-1724
-1825
-1413
-494
615
1333
1379
839
80
-614
-1001
-883
-413
25
56
-183
-430
-850
-1464
-1753
-1342
-673
-76
446
731
612
275
125
207
332
456
587
634
456
20
-526
-950
-996
-692
-148
473
912
994
753
502
359
364
560
949
1416
1750
1849
1574
1102
767
598
524
785
1029
1213
1473
1659
1722
1794
2108
2302
2806
3297
3567
3777
3923
3859
3498
2912
1880
275
-2103
-4181
-4144
-2457
-1972
-3150
-3957
-3606
-3529
-3911
-3336
-1963
-972
-294
742
994
-16
-1203
-1644
-1362
-355
1269
2240
2133
1360
485
-373
-1044
-1269
-998
-285
390
646
502
74
-770
-1468
-1360
-484
305
598
369
-375
-1197
-1813
-1909
-1627
-986
-371
-19
199
43
-576
-1297
-1346
-810
-136
450
861
909
554
50
-327
-473
-513
-410
-317
-103
-167
-577
-1136
-1415
-1244
-1241
-1146
-881
-434
-397
-414
-225
-28
92
179
405
551
594
392
100
-162
-253
-304
-260
-156
-46
-3
61
257
283
250
284
515
810
1044
1198
1128
1110
1190
1276
1241
1176
1195
1068
1100
1315
1477
1565
1718
2068
2429
2740
2980
2969
2925
2914
3048
3262
3268
3332
3102
2583
1402
-713
-3195
-4304
-2956
-1625
-2057
-3109
-3196
-2954
-3224
-2931
-2007
-1372
-1169
-667
-217
-744
-1745
-2202
-1916
-982
432
1605
1829
1095
254
-278
-337
-286
-214
85
369
499
335
126
-360
-1008
-1172
-759
-236
-172
-558
-1237
-1919
-2143
-1858
-1374
-957
-720
-648
-642
-595
-575
-602
-348
248
860
1177
1187
1004
632
383
414
573
569
370
136
-81
-324
-602
-902
-1057
-1125
-1311
-1328
-1174
-939
-946
-801
-490
-241
-41
179
424
411
357
368
437
362
219
101
37
38
94
237
396
473
290
153
257
408
491
534
719
903
1065
1064
866
707
749
946
1053
1354
1681
1829
1843
2038
2320
2208
2104
2137
2563
2863
3019
2974
2941
3072
3052
2844
2045
1061
-892
-3036
-3752
-2180
-785
-1754
-3185
-3507
-3118
-3392
-3144
-2302
-1974
-2051
-1797
-1253
-1607
-2129
-2146
-1681
-894
254
1303
1232
605
137
284
624
774
634
240
83
-37
74
206
122
-288
-752
-723
-713
-879
-1345
-1801
-2157
-2254
-1876
-1569
-1356
-1309
-1112
-839
-510
-157
-82
87
389
819
985
1061
1207
1239
1315
1329
1400
1151
844
508
215
82
-59
-110
-417
-622
-886
-1162
-1306
-1195
-910
-919
-845
-725
-513
-335
-182
-19
45
252
347
345
231
148
111
60
224
415
588
585
552
535
463
476
417
486
455
400
337
345
507
544
719
864
1148
1157
1212
1407
1563
1725
1745
2125
2249
2493
2665
2906
3044
2904
2986
2902
3073
3233
3099
2341
991
-526
-1975
-1949
-562
-178
-1849
-3716
-3842
-3364
-3171
-2783
-2209
-2303
-2776
-2591
-2283
-2461
-2643
-2166
-1446
-670
261
680
481
160
373
786
944
898
595
427
452
631
748
626
281
-442
-1050
-1214
-1136
-1172
-1419
-1737
-2116
-2270
-2132
-1858
-1624
-1353
-1031
-818
-679
-645
-605
-411
81
642
945
1137
1276
1353
1364
1373
1316
1005
710
540
498
475
393
228
19
-236
-817
-1409
-1583
-1309
-1189
-1335
-1339
-1172
-960
-892
-685
-473
-385
-262
-128
7
10
56
222
494
849
1070
1136
1027
816
631
568
576
529
462
465
544
612
719
812
836
803
789
818
816
803
1069
1368
1647
1823
1879
2119
2145
2338
2356
2484
2788
2970
3303
3371
3658
3993
3747
3112
1652
31
-1030
-523
892
238
-1829
-3474
-3224
-2626
-2584
-2287
-2559
-3288
-3809
-3156
-2467
-2655
-2713
-2418
-1836
-1312
-655
-251
-350
-213
185
717
800
642
521
491
784
836
657
181
-353
-713
-891
-620
-562
-842
-1342
-1684
-1732
-1746
-1659
-1661
-1757
-1956
-2065
-1894
-1611
-1297
-905
-387
71
231
205
208
413
710
932
1006
981
986
1007
1009
924
710
288
-166
-492
-635
-798
-1201
-1489
-1454
-1164
-1201
-1561
-1850
-1924
-1686
-1408
-1112
-907
-728
-331
90
484
647
666
649
603
690
687
685
680
753
943
1054
1092
1003
955
947
938
914
910
961
979
972
981
1017
1045
931
1001
1055
1237
1195
1292
1562
1628
2050
2316
3004
3085
3141
3244
3508
3954
3925
3766
3250
2358
923
-98
583
1680
652
-1860
-3234
-2621
-2093
-2231
-2325
-2637
-3398
-3613
-2777
-2150
-2447
-2747
-2658
-2592
-2269
-1631
-1062
-887
-617
-182
31
110
220
459
653
822
882
713
638
737
919
981
957
723
138
-421
-872
-1112
-1219
-1165
-1108
-1256
-1419
-1487
-1378
-1209
-1062
-983
-905
-755
-526
-239
193
679
954
959
801
697
670
785
887
816
583
392
266
116
19
-22
-154
-648
-1211
-1605
-1591
-1463
-1446
-1526
-1599
-1495
-1331
-1119
-866
-720
-629
-600
-483
-410
-421
-345
-194
48
251
478
657
763
827
840
853
851
851
902
1007
1103
1111
1073
1049
1014
912
809
791
805
733
733
827
1044
1265
1534
1858
2096
2303
2368
2547
2834
2992
3035
3121
3469
3701
3194
2345
1046
118
99
862
848
-1067
-2528
-2354
-1324
-1076
-1510
-1880
-2791
-3444
-3105
-2394
-2434
-3158
-3293
-3201
-3126
-2685
-2058
-1677
-1660
-1362
-942
-694
-326
291
854
1171
1283
1189
1102
1268
1521
1409
1119
929
629
214
-154
-301
-519
-793
-893
-945
-1106
-1392
-1438
-1271
-1127
-1177
-1352
-1360
-1236
-1051
-766
-385
-97
-52
-36
119
234
244
188
155
98
125
288
429
448
352
290
-13
-398
-713
-662
-571
-842
-1221
-1489
-1351
-1222
-1242
-1320
-1443
-1359
-1115
-740
-463
-327
-132
-25
31
35
90
280
548
867
1107
1182
1175
1151
1162
1196
1210
1252
1273
1349
1427
1424
1383
1304
1330
1363
1435
1515
1539
1619
1663
1704
1713
1835
2178
2278
2248
2266
2386
2599
2540
2718
2682
2394
1869
944
587
770
1332
629
-1076
-1789
-1337
-784
-1203
-1820
-2271
-2947
-3216
-2947
-2796
-3285
-3821
-3738
-3536
-3287
-2750
-2130
-1812
-1624
-1319
-869
-403
237
893
1180
1273
1169
1167
1345
1646
1814
1509
1212
1009
871
734
526
328
18
-214
-365
-568
-729
-834
-800
-856
-1059
-1202
-1179
-998
-854
-753
-661
-671
-711
-678
-534
-317
-114
157
366
476
541
676
788
845
760
622
459
162
-43
-450
-618
-708
-804
-1011
-1358
-1220
-1059
-979
-981
-1035
-957
-1076
-963
-668
-473
-291
-220
-29
23
-9
21
22
127
294
540
816
967
1101
1173
1153
1152
1170
1312
1518
1599
1635
1600
1635
1598
1434
1388
1307
1243
1195
1207
1375
1365
1476
1700
1750
1971
1932
2218
2208
2276
2482
2305
2147
991
323
726
1683
1194
-1234
-2312
-1599
-843
-1238
-1939
-2195
-2997
-3362
-2709
-2196
-2712
-3441
-3411
-3248
-3161
-2699
-1942
-1506
-1264
-1170
-1189
-904
-259
497
659
566
442
296
669
1217
1507
1129
757
879
975
947
759
487
170
-26
-49
-149
-335
-394
-402
-524
-736
-1018
-1195
-1256
-1259
-1296
-1336
-1110
-710
-265
81
210
139
-23
-84
-47
11
103
157
179
243
375
483
541
593
448
-15
-573
-656
-361
-216
-478
-846
-850
-705
-555
-523
-629
-745
-864
-816
-714
-666
-590
-495
-251
-70
21
153
321
526
612
697
871
1084
1332
1569
1693
1686
1544
1465
1473
1510
1533
1453
1377
1358
1390
1392
1295
1066
1093
1103
1178
1147
1211
1547
1640
1800
1717
1955
2124
2216
2161
1852
1003
-306
-366
689
1040
-744
-2170
-1480
-447
-649
-1508
-1789
-2286
-2907
-2455
-1746
-1919
-2719
-2670
-2193
-2385
-2462
-2030
-1423
-1437
-1740
-1830
-1579
-922
-227
201
152
-65
-186
212
901
1162
807
323
416
716
855
794
581
383
121
-29
-168
-363
-513
-604
-607
-657
-768
-780
-603
-539
-778
-1165
-1338
-1231
-969
-651
-443
-380
-364
-223
-14
115
100
55
2
87
225
438
572
697
626
236
-60
-218
-38
-187
-411
-624
-685
-559
-498
-344
-306
-270
-138
-23
123
85
23
-31
-60
40
175
450
683
835
823
788
830
949
1133
1282
1389
1441
1514
1584
1645
1687
1649
1630
1655
1627
1534
1407
1375
1393
1436
1536
1534
1467
1384
1363
1281
1073
939
1016
1176
1396
1603
1612
992
-129
-183
717
1099
-453
-1865
-1354
-240
-91
-679
-904
-1216
-1718
-1544
-1159
-1593
-2496
-2657
-2368
-2586
-2749
-2304
-1643
-1552
-1839
-2018
-1882
-1368
-811
-491
-573
-757
-713
-233
476
619
207
-124
67
370
320
194
64
-28
-12
103
108
-123
-316
-323
-366
-653
-976
-1006
-739
-592
-775
-1056
-1112
-887
-627
-479
-493
-638
-665
-509
-282
-202
-278
-306
-219
-108
-52
-3
174
391
445
360
150
68
12
181
507
534
261
-150
-86
186
187
-3
-288
-259
-93
163
331
155
-35
-105
42
130
173
379
601
689
602
613
813
1122
1406
1538
1522
1404
1411
1582
1829
1941
1808
1602
1462
1473
1485
1322
1105
959
874
867
855
959
1098
1052
1101
1017
1082
1267
1471
1809
1663
1513
971
459
793
1293
1183
-315
-1051
-340
285
-30
-798
-919
-1261
-1642
-1432
-1199
-1648
-2407
-2280
-2026
-2286
-2535
-2169
-1651
-1820
-2153
-2252
-1928
-1463
-1081
-867
-999
-1085
-1022
-614
-157
-102
-295
-351
-15
230
249
183
196
226
204
162
53
23
22
33
-84
-389
-673
-797
-729
-751
-982
-1232
-1273
-1107
-928
-837
-793
-775
-714
-606
-473
-341
-183
-42
33
127
253
452
587
710
758
689
585
393
384
352
402
341
131
80
101
217
149
39
-5
-125
-137
-158
-128
-145
-193
-125
-85
20
95
190
262
317
421
486
618
767
949
1072
1095
1124
1152
1217
1172
1065
916
790
725
695
790
860
868
826
859
962
1010
1081
1229
1424
1460
1584
1762
2000
2129
2215
2414
2230
1912
1166
880
1198
1569
1113
-175
-448
244
695
299
-350
-511
-971
-1219
-1028
-957
-1552
-2283
-2198
-2171
-2516
-2783
-2530
-2242
-2561
-2905
-2948
-2654
-2260
-1824
-1437
-1361
-1338
-1079
-387
212
344
237
235
488
629
630
582
500
428
303
228
87
-115
-293
-339
-400
-624
-845
-873
-719
-658
-720
-786
-751
-655
-544
-500
-565
-677
-652
-455
-204
-85
-93
-93
-14
97
185
317
481
627
716
808
821
829
699
605
489
136
-96
-307
-204
-255
-397
-315
-362
-360
-483
-510
-494
-738
-721
-592
-408
-410
-494
-343
-264
-209
-276
-217
-77
-10
127
267
441
526
617
859
1082
1191
1222
1318
1431
1494
1519
1590
1683
1621
1500
1418
1430
1500
1483
1490
1527
1533
1695
1689
1872
2003
2290
2506
2284
2105
1454
1276
1492
1939
1647
354
-66
330
692
272
-429
-731
-1435
-1775
-1680
-1634
-2284
-3126
-3050
-2890
-2915
-2948
-2533
-2126
-2272
-2387
-2290
-1952
-1664
-1254
-816
-768
-901
-850
-266
243
362
284
268
408
502
615
690
690
605
582
740
811
610
288
156
133
-87
-420
-490
-353
-334
-448
-487
-441
-503
-585
-481
-324
-271
-251
-79
191
351
357
274
235
146
118
168
326
447
449
415
406
376
281
113
-84
-183
-422
-563
-641
-614
-643
-927
-1060
-1163
-1233
-1272
-1328
-1197
-1251
-1281
-1259
-1199
-1055
-971
-787
-633
-434
-255
-49
238
453
631
749
881
1017
1105
1218
1254
1195
1083
1035
1025
990
941
926
1015
1050
1124
1191
1279
1344
1414
1578
1734
1788
1881
2060
2286
2368
2344
2412
2256
2041
1247
602
529
915
888
-126
-698
-443
23
24
-356
-619
-1277
-1760
-1609
-1284
-1516
-2321
-2607
-2650
-2737
-2859
-2685
-2368
-2448
-2525
-2281
-1835
-1596
-1395
-816
-224
18
-32
174
535
722
776
815
881
725
559
642
816
837
659
585
590
459
274
245
410
466
375
315
335
228
-62
-261
-277
-289
-421
-415
-237
-101
-101
-143
-108
-91
-111
-86
72
243
306
317
381
454
357
181
98
76
-15
-236
-380
-495
-646
-732
-783
-778
-910
-1041
-994
-922
-828
-829
-782
-708
-694
-540
-340
-158
-102
-49
31
29
-46
-184
-187
-162
-72
119
322
522
591
629
671
703
741
734
766
878
1006
1046
1078
1109
1092
1036
963
936
851
768
714
786
921
997
1105
1218
1462
1605
1768
1860
1914
1887
1712
1491
831
434
443
748
396
-603
-1105
-1058
-876
-915
-1074
-1276
-1898
-2149
-1924
-1543
-1637
-2034
-2173
-2333
-2329
-2244
-1933
-1760
-1878
-1804
-1564
-1247
-1161
-1038
-655
-315
-88
28
335
559
724
928
1135
1254
1072
880
814
906
961
892
840
729
543
384
372
395
227
-23
-79
10
1
-107
-109
4
16
-48
-76
-66
-88
-134
-121
-72
-99
-275
-411
-420
-353
-306
-267
-215
-266
-378
-381
-274
-153
-148
-106
40
213
346
389
422
286
125
-35
-60
-59
-159
-180
-129
-5
44
-2
-1
-31
29
58
56
65
42
74
76
159
216
250
208
87
73
140
231
247
221
254
326
471
637
823
969
1071
1130
1153
1159
1140
1093
1015
978
950
903
860
881
935
904
817
760
756
755
810
944
1133
1171
1038
895
525
130
-78
65
39
-462
-875
-916
-793
-701
-618
-533
-911
-1344
-1426
-1162
-1111
-1436
-1694
-1901
-1902
-1801
-1565
-1333
-1372
-1461
-1424
-1207
-1053
-1127
-1103
-936
-660
-457
-244
-25
93
173
245
436
532
397
178
87
238
391
539
648
635
416
137
57
118
84
-101
-262
-326
-376
-407
-384
-374
-460
-578
-568
-424
-307
-343
-424
-408
-325
-292
-343
-373
-358
-309
-228
-119
-18
-15
0
73
197
301
399
507
560
561
578
633
680
677
688
679
579
447
343
286
201
103
12
-90
-194
-223
-154
-15
43
5
-75
-147
-221
-284
-315
-330
-282
-147
62
206
233
228
197
155
97
64
66
63
138
298
458
539
556
541
519
490
428
364
319
329
440
616
813
914
932
961
1034
1087
1109
1121
1131
1120
1122
1168
1245
1284
1181
946
747
669
568
417
345
304
78
-174
-216
-143
-265
-558
-793
-1034
-1316
-1547
-1637
-1661
-1711
-1706
-1545
-1318
-1240
-1304
-1372
-1358
-1316
-1313
-1236
-1110
-997
-887
-724
-544
-469
-446
-358
-175
-26
8
-1
39
146
164
144
172
222
262
229
191
134
48
-58
-140
-137
-90
-98
-164
-163
-118
-105
-121
-100
-60
-61
-59
3
72
120
158
196
204
205
226
245
264
256
256
244
292
358
390
379
318
245
174
225
390
573
724
827
918
936
881
696
406
155
-22
-116
-208
-279
-387
-530
-632
-668
-662
-711
-804
-876
-867
-773
-700
-640
-590
-508
-443
-409
-364
-331
-310
-345
-339
-290
-192
-55
90
255
348
410
481
606
765
885
978
1052
1120
1135
1144
1160
1140
1082
980
916
866
838
838
857
883
873
886
956
1043
1095
1057
948
691
360
151
96
90
38
47
23
-106
-243
-311
-354
-475
-582
-671
-772
-889
-987
-1059
-1138
-1185
-1193
-1124
-1051
-1066
-1178
-1253
-1252
-1261
-1251
-1140
-959
-826
-777
-722
-617
-487
-402
-349
-263
-207
-196
-163
-49
103
168
154
154
237
350
431
437
373
245
97
45
70
75
12
-26
52
182
320
475
615
688
741
797
824
789
705
618
543
448
334
233
149
49
-99
-224
-280
-252
-208
-157
-102
-54
-28
2
41
40
-1
-39
-65
-79
-93
-95
-126
-213
-290
-352
-377
-405
-413
-394
-364
-271
-174
-110
-71
-32
-22
-103
-235
-375
-495
-567
-631
-723
-815
-845
-826
-759
-662
-559
-474
-397
-310
-212
-86
21
98
186
288
371
418
487
595
676
669
631
657
710
737
760
819
906
992
1076
1134
1156
1183
1239
1325
1391
1396
1326
1212
1043
838
686
589
514
437
459
509
430
247
100
27
-70
-137
-169
-256
-408
-569
-643
-662
-676
-742
-837
-907
-1007
-1154
-1309
-1412
-1500
-1524
-1434
-1294
-1157
-1046
-893
-695
-497
-341
-244
-138
-32
68
161
250
286
225
161
133
126
90
20
-38
-69
-53
-4
90
170
173
154
144
153
95
-20
-107
-134
-133
-174
-221
-247
-261
-272
-272
-263
-278
-282
-230
-89
94
252
375
477
595
666
641
527
366
249
177
164
119
15
-63
-89
-49
-46
-101
-201
-290
-326
-351
-362
-397
-413
-407
-417
-424
-462
-489
-536
-564
-543
-532
-533
-567
-540
-455
-355
-315
-392
-447
-423
-322
-226
-131
-21
82
192
288
365
368
364
405
455
502
478
472
522
613
655
608
548
545
617
724
834
915
914
861
869
995
1109
1128
1114
1110
1075
944
839
778
723
673
654
713
735
689
574
458
401
360
347
380
455
446
334
243
191
83
-114
-280
-430
-624
-805
-872
-851
-848
-859
-828
-785
-793
-858
-896
-917
-956
-979
-948
-844
-736
-679
-690
-694
-670
-667
-723
-788
-787
-740
-662
-514
-312
-118
13
129
259
357
383
332
266
235
232
241
270
302
271
193
126
53
-50
-173
-256
-280
-285
-322
-326
-235
-134
-126
-168
-182
-175
-179
-180
-168
-181
-202
-211
-181
-154
-157
-153
-102
-15
71
147
217
283
335
344
325
335
380
408
400
385
382
351
301
256
201
115
16
-56
-109
-120
-77
43
174
274
249
96
-44
-125
-137
-164
-229
-341
-468
-537
-577
-625
-700
-759
-751
-639
-499
-429
-424
-440
-415
-367
-302
-218
-116
-42
-25
-8
36
61
48
25
48
157
293
448
625
848
1022
1119
1173
1231
1293
1328
1375
1427
1432
1350
1275
1271
1323
1332
1261
1161
1069
997
920
860
772
585
363
239
251
269
219
107
-49
-198
-304
-379
-461
-545
-604
-667
-755
-854
-972
-1076
-1153
-1179
-1210
-1265
-1302
-1286
-1265
-1290
-1341
-1355
-1304
-1195
-1057
-963
-897
-833
-759
-672
-591
-538
-527
-490
-405
-327
-293
-288
-260
-207
-135
-55
11
44
70
120
200
310
413
465
482
495
464
388
319
280
240
216
236
298
368
428
490
504
450
352
308
349
402
430
416
383
328
284
272
282
296
295
289
322
392
418
359
286
273
285
289
287
296
283
235
174
102
9
-92
-160
-157
-114
-72
-50
-83
-159
-232
-239
-217
-183
-135
-108
-108
-124
-102
-74
-63
-60
-85
-128
-184
-243
-291
-323
-368
-449
-530
-566
-555
-528
-503
-473
-453
-437
-401
-305
-190
-108
-70
-72
-99
-132
-125
-51
50
129
159
184
216
234
238
287
382
467
519
592
696
779
828
860
887
879
853
867
939
976
923
832
785
766
737
713
692
641
557
430
250
85
30
39
68
152
169
16
-176
-236
-279
-412
-513
-547
-628
-771
-861
-894
-921
-955
-967
-937
-897
-876
-880
-887
-896
-952
-1002
-952
-799
-650
-563
-468
-350
-249
-230
-279
-332
-322
-248
-172
-88
-23
10
29
77
165
204
162
107
92
99
96
87
90
69
21
-39
-62
-59
-60
-51
-27
-1
-6
-11
29
98
139
176
243
345
450
541
617
649
617
529
445
429
436
396
363
381
425
442
444
491
536
525
455
372
291
197
107
48
15
-25
-99
-214
-314
-420
-535
-626
-619
-544
-517
-544
-559
-544
-557
-563
-454
-316
-297
-349
-333
-272
-263
-308
-357
-385
-433
-491
-532
-525
-536
-586
-573
-474
-383
-383
-416
-404
-327
-244
-178
-128
-75
-37
-13
63
149
178
123
65
54
80
160
274
397
507
611
702
766
817
887
953
985
990
997
1016
1018
993
934
896
902
897
852
822
864
921
979
1052
1113
1140
1131
1095
999
848
715
646
589
560
561
442
185
-39
-138
-239
-351
-375
-404
-551
-733
-846
-941
-1054
-1147
-1165
-1102
-1004
-959
-1002
-1083
-1164
-1229
-1253
-1175
-1047
-970
-914
-770
-561
-420
-357
-273
-167
-91
-13
86
175
193
182
178
192
190
143
92
55
16
-63
-149
-199
-210
-220
-241
-220
-180
-160
-174
-207
-247
-277
-238
-178
-151
-159
-179
-191
-181
-146
-118
-95
-61
-11
51
136
203
199
134
95
125
154
168
200
260
257
200
169
177
177
134
87
61
57
49
19
-13
-24
-27
-30
-14
23
19
-71
-218
-330
-355
-357
-378
-389
-410
-468
-566
-646
-689
-743
-809
-848
-830
-817
-834
-817
-720
-622
-576
-542
-482
-427
-381
-329
-256
-185
-120
-39
67
185
274
334
403
494
571
627
661
688
762
895
1075
1221
1282
1261
1208
1192
1177
1141
1093
1088
1135
1160
1162
1143
1121
1080
1076
1100
1098
1061
1049
1099
1130
1088
982
891
846
790
663
487
361
293
216
181
217
202
18
-157
-170
-158
-223
-291
-307
-350
-441
-521
-586
-648
-700
-739
-739
-706
-690
-701
-680
-635
-617
-654
-696
-707
-700
-705
-692
-635
-578
-586
-614
-558
-449
-365
-332
-293
-245
-237
-292
-359
-384
-381
-392
-407
-388
-390
-432
-452
-408
-389
-483
-562
-531
-442
-379
-329
-258
-192
-143
-119
-77
-41
-54
-99
-93
-17
40
61
99
196
282
310
292
284
315
319
308
314
340
317
268
282
332
324
235
156
120
114
113
137
175
161
109
92
134
161
115
39
-8
-35
-88
-132
-105
-74
-77
-132
-228
-342
-436
-450
-436
-395
-364
-354
-324
-305
-319
-417
-538
-642
-678
-634
-576
-544
-542
-509
-468
-409
-351
-320
-285
-234
-116
47
218
353
441
516
559
607
651
679
708
724
750
765
829
901
934
947
917
871
773
670
586
557
566
561
567
579
622
641
659
676
674
648
614
625
650
659
629
599
602
616
621
599
484
235
-20
-115
-111
-147
-148
-105
-141
-248
-250
-213
-313
-438
-491
-544
-651
-709
-717
-767
-837
-892
-910
-891
-840
-840
-867
-807
-685
-585
-555
-517
-455
-415
-386
-327
-280
-350
-455
-483
-420
-337
-271
-208
-153
-122
-135
-169
-182
-162
-126
-91
-34
49
99
92
64
29
-67
-177
-194
-156
-132
-129
-98
-58
-11
31
29
-3
-48
-90
-156
-207
-242
-232
-181
-120
-81
-105
-171
-239
-251
-253
-271
-277
-241
-156
-30
99
171
231
294
354
404
429
434
411
415
429
436
428
395
352
275
174
70
0
-52
-83
-56
-3
24
-5
-9
58
130
118
62
50
18
-33
-37
-1
-25
-103
-165
-214
-242
-279
-348
-429
-466
-438
-379
-257
-142
-103
-112
-101
-40
22
56
66
124
209
292
379
409
352
254
232
246
283
368
481
594
666
718
737
765
778
725
645
579
520
435
358
320
318
305
265
250
245
236
233
230
212
186
192
236
321
445
556
575
497
405
356
321
293
219
50
-109
-101
-14
-12
30
100
16
-176
-185
-115
-225
-327
-306
-327
-455
-521
-569
-721
-845
-904
-958
-1008
-971
-919
-919
-877
-815
-770
-724
-618
-498
-428
-311
-143
-21
-39
-116
-158
-206
-214
-188
-135
-141
-232
-333
-398
-391
-381
-376
-348
-262
-151
-102
-90
-82
-47
-10
38
151
227
234
179
134
114
78
44
12
40
90
145
209
303
424
487
504
503
543
609
677
741
746
696
603
508
410
313
240
173
95
40
9
11
29
55
65
61
72
90
96
58
-26
-108
-177
-254
-343
-380
-372
-375
-397
-450
-510
-548
-514
-462
-393
-318
-312
-317
-257
-161
-137
-132
-87
-69
-103
-176
-252
-317
-340
-323
-280
-225
-223
-273
-298
-259
-185
-120
-74
-61
-54
-42
-20
32
68
88
103
141
168
151
137
151
214
272
305
327
356
414
507
632
728
776
778
756
762
801
823
790
748
723
701
676
645
603
558
506
464
428
420
445
486
538
611
665
665
623
519
337
192
153
128
104
139
100
-112
-280
-335
-449
-607
-602
-527
-564
-597
-570
-601
-697
-729
-713
-693
-660
-639
-680
-746
-799
-883
-971
-982
-901
-805
-715
-584
-452
-405
-421
-388
-330
-298
-262
-167
-66
-43
-75
-116
-138
-143
-141
-128
-112
-103
-110
-129
-138
-149
-192
-254
-239
-165
-108
-64
23
126
163
169
177
157
104
73
123
191
220
214
208
195
156
137
123
115
133
169
210
211
177
82
10
5
38
80
90
97
89
89
70
42
27
26
64
129
210
275
320
324
301
279
265
280
319
357
361
341
315
265
209
150
91
89
124
136
100
57
29
-10
-10
-12
-87
-184
-228
-238
-264
-258
-285
-377
-449
-466
-463
-500
-522
-521
-472
-422
-388
-319
-247
-174
-107
23
139
203
265
308
351
340
321
286
260
246
230
270
344
414
407
357
294
240
212
195
188
160
126
98
84
90
91
112
159
217
274
323
384
442
488
506
511
538
590
627
658
698
742
768
768
751
731
726
717
704
671
527
294
172
232
244
192
202
123
-132
-308
-303
-413
-612
-673
-691
-794
-855
-834
-917
-1008
-993
-949
-929
-865
-766
-783
-807
-774
-724
-687
-636
-526
-496
-479
-414
-310
-293
-349
-364
-358
-304
-228
-131
-99
-114
-110
-89
-31
-4
14
21
47
89
114
99
24
-2
18
33
46
71
50
-27
-36
-3
1
-23
-60
-111
-168
-180
-178
-194
-213
-220
-205
-168
-112
-76
-78
-54
46
162
228
254
256
242
247
292
350
374
372
362
365
372
323
233
128
61
58
93
122
130
123
67
14
31
71
31
-42
-44
-13
-7
-19
-44
-88
-142
-160
-120
-55
-29
-59
-81
-43
4
-2
-30
-11
43
101
145
184
163
78
40
112
184
133
36
-68
-184
-290
-373
-457
-548
-600
-643
-663
-677
-712
-740
-724
-664
-620
-576
-547
-520
-458
-380
-288
-221
-156
-142
-116
-59
-25
-10
0
44
89
157
236
303
361
398
462
515
551
558
562
583
601
653
712
793
848
873
894
907
909
888
888
886
886
927
981
1027
1011
948
874
816
759
684
652
636
600
563
582
592
513
412
354
371
438
422
217
0
-21
-37
-128
-81
-23
-265
-563
-529
-478
-681
-827
-794
-839
-929
-880
-833
-894
-933
-923
-916
-828
-698
-671
-689
-626
-562
-602
-644
-595
-548
-556
-512
-361
-238
-262
-337
-364
-356
-332
-267
-164
-80
-47
-24
55
140
122
41
11
75
162
210
197
165
144
125
142
200
233
202
211
288
352
370
332
293
290
320
306
259
258
264
257
248
269
260
198
119
68
46
-32
-128
-179
-191
-234
-304
-337
-348
-357
-383
-408
-428
-457
-476
-492
-477
-467
-464
-436
-358
-252
-196
-184
-175
-136
-93
-66
-31
6
67
127
162
161
135
87
49
77
135
163
140
85
48
45
51
59
100
147
172
212
276
286
236
185
129
52
-4
-3
-3
-39
-53
-81
-153
-235
-266
-272
-265
-220
-177
-157
-154
-151
-154
-145
-138
-131
-82
-25
40
130
214
232
196
160
98
55
41
60
121
193
233
224
217
192
150
115
112
155
185
191
181
179
160
130
152
187
213
198
183
196
243
272
248
236
230
241
270
332
381
375
353
319
315
338
396
458
487
513
526
512
452
391
338
265
203
173
192
195
197
202
204
195
80
-168
-391
-419
-403
-430
-331
-201
-298
-475
-397
-292
-401
-479
-417
-420
-490
-468
-485
-604
-672
-678
-680
-627
-562
-638
-740
-726
-708
-763
-792
-725
-657
-585
-470
-324
-224
-241
-296
-329
-316
-294
-228
-88
35
71
23
-14
-54
-117
-165
-152
-97
-69
-29
19
74
103
77
53
66
96
100
162
308
428
486
511
534
532
536
534
528
521
475
433
442
493
503
469
437
398
335
249
175
146
132
95
45
15
4
6
6
13
44
54
17
-52
-89
-118
-162
-177
-139
-67
-26
-7
10
44
60
42
28
61
149
210
230
279
367
383
331
307
233
65
-71
-83
-41
-14
-7
-6
38
63
4
-83
-149
-196
-213
-118
1
56
37
2
20
64
71
18
7
14
26
60
129
188
193
185
153
141
128
108
106
133
162
140
102
66
47
17
-27
-53
-72
-98
-146
-159
-131
-95
-72
-48
0
9
-30
-56
-36
-33
-88
-137
-154
-149
-165
-185
-197
-218
-280
-364
-377
-337
-290
-238
-131
-16
46
65
87
136
184
201
179
199
237
249
284
364
439
433
381
340
308
266
196
140
114
117
141
186
246
294
275
179
88
12
-100
-238
-350
-420
-481
-506
-503
-504
-540
-603
-649
-664
-644
-591
-492
-389
-295
-196
-112
-66
-58
-54
-64
-83
-108
-152
-194
-196
-153
-109
-81
-73
-64
-59
-54
-60
-87
-124
-160
-149
-89
-26
-15
-57
-110
-135
-125
-107
-107
-118
-111
-75
-14
69
159
201
194
201
233
272
317
380
431
434
401
362
362
386
383
352
324
298
276
288
326
329
315
320
337
358
372
353
305
266
252
222
167
112
41
-55
-155
-230
-315
-424
-499
-497
-481
-472
-443
-413
-401
-389
-360
-361
-395
-429
-461
-465
-433
-392
-382
-375
-386
-431
-481
-502
-511
-518
-476
-395
-306
-209
-91
23
114
193
261
310
326
300
238
189
174
158
158
169
162
129
102
101
96
91
97
128
184
237
264
268
240
172
115
71
13
-74
-151
-188
-210
-220
-236
-259
-270
-275
-263
-242
-201
-146
-94
-44
7
56
76
76
91
119
122
116
139
170
179
167
175
208
251
314
409
507
548
567
609
653
657
640
637
627
614
597
579
533
464
402
347
313
274
242
249
281
284
270
268
266
277
290
286
258
225
170
101
45
-57
-224
-377
-459
-488
-496
-496
-494
-496
-512
-518
-499
-483
-491
-501
-499
-489
-475
-461
-456
-434
-391
-373
-385
-399
-401
-403
-406
-399
-373
-321
-239
-143
-44
48
102
153
208
252
280
301
308
287
288
316
323
303
293
303
334
394
457
507
519
516
516
533
558
566
554
494
413
328
227
104
-7
-94
-187
-267
-323
-363
-397
-413
-425
-448
-466
-485
-496
-490
-467
-461
-465
-473
-472
-459
-454
-466
-501
-532
-566
-593
-574
-516
-438
-353
-254
-166
-82
2
77
139
182
200
198
206
228
249
250
224
198
190
181
159
141
119
78
48
64
116
166
230
330
471
600
657
642
601
554
494
452
434
392
342
334
333
293
228
145
80
58
20
-74
-134
-106
-87
-79
-35
-49
-153
-236
-238
-230
-252
-278
-285
-260
-243
-247
-246
-227
-228
-207
-133
-71
-50
-39
-3
50
100
87
27
-8
-20
-31
-30
-14
-42
-98
-109
-45
60
128
149
155
178
179
158
138
123
113
102
113
109
80
14
-51
-92
-134
-194
-256
-270
-254
-220
-185
-168
-172
-186
-197
-219
-233
-256
-272
-259
-225
-208
-238
-278
-326
-374
-421
-446
-429
-377
-292
-193
-88
11
98
170
232
265
273
277
290
303
289
243
188
139
99
73
47
-3
-88
-165
-205
-226
-238
-237
-190
-99
-1
83
149
188
180
154
124
112
127
157
183
192
198
178
142
100
49
-4
-52
-63
-29
23
45
35
2
-45
-78
-91
-102
-134
-145
-128
-105
-96
-99
-92
-79
-74
-69
-45
-25
-14
25
97
167
210
231
222
201
180
154
133
125
119
100
99
117
154
188
219
246
250
237
200
184
197
213
231
252
269
280
306
320
306
268
210
157
124
121
129
159
171
141
92
43
14
-4
-11
-18
-16
-22
-45
-75
-106
-144
-202
-258
-312
-344
-355
-354
-309
-223
-147
-100
-62
-31
-22
-14
1
16
45
65
73
75
65
8
-85
-172
-249
-339
-446
-524
-566
-614
-687
-733
-706
-656
-612
-568
-531
-524
-528
-515
-475
-409
-339
-251
-129
3
84
102
81
37
-7
-39
-37
8
79
136
179
216
220
199
171
167
171
169
173
193
228
240
226
200
164
116
97
101
97
85
89
134
191
248
277
283
288
293
285
275
258
233
216
211
226
234
213
174
151
163
167
136
87
48
35
53
90
130
141
132
149
176
175
116
32
-41
-69
-52
-39
-43
-54
-59
-56
-27
-6
-30
-68
-74
-39
-11
-19
-51
-95
-148
-204
-258
-309
-353
-377
-360
-320
-291
-257
-219
-176
-135
-88
-47
1
67
134
189
205
189
142
91
45
-12
-71
-97
-76
-56
-60
-98
-147
-191
-194
-139
-64
-14
-13
-35
-40
-29
-20
-7
34
114
197
251
256
225
177
141
143
163
158
141
160
201
230
228
185
122
78
75
106
131
121
97
83
75
58
48
44
34
19
4
-31
-62
-75
-78
-80
-82
-98
-142
-184
-198
-194
-186
-185
-203
-215
-206
-188
-179
-157
-138
-145
-153
-148
-134
-140
-142
-117
-66
-3
43
76
91
96
95
101
104
78
27
-21
-36
-4
57
118
193
271
306
317
354
398
402
376
343
301
260
233
217
190
126
36
-22
-24
-3
8
16
31
36
30
9
-21
-37
-49
-51
-54
-64
-97
-134
-158
-178
-214
-265
-304
-304
-254
-200
-174
-179
-187
-179
-160
-118
-90
-90
-107
-97
-69
-53
-40
-12
32
63
76
76
77
69
46
35
34
45
64
89
110
121
111
97
106
130
146
140
132
132
141
151
163
161
142
120
107
105
97
72
42
21
11
-6
-25
-39
-54
-94
-142
-188
-225
-260
-277
-261
-245
-235
-236
-230
-213
-209
-224
-247
-252
-234
-207
-190
-157
-101
-40
10
35
51
51
47
51
56
49
14
-25
-34
-14
30
81
132
179
217
247
253
252
246
248
243
241
254
254
254
235
208
172
144
132
119
96
70
78
126
182
217
222
191
152
122
88
37
-15
-69
-101
-111
-120
-146
-199
-248
-269
-258
-256
-278
-289
-276
-243
-212
-199
-201
-200
-165
-104
-33
14
13
-17
-38
-39
-27
-14
-21
-15
3
1
-32
-81
-111
-120
-96
-61
-37
-32
-39
-39
-52
-85
-120
-135
-136
-124
-114
-130
-155
-169
-161
-141
-107
-69
-43
-13
23
45
43
32
50
88
117
137
150
163
176
201
221
223
209
209
227
242
239
206
152
114
103
97
93
95
90
73
48
15
-48
-143
-228
-271
-277
-280
-277
-254
-215
-180
-160
-150
-144
-146
-145
-139
-113
-79
-57
-32
1
32
33
21
7
-6
-27
-62
-84
-75
-33
17
57
98
123
131
105
54
-21
-108
-153
-155
-136
-135
-147
-164
-184
-198
-223
-262
-298
-304
-281
-243
-203
-169
-142
-106
-47
26
83
128
182
236
283
315
336
353
382
419
446
448
432
401
370
345
323
292
271
277
309
339
348
340
309
263
212
170
136
109
100
106
112
98
54
-3
-52
-98
-146
-179
-189
-176
-149
-118
-101
-105
-114
-130
-150
-185
-235
-286
-318
-315
-296
-277
-283
-288
-288
-276
-255
-240
-227
-233
-229
-197
-160
-151
-162
-159
-144
-139
-147
-154
-141
-114
-77
-33
3
19
36
51
77
122
165
192
222
271
323
357
378
390
388
373
344
312
278
255
254
259
265
278
316
352
365
360
339
299
257
227
210
213
214
200
163
102
31
-57
-141
-214
-267
-295
-319
-336
-355
-385
-415
-419
-391
-356
-322
-301
-290
-283
-273
-253
-232
-223
-217
-201
-189
-191
-194
-200
-201
-209
-229
-242
-228
-182
-141
-112
-97
-96
-108
-124
-127
-108
-77
-50
-22
7
21
1
-23
-34
-43
-50
-37
1
63
134
197
244
267
273
274
270
251
223
211
212
227
248
259
245
224
212
202
202
209
212
207
193
164
129
100
66
22
-5
-17
-15
-11
2
7
1
-23
-53
-62
-45
-15
15
39
45
33
7
-17
-19
-9
10
31
38
18
-17
-44
-59
-53
-41
-39
-41
-47
-42
-26
-8
1
-10
-24
-29
-33
-40
-63
-77
-62
-30
-14
-29
-66
-110
-145
-160
-168
-187
-217
-240
-234
-213
-207
-221
-239
-231
-201
-178
-161
-144
-124
-106
-90
-81
-83
-87
-70
-28
23
57
70
87
107
120
133
143
160
194
242
280
292
284
254
234
228
229
230
236
245
246
239
210
160
126
126
152
185
211
214
196
175
160
146
120
89
69
56
33
-4
-41
-57
-52
-36
-22
-12
2
10
13
1
-39
-107
-172
-194
-176
-151
-144
-155
-171
-184
-182
-174
-184
-204
-215
-204
-183
-158
-134
-106
-91
-87
-96
-108
-122
-116
-92
-70
-52
-48
-48
-48
-35
-19
-17
-14
-4
23
56
92
121
125
121
121
129
126
99
60
21
5
3
-1
-10
-31
-69
-103
-125
-128
-123
-114
-104
-87
-69
-54
-37
-6
45
86
108
104
85
56
11
-32
-55
-68
-65
-40
0
33
48
40
17
-1
-13
-7
32
85
125
143
141
129
105
58
-12
-77
-128
-160
-158
-131
-100
-70
-63
-72
-89
-91
-82
-59
-27
-15
-17
-32
-37
-29
-30
-64
-124
-189
-245
-280
-286
-267
-233
-191
-157
-131
-116
-108
-117
-134
-153
-153
-130
-106
-75
-45
-29
-16
11
47
79
109
131
144
162
185
211
248
282
291
281
272
267
258
253
251
247
231
226
250
274
268
241
217
211
222
252
274
281
283
279
298
324
330
322
317
313
283
229
174
133
114
99
68
33
13
-4
-12
-6
-3
3
23
74
119
145
149
122
87
47
2
-48
-81
-108
-127
-148
-168
-181
-181
-181
-186
-183
-194
-212
-211
-189
-157
-133
-134
-158
-180
-208
-231
-243
-252
-269
-285
-267
-232
-189
-158
-133
-112
-94
-94
-92
-63
-23
19
48
66
66
56
51
63
84
67
18
-31
-52
-46
-35
-24
-16
-3
13
11
-17
-62
-117
-161
-182
-183
-180
-183
-184
-195
-211
-230
-242
-248
-233
-203
-179
-158
-126
-84
-48
-14
1
-3
-15
-32
-53
-71
-81
-88
-92
-93
-97
-109
-122
-139
-168
-194
-199
-176
-127
-68
-8
33
40
26
9
1
-11
-18
-23
-28
-40
-77
-117
-138
-154
-175
-188
-179
-162
-147
-117
-71
-3
63
114
159
212
244
251
265
278
277
262
266
280
287
282
257
244
242
244
251
267
283
292
320
364
386
362
299
231
169
98
29
-13
-27
-32
-35
-38
-39
-37
-33
-35
-23
3
32
61
99
137
159
172
164
143
120
84
56
47
62
80
94
106
121
130
133
134
150
174
186
195
188
172
144
123
114
110
75
3
-68
-121
-141
-149
-154
-166
-178
-169
-150
-119
-99
-79
-55
-21
7
13
-2
-29
-56
-74
-88
-100
-120
-158
-193
-219
-239
-272
-308
-320
-294
-229
-160
-110
-90
-87
-81
-73
-78
-100
-125
-136
-140
-155
-197
-256
-302
-321
-312
