-79
-63
-57
-52
-50
-42
-40
-36
-24
-22
-5
5
15
29
39
49
61
64
68
69
63
66
70
72
75
68
58
62
53
48
43
49
50
47
50
64
63
67
67
54
54
35
30
20
20
29
26
31
24
36
33
42
44
37
38
24
35
24
31
23
16
17
8
9
0
-4
-17
-13
-24
-25
-20
-20
-19
-18
-16
-22
-20
-25
-17
-26
-22
-14
-19
-6
-13
5
0
9
18
18
25
13
29
22
32
25
26
38
25
39
50
48
48
56
46
48
44
44
43
39
38
28
27
18
33
31
39
34
40
52
29
53
34
24
22
-19
16
-29
-1
-27
-41
-22
-68
-47
-92
-70
-106
-86
-110
-111
-107
-134
-108
-141
-137
-138
-149
-140
-122
-166
-116
-120
-155
-72
-165
-84
-102
-132
-49
-131
-62
-88
-33
-99
-16
-60
-38
-26
-51
-35
-41
-31
-44
-12
-33
8
-36
34
15
-11
76
34
40
62
92
31
111
76
59
100
54
108
51
75
66
51
66
65
29
66
85
20
72
52
79
24
75
55
42
36
64
78
-31
197
-11
107
107
90
104
57
210
-21
186
40
161
76
73
165
-21
235
-47
147
19
161
-5
52
137
-79
195
-137
175
-95
65
60
-94
113
-47
61
-3
110
-15
54
128
-46
240
-136
240
-40
100
86
-80
189
-99
126
-24
45
-53
110
-49
-23
77
-122
71
-87
-46
-39
-53
-84
-76
-36
-110
-65
-92
39
-148
29
-32
-88
71
-91
40
-74
28
-104
38
-118
-63
-4
-117
-50
-63
-61
-99
0
-158
35
-212
3
-144
-135
-31
-239
-2
-225
-86
-58
-251
27
-193
32
-159
-45
81
-196
145
-147
69
2
-145
99
-126
21
-67
-113
98
-239
171
-224
43
1
-187
212
-321
164
-120
-71
77
-265
259
-349
201
-103
-112
247
-330
360
-262
202
-18
-63
303
-311
347
-187
132
69
-154
326
-349
409
-162
29
216
-202
437
-384
426
-142
102
120
-193
395
-424
485
-387
259
16
-199
466
-456
549
-400
404
-114
-12
320
-392
577
-577
567
-381
158
94
-327
539
-717
723
-587
394
-153
-62
323
-519
690
-727
638
-483
244
-80
-173
369
-582
640
-581
496
-320
158
75
-203
382
-458
493
-514
456
-413
170
-50
-215
215
-370
320
-475
425
-476
356
-331
228
-129
-87
218
-262
254
-300
247
-193
223
-324
352
-225
184
-39
33
120
-30
118
-96
312
-343
386
-333
317
-213
20
86
-150
128
-146
74
-131
210
-285
306
-312
244
-111
-20
12
1
22
-158
222
-267
283
-323
188
-25
-77
-11
2
-70
68
-202
36
-70
-144
66
-275
36
-199
126
-336
80
-131
19
-46
-201
175
29
-278
238
-80
8
100
-226
414
-262
112
126
94
-147
411
-122
97
314
-234
536
-310
331
55
57
8
193
-31
77
107
-198
547
-471
286
149
-116
220
-88
142
168
-170
195
127
-203
328
-205
166
-79
90
-99
50
-15
-90
54
-173
241
-432
197
-59
-219
47
-186
113
-423
242
-177
-91
-58
48
-101
-82
55
-130
8
59
-163
56
123
-109
14
45
169
-183
136
13
26
92
-36
98
8
170
-116
114
-3
164
-192
133
124
-150
142
-13
188
-86
65
173
54
-92
258
-51
47
112
-47
149
-18
-135
358
-296
88
-13
-39
-21
-90
9
-134
51
-224
119
-187
-74
28
-112
-127
192
-292
12
191
-215
-26
86
49
-43
-43
180
-128
262
-98
-37
205
65
-175
204
-5
16
26
42
15
-12
-12
-34
133
-319
246
-139
-160
209
-144
18
-74
266
-284
234
-40
23
8
193
-213
197
85
-22
68
-39
218
-137
76
-54
4
228
-475
369
-55
-306
278
-210
-104
70
-281
156
-274
-10
-144
81
-133
-305
544
-636
337
-42
-94
169
-327
551
-383
58
289
-386
502
-351
169
99
-41
37
-40
216
-318
274
-54
-271
282
-255
88
-117
-142
135
-149
-248
250
-262
110
-262
122
164
-544
498
-349
166
-299
161
24
-424
266
-193
39
-191
-108
367
-580
149
174
-524
330
-450
181
-205
-200
-54
-229
268
-607
290
-315
167
-53
-426
546
-315
-162
494
-622
505
-271
56
215
-422
632
-487
315
-120
302
-161
-169
942
-1203
1033
-217
-223
577
-720
1032
-1018
757
-298
-71
381
-587
855
-979
1074
-819
395
245
-558
615
-558
660
-650
373
17
-390
646
-864
809
-537
79
305
-558
597
-554
458
-568
594
-408
-141
462
-504
324
-375
254
-4
-255
214
0
-62
15
252
-193
179
-100
259
-71
-201
232
95
-345
219
4
20
-72
33
190
-22
-240
328
-48
-162
430
-727
710
-256
-119
86
106
-113
3
134
-69
101
-31
204
21
-13
236
-113
501
-617
661
-73
-372
647
-522
411
-243
177
-160
369
-482
379
57
-293
408
-360
296
-34
-276
68
387
-801
824
-609
163
359
-626
808
-748
411
62
-169
40
-13
73
-420
899
-1323
1111
-559
-117
502
-618
465
-295
91
-220
458
-647
397
-69
-436
799
-908
319
420
-725
401
377
-625
440
589
-1149
1480
-742
119
637
-768
1063
-806
337
715
-1169
1175
-222
-386
439
443
-921
892
-80
-843
1879
-2071
1490
-157
-938
1506
-1114
113
975
-1301
686
518
-1425
1420
-617
-524
1349
-1221
65
1107
-1682
1255
-321
-984
1771
-1801
1012
1
-787
911
-606
168
20
-81
-57
387
-717
599
54
-1002
1456
-1265
893
-436
137
357
-383
406
-208
27
257
-173
-46
133
188
-422
219
443
-953
929
-654
528
-280
71
87
-223
819
-1247
822
139
-716
740
-476
482
-704
706
-78
-734
827
-426
53
-43
-162
290
-377
50
-332
716
-1147
355
233
-534
373
-1060
1336
-1204
371
-507
845
-1045
19
1062
-1573
920
-270
-210
470
-874
926
-647
317
-209
36
-29
411
-856
544
598
-1567
1343
-203
-1103
1371
-1058
168
496
-1074
1209
-1128
807
-270
-312
467
-168
-235
439
-314
-177
688
-656
-122
723
-607
-140
726
-678
264
-188
457
-441
26
60
181
-356
-91
540
-755
333
226
-691
511
-542
694
-1044
791
-337
-258
760
-1272
1616
-1697
1478
-1045
279
623
-944
537
309
-348
-337
882
-479
-252
632
-527
638
-815
865
-533
66
141
122
-401
210
338
-436
181
-80
253
-112
56
-272
811
-1117
1185
-1008
660
-243
-433
903
-870
374
-466
826
-917
121
726
-1139
892
-348
-165
514
-955
987
-762
156
-79
152
-215
-25
321
-711
948
-684
-107
1011
-1513
1883
-1840
1542
-659
-53
548
-706
947
-1028
1011
-1092
1324
-1137
353
696
-745
432
-275
497
-719
762
-1016
1233
-1395
977
-623
248
-214
-330
776
-1146
1215
-1408
1728
-1792
1149
-342
-329
317
-604
825
-1272
1255
-1306
1239
-1353
783
23
-929
1255
-1305
1007
-906
806
-639
326
-223
6
560
-918
411
227
-380
70
435
-573
802
-458
17
767
-951
745
-393
641
-418
-167
954
-799
383
-237
837
-974
568
281
-476
818
-1237
1700
-1172
-320
1504
-1528
811
-299
415
-550
439
-59
-557
1381
-1862
1427
-257
-747
994
-835
566
-272
-175
578
-53
-907
958
-199
-696
983
-699
399
-292
239
668
-1407
1401
-186
-792
1104
-491
440
-426
695
-666
697
-600
426
-235
178
-164
662
-612
651
-315
88
251
-214
-173
634
-369
-173
707
-65
-764
1299
-360
-879
1469
-300
-446
781
-442
753
-838
538
275
-1198
1666
-1143
30
1266
-1331
830
22
-369
549
-623
385
150
-466
83
631
-824
137
562
-1291
854
39
-720
486
31
-340
479
-747
218
607
-1535
1882
-1649
546
739
-1341
641
510
-1385
1508
-893
86
982
-1431
914
430
-1431
1363
-697
-258
855
-689
-150
520
-345
-37
25
-400
1124
-1204
98
1495
-2280
1479
-403
-590
579
-343
-176
463
-481
-203
1146
-1514
575
300
-438
650
-956
1080
-423
-198
-138
417
-472
68
37
-110
167
-119
-268
142
326
-788
608
-300
256
-470
255
48
-333
519
-784
567
-199
349
-410
-54
888
-792
169
496
-480
234
2
321
-471
215
328
-171
-525
724
-97
-657
647
-98
-571
612
-418
-169
-45
558
-830
-179
1036
-944
-160
383
-131
-475
686
-698
156
660
-754
348
-154
122
41
-544
719
-234
-468
785
-335
30
8
84
-232
401
-204
451
101
-295
921
-1036
840
-40
-786
765
-295
392
-508
523
-299
201
-113
-335
834
-838
1020
-625
280
-68
226
-603
485
-219
-624
1050
-609
347
-89
-113
530
-702
395
489
-923
608
417
-644
-93
744
-1244
876
-141
-797
1165
-1145
669
-198
-454
754
-966
76
645
-677
-428
826
-605
167
-474
223
169
-581
456
-175
-23
282
-103
-861
1325
-907
-382
664
-335
-267
107
-56
406
-894
473
157
147
-138
-53
811
-705
348
178
-450
148
-6
10
-186
423
-800
569
139
-1048
878
-383
139
-105
275
-37
-399
953
-847
49
729
-578
273
203
89
-190
147
-463
878
-434
-666
1024
-58
-152
-457
1036
-805
-159
564
-373
377
-336
462
44
-404
-162
102
387
-1036
582
622
-1220
353
210
-500
101
-27
-90
261
263
-482
171
411
-94
-472
571
-354
-28
324
-655
444
438
-834
53
503
-95
-91
479
12
241
305
4
294
-434
309
-268
475
-454
-731
60
-317
-655
-293
-198
-491
285
-425
-102
356
-627
572
-142
100
229
158
280
295
226
-158
397
-91
446
333
347
356
-180
549
-377
-94
244
-671
-83
70
-22
-271
-254
-456
-397
-217
-611
-42
-371
-20
225
-98
-171
-105
-4
-270
184
318
153
460
516
199
124
263
114
184
436
222
369
391
64
0
-58
-281
-335
-64
-111
-106
-190
-72
-302
-442
-49
-684
-367
22
-228
98
-33
34
-112
-219
-63
-93
-6
269
201
285
518
186
57
206
240
202
305
432
468
331
282
11
339
37
151
228
307
414
129
418
282
252
89
109
55
415
302
288
325
131
156
-58
186
-74
162
123
343
266
-12
101
-302
-193
-300
-141
-36
-234
-326
-339
-535
-594
-463
-664
-594
-640
-460
-444
-550
-613
-654
-836
-846
-795
-800
-762
-773
-583
-747
-634
-684
-728
-664
-484
-405
-408
-130
-125
-127
5
-190
-229
26
78
112
387
550
475
712
432
542
499
455
818
903
1036
922
1047
879
617
743
959
825
1028
1182
1198
1344
859
784
1167
918
1027
1433
1640
1302
1389
1538
1274
1304
1343
1429
1459
1749
1582
1292
717
-173
79
81
-9
-147
-723
-1281
-1732
-1848
-2143
-2229
-2695
-2922
-2769
-2950
-3096
-3399
-3306
-3614
-3556
-3155
-2567
-2203
-2437
-2333
-2172
-1759
-1537
-737
-111
19
337
729
1109
965
951
1057
1484
1695
1818
1935
1601
1110
788
818
785
681
643
291
-148
-558
-773
-770
-926
-974
-934
-873
-685
-479
-556
-707
-851
-451
-264
325
695
551
904
1015
1354
1510
1896
2412
2410
2650
2917
2819
2862
3174
2848
3156
3438
3482
3831
3787
3694
3575
3332
3296
3374
3490
3322
2797
2303
396
-1627
-1873
-899
-214
-982
-1988
-2456
-3020
-4537
-5762
-5354
-5245
-5372
-5429
-4787
-4676
-5719
-6762
-6791
-5922
-5216
-3641
-1787
-913
-1128
-1512
-1338
-1104
-339
860
2613
3782
4442
4839
4313
3157
2410
2890
3365
3726
4417
4582
3766
1830
110
-506
-1113
-2041
-2243
-1383
-1055
-2356
-3920
-4890
-5651
-6687
-6523
-4263
-2695
-2817
-3463
-3428
-3605
-4333
-3825
-1852
-193
459
1170
2095
1894
857
770
1941
3024
4024
5199
5947
5199
3832
3170
3095
3155
3380
4155
4316
3734
2893
2199
1921
1427
1352
2179
3085
3396
3269
3204
2920
2498
2550
3092
3921
4237
4244
2261
-789
-2103
-304
2484
1779
-236
-1304
-1109
-2778
-5094
-4714
-3709
-3755
-5535
-5208
-4736
-6213
-8286
-8933
-7401
-6490
-4900
-3180
-2093
-3027
-4474
-4344
-3186
-1383
305
2235
3353
3640
3722
3496
2727
2495
4051
5491
6014
6142
6118
5160
2742
1094
1614
2602
2520
1550
1375
675
-2046
-4554
-4878
-3714
-3686
-3920
-3681
-3696
-5074
-6588
-6456
-5356
-4153
-3479
-2450
-1680
-2219
-3258
-3233
-2067
-818
678
1893
2485
2515
2186
2063
2439
3224
4075
4964
5481
5296
4585
3829
3382
2967
3388
4159
4407
3845
3016
2390
1865
1859
2405
3467
3767
3687
3400
3195
3235
2931
3680
4491
4728
2117
-1848
-2660
-32
3189
1791
-812
-2107
-2092
-3757
-5863
-4672
-3366
-3620
-6122
-5950
-5546
-7269
-9274
-9553
-7396
-6247
-4634
-3444
-2967
-4189
-5967
-5236
-3301
-521
1222
2443
2728
2430
2788
2650
2558
3401
5488
6794
6064
5643
5296
4279
2204
1601
3355
4393
3432
1296
477
-225
-2239
-4222
-3917
-2283
-3068
-4832
-5260
-4600
-5509
-7326
-7004
-4721
-3770
-4517
-3974
-2602
-3064
-4631
-3613
-983
-87
-278
684
2081
1805
1755
3074
4271
4296
4202
5081
5485
5156
4831
5116
5071
4325
4218
4578
4223
3122
2705
2950
2792
2810
3088
3516
3220
2665
2578
2946
3694
3793
4199
4740
4929
1614
-3260
-3620
737
5395
3582
-219
-2439
-2582
-4264
-5851
-3186
-809
-1404
-5443
-6215
-6172
-7943
-9494
-8725
-5693
-4996
-4444
-4451
-4699
-6138
-7347
-5535
-2759
196
952
576
-258
-643
784
2059
2669
3907
5591
5666
3553
3121
3997
4412
3256
3059
4947
5074
2752
-53
196
973
-303
-2298
-2316
-784
-1776
-4094
-4823
-3725
-3900
-5897
-5812
-3576
-2829
-4750
-5086
-2928
-2738
-4805
-4590
-1506
-431
-1655
-802
1101
1324
291
1087
2981
3105
2750
3564
4742
4340
3820
4424
4688
3783
3306
4237
4261
3552
3228
3370
3111
2473
2808
3473
3730
3145
2853
3125
3605
3876
3892
4899
5222
4862
1614
-2491
-2611
1726
6550
4590
-23
-3196
-2722
-3485
-4435
-2072
-10
-836
-6166
-7874
-7016
-7327
-8530
-8046
-5142
-5115
-6198
-6844
-6066
-6216
-7036
-5183
-2622
-466
-1156
-2061
-1756
-657
1518
2632
3255
3640
4277
4138
2921
3876
5516
6320
4722
3740
4931
4736
3236
1641
2627
3857
1622
-989
-1119
681
-663
-3969
-3839
-1817
-1727
-5365
-5710
-3955
-3993
-5548
-5044
-1885
-3468
-6342
-5777
-2297
-1666
-3319
-1603
53
-456
-1808
348
2730
2225
2064
2925
4335
3570
3608
4919
4881
4295
4082
5280
4940
3875
3889
4109
4145
3400
3719
4024
3592
3018
2585
3477
3592
3921
3708
4140
4335
3965
3284
-900
-3110
-1243
5188
6562
1297
-3692
-3881
-2263
-3689
-2657
563
1012
-4169
-9006
-7208
-5733
-6275
-6968
-4805
-4325
-7192
-8152
-6576
-4632
-5465
-5283
-3363
-2584
-2842
-3864
-2322
-887
785
2078
1629
1331
1383
3016
3014
3312
4854
5855
4637
2275
3251
5006
4828
3181
2934
4503
2634
-347
-450
1991
2352
-918
-1760
-1190
-1625
-4530
-4745
-1999
-1774
-3741
-5374
-3950
-4235
-5839
-5109
-2941
-2378
-4195
-3538
-2146
-2136
-2583
-1250
795
511
443
1471
2679
2522
2502
3923
4472
3883
3785
4825
5153
4246
4396
4874
4749
3936
3900
4550
4037
3340
2980
3483
3556
3110
3129
3250
3084
2495
2790
3721
1561
-2323
-3102
1555
5166
2473
-1870
-3360
-1824
-3024
-3246
-456
1256
-1375
-6638
-6290
-4711
-4623
-5278
-4227
-3430
-6221
-7215
-6003
-3863
-4235
-4893
-3778
-3925
-3798
-3633
-1916
-1037
-998
288
195
-429
-381
2110
3369
1933
1861
3024
3576
1635
1907
4622
5131
3176
1453
3287
3856
2110
1109
1691
2577
650
88
298
91
-1706
-2981
-1761
-1246
-1785
-3448
-3607
-3318
-3695
-3807
-3776
-2941
-3450
-3732
-3236
-2539
-2061
-2130
-1314
-810
-356
152
1085
1669
1425
2150
3203
3773
3465
3602
4122
3592
3267
3661
4483
4035
2920
2918
3051
2625
1957
2346
2695
1967
1114
905
1113
744
535
866
1200
1082
677
1131
748
-1012
-1693
698
3405
2277
-397
-1376
-482
-445
-462
685
1644
327
-2441
-2865
-1989
-1843
-2051
-1676
-1933
-3675
-4332
-3613
-2585
-2678
-2964
-2732
-3240
-3913
-3651
-2132
-1480
-1736
-1515
-1406
-2048
-2277
-664
997
607
-211
271
871
361
354
2058
3151
1926
616
1329
2179
1751
1383
2086
2255
901
-13
541
1218
820
58
-177
-413
-966
-1125
-475
-217
-936
-1972
-2082
-1735
-1566
-1204
-889
-1046
-2003
-1961
-1030
-11
190
102
290
-71
-469
220
1643
1871
1086
874
1092
809
731
1661
2429
2036
1014
999
1440
1281
1150
1392
1636
1161
534
733
1089
1069
1027
1272
1239
937
942
1137
1396
1311
1568
1628
1775
1532
633
77
616
2252
2490
1225
-303
-112
120
-153
-98
394
413
-1111
-1974
-1719
-1628
-1794
-2072
-1928
-2522
-3098
-3147
-2654
-2658
-2804
-2730
-2783
-2823
-2527
-2107
-1905
-1934
-1496
-1183
-1349
-1196
-467
324
-148
-386
-27
618
398
195
1020
1480
1018
332
743
1591
1508
1247
1322
1477
1032
602
876
1300
1202
509
171
236
310
353
322
330
56
-320
-358
-219
-53
-179
-400
-707
-689
-642
-483
-410
-608
-735
-885
-972
-991
-676
-280
-249
-468
-513
-308
-212
-18
456
788
763
312
363
741
1032
1229
1382
1485
1156
957
1144
1439
1494
1367
1348
1167
965
1009
1082
1007
731
854
781
697
406
460
537
501
439
222
110
40
291
399
288
17
-81
-328
-524
-562
-392
-346
-662
-866
-945
-1150
-1378
-1470
-1272
-1381
-1568
-1669
-1486
-1585
-1678
-1759
-1696
-1535
-1477
-1282
-1136
-1100
-1034
-933
-812
-589
-250
32
-20
-138
30
294
401
575
614
595
416
316
580
752
891
859
852
783
751
834
852
893
821
727
650
510
454
386
242
61
9
-87
-167
-253
-266
-258
-426
-540
-637
-689
-644
-634
-674
-605
-615
-590
-483
-258
-187
-199
-276
-135
205
367
513
438
531
520
461
668
940
1108
1055
855
793
883
956
946
811
828
785
593
442
452
390
213
99
-26
-46
-105
-292
-442
-447
-471
-383
-411
-480
-482
-617
-577
-601
-422
-343
-402
-554
-452
-297
-138
-2
-48
-1
35
149
296
467
461
468
380
430
600
635
650
549
491
375
340
295
196
54
-81
-145
-193
-165
-213
-257
-347
-403
-466
-452
-381
-309
-166
-245
-297
-413
-505
-465
-518
-498
-487
-570
-643
-689
-671
-576
-609
-770
-860
-729
-622
-490
-395
-337
-355
-420
-346
-246
35
45
111
119
163
218
163
203
246
429
466
502
522
524
515
446
447
514
645
596
459
459
444
495
444
324
439
364
307
211
259
370
235
99
31
122
170
262
274
357
201
39
-6
31
154
161
144
19
-81
-131
-115
-68
40
128
134
34
-24
0
105
232
322
480
479
309
223
290
534
605
536
394
235
104
86
282
553
582
259
79
55
55
142
196
424
334
61
-179
-333
-332
-378
-241
-139
-174
-518
-789
-937
-888
-746
-614
-585
-713
-922
-994
-979
-852
-602
-480
-449
-528
-416
-336
-281
-245
-194
-109
-45
-1
109
289
293
238
149
117
121
191
245
309
254
160
21
-65
-115
-232
-123
-62
-105
-266
-409
-568
-658
-692
-574
-315
-350
-408
-554
-609
-481
-352
-164
-42
-62
-139
-232
-219
-152
98
291
264
148
100
26
100
236
483
554
462
285
174
180
268
440
508
462
295
190
136
189
147
158
171
62
-83
-149
-157
-146
-176
-132
-31
-67
-99
-98
-4
118
200
223
300
246
279
454
568
633
501
445
349
376
506
618
676
504
382
273
262
368
456
574
485
343
178
60
-64
-76
-38
-33
-152
-359
-452
-486
-602
-611
-625
-585
-566
-707
-678
-664
-727
-718
-686
-632
-610
-622
-536
-475
-466
-521
-450
-371
-263
-233
-217
-118
-112
-24
75
210
262
289
276
236
266
377
548
529
495
475
395
326
286
395
473
414
242
138
83
128
100
150
291
315
227
99
21
86
154
179
132
58
-60
-273
-315
-317
-175
-219
-277
-321
-364
-348
-300
-271
-207
-249
-313
-345
-385
-291
-241
-187
-244
-232
-299
-331
-338
-209
-46
33
133
108
136
150
186
407
690
877
838
683
568
528
635
824
964
944
751
540
382
398
412
386
305
149
-23
-200
-217
-321
-434
-572
-641
-648
-658
-678
-759
-895
-1006
-989
-980
-872
-780
-648
-622
-674
-653
-555
-356
-110
29
219
288
223
363
511
824
955
930
888
813
919
1030
1188
1216
1109
918
866
915
1027
1084
946
750
575
550
613
672
547
447
202
-22
-151
-162
-131
-190
-372
-574
-766
-952
-975
-933
-885
-925
-1057
-1203
-1249
-1187
-1095
-960
-872
-836
-843
-812
-769
-686
-525
-406
-351
-220
-120
-28
44
87
285
469
579
723
779
989
1114
1107
1112
1120
1115
1068
1019
982
927
708
434
196
89
-13
-109
-202
-413
-598
-790
-1059
-1249
-1334
-1269
-1230
-1323
-1394
-1539
-1642
-1725
-1610
-1444
-1221
-1091
-1024
-975
-1002
-896
-706
-414
-83
71
166
241
268
375
550
804
1017
1078
937
859
868
1021
1188
1330
1336
1193
1117
1055
996
1028
1046
1045
992
870
771
679
539
439
361
321
260
122
-23
-229
-425
-543
-603
-534
-493
-594
-726
-931
-1013
-956
-922
-843
-778
-851
-958
-1015
-1003
-817
-745
-674
-528
-443
-333
-333
-235
-97
49
242
411
638
743
796
831
915
1056
1159
1220
1186
1127
1143
1087
960
818
672
588
432
259
247
161
-57
-346
-551
-557
-722
-886
-953
-978
-1061
-1240
-1266
-1210
-1179
-1217
-1132
-989
-888
-865
-803
-689
-549
-438
-285
-65
121
199
336
423
472
522
582
776
836
939
956
911
799
855
987
1019
974
850
782
683
639
644
770
733
554
359
299
260
248
293
325
326
118
-55
-118
-171
-213
-230
-153
-172
-293
-455
-536
-614
-637
-633
-574
-586
-704
-811
-897
-823
-820
-708
-637
-586
-612
-581
-578
-519
-405
-275
-69
-7
89
136
231
289
377
498
715
882
897
874
801
778
799
918
939
874
701
620
465
364
295
257
230
37
-111
-250
-256
-332
-405
-468
-517
-624
-715
-698
-685
-602
-620
-603
-603
-616
-622
-537
-456
-310
-184
-101
-30
14
45
84
185
286
373
441
460
470
461
499
565
692
789
765
719
574
580
626
698
753
731
634
486
369
296
304
370
386
285
138
-89
-169
-253
-289
-380
-400
-467
-578
-730
-829
-897
-914
-949
-939
-918
-1028
-1103
-1161
-1073
-1007
-911
-884
-895
-894
-861
-768
-612
-418
-316
-248
-196
-93
51
208
309
481
609
730
787
778
783
712
759
822
952
971
855
742
664
656
601
550
496
476
362
184
109
69
-39
-190
-292
-245
-186
-302
-396
-454
-510
-568
-547
-483
-407
-490
-601
-582
-529
-445
-404
-350
-276
-334
-402
-311
-122
7
54
28
84
142
235
375
539
706
674
577
552
587
750
833
880
848
804
746
621
568
611
701
665
519
355
284
180
112
89
64
32
-60
-158
-285
-452
-575
-586
-580
-557
-633
-697
-760
-838
-813
-783
-733
-731
-762
-714
-658
-535
-432
-411
-348
-309
-189
-104
32
176
297
424
525
578
552
593
570
641
691
885
968
936
795
642
694
755
827
834
836
713
534
357
294
372
341
194
28
-180
-284
-425
-538
-591
-630
-741
-824
-864
-786
-847
-979
-1037
-1020
-947
-882
-819
-750
-741
-761
-735
-657
-528
-462
-351
-227
-20
50
110
195
292
424
509
614
664
711
665
657
670
740
695
580
441
375
346
312
218
159
125
-20
-151
-255
-241
-235
-300
-344
-400
-529
-676
-764
-687
-566
-582
-711
-846
-920
-952
-906
-819
-640
-633
-700
-701
-690
-576
-529
-429
-315
-187
-119
-62
-19
-9
152
337
451
567
640
726
782
866
989
1137
1206
1202
1165
1213
1296
1263
1292
1225
1144
1031
798
723
634
525
404
230
73
-88
-279
-438
-498
-575
-720
-786
-841
-853
-932
-1040
-1083
-1084
-977
-900
-826
-760
-697
-655
-612
-523
-313
-25
112
180
285
397
557
640
771
914
985
967
929
912
877
812
759
779
764
630
448
224
118
101
90
43
-129
-312
-535
-621
-660
-638
-603
-648
-734
-853
-845
-771
-670
-586
-529
-555
-530
-532
-456
-324
-259
-214
-247
-247
-218
-168
-125
4
24
59
47
32
82
151
260
273
296
352
307
305
352
463
492
441
422
525
601
550
576
640
700
700
693
660
648
499
393
337
221
169
69
-100
-232
-442
-535
-591
-687
-751
-808
-800
-872
-1033
-1094
-1037
-951
-889
-787
-693
-661
-660
-642
-495
-331
-146
46
193
211
215
400
651
799
879
978
1039
1025
983
1026
1121
1078
953
850
810
740
607
491
393
293
252
226
94
-86
-246
-330
-391
-391
-322
-297
-414
-596
-679
-600
-485
-465
-462
-453
-517
-582
-559
-405
-290
-298
-357
-338
-237
-221
-183
-143
-44
-44
-67
-41
48
142
148
212
283
346
404
401
423
470
518
673
713
745
683
672
683
711
821
839
828
695
551
456
399
285
230
116
6
-174
-344
-465
-585
-661
-783
-877
-879
-923
-955
-1039
-1143
-1094
-1037
-871
-747
-673
-609
-603
-602
-564
-376
-141
91
185
162
155
146
278
489
656
801
745
668
611
584
633
649
614
509
418
365
318
200
89
43
61
-13
-120
-163
-121
-134
-211
-242
-175
-143
-189
-210
-180
-143
-154
-201
-228
-262
-261
-260
-291
-205
-230
-293
-413
-430
-318
-321
-360
-418
-410
-380
-426
-439
-395
-389
-413
-405
-200
-77
-81
-91
-114
-19
74
233
462
535
539
479
591
793
839
973
1037
1041
952
908
985
940
854
696
681
596
463
313
121
-24
-163
-237
-270
-353
-570
-680
-778
-845
-821
-739
-775
-895
-971
-918
-805
-777
-718
-602
-537
-575
-581
-415
-249
-202
-111
76
208
190
141
213
344
383
414
499
571
497
343
310
392
404
437
447
411
353
230
248
267
232
247
232
241
180
102
133
80
57
42
43
38
-29
-65
-127
-220
-299
-272
-206
-244
-319
-378
-476
-549
-614
-492
-373
-448
-563
-670
-572
-524
-472
-382
-333
-313
-305
-253
-133
-45
-21
39
135
273
422
523
580
565
618
689
791
866
808
790
694
612
585
588
614
459
265
107
43
71
102
55
-31
-226
-383
-426
-335
-166
-83
-147
-380
-507
-486
-397
-272
-206
-204
-249
-350
-321
-182
-101
-49
2
93
136
122
121
130
111
78
103
242
279
109
-31
-75
-50
1
56
75
71
-35
-132
-110
30
133
156
163
133
184
194
229
263
320
320
298
307
319
372
329
295
263
301
287
198
168
125
76
-50
-120
-73
-60
-208
-303
-382
-329
-321
-370
-341
-428
-446
-482
-418
-271
-252
-234
-202
-214
-172
-79
77
222
216
149
155
215
297
381
418
359
201
117
151
220
204
148
84
-13
-57
-155
-155
-149
-187
-161
-149
-91
-142
-240
-327
-331
-216
-153
-110
-151
-207
-226
-210
-195
-138
-70
-52
-77
-50
-12
39
-6
-45
-23
21
41
30
34
3
-120
-200
-170
-133
-103
-148
-210
-222
-308
-333
-239
-153
-81
-69
-76
-17
-23
28
104
177
247
308
364
352
320
246
263
350
467
477
484
373
209
123
124
234
300
288
179
-8
-163
-246
-177
-95
-107
-175
-305
-412
-477
-424
-344
-292
-244
-255
-225
-190
-62
63
44
-23
-49
57
212
310
307
234
87
1
70
275
385
365
249
107
43
50
140
205
211
149
68
32
2
-62
-84
-106
-153
-76
-43
-73
-157
-276
-272
-255
-201
-124
-60
-64
-159
-268
-251
-164
-172
-207
-188
-103
-99
-161
-144
-131
-132
-194
-196
-80
-60
-109
-217
-267
-197
-167
-109
-75
-76
-47
-99
-106
10
86
153
132
141
218
227
244
255
333
388
379
336
339
373
384
351
355
377
291
191
143
126
112
28
-31
-58
-140
-246
-301
-378
-392
-424
-407
-376
-369
-379
-412
-366
-345
-273
-240
-186
-165
-138
-100
-21
3
-8
-28
23
134
191
193
137
79
54
52
80
160
198
172
82
9
1
20
26
52
91
36
4
-100
-109
-109
-115
-28
5
14
-74
-144
-104
-63
-18
41
46
66
-13
-40
-1
68
95
61
49
39
6
-33
-32
-5
-3
-11
-40
-4
43
42
56
84
173
171
137
191
215
271
301
330
422
439
429
447
491
576
614
591
597
570
555
482
433
406
376
283
212
140
14
-64
-185
-216
-302
-404
-455
-520
-566
-585
-591
-543
-561
-578
-547
-504
-447
-438
-394
-318
-198
-122
-80
-20
-11
38
38
137
275
349
318
216
186
225
226
211
279
308
279
154
51
29
24
4
6
15
-78
-167
-249
-259
-243
-227
-266
-278
-335
-321
-291
-268
-216
-252
-243
-261
-187
-96
-46
-45
-60
-32
32
81
71
104
105
39
19
80
201
197
134
56
59
93
83
120
190
208
134
66
136
234
294
275
277
321
311
277
277
378
414
451
400
390
370
299
244
232
299
298
249
172
70
-51
-167
-235
-227
-187
-192
-289
-397
-475
-484
-443
-387
-293
-296
-333
-360
-314
-229
-110
-48
-34
-1
-22
-24
22
86
129
183
220
206
156
138
135
142
170
171
150
99
-18
-86
-110
-119
-127
-200
-259
-362
-438
-465
-431
-363
-350
-397
-514
-522
-488
-406
-287
-256
-255
-289
-282
-181
-23
88
189
207
219
255
247
337
379
412
414
412
463
466
395
342
366
409
405
347
355
362
285
215
215
261
269
205
154
179
173
96
51
19
37
79
110
109
31
-68
-148
-143
-106
-44
-71
-192
-337
-460
-477
-459
-409
-406
-462
-571
-602
-599
-549
-512
-456
-417
-420
-406
-386
-323
-333
-273
-202
-76
-43
-108
-137
-92
-15
31
66
100
100
21
35
111
198
186
115
111
168
210
219
246
258
223
162
120
195
206
218
249
252
231
91
35
53
115
197
195
175
79
22
49
129
206
224
182
75
9
-23
21
41
53
40
6
-53
-87
-38
-38
-21
-80
-63
-44
-57
-29
-5
76
1
-51
-52
36
116
87
86
120
106
56
47
116
191
215
199
185
166
84
78
82
137
124
73
-28
-152
-230
-255
-199
-179
-211
-296
-402
-518
-536
-469
-372
-345
-395
-466
-488
-481
-468
-386
-339
-302
-286
-307
-325
-267
-214
-137
-105
-111
-69
-52
-58
-77
-28
17
46
65
127
148
149
165
201
248
270
299
346
369
365
375
347
301
282
261
273
305
268
230
172
92
52
86
116
134
87
40
2
-48
-57
-37
26
39
-27
-64
-91
-97
-63
14
121
138
111
97
189
262
309
399
424
415
372
377
406
433
382
350
342
285
329
346
329
302
213
230
174
141
162
163
133
72
-16
-84
-187
-254
-195
-137
-116
-154
-280
-327
-321
-286
-176
-61
-36
-118
-258
-281
-181
-96
28
63
11
-88
-153
-127
-22
74
122
136
41
-24
9
93
108
31
44
37
-10
-48
-36
7
16
-55
-92
-24
22
59
67
1
-51
-153
-214
-165
-134
-98
-139
-270
-317
-291
-231
-162
-167
-199
-275
-354
-379
-351
-239
-180
-224
-263
-300
-298
-271
-165
-45
34
78
55
45
35
82
219
357
368
306
215
165
151
161
215
201
119
25
-65
-79
-78
-138
-254
-375
-391
-490
-464
-803
-966
-1000
-1218
-1031
-949
-571
-276
44
382
587
755
642
594
404
271
182
-21
20
-147
-61
-45
27
311
520
771
861
842
754
565
323
150
5
-187
-304
-490
-594
-582
-630
-709
-738
-658
-391
-95
194
431
512
508
441
404
385
377
257
107
-54
-77
-68
-57
140
320
484
583
644
668
618
452
323
151
-66
-245
-340
-427
-470
-447
-385
-348
-452
-362
-394
-209
-85
63
231
108
123
-15
116
171
233
400
345
337
208
306
380
505
568
572
520
376
224
144
178
77
-56
-294
-387
-834
-942
-1202
-1319
-1222
-1319
-1094
-1036
-705
-345
-86
136
200
214
-14
-417
-649
-1014
-915
-1145
-882
-581
-268
211
673
1304
1751
2034
1817
1369
753
-79
-222
-544
-446
-174
63
644
495
1044
1227
941
1033
709
328
-256
-521
-825
-932
-1013
-937
-413
-336
89
371
376
464
-94
-89
-232
-628
-394
-553
-638
-1033
-767
-625
-468
-102
375
762
733
1042
893
769
612
280
388
-160
140
-135
-22
71
397
528
670
955
589
654
449
356
-115
78
-621
-96
-123
-371
369
191
402
222
81
49
205
-408
-56
-378
-399
-181
-515
350
17
211
556
163
242
168
123
164
166
-106
327
128
60
597
94
519
339
204
50
17
-147
422
-149
-230
58
-134
298
-376
152
319
-637
167
70
-634
180
-141
128
-155
-684
205
-123
-120
-77
-620
-49
-144
-412
-304
116
-861
584
-535
-267
659
-1378
96
-299
-917
566
-190
-125
804
-469
266
140
-137
-191
-20
-237
551
-242
246
494
-902
983
-694
-232
552
-1295
487
-731
-583
-245
-646
-495
-374
47
-750
-25
-251
-278
68
-455
42
-593
-224
-307
-88
453
-252
1045
55
-136
-27
-110
273
-212
-401
516
813
254
391
-132
-353
74
-634
610
61
-702
1284
-654
315
341
-808
811
-1380
471
377
-841
440
892
-104
-102
772
-557
699
-858
145
336
75
182
-171
352
167
-486
314
1091
-1028
1492
338
-487
206
-352
-274
-539
339
447
475
-106
531
-349
-518
-158
-714
-76
-512
109
463
-300
188
-195
-75
458
-647
456
247
-228
599
-513
355
-348
400
571
-391
261
297
164
145
146
-473
-170
198
-893
495
-638
-312
164
-208
-233
-765
-648
132
-724
-904
492
-691
335
-545
-316
245
-406
264
-140
148
71
-156
-84
695
-255
-788
565
-446
287
455
451
409
-80
84
-562
197
147
-122
185
726
-396
-161
561
-355
182
-260
517
230
-497
3
417
-596
1021
-615
446
513
-1019
1035
-102
98
-233
-19
633
403
-326
572
-104
-130
339
-466
195
-901
-41
-100
296
-625
-797
128
-695
860
-445
-423
382
-1058
629
-641
-247
-379
233
-237
1066
642
-588
812
515
143
-163
225
-216
665
-30
817
612
-201
9
352
-267
519
-85
-319
404
-1092
537
-16
-1219
620
-297
537
-340
-261
348
-268
-612
-281
220
-309
373
24
884
-46
232
336
430
-305
448
378
116
1654
-704
587
327
397
80
332
535
733
990
-343
481
141
-193
187
319
55
781
-708
569
858
-1262
934
-112
1049
-403
-827
1498
-486
5
325
-108
-159
592
-1169
-300
874
-1727
335
-424
132
446
-712
-669
-1021
-40
-984
-629
-980
-161
-584
-462
1159
-945
-156
-1017
-567
1235
-1961
1041
191
-186
660
-266
703
-648
537
567
-117
194
180
1186
-1319
1555
-1019
173
532
-951
829
-1305
1717
-1437
314
-269
-1080
-674
-674
-342
253
-1039
56
-315
-243
-781
88
-560
-952
1138
-1479
427
1121
-1488
1084
-563
1022
-754
500
1380
-1832
2089
470
-1274
1029
728
-70
795
925
-71
711
444
-455
-121
272
480
-96
491
437
587
-1232
798
623
-1002
1329
-734
577
-169
-465
578
-1114
623
-111
99
414
196
376
-1582
1519
-823
-747
766
-1951
1621
-1218
211
-354
-1018
2118
-3176
1980
-1427
-621
-59
-809
1059
-2394
2863
-2567
1691
-730
-585
2416
-2983
2769
-1875
840
605
-857
1723
-1460
2323
-1795
1727
-852
572
131
-1069
1705
-2316
2133
-1616
-200
836
-1629
811
-326
-986
-318
-654
-354
-9
-298
-447
26
-492
-468
583
-1540
1075
-159
90
223
-509
1676
-1672
1585
-556
440
580
-239
1415
-756
1564
13
-13
1624
-1406
1377
3
-331
325
422
70
-632
1424
-1365
1013
-878
62
548
-1102
741
-732
-21
138
-1047
92
43
-600
524
20
-404
472
-499
-540
1405
-1957
1268
-495
-199
770
-650
118
-4
-191
-3
141
-344
60
110
-177
-445
639
-1139
1241
-1126
1010
25
-1291
2001
-2092
1376
-198
-1347
1409
-852
663
-201
385
-534
202
40
-333
471
-1061
1425
-1604
496
-650
-9
166
-815
828
-1241
714
-277
-373
201
-978
698
-1021
663
149
-603
692
522
-987
930
388
-169
393
495
267
-370
1017
-600
881
620
-163
1969
-1349
1838
78
-460
1821
-1207
1742
-865
1508
-140
317
1271
-1128
1313
-791
1127
-832
646
880
-1662
2187
-1803
477
881
-1398
1145
-398
72
669
-111
-122
-72
475
-1525
1688
-767
290
47
-726
1614
-1826
1134
-319
-314
577
-359
67
-800
925
-1614
965
-15
-647
618
-447
361
-828
-433
512
-435
-1090
730
-852
-311
-463
78
-14
-1574
1616
-1927
420
-246
-1031
-2
-504
-186
-1373
1256
-1820
553
-297
-377
-36
-730
596
-463
-1073
1595
-994
-130
1002
-1125
1644
-1294
1249
-418
525
221
-2
786
-639
2295
-1933
2393
-299
-636
2327
-2449
2676
-1176
44
1338
-1051
561
77
758
-1078
1198
-12
-1039
1303
-1608
709
-763
-183
214
-829
351
-236
-529
578
-335
-465
162
66
-484
344
454
-1448
1923
-659
285
460
-270
1116
-1212
1346
-983
1269
-451
-298
2509
-2853
2907
-1507
302
579
-1029
1347
-1894
2212
-2008
1159
-522
-589
831
-1973
2098
-2765
1225
-150
-2166
1841
-2355
707
-829
149
-907
-90
824
-2445
1987
-1599
-666
864
-2331
2174
-1698
-54
1058
-1740
1307
-1093
728
-676
246
383
-1122
1347
-1344
1411
-646
9
1246
-1238
1887
-1033
952
-188
-88
397
168
1578
-1541
1973
-337
-25
1167
-1359
2270
-1622
1922
-480
386
717
-575
1353
-1181
1688
-1464
751
458
-710
705
-752
408
-798
217
-644
-177
462
-1251
554
-393
-1043
433
-308
-766
233
-492
72
-138
96
-457
663
-142
-556
1333
-771
862
-110
997
621
-575
988
279
485
-74
845
1029
-622
842
84
829
-339
153
326
-235
-86
-479
560
-991
277
-399
-289
169
-1163
-103
98
-709
-320
-374
-217
-716
-245
-234
-497
-274
423
-846
-8
11
-682
179
748
-1014
547
301
-462
915
-486
460
337
151
-189
702
-401
-138
946
-337
44
1269
-655
179
1009
-1368
1128
-61
200
382
-106
-200
170
161
66
83
79
84
-88
-111
394
-454
151
-165
-216
-54
-124
-196
-154
151
-655
-498
348
-710
184
-364
356
-223
-679
1022
-1673
1337
-656
-365
978
-621
313
325
285
-208
476
-168
343
658
551
-663
660
859
-705
515
241
28
-470
756
-391
-665
720
-1758
647
-832
-639
203
-726
-56
-1567
1021
-1628
-872
626
-1367
-46
-1024
-29
-700
327
-649
-849
1228
-1142
-326
1248
-455
424
-144
1226
-942
781
1064
-705
1544
121
485
736
754
230
661
864
-312
1019
874
-576
1208
-446
1200
-185
117
1014
-460
761
-768
1274
-829
126
725
-591
503
-1159
1232
-1100
358
256
-1402
1611
-1997
1032
221
-1234
1439
-1442
1069
-1235
605
-512
122
411
-1549
1148
-849
56
263
-631
698
-1394
1680
-1281
297
626
-1066
1068
-627
531
-134
151
798
-497
731
-580
1043
-366
266
429
-726
1368
-1597
1183
-211
-981
525
-269
-700
-367
290
-1459
683
-1074
-524
-372
-565
-510
-994
123
-1044
-565
457
-1622
301
-95
-1209
595
-43
-124
-365
442
-322
286
430
-468
937
235
198
713
531
354
-110
1806
-863
1072
985
-336
617
779
25
513
-104
977
-239
322
174
106
-282
-128
643
-617
685
-448
256
-398
83
-258
-2
3
-564
152
-191
-58
-531
-156
76
-940
63
-587
412
-1061
-58
321
-1351
813
-795
-108
-98
-440
22
-146
-541
542
-361
-261
1070
-744
471
604
-257
1263
-293
1052
319
344
553
841
-8
710
657
-302
1525
-562
446
479
-183
-164
360
-407
79
-411
-409
-168
-1129
119
-1042
-426
-650
-674
-342
-1354
249
-1618
513
-1870
195
-326
-1186
298
-1032
283
-1355
1231
-1132
624
240
-416
1110
-1060
1855
-1061
1193
665
-127
1300
-309
1582
-699
1906
-205
797
1179
-506
1703
-564
1341
97
602
419
563
374
26
742
-410
552
18
-347
216
-323
-33
-216
-243
43
-743
-472
25
-858
-484
-137
-694
-546
-519
-430
-888
-14
-967
127
-757
-425
0
-960
305
-577
-13
37
-284
359
-270
467
-252
291
104
335
432
-362
1429
-618
801
301
-17
614
47
-163
751
-495
202
66
-375
117
-253
-309
10
-297
-122
-286
-229
-193
-526
-5
-324
-93
-823
743
-997
518
-574
138
48
-990
748
-975
516
-248
-134
613
-595
708
-828
1015
-276
34
486
28
838
-985
2146
-1242
1144
367
-81
1498
-633
1174
20
1005
-153
988
577
148
1055
-465
1652
-511
459
941
-572
886
-139
-179
475
-350
18
70
-174
-499
-299
-4
-1037
344
-1284
190
-625
-1175
789
-1643
127
-740
-376
-537
-708
338
-1339
586
-687
132
-404
123
644
-1177
1507
-885
618
182
5
572
-119
896
-144
511
338
105
349
363
111
233
397
65
344
-224
652
-18
-189
90
866
-1048
449
458
-917
706
-832
402
281
-888
712
-78
-714
629
-494
-432
471
-849
-143
694
-1421
896
-683
-426
727
-1814
1165
-665
-803
348
-262
-310
-519
823
-1241
251
7
-765
756
-1299
1652
-1642
1164
-25
-344
646
-458
1131
-778
1503
-904
1172
-142
536
422
-284
1142
-481
806
-126
820
-301
-69
727
-624
472
-53
-348
307
-360
18
-240
-130
-307
25
-624
237
-603
-321
266
-690
-636
1087
-1403
542
77
-716
604
-867
489
102
48
27
454
-237
-39
249
-382
953
-485
676
469
-697
1072
-88
276
508
328
-172
903
-424
651
212
-179
474
40
332
0
138
-122
619
-556
284
348
-738
1046
-1149
626
-362
-14
-378
126
-166
-823
783
-1307
221
-506
-326
-333
-187
-221
-697
108
-820
-146
-368
-550
143
-737
103
-107
-406
-62
71
-246
60
347
-666
989
3
-359
1041
-364
449
-149
418
179
-140
828
-306
798
-792
923
-407
-93
548
-754
1032
-1800
1385
-904
-460
355
-897
270
-1169
586
-1026
169
156
-1597
1513
-1544
34
-151
-408
374
-1094
1052
-942
234
15
-891
1403
-1660
1920
-1396
551
1300
-1987
2523
-1686
1585
-320
-46
1597
-1483
2651
-2110
2170
-393
-225
1896
-1696
2572
-1829
1354
218
-1304
2531
-2416
1930
-601
-203
920
-1257
1660
-2025
2025
-1285
-300
1258
-2065
1670
-1566
772
-689
-372
1221
-2627
2274
-1461
-374
865
-1179
672
-389
13
-115
117
110
-397
527
-249
17
596
-514
643
-21
522
-369
1003
-349
394
549
-348
267
698
-106
-132
1019
-738
181
568
-860
731
-715
442
-613
-157
466
-949
638
-929
942
-1085
111
421
-613
470
-1056
1094
-943
-58
744
-848
951
-748
775
-649
476
-59
-451
1364
-1622
943
20
-340
298
-606
987
-821
248
-116
32
234
-964
1299
-1080
554
-184
-28
378
-984
1000
-689
258
278
-460
607
-471
731
-1133
1167
-497
166
430
-637
758
-337
88
128
-18
-409
429
-83
-308
553
-378
-90
148
-484
-113
122
-54
-137
-270
264
-467
-178
186
-505
562
-840
648
-959
691
-280
-596
1357
-1144
796
-498
204
524
-744
812
-200
99
-240
155
311
-142
-311
645
-375
-371
564
-350
-251
632
-591
289
165
-851
1368
-1230
1121
-557
45
511
-504
513
110
-71
-58
1130
-1463
1226
313
-1293
2121
-1708
700
378
-1073
1293
-775
-21
70
-232
-367
293
-151
-429
930
-1555
740
-282
-1006
1343
-1226
682
-100
-796
1139
-861
473
183
85
-230
696
-411
335
553
-494
1239
-573
-230
1721
-1678
1186
489
-1279
1394
-713
-1
110
-89
-22
-346
459
-698
415
-1168
1007
-1051
-231
479
-1037
293
-190
-701
75
-417
-291
-93
-235
4
-199
-249
251
-600
285
-382
101
464
-725
503
27
-549
493
-472
388
-38
69
242
183
-520
1014
-844
302
465
-592
1106
-949
1379
-409
5
1189
-1373
1670
-617
-135
805
-500
501
-426
725
-474
245
-121
106
-212
-177
42
-241
-336
328
-571
-411
198
-811
240
-624
-357
398
-1122
442
-425
-252
243
-1041
420
293
-1159
805
582
-1514
1768
-1009
205
1059
-1588
2265
-1643
1338
173
-704
1415
-605
151
989
-544
419
702
-351
417
185
218
246
-103
428
14
-189
408
-298
106
11
341
-584
449
-586
171
-229
129
-135
-115
-25
-294
-320
-8
86
-524
385
36
-1012
878
-543
-808
1444
-1523
912
291
-941
1456
-1216
816
581
-721
1167
139
-46
1288
-695
608
790
-355
1060
99
229
978
-615
1012
277
-556
1050
-439
269
87
-26
242
-114
-271
49
-358
-236
-218
-492
-50
-372
-949
-83
-161
-914
-471
36
-891
-362
5
-1323
707
-1437
187
-431
-294
277
-1130
393
-165
-514
637
-653
467
100
-79
-12
998
-562
592
663
-370
828
-39
206
1144
-501
582
1044
-578
560
705
-229
515
-41
399
231
-218
-50
-85
-144
-210
-83
-646
710
-1466
390
-431
-564
-325
-592
171
-1100
127
-845
139
-955
783
-841
-314
444
-642
238
-421
881
-230
191
640
-56
580
501
263
550
727
52
819
764
353
575
315
1069
223
211
1126
-33
141
979
-267
665
287
-750
1129
-126
-654
377
304
-1030
627
-762
100
-54
-1749
1577
-1983
-442
570
-1989
351
-290
-1456
478
-572
-1786
967
-1311
-752
1083
-2357
1275
-883
-1130
1552
-1294
0
442
-578
76
958
-1307
1350
97
-344
1391
-326
601
1005
-644
765
1367
-1136
1590
588
-848
1582
-732
462
356
-321
-48
514
-279
-759
956
-1788
532
-199
-1320
982
-2374
994
-456
-2094
1491
-1166
-927
117
-56
-1578
1662
-1514
-37
1222
-2084
1842
-767
-71
917
-174
-279
1112
-98
168
1561
-684
1522
86
-130
1099
7
230
844
245
250
775
-645
761
-300
128
235
-228
287
-646
562
-663
176
-576
178
-333
-618
-308
1
-455
-1203
580
-864
-657
-270
78
-1066
341
-908
-202
231
-783
506
-845
601
-414
-480
855
-423
-1
491
198
-70
521
123
571
148
-141
1014
136
-227
1222
169
-711
1672
-629
38
910
-424
260
261
39
-425
142
-450
618
-984
-91
189
-1336
530
-315
-933
-201
346
-1053
167
-344
-994
892
-989
-43
446
-1113
826
-276
86
40
-61
410
387
306
-481
1471
-744
366
1194
-1040
1804
-660
726
954
-897
1254
413
-68
213
722
-596
919
-251
-8
925
-821
497
291
-1051
1187
-728
70
465
-795
53
376
-775
-123
334
-724
125
-192
-580
-300
386
-573
-462
-46
-79
-574
-121
203
-602
-284
416
-607
-107
182
-735
478
-202
-223
290
-392
415
374
-401
124
666
-488
626
72
-369
936
-207
292
558
-295
207
279
-386
-140
615
-330
117
308
-491
313
-501
-289
-162
-62
-24
-470
342
-439
-569
497
-667
-331
573
-414
-568
965
-542
-385
577
-459
481
-129
37
113
772
-208
-257
1089
-482
606
152
491
112
-96
602
-536
786
43
-365
1021
-423
12
378
184
-240
194
464
-678
914
-234
-86
569
-357
354
-177
32
179
-195
217
14
176
-289
149
346
-900
503
279
-478
388
-330
239
-465
154
-18
-745
398
-434
155
-276
386
-439
121
307
-879
926
-655
146
228
-356
556
-613
300
-78
419
-614
893
-116
-523
504
-418
166
-37
-88
253
-476
-63
429
-787
-144
-185
154
-612
158
-434
280
77
-1009
705
-742
-165
245
11
59
-38
-129
-81
691
-756
372
661
-582
403
380
234
-573
698
121
-476
154
799
-685
84
775
-705
196
-47
-317
-33
303
-458
294
40
-97
-401
417
12
-681
476
-120
-669
474
23
-428
375
139
-644
298
393
-528
295
0
387
-221
435
-51
52
428
-709
826
322
-320
-134
473
252
-593
511
55
-96
-81
268
283
-282
108
-140
112
-69
-616
499
205
-489
10
88
-60
-615
-197
-161
-288
30
-469
302
-430
-686
301
-511
-224
-104
248
-616
39
338
-596
233
-498
913
-133
53
330
-21
492
-175
650
-398
847
227
28
898
-235
841
-168
779
32
-4
130
234
887
-793
720
-315
219
260
-1090
345
-502
-202
-645
419
-636
-940
-82
-229
-392
-408
-496
249
-923
-571
175
-434
-718
-105
153
-1076
954
-299
-784
512
-200
10
-156
633
-432
-237
1262
-364
698
654
-24
-111
599
-117
85
481
21
774
-96
10
731
-91
-114
236
-486
344
-150
486
-683
-73
281
-833
563
-190
-417
-155
215
-730
-166
392
-1024
-105
-176
-89
-17
-683
552
-511
179
-278
-132
382
-661
219
-87
694
34
19
366
79
525
-195
285
258
155
874
-435
928
463
435
518
-347
723
194
534
86
213
439
-32
474
-316
425
-194
-146
269
-78
-61
-166
-85
-852
190
-31
-706
337
-228
-384
-273
-9
-587
-330
-167
-392
105
-249
154
-187
-293
356
-165
-450
276
-164
146
-58
-58
178
265
188
-146
-138
201
237
-283
281
185
28
54
74
-154
442
-229
60
319
-241
222
-211
-30
32
-89
-245
416
-311
-452
520
-464
-246
82
-309
-337
-327
118
-536
9
-391
-292
-314
-116
-422
-369
636
-1118
-136
416
-378
-380
233
-145
-575
827
-168
154
332
-81
426
-119
301
-300
636
1051
-346
674
519
-74
229
600
-1
240
826
-275
502
409
-316
102
50
8
-113
228
252
-244
-156
91
-205
-78
-277
-20
175
-264
-116
0
-283
-254
34
123
-144
-224
223
129
-339
63
453
-88
-171
386
39
485
-268
321
430
-109
222
256
651
-527
316
570
-204
202
132
409
-141
458
-227
189
644
-738
526
82
9
99
35
32
-244
383
-692
-84
-412
-539
348
-425
-8
-558
-56
-409
-75
-275
-375
243
-586
-86
-341
-300
-484
-96
77
-591
-44
-470
-190
-188
-182
-218
-86
-100
-70
200
-340
277
-218
-341
136
-424
-196
-6
-93
-2
-21
92
210
-136
-125
157
-131
34
20
150
189
-143
218
57
-19
165
131
-53
126
26
-6
332
-149
384
216
-162
459
153
41
26
260
149
51
-14
247
59
58
415
-15
123
169
90
186
-83
49
244
-154
231
130
102
211
-117
-28
-61
-87
43
398
82
150
174
-197
73
-167
-99
127
-9
234
3
-118
-72
-102
-309
-94
-7
120
15
-122
116
-151
-168
-101
-96
-118
-85
-37
-39
-75
-120
-78
-149
-57
15
-40
149
194
-88
-58
-43
-196
-170
30
147
-129
356
331
161
256
-20
98
-112
53
-72
167
98
137
175
-164
223
-60
123
-46
-121
188
-115
109
-28
198
119
50
18
134
3
-255
-21
-217
8
-60
150
172
61
348
9
231
1
-5
-5
-272
32
-146
233
-99
212
232
117
-23
-133
24
-520
-151
-198
-1
-114
168
199
-203
-89
-163
-97
-168
-190
-70
19
-117
1
239
-90
-63
85
211
119
-27
293
-60
-91
-20
18
28
136
284
318
135
84
212
-5
-224
-56
-129
-125
0
109
21
-145
-249
-347
-191
-403
-350
-119
-216
-194
-122
-136
-392
-299
-83
-321
-282
-102
-134
-151
-211
-165
-81
-230
-197
179
70
10
47
3
-223
-173
54
-11
78
193
248
32
10
159
-76
129
67
152
323
13
318
147
112
83
128
168
43
95
44
161
-78
93
146
26
140
161
234
47
-15
73
-101
-195
-61
8
25
49
-10
40
-115
-155
11
11
-65
-29
67
-34
36
3
146
119
52
282
132
118
277
270
160
202
249
130
98
208
199
163
197
178
191
68
-7
-14
62
-74
-204
-176
-187
-285
-273
-246
-221
-214
-172
-170
-112
-195
-274
-207
-343
-335
-287
-261
-213
-225
-141
-150
-211
-125
-77
66
-29
-75
47
-30
-172
-23
56
-125
40
192
47
56
110
16
77
-16
-121
-248
-141
225
-100
16
232
119
-71
1
-8
-295
-114
-134
-114
-18
66
-131
-242
69
-60
-194
-81
-9
-150
-227
-224
-169
-117
-82
-63
-62
131
187
4
58
128
75
6
124
298
212
294
439
380
356
316
469
369
245
373
396
415
438
531
500
422
357
193
189
111
34
-69
-27
2
-95
-65
-123
-131
-205
-233
-310
-243
-377
-414
-430
-442
-304
-297
-313
-231
-248
-302
-262
-266
-227
-230
-208
-91
42
195
181
246
236
215
224
219
269
290
445
417
428
476
403
