15
8
15
20
20
15
15
13
15
19
20
27
34
43
44
39
41
41
42
36
30
26
30
28
22
21
12
9
10
15
22
30
30
28
32
30
24
24
26
29
33
40
44
53
59
62
63
63
69
74
79
81
78
75
75
71
69
69
64
62
62
60
58
57
53
52
55
57
61
63
67
68
66
66
57
47
37
24
15
10
6
3
2
-1
4
4
11
13
11
15
20
19
22
18
10
4
-7
-19
-31
-41
-49
-52
-57
-60
-56
-54
-50
-49
-49
-50
-47
-42
-44
-47
-55
-65
-77
-86
-92
-96
-99
-97
-96
-91
-83
-82
-80
-78
-81
-83
-83
-78
-76
-79
-78
-75
-69
-66
-63
-64
-59
-54
-59
-62
-68
-69
-72
-73
-68
-55
-50
-51
-47
-42
-36
-38
-31
-28
-26
-23
-28
-25
-16
-15
-15
-12
-3
2
4
10
19
20
19
20
25
34
34
31
35
44
42
39
33
24
16
10
11
9
10
8
6
9
16
23
36
51
57
57
57
53
52
49
44
42
41
44
43
39
33
30
28
28
28
35
38
33
30
35
38
35
32
33
34
30
23
25
28
26
15
1
-6
-4
-6
-5
-4
2
5
1
4
5
8
9
17
33
38
33
27
24
23
23
20
24
23
16
9
7
4
3
-1
-7
-12
-13
-13
-17
-20
-28
-36
-46
-52
-59
-69
-77
-80
-76
-73
-74
-73
-74
-75
-71
-66
-58
-57
-57
-63
-73
-76
-78
-79
-78
-84
-89
-97
-105
-102
-98
-98
-90
-84
-77
-70
-66
-56
-46
-39
-33
-26
-20
-19
-22
-23
-25
-19
-14
-15
-14
-17
-12
-3
10
23
32
36
40
43
43
43
47
42
39
36
38
41
44
50
48
44
43
47
48
47
42
42
39
40
40
33
25
22
23
27
32
33
30
32
41
45
52
60
65
70
72
61
60
62
55
47
36
26
20
22
23
27
30
40
53
60
64
65
64
62
68
72
71
69
64
71
76
77
85
92
87
84
81
81
88
95
94
87
87
89
88
87
90
87
89
99
96
93
85
76
76
80
73
73
73
73
67
59
48
35
25
5
-12
-24
-33
-42
-43
-50
-54
-64
-69
-69
-74
-77
-82
-79
-74
-75
-86
-90
-93
-100
-103
-107
-107
-104
-104
-110
-112
-107
-106
-105
-100
-101
-100
-91
-82
-77
-77
-82
-91
-91
-84
-82
-75
-63
-53
-48
-39
-39
-40
-35
-36
-42
-41
-46
-59
-66
-70
-75
-73
-62
-52
-38
-24
-15
-6
7
12
10
12
15
22
22
25
25
18
15
7
-3
-6
-13
-18
-15
-11
-6
-3
6
13
24
38
47
58
68
69
68
61
53
47
50
46
43
47
49
53
59
64
73
77
80
80
85
87
82
78
73
69
63
54
46
39
26
11
2
-12
-23
-32
-44
-44
-42
-42
-43
-51
-57
-62
-66
-70
-80
-87
-88
-97
-103
-112
-119
-121
-131
-138
-139
-137
-125
-118
-113
-105
-104
-101
-97
-92
-88
-83
-79
-76
-77
-79
-80
-80
-70
-69
-64
-52
-39
-19
8
27
43
68
88
106
119
126
140
159
177
183
185
189
191
194
195
194
200
206
214
225
234
239
245
258
273
290
302
316
323
325
328
320
317
316
307
298
285
281
283
279
273
252
230
214
197
174
149
117
85
53
20
-18
-55
-91
-127
-160
-201
-251
-297
-342
-389
-433
-472
-507
-534
-565
-596
-625
-640
-649
-659
-666
-673
-677
-679
-678
-673
-672
-671
-660
-642
-616
-588
-556
-528
-495
-461
-432
-395
-359
-312
-261
-214
-168
-124
-79
-39
-2
36
77
126
177
227
274
313
352
394
439
479
522
566
603
643
668
692
712
726
739
747
754
763
767
770
762
740
721
702
692
683
665
654
644
634
623
603
576
550
520
488
457
419
376
331
276
214
145
87
27
-26
-81
-149
-208
-255
-305
-353
-412
-479
-537
-583
-622
-664
-703
-741
-776
-810
-838
-861
-882
-890
-894
-901
-889
-870
-845
-826
-807
-785
-758
-719
-677
-638
-600
-559
-511
-455
-400
-353
-303
-249
-190
-129
-66
-5
51
102
151
192
234
275
312
351
372
396
422
447
466
469
471
477
489
493
496
493
480
471
460
449
431
412
387
357
329
302
272
248
218
177
137
103
72
48
25
-1
-28
-48
-57
-66
-79
-95
-115
-127
-132
-136
-137
-145
-153
-157
-158
-158
-162
-155
-141
-130
-111
-86
-59
-37
-22
-12
1
26
44
68
95
116
139
167
189
210
227
245
267
294
324
347
368
376
381
382
378
371
362
353
341
333
326
314
305
289
264
244
236
229
220
217
205
185
168
141
110
75
42
7
-29
-61
-101
-137
-169
-209
-248
-284
-320
-351
-380
-404
-433
-458
-482
-509
-535
-554
-569
-578
-578
-581
-582
-581
-579
-576
-568
-553
-538
-516
-495
-481
-461
-438
-418
-397
-376
-354
-333
-300
-271
-234
-192
-166
-132
-97
-57
-19
22
65
109
155
196
229
255
279
294
315
335
357
381
411
437
453
471
486
500
517
530
538
548
554
554
558
564
563
557
546
530
516
506
492
472
457
435
409
392
376
357
342
323
299
281
270
252
224
195
161
126
88
54
14
-22
-54
-86
-106
-128
-157
-199
-247
-296
-351
-397
-442
-488
-533
-573
-603
-623
-638
-655
-670
-681
-689
-687
-675
-665
-655
-651
-636
-609
-580
-553
-530
-500
-473
-445
-411
-379
-352
-327
-305
-280
-249
-209
-175
-149
-127
-108
-77
-42
-9
7
15
14
21
42
69
85
100
103
113
125
130
141
133
118
100
82
79
78
74
62
47
41
54
75
93
98
92
91
112
148
181
201
221
239
273
314
347
376
392
403
418
444
478
509
524
536
552
577
620
663
684
694
700
713
737
750
748
730
702
688
680
671
653
609
553
503
458
417
374
312
241
168
99
41
-17
-86
-166
-246
-309
-360
-409
-458
-530
-604
-668
-706
-725
-752
-784
-813
-839
-857
-861
-867
-875
-890
-905
-893
-862
-818
-779
-761
-745
-718
-677
-616
-562
-519
-474
-426
-370
-305
-244
-191
-150
-114
-66
-4
53
101
133
154
177
204
240
274
300
319
333
358
386
418
437
442
443
442
453
463
463
450
437
425
427
421
405
384
352
319
289
257
221
179
126
78
40
11
-21
-57
-91
-122
-143
-152
-157
-164
-174
-182
-191
-193
-183
-178
-176
-175
-171
-163
-146
-137
-134
-130
-120
-101
-72
-35
4
38
73
108
143
181
220
255
293
331
362
395
431
458
483
504
526
551
568
591
607
616
619
618
615
601
583
561
551
534
509
477
440
399
345
290
231
165
95
29
-39
-101
-169
-238
-308
-381
-450
-521
-577
-632
-685
-733
-786
-826
-861
-887
-914
-941
-958
-972
-968
-960
-948
-931
-917
-896
-873
-841
-806
-778
-740
-695
-648
-599
-555
-512
-475
-440
-402
-367
-323
-281
-234
-184
-134
-75
-28
14
51
90
122
158
196
221
244
254
263
274
282
285
294
305
317
323
333
341
338
332
323
318
318
326
327
331
343
356
367
381
395
404
417
436
463
492
516
540
563
585
610
630
649
663
684
706
723
734
732
731
725
725
726
729
729
722
716
708
693
678
654
620
581
537
499
458
406
347
279
212
141
71
-8
-85
-155
-229
-296
-361
-424
-490
-558
-623
-680
-730
-781
-828
-869
-918
-956
-989
-1022
-1052
-1076
-1093
-1101
-1102
-1098
-1089
-1076
-1063
-1047
-1022
-991
-955
-922
-882
-845
-806
-758
-719
-677
-634
-592
-550
-509
-468
-429
-389
-349
-304
-260
-210
-164
-125
-90
-59
-32
-4
15
33
56
79
103
124
146
164
181
201
218
231
246
256
269
283
295
300
308
316
324
332
343
356
365
380
390
399
415
436
462
492
522
550
585
628
672
712
748
781
811
841
867
884
901
905
905
912
918
928
938
938
932
924
922
914
904
889
873
860
850
839
824
798
758
710
670
627
582
525
452
385
314
240
164
82
5
-80
-164
-234
-304
-379
-455
-529
-607
-681
-744
-797
-843
-893
-948
-986
-1015
-1043
-1080
-1112
-1139
-1155
-1154
-1152
-1149
-1142
-1135
-1126
-1119
-1095
-1067
-1043
-1013
-986
-954
-914
-875
-841
-814
-786
-760
-723
-677
-632
-594
-561
-524
-485
-449
-422
-396
-370
-342
-317
-284
-250
-224
-207
-192
-171
-154
-136
-111
-77
-44
-8
35
90
139
183
227
264
317
363
405
450
489
529
560
586
617
646
676
707
739
775
807
833
860
888
905
925
948
964
994
1021
1038
1056
1066
1078
1075
1065
1052
1030
1015
1003
987
970
943
914
888
853
814
773
733
693
649
604
559
513
455
394
325
255
194
116
33
-47
-129
-209
-298
-385
-469
-559
-643
-720
-787
-844
-904
-950
-993
-1019
-1047
-1071
-1086
-1103
-1116
-1127
-1125
-1115
-1100
-1085
-1058
-1027
-993
-961
-921
-878
-830
-786
-734
-676
-632
-585
-542
-502
-466
-427
-385
-350
-319
-288
-256
-226
-201
-182
-158
-128
-104
-77
-48
-25
-10
2
13
25
38
60
76
97
118
135
150
163
175
189
205
226
256
287
319
349
375
400
430
462
493
523
549
580
606
630
650
660
674
684
691
705
717
732
744
747
759
770
776
777
775
777
777
780
781
779
776
764
747
728
712
685
646
608
569
538
506
465
424
370
317
257
187
117
41
-34
-117
-200
-278
-360
-437
-528
-623
-699
-780
-845
-909
-970
-1023
-1074
-1109
-1148
-1184
-1211
-1247
-1266
-1276
-1274
-1263
-1250
-1231
-1216
-1195
-1165
-1133
-1087
-1051
-1016
-973
-929
-872
-820
-767
-726
-687
-637
-590
-542
-496
-460
-417
-370
-320
-271
-230
-182
-147
-110
-74
-27
28
72
119
161
203
247
283
326
365
405
448
488
541
586
618
646
668
698
725
758
790
825
858
880
905
929
944
952
951
944
943
936
934
918
897
874
846
825
805
787
765
744
727
714
701
693
681
663
642
620
609
598
580
553
538
526
514
501
484
458
432
406
382
364
346
318
273
225
175
119
57
-8
-81
-163
-244
-324
-392
-462
-537
-622
-705
-781
-851
-915
-971
-1030
-1084
-1123
-1160
-1187
-1209
-1231
-1249
-1255
-1263
-1263
-1253
-1248
-1235
-1224
-1201
-1167
-1129
-1089
-1052
-1021
-983
-936
-884
-828
-773
-716
-669
-622
-570
-513
-466
-424
-392
-362
-322
-285
-243
-200
-156
-117
-80
-43
5
45
85
128
174
233
283
329
368
407
443
481
516
557
593
618
646
682
719
751
784
813
841
858
882
912
926
937
945
948
942
937
927
911
887
866
857
836
815
793
766
746
729
704
686
665
649
638
626
618
619
613
597
578
554
533
517
511
505
489
471
459
439
422
406
388
375
348
322
307
291
253
206
162
114
64
-1
-58
-111
-185
-259
-329
-396
-448
-516
-587
-660
-723
-768
-814
-852
-890
-933
-977
-1013
-1040
-1066
-1100
-1119
-1126
-1133
-1132
-1132
-1122
-1112
-1090
-1076
-1057
-1039
-1031
-1008
-984
-957
-931
-901
-866
-829
-815
-803
-767
-723
-682
-645
-615
-584
-544
-514
-481
-447
-410
-368
-331
-290
-241
-201
-158
-95
-34
24
66
114
164
206
254
304
357
409
460
501
545
581
617
668
718
750
776
802
839
867
885
899
905
896
889
884
877
875
860
843
817
783
760
736
709
685
666
638
623
620
609
586
567
559
545
530
523
514
505
500
492
501
495
496
504
512
517
509
513
505
489
463
443
421
392
382
361
333
310
280
240
201
167
113
67
9
-49
-106
-187
-257
-328
-393
-451
-525
-586
-630
-679
-750
-815
-860
-905
-943
-967
-998
-1016
-1038
-1063
-1086
-1087
-1093
-1120
-1116
-1123
-1117
-1099
-1077
-1063
-1041
-1017
-1004
-968
-917
-863
-830
-798
-763
-730
-696
-655
-631
-604
-578
-542
-495
-447
-399
-358
-311
-277
-213
-149
-95
-40
16
69
126
189
252
318
336
389
438
473
520
544
579
608
650
693
735
767
790
798
808
816
821
837
837
832
817
807
784
771
758
742
719
698
675
657
633
599
564
531
512
490
476
461
440
431
420
396
400
390
384
391
385
379
372
372
384
396
387
398
408
425
448
453
461
463
438
412
420
406
403
376
363
350
312
269
229
189
125
78
21
-26
-99
-168
-216
-280
-331
-373
-435
-497
-570
-639
-669
-703
-737
-779
-798
-847
-900
-935
-957
-1004
-1037
-1038
-1075
-1040
-1035
-1045
-1030
-1009
-984
-993
-956
-953
-910
-890
-888
-932
-805
-908
-812
-963
-719
-1268
-2137
-352
-200
-620
-218
-24
-285
-530
-92
-88
-260
-144
15
101
161
-103
46
312
80
370
571
536
493
653
506
429
705
742
692
804
749
700
781
732
702
821
764
599
625
675
650
532
643
649
539
669
593
515
466
535
554
491
452
405
506
283
308
293
308
267
260
330
314
322
326
364
355
336
325
281
360
362
380
463
411
512
497
421
464
486
447
452
484
517
501
485
492
449
435
437
413
402
351
301
243
183
172
118
50
-15
-59
-150
-210
-230
-294
-387
-457
-527
-622
-648
-714
-784
-810
-890
-886
-989
-995
-1045
-1110
-1131
-1111
-1227
-1164
-1165
-1360
-1014
-1279
-1307
-1118
-1106
-1103
-1325
-923
-966
-1116
-1018
-843
-865
-938
-617
-1213
-556
-343
-1414
-143
-609
-653
-584
-365
39
-759
157
-397
133
-67
-22
10
439
69
88
870
-104
563
688
427
245
886
527
468
784
882
269
790
1112
497
836
921
966
623
980
784
812
924
767
670
817
950
387
941
652
596
840
675
-182
1515
354
-55
1070
292
811
-182
934
740
-152
523
485
847
-281
461
985
88
181
598
563
282
111
399
861
-262
559
337
127
909
-200
168
818
127
140
345
543
-28
278
385
-294
664
-196
22
447
-304
-8
365
-559
209
-262
-392
170
-736
-303
-290
-402
-762
-445
-629
-745
-1045
-387
-981
-1082
-498
-1322
-510
-1447
-581
-1345
-1323
-289
-1669
-1187
-454
-1453
-1040
-919
-964
-1474
-513
-960
-1191
-786
-818
-728
-1141
-329
-928
-858
-878
-73
-678
-1424
888
-1249
-640
44
154
-725
-619
744
-79
-294
295
75
263
126
470
475
-910
2286
61
-691
1821
380
465
600
974
900
313
1448
-30
1361
1084
66
1194
1341
219
1173
538
1270
1167
-254
1604
803
539
1307
-202
1780
563
-107
1513
705
457
330
1128
614
528
-171
2105
-980
1636
-523
1324
668
-1161
2181
-558
695
-191
1210
-411
712
469
-327
494
697
339
-900
1304
407
-333
492
125
971
-435
70
1026
108
-296
153
1285
-1353
716
264
-667
317
-291
-12
-401
72
-781
483
-846
-907
316
-752
-1178
-387
401
-2623
-79
187
-2108
-828
-980
41
-2832
-242
320
-3733
720
-1740
-719
-1968
-621
-1440
-863
-1453
-1663
-323
-2375
543
-3019
391
-1588
-1086
-1038
-598
-1195
-916
-659
-1199
-133
-931
-725
-1158
1323
-2193
-1251
1714
-521
-2365
1670
-247
-1417
1599
-1150
281
1590
-2425
2494
491
-2680
4570
-1905
-935
4393
-1591
-660
3898
-1733
2459
197
-245
3917
-1825
3220
-632
425
4033
-1546
715
3085
-177
-43
3193
-416
995
1569
-19
2285
-1029
1584
1022
1101
465
-319
1698
1085
-904
1093
1339
-970
2349
-901
1177
-2
945
-685
-39
3108
-2171
1010
1588
-1527
3051
-1099
-1238
4417
-2679
805
1855
-1664
1944
-748
312
536
377
900
-773
1572
-1128
903
1688
-2985
3613
-1786
-496
2318
-2027
-295
1185
-743
-214
-336
884
-1032
-1233
1227
-2641
1463
-2134
-80
-972
215
-2346
-477
-353
-2366
773
-3360
1063
-1903
-630
-2487
427
-2084
-989
-1320
-1806
1024
-2404
-3598
2402
-1854
-4170
2027
-3555
1172
-2642
-1140
1496
-5528
3288
-2518
-1796
1376
-2875
3102
-5840
2604
327
-2971
544
-304
1146
-2997
2598
-1500
527
-354
1280
-267
30
2144
-2286
4450
-2222
1104
1340
-170
1125
233
1674
148
1866
-39
1633
954
774
1408
1107
-391
3610
-2287
5354
-4191
3033
4887
-7032
7062
-22
-2939
7203
-3858
695
3634
-1771
3793
-4426
7033
-3779
1066
2500
-762
1850
-3204
5144
-2030
-1049
4287
-4498
4573
-2810
1433
3168
-5437
5347
-1729
744
-1722
2811
150
-2261
1946
1578
-37
-2504
948
2152
-927
-97
1724
-1194
1712
-1582
617
1129
-520
542
-1319
1059
-14
-463
-517
177
-950
-204
143
-1677
2108
-2761
-147
-1038
1013
-2360
-397
245
-2104
-1782
346
-365
-5620
2942
-1366
-3231
-2679
1912
-2335
-3285
-624
117
-2813
-2862
2118
-3502
-2384
-311
-1015
-1778
-2714
3104
-5211
2204
-4411
1704
-763
-3837
1438
-1175
756
-3303
3040
-5665
6464
-5216
996
-1477
89
5379
-4784
-92
1958
3030
-3460
-449
4380
-3103
3441
526
-202
2504
-14
-658
1991
95
2851
-216
471
5539
-2716
2042
264
-616
6668
-3431
4052
3655
-3394
3809
-1422
3860
-1013
2576
1243
2443
-1334
4050
-491
-6832
11891
-4540
1363
-945
6129
2107
-8435
4281
2054
941
-3623
5916
234
-1641
1668
-1143
303
869
-44
-897
3758
-254
-503
601
-9
-258
-979
1604
1177
-20
-742
1642
711
-2798
4570
-2737
-1
1781
-1314
2347
44
-573
-46
-1366
935
-964
-467
-259
-43
1842
-3346
652
-251
-881
-1261
-1157
-27
-681
-2205
-66
-332
-3435
1949
-4701
-362
-729
-2031
-1069
-1980
-1532
-1202
-1580
-3088
878
-3763
-1996
941
-4743
1130
-716
-3657
-2801
467
-1145
-2969
-37
-1268
-359
-1717
-2744
3676
-4230
-487
-436
-387
756
-2842
-1027
5183
-4931
-2413
6674
-9582
7252
570
-4019
2649
851
1102
-2744
1543
5230
-2912
122
2117
-589
5575
-5647
3684
1060
3105
-785
2677
539
632
2059
1939
695
-1936
8945
-2568
-1760
5977
405
-2260
5710
-10
1104
1261
3231
-1205
-588
5246
-880
-1429
4662
-457
-501
5298
-4848
4510
-1904
3395
-328
-2265
6649
-4758
2824
1780
-1446
1857
-2394
2033
1983
-1043
1150
-898
2209
1044
-3954
4203
-725
-946
92
1483
2422
-1220
-1366
2655
-731
240
-1506
2756
1440
-2164
1291
-2561
1920
-1835
-651
1793
-1235
375
-2473
1464
-1077
-2251
-392
-2035
-486
-825
-2026
-979
-246
-2947
-3162
-975
-1532
-3558
25
-1184
-3834
-2423
-87
-3445
-1996
-4155
2209
-3445
-2249
-761
-3936
3343
-7180
-1267
-54
-1209
-1183
-2878
2461
-2906
-4136
3726
-5598
2887
-1310
1394
-5654
5771
-3104
-4159
7387
-8331
5800
-990
-29
-2148
5008
-1639
-2026
1941
5036
-6634
6854
50
-1814
2839
173
4577
-4672
3638
5903
-3398
3181
-1525
5940
1842
-6223
9870
-1123
-265
3453
-1461
3487
3458
-2604
4395
-533
3094
2281
-3749
5471
-1069
5268
-2224
-859
6156
467
-1721
923
4008
-335
1335
-2129
5124
2051
-2904
2606
794
2186
-1143
-375
3402
3184
-4273
3443
2432
-2165
3652
-1745
2835
-1258
2668
4364
-4706
2893
1854
710
687
-1409
1300
5141
-2370
-367
-1747
423
1917
-4499
2212
-1782
1627
-1862
-4810
119
658
-2669
-2696
-2400
-371
-1772
-3663
-3333
-1680
-1395
-5040
-2023
-3227
-526
-4218
-2297
-2850
-4373
-992
-2858
-1187
-3906
-831
-2504
-2979
-2208
-1249
-1571
-3249
-665
-4330
2655
-5674
-492
2398
-3999
-928
-1420
3125
-7233
-289
1897
-1407
-3082
-1515
3943
-3105
-2336
2198
-624
1103
-3160
2067
6108
1997
-4275
1754
7922
-3955
1575
2419
6612
3750
-3049
1255
2754
372
3481
1548
1550
5526
-520
650
5867
-2645
4721
1100
-1043
7104
-2113
8103
-1942
2505
-2020
1523
4941
-1573
1275
3734
1491
-4185
4086
-1843
4611
-1300
-498
3664
1930
-737
-1315
5351
1563
397
-2224
2755
3292
2025
310
1133
100
4029
606
-926
2529
5835
357
-3836
5202
258
2404
263
1988
1780
-224
1439
-3008
419
1140
-636
-1655
-1024
-38
-819
-3126
-2501
-1464
-2230
-3526
-2789
-2566
-1093
-3700
-4462
-4620
-3494
-2741
-4702
-3308
-3171
-2021
-4620
-4877
-1964
-2193
-3707
-3896
-874
-2394
-2384
-1632
-1458
-2088
-1210
-1582
-4301
-223
23
-2007
1326
-2159
577
-1663
-2672
3867
-4294
2460
946
-342
6
-185
154
-1570
2011
-2362
1744
2856
-2449
848
2982
-1448
-2733
3147
2223
-565
2854
402
2430
-960
-1066
1734
2898
1816
-1675
3847
1941
-510
502
3705
-953
2854
3525
909
4390
-1279
5311
-1189
183
4763
1292
2625
1066
2400
2183
-540
900
1194
4699
-643
1584
4551
-2825
4898
1125
395
2022
1396
4200
1270
2291
811
2209
2588
-803
3532
3970
-401
3295
2837
-319
2427
1716
3956
422
1714
2078
1014
392
-3068
322
-469
-1217
-151
-1998
-1536
-2103
-3731
-4210
-4555
-2392
-3077
-4326
-4122
-5187
-4533
-5697
-6953
-4574
-5209
-4225
-4125
-5203
-5830
-4661
-4170
-5654
-3257
-2252
-2642
-2245
-2932
-2220
-1976
-2019
-1691
-882
20
-1432
-579
473
-1426
1169
-375
807
1384
1060
2999
-778
2119
1460
1219
-391
3223
545
1879
92
-1575
3508
-363
1472
-1932
3571
1406
-357
-2449
4645
3038
-1618
1752
2323
1679
3685
-1108
1801
3489
-273
4207
2135
3555
648
1613
1385
3236
466
5099
3141
1206
2348
3233
2942
452
3044
4273
-261
2371
4662
860
3052
2219
1014
3715
651
3369
2938
-1070
6790
-1838
4222
1127
910
4526
-484
982
3307
1847
1123
3675
1266
2200
1201
1341
1331
1982
3847
1758
-3322
1026
-1313
-1803
784
-982
763
-3361
-3795
-3536
-3805
-2736
-4765
-3931
-4644
-5444
-5651
-6200
-6550
-4904
-6978
-7196
-5406
-6372
-4041
-7531
-6165
-7239
-5497
-4098
-5790
-2458
-3089
-3291
-4077
-4381
-1900
225
-1616
-398
-832
193
-1740
-1756
1032
553
1796
634
393
2088
870
356
428
484
2815
9
-463
2120
733
-485
-328
-960
1230
-754
1291
2041
-515
576
-1459
721
1309
-35
4259
1501
1390
1374
311
3156
721
3088
3498
1253
5321
3971
579
4264
3109
1497
5488
6534
3852
3346
2959
2614
1528
5111
3783
1071
8716
2561
1516
3724
1453
3218
3785
5079
4520
3697
2807
1365
1153
3533
1427
3256
5212
2493
2432
1141
622
1179
2309
2868
4704
832
1770
503
-3845
-561
-2836
1401
1273
-1989
-564
-4548
-3619
-6533
-5812
-2649
-3903
-4503
-5612
-6388
-7062
-7485
-9558
-6193
-6779
-5549
-6067
-7173
-5776
-8634
-6933
-7357
-5110
-3505
-3881
-3273
-3675
-3757
-3522
-3300
-1779
169
-118
374
-366
-11
595
-874
1412
109
1247
1891
1357
2549
315
1301
233
417
340
2084
1292
759
311
-909
-1155
-1301
-432
72
923
-1338
1095
-1084
-1405
-2403
-426
1878
-844
1484
2525
61
-645
430
847
2757
2930
4011
2546
2232
3686
1256
2831
3913
4321
6339
4545
2322
5349
3948
4814
2979
4497
9220
2985
3716
5690
4283
2098
2750
4730
5289
3915
3744
2618
2499
2196
2175
3802
2785
3798
3152
2626
2301
1706
2449
1917
721
1943
3503
1034
-1897
-480
-1673
-356
-1886
-2656
-114
-3270
-3424
-6229
-4618
-3937
-5963
-5671
-6044
-5852
-7012
-7737
-8026
-6790
-7911
-7062
-7930
-6757
-6243
-8168
-6430
-7259
-5435
-5165
-4578
-3623
-3695
-2357
-2736
-2513
-1446
-398
357
724
639
1124
1167
854
1694
1400
3471
1218
1408
2894
1633
2820
1017
1920
724
1096
802
1122
1508
989
-430
-1059
-376
-1613
-701
-621
600
-661
-179
-1008
-307
-200
-1309
596
11
150
414
3705
1731
1399
113
958
3192
1924
4402
4971
6435
3388
2103
5521
4565
4427
4943
6863
5935
4772
5883
3205
4107
4212
4858
4206
5255
4871
4398
3571
556
3350
2296
4034
4841
3953
4712
1789
626
940
1529
2877
3897
3376
2251
1501
1196
-1749
-3718
-559
-1549
586
-918
-2542
-1223
-5849
-5491
-7855
-4443
-3475
-4880
-3773
-6637
-7265
-9466
-10103
-8245
-6368
-6205
-6033
-7215
-7439
-8734
-9373
-7639
-6719
-4589
-4213
-3988
-3770
-4576
-3534
-3916
-2708
-914
163
1211
398
986
222
167
834
1557
3525
3772
2822
2437
1413
1485
1207
1674
3060
2617
2173
878
164
146
-724
-315
297
847
327
12
-706
-1441
-1655
-2446
-489
84
435
164
12
-466
-949
-1339
744
1900
1628
3546
1651
2507
1966
1336
3554
3730
5198
5286
4739
4448
4122
4333
5178
5611
5269
5655
6766
4469
4367
4901
4808
3866
4691
5853
4727
5191
4523
3449
2028
3318
3108
4247
3505
3861
3345
1685
2234
846
1911
1222
2228
1806
-2348
-967
-2118
-2507
-1792
-4360
-1854
-4396
-3969
-6059
-6250
-5527
-7780
-6128
-7973
-6873
-7865
-7397
-9023
-8286
-8762
-8725
-7823
-8192
-6447
-7769
-6297
-7281
-5999
-5372
-4713
-3107
-3280
-2013
-2065
-1854
-548
-160
531
1306
1468
2271
2170
2280
2446
3089
3430
2849
3041
3330
2355
2796
2488
1825
1693
1392
1966
1179
311
-89
-371
-787
-1009
-1202
-693
-1033
-1470
-2394
-2206
-2004
-2027
-1001
-1038
-418
-1116
-622
-314
19
829
744
1636
2724
3220
3582
3045
3205
3541
4144
5746
5528
5748
6420
5466
5172
5672
5502
6312
6167
6739
6022
5478
5524
3808
4533
4435
4768
4959
4249
4292
3391
2813
2017
2183
3243
3444
3106
2534
2903
34
100
-92
974
-978
-2586
-594
-3118
-800
-5390
-3374
-4239
-5096
-5264
-7134
-3904
-7474
-5548
-8104
-7402
-8180
-8346
-8001
-8344
-6915
-8062
-7192
-8585
-7679
-7540
-6604
-5975
-5455
-4218
-4064
-3337
-3633
-2276
-1530
-1276
-481
246
1516
1326
1651
1013
2580
2783
3096
3326
3504
3888
2891
3294
2476
3252
3192
2897
2180
1780
1539
1047
306
112
598
85
-356
-920
-1098
-1385
-1618
-1573
-1400
-1194
-1095
-1406
-1199
-1208
-1153
-999
-474
473
1119
884
792
1344
2069
2117
2633
3490
4005
4819
4322
4385
4529
4679
5045
4893
5463
5776
5803
5342
5279
4922
4710
4370
4526
5048
4469
4954
4012
4060
3270
2716
3032
2270
3114
2685
3276
2436
1736
1808
1327
1314
-32
1355
1267
2531
-1620
-2231
-1780
-3965
-1418
-4364
-946
-3657
-3460
-5878
-7533
-5290
-7721
-5558
-7787
-6120
-7572
-8086
-9016
-9053
-8121
-8360
-7945
-7846
-7253
-7346
-6836
-7309
-6155
-5805
-4537
-4094
-3493
-2010
-1997
-802
-1324
-518
615
1040
1903
1774
3521
3329
2804
2904
2931
3512
3520
3486
3971
3905
3631
2253
2410
1985
1915
1860
1096
1217
363
202
-1142
-1163
-1281
-1662
-1891
-1846
-1424
-1633
-2116
-2431
-2104
-1740
-1789
-1206
-270
443
560
263
491
1042
1768
2379
2838
3752
4310
4271
4193
3951
4463
4460
5351
5422
5295
5971
5068
5223
4560
4857
4762
4522
4883
4172
4692
3426
3454
2771
3276
3265
2924
2990
3207
2870
2153
2166
2007
2056
1541
2884
1707
1205
621
919
1778
-1944
-1433
-1149
-2326
-1419
-3578
-1607
-3502
-3570
-5227
-5945
-4963
-6532
-5246
-7068
-6198
-7845
-7289
-8681
-8400
-8262
-7779
-7477
-7822
-7434
-7541
-6745
-7094
-6232
-5492
-4408
-4014
-3510
-2124
-1433
-1218
-400
161
580
1351
2303
2567
3842
3297
3686
3201
3657
3824
4240
4300
3806
4137
3482
2738
2217
2275
2004
1640
762
707
46
-337
-1308
-1334
-1562
-1579
-2069
-2321
-2077
-2080
-2258
-2489
-2199
-1791
-1570
-1340
-732
-28
28
113
788
1195
2001
2488
3085
3501
3967
4336
4337
4448
4953
5372
5226
5257
6118
5830
5400
5029
4876
4948
4592
4548
4318
4751
3974
3310
3550
3042
3138
2508
2564
2689
2609
2204
1957
2257
1472
1637
1697
2685
1632
1449
1029
987
826
911
482
-2597
-729
-3116
-1206
-3020
-2645
-2491
-3870
-3512
-7197
-4711
-6471
-5128
-6542
-6645
-6874
-7353
-7339
-8855
-7446
-7445
-7109
-8041
-7319
-6376
-6514
-6395
-5821
-4634
-4109
-3759
-3441
-1972
-1257
-941
-359
505
1394
1693
2731
1986
3913
3004
3961
3326
3782
4107
3657
4352
2746
3924
2355
2713
1276
1845
1221
923
18
-571
-502
-1333
-1685
-2617
-1855
-2634
-2770
-3442
-2889
-2922
-2836
-2949
-2621
-1801
-1907
-1473
-1129
-534
-32
476
1100
1669
2391
2951
2890
3530
3793
4268
4498
4571
5157
5181
5464
4763
5101
4717
4550
4543
4346
4442
4221
3980
3398
3225
3176
3010
2703
2662
2707
2202
1909
1838
1528
1767
969
1556
1177
1530
1596
1796
1830
1402
1454
1460
736
1255
1833
2254
375
-1870
101
-2419
-1422
-2746
-1011
-2061
-3232
-4024
-5696
-4259
-6350
-4539
-6301
-5834
-7120
-7148
-7679
-8106
-6885
-7236
-6846
-7623
-6633
-6628
-6307
-6042
-5320
-4468
-3909
-3253
-2709
-1223
-661
-405
261
1268
1567
2503
2457
3240
3806
3159
3719
3388
4732
3524
4152
3162
3360
3134
2470
2406
1649
2179
615
706
-621
-321
-1015
-1385
-2349
-2294
-2306
-2973
-3283
-3160
-2573
-2993
-2742
-3004
-2115
-1893
-1458
-1038
46
553
493
937
1452
2223
2504
3142
3512
4365
4576
4652
4891
5007
5407
5100
5291
5114
5377
5304
4786
4638
4537
4249
3466
3345
3163
3240
2357
2142
2136
1880
1831
1335
1605
1021
1550
1007
1106
1063
1016
1268
969
1674
1640
2139
1765
2157
1860
1493
1948
1589
2500
1292
-1199
34
-1856
-869
-2372
-1971
-1913
-3353
-3477
-6189
-4080
-6095
-5236
-6630
-6699
-7224
-8155
-7782
-8651
-7531
-7627
-7209
-7743
-7421
-6988
-6555
-6290
-5619
-5027
-3968
-3624
-2933
-1481
-381
230
169
1309
1690
2716
2613
3257
3946
3914
3753
3146
4247
4181
3980
3556
3123
3049
1496
829
967
800
442
-459
-870
-1666
-2023
-2839
-3043
-3310
-3514
-3539
-3948
-4040
-3978
-3317
-3372
-3487
-2896
-2069
-1629
-1379
-464
224
653
1122
1842
3015
3504
3896
4234
4629
4911
5090
5430
5520
5914
6036
5486
5175
5427
5314
4980
4627
4538
4103
3448
3142
3041
2888
2739
2056
1687
1725
1616
1423
1222
1611
1429
1422
971
1510
1703
1579
1790
1697
2280
2254
2609
2267
2853
2903
2413
3129
2530
3751
816
34
-824
-1211
-94
-2125
-1080
-3101
-2075
-4989
-4780
-5363
-5417
-5506
-7524
-7027
-8684
-7559
-9037
-8264
-8318
-7471
-7874
-8048
-7688
-6846
-6217
-6409
-5666
-5040
-3322
-3354
-2027
-1691
264
236
784
1132
2304
3135
2776
3635
3102
4376
3883
4521
3420
4039
3869
3026
3269
2216
2615
937
1060
-342
-74
-764
-1481
-1811
-2363
-2438
-3588
-3454
-3782
-3706
-3788
-3723
-4012
-3641
-3636
-3274
-3145
-2020
-1594
-868
-460
81
886
1075
1803
2044
3017
3216
3991
4106
4641
4755
4995
5173
5241
5170
5036
4855
4533
4456
4101
4095
3705
3837
3245
3071
2640
2419
1964
1705
1615
1273
1593
1224
1571
1354
1599
1678
1684
1855
1867
2159
2101
2227
2254
2587
3011
3025
3541
3644
3771
3555
3638
3560
3701
1827
861
149
-1205
-343
-1182
-1460
-2395
-2472
-3804
-4355
-4935
-5186
-5782
-6425
-7071
-7940
-7817
-8321
-7868
-7560
-7045
-7504
-7301
-7298
-6675
-6431
-5914
-5237
-4587
-3485
-3007
-1868
-1306
62
626
1214
1666
2693
2728
3186
3607
3845
4224
4376
4736
4649
4753
4122
3816
3297
2925
1811
1519
944
399
-141
-1028
-1686
-2319
-2363
-3152
-3383
-3571
-3967
-4262
-4309
-4404
-4395
-4267
-4038
-4018
-3467
-3104
-2846
-2185
-1464
-1050
-398
308
925
1526
2101
2645
2808
3266
3448
3392
3648
4209
4517
5035
4877
4800
4537
4202
4007
3552
3390
2640
2031
2538
2139
2157
2114
2103
2116
1548
1623
1544
987
396
385
308
508
1130
1224
2231
2728
2399
2324
1904
1350
1726
1924
1768
1886
1868
2480
2840
3685
3187
3152
2412
904
596
-1576
-1581
-2200
-2023
-1805
-1837
-1614
-2091
-2011
-2894
-3211
-4015
-4475
-5387
-5554
-5630
-5419
-4401
-4305
-3771
-3089
-2959
-2902
-3100
-3104
-3179
-3264
-2738
-2589
-1684
-993
-546
-176
307
306
35
44
-31
-263
-604
-379
-251
156
483
615
1115
833
579
-53
-93
-79
-304
-40
-205
-286
-214
-348
-645
-660
-842
-620
-738
-1010
-789
-1075
-1027
-790
-561
-717
-643
-644
-738
-727
-875
-752
-811
-719
-447
-572
-395
-431
-462
-239
-335
-283
-207
-391
-229
-131
-29
83
112
334
326
334
333
428
448
671
750
646
811
891
882
1090
1231
1296
1430
1245
1350
1299
1209
1255
1255
1305
1200
1076
1163
1102
1411
1509
1375
1459
1368
1409
1391
1177
1161
1190
1188
1281
1461
1573
1635
1799
1954
1867
1863
1999
2102
2202
2280
2257
2116
1825
1411
1073
773
667
692
689
497
449
192
38
-317
-516
-867
-1345
-1748
-2099
-2230
-2266
-2279
-2370
-2347
-2436
-2321
-2479
-2393
-2416
-2412
-2566
-2570
-2443
-2199
-1911
-1432
-1111
-898
-587
-565
-450
-500
-517
-546
-463
-323
-28
151
297
273
393
372
212
99
-168
-573
-845
-1112
-905
-886
-678
-601
-592
-602
-808
-882
-1203
-1185
-1555
-1533
-1490
-1436
-1073
-833
-800
-351
-252
-209
225
287
416
1089
1290
968
1217
1689
1930
2246
2144
1940
2268
2261
2271
1997
1482
2002
1915
1656
1621
1825
2106
1575
1994
1666
1271
1355
1270
806
628
332
53
308
486
1031
1144
1497
1644
1927
1839
1480
1154
827
1103
1610
1741
1640
2186
2722
3112
3198
3058
3129
2588
2177
2379
2074
2320
2036
1329
671
-500
-152
-305
-1037
-1356
-2742
-3449
-3581
-3987
-3490
-3673
-3945
-4551
-5067
-5046
-5094
-4973
-5267
-5752
-5716
-5548
-4811
-3789
-3533
-3135
-3091
-2601
-2050
-1622
-1133
-1066
-832
-394
-88
776
1316
1684
2005
1934
2091
2082
1935
1765
1685
1582
1208
980
946
678
865
924
593
157
-227
-773
-1506
-2020
-2886
-3430
-3507
-3868
-3363
-2935
-2920
-2482
-2240
-1824
-1680
-1414
-1247
-1479
-1349
-1385
-1024
-394
-119
545
1215
1741
2417
2684
2736
2613
2654
2507
2391
2354
2544
2643
2702
2872
3056
3120
2874
2597
2185
1889
1424
1246
1188
1197
1371
1365
1621
1922
2158
2695
2784
2649
2634
2537
2509
2543
3074
3460
3725
4128
4369
4669
4777
4662
4639
4431
4154
4232
4074
4054
3787
3840
3966
3563
4199
2289
728
-857
-3132
-2630
-3675
-4733
-5132
-6504
-6114
-5813
-5388
-5278
-6432
-6591
-7922
-7574
-7674
-8315
-7981
-8139
-7233
-5990
-5087
-3790
-3060
-2192
-1889
-1652
-968
-974
-411
52
395
1359
1801
2574
3482
4004
4426
3947
3605
2975
2529
2310
1471
1231
473
46
137
-17
187
-109
-746
-1272
-1874
-2503
-3092
-3739
-4364
-4849
-5038
-4686
-4314
-3892
-3417
-2995
-2636
-2483
-2014
-1777
-1562
-1343
-1253
-1029
-609
45
557
1058
1638
1871
2167
2375
2370
2280
1939
1639
1520
1532
1594
1608
1681
1529
1410
1457
1348
1172
908
704
622
674
806
1156
1613
2014
2404
2740
3048
3406
3751
3945
3974
4052
4031
4481
4956
5155
5513
5695
5863
6084
6075
5887
5496
5054
4769
4250
3943
3665
3239
3271
3151
3081
3177
884
-624
-2793
-4643
-3968
-5975
-7127
-8294
-9256
-7765
-7533
-6149
-6649
-6621
-6284
-6744
-5484
-6615
-6755
-6832
-6980
-5497
-5041
-3592
-2598
-1352
146
530
1433
1716
2129
2375
2029
2094
1531
1924
2540
3119
3693
3381
3291
3316
3298
3169
2099
951
-252
-1130
-1555
-2175
-2425
-2762
-2903
-2589
-2492
-2267
-2235
-2357
-2566
-2894
-3389
-3988
-4154
-4021
-3595
-3252
-3008
-2489
-1874
-1054
-298
70
71
-192
-61
24
114
41
-179
-68
123
802
1280
1336
1386
1429
1443
1340
1248
1013
914
729
782
867
968
1404
1783
2111
2400
2583
2720
2958
3277
3584
3748
3796
3885
4127
4488
4680
4648
4754
4925
5139
5228
5476
5294
5061
5121
4861
4882
4524
4286
4026
3489
3221
2857
2611
2500
2291
2128
1925
1659
1873
-234
-1982
-3821
-5697
-4849
-6543
-7490
-8514
-9161
-7317
-6958
-5326
-5744
-5559
-4876
-4925
-3614
-5021
-5143
-5796
-5810
-4445
-4576
-3109
-2631
-1105
259
798
1874
1841
2815
2810
2556
2229
1294
1660
1784
2259
2302
2024
2274
2283
2849
2703
1811
846
-64
-429
-1190
-2011
-2692
-3376
-3135
-2935
-2646
-2323
-2250
-1728
-1512
-1374
-1724
-2377
-2429
-2888
-2809
-3009
-3279
-2962
-2760
-1884
-1602
-956
-684
-519
172
-37
181
-174
-330
-315
-536
-117
-309
100
363
738
1154
1033
1456
1387
1635
1641
1414
1372
1128
1569
1714
1981
2270
2509
3075
3167
3611
3643
3669
3825
3790
3827
3556
3354
3195
3270
3500
3557
3680
3811
3912
4212
4323
4347
4170
3942
3988
3749
3657
3288
2918
2976
2769
2834
2734
2479
2749
2585
2962
1220
-1109
-2307
-4443
-3565
-5361
-7094
-7917
-9053
-6850
-6573
-5537
-5783
-5732
-4326
-4076
-2996
-4401
-4741
-4969
-5311
-4325
-4943
-3930
-3323
-1904
-414
92
1258
1853
3380
3591
3289
2774
2001
2392
2206
2064
1339
864
1250
1517
2099
1758
1316
852
628
395
-773
-1771
-2637
-3154
-3413
-3788
-4045
-4019
-3392
-2571
-2209
-1952
-1884
-1559
-1096
-1362
-1602
-2579
-2756
-2426
-2402
-1933
-2602
-2051
-1491
-696
330
76
695
723
1220
1279
899
783
126
452
247
275
379
308
1018
1102
1384
1368
1489
1864
1757
1799
1417
1225
1339
1480
1723
1486
1638
1902
2274
2841
3030
3195
3241
3253
3142
2981
2891
2836
2955
2980
3075
3413
3706
4158
4462
4721
4855
5013
5228
4996
4738
4259
3828
3715
3392
3243
2858
2884
2762
3061
1987
-577
-1470
-3275
-2848
-4653
-7071
-8044
-9245
-7600
-7605
-6939
-7027
-6605
-4753
-4046
-3032
-4013
-3812
-3511
-3828
-3619
-4443
-3654
-3029
-1960
-1205
-641
714
1944
3704
3881
3608
3310
3385
3561
2919
1805
693
336
260
299
-225
-441
-562
-526
-442
-796
-1303
-1992
-2179
-2974
-3536
-4143
-4306
-3837
-3745
-3305
-3135
-2333
-1385
-637
13
-159
127
308
316
-45
-448
-470
-1047
-1118
-1018
-857
-304
-22
583
845
1032
1691
1928
1900
1260
876
701
412
124
-331
-400
-822
-420
-50
57
390
632
985
1123
1168
1217
1294
1372
1229
1028
1159
1324
1544
1862
1984
2338
2891
3338
3580
3590
3591
3479
3408
3522
3298
3128
3264
3305
3484
3814
4032
4260
4518
4648
4765
4507
4273
3923
3446
2996
2431
2233
2137
1702
2021
799
-1516
-2260
-3433
-2932
-4994
-7311
-7629
-8404
-7412
-7809
-7031
-6632
-6503
-5113
-4087
-2577
-3283
-3234
-2551
-2456
-2486
-3151
-1964
-1235
-1490
-1461
-533
1167
1967
2355
2696
3032
3180
3149
3102
2674
1385
403
-105
-204
-651
-1496
-1861
-2172
-1866
-1998
-2016
-1905
-2183
-2400
-2935
-2813
-2894
-2809
-3024
-3275
-2603
-2080
-1338
-955
-362
250
610
1244
1620
2058
1773
1135
843
411
359
-199
-792
-972
-1291
-988
-830
-417
-92
-149
222
365
705
556
148
-228
-824
-797
-981
-1056
-1124
-1065
-655
-324
361
931
1411
1671
1954
2392
2602
2674
2544
2430
2316
2354
2390
2508
2545
2631
2825
2984
3400
3569
3796
3694
3526
3471
3358
3240
2949
2743
2720
2729
2826
2814
2993
3038
2992
3364
3415
3538
3280
3049
2878
2651
2467
2404
2244
2387
652
-1433
-1929
-2488
-2112
-5460
-7181
-6989
-6740
-6555
-8110
-6551
-5801
-5022
-4927
-3963
-1715
-1924
-2225
-3169
-2274
-1687
-2024
-2264
-2978
-2427
-1933
-976
-565
-93
581
1129
1471
1682
2115
2172
1731
608
290
-14
-240
-995
-1762
-1929
-2287
-1795
-1871
-1675
-1669
-1662
-1335
-1294
-834
-1065
-931
-1126
-1027
-527
-346
40
8
389
699
1193
1603
1749
1789
1561
1428
1165
784
-230
-741
-1310
-1758
-2149
-2729
-2488
-2283
-1892
-1635
-1029
-251
252
564
770
1156
985
881
703
395
250
193
212
286
620
1053
1496
1907
2482
2852
3016
3082
3037
2842
2579
2173
1724
1471
1139
948
953
1010
1188
1449
1811
2000
2175
2199
2287
2506
2451
2345
2265
2291
2467
2661
2702
2949
3193
3606
3822
3981
4282
4239
4311
3981
3770
3590
3337
3162
2557
484
-1376
-2185
-2283
-3490
-7049
-8022
-7579
-7474
-8502
-9320
-7851
-6860
-6300
-6051
-4601
-3331
-3473
-3638
-3484
-2545
-2342
-2735
-3071
-2969
-2223
-1416
-827
-569
89
1067
2079
2546
2778
3138
3194
2575
1952
1680
1213
402
-797
-1396
-1465
-1590
-1715
-1964
-1949
-1719
-1408
-1164
-1034
-1056
-985
-959
-1081
-951
-858
-839
-926
-811
-308
289
515
645
980
1461
1712
1766
1801
1698
1401
874
445
29
-329
-789
-1413
-2030
-1668
-1263
-1062
-1374
-1055
35
536
849
942
1362
1427
1418
1347
1080
917
478
50
-201
-83
70
-36
-112
207
789
1112
1322
1467
1587
1812
1917
1863
1725
1585
1520
1477
1412
1540
1600
1837
2033
2149
2575
2922
3214
3293
3415
3632
3620
3630
3633
3403
3292
3235
3068
2962
2858
2693
2542
2510
2563
2473
2477
2425
2334
2134
141
-1480
-2377
-2675
-4181
-7648
-8707
-8536
-8220
-9058
-9407
-8027
-6494
-5155
-4435
-2841
-1500
-998
-936
-657
-70
-32
-523
-1214
-1601
-1373
-656
-391
-334
-10
986
2143
2507
2689
2894
3156
2796
2086
1600
949
34
-1101
-1831
-2192
-2361
-2696
-2976
-3021
-2589
-1938
-1528
-1228
-987
-541
-202
-24
53
177
208
85
180
535
776
742
885
1124
1542
1821
1977
1975
1852
1790
1539
1046
419
2
-842
-1575
-2047
-2268
-2226
-2643
-2395
-1784
-1209
-649
-111
493
993
1490
1619
1477
1273
1192
799
386
210
39
-128
-145
122
438
944
1216
1554
1923
2239
2423
2338
2275
1954
1729
1458
1222
968
679
562
521
614
810
1008
1209
1413
1622
1909
2014
2017
2051
2017
1949
1823
1825
1711
1649
1800
1877
1959
2089
2312
2405
2634
2836
2925
2817
2899
2308
294
-838
-1421
-1684
-4016
-6799
-7077
-6746
-6711
-7913
-7686
-6263
-4971
-4221
-3444
-2009
-1182
-803
-876
-598
-404
-689
-1365
-2065
-2261
-1934
-1545
-1762
-1601
-865
432
1310
1551
2006
2734
3319
3124
2772
2384
1874
823
-116
-701
-1075
-1510
-2046
-2350
-2143
-1640
-1315
-948
-741
-269
227
514
505
362
303
208
10
-246
-290
-445
-571
-522
-355
-3
208
450
667
932
1135
1056
742
268
-130
-591
-1034
-1428
-1925
-2363
-2411
-2137
-1639
-1218
-761
-117
544
1272
1672
1820
1813
1679
1403
962
562
25
-513
-817
-905
-904
-855
-573
-374
52
486
810
1038
1060
1190
1217
1161
1026
735
542
459
409
594
727
902
1164
1536
2005
2325
2628
2835
3084
3245
3396
3333
3115
2879
2654
2405
2124
2024
1834
1684
1609
1802
1908
1886
1968
2210
2399
2407
2390
1442
-23
-922
-1449
-2219
-4367
-6198
-6480
-6327
-6734
-7425
-7100
-5809
-4553
-3719
-2598
-1413
-382
94
270
589
798
592
-105
-655
-902
-868
-915
-1218
-1135
-444
631
1253
1475
2012
2801
3184
3051
2759
2309
1776
806
-172
-934
-1598
-2251
-2834
-3047
-2961
-2535
-2122
-1779
-1370
-649
133
571
790
950
1144
1055
884
620
434
236
7
-32
27
117
221
319
478
745
1001
1018
764
398
-63
-397
-1015
-1701
-2412
-2841
-2891
-3015
-2912
-2871
-2464
-1764
-1042
-472
-2
401
620
796
880
810
550
298
139
47
68
167
291
476
928
1406
1867
2209
2433
2826
3016
2945
2847
2619
2233
1976
1650
1313
954
786
681
665
812
914
1036
1136
1342
1444
1503
1377
1228
1122
932
667
498
416
290
299
422
660
896
1187
1525
1906
2334
2656
2833
2998
3088
3060
1973
865
313
56
-1089
-3416
-4310
-4305
-4538
-5443
-6058
-5462
-4537
-3972
-3456
-2641
-1718
-1023
-722
-526
-409
-206
-638
-1250
-1541
-1588
-1431
-1777
-1922
-1557
-663
80
430
1040
1813
2587
2942
2942
2904
2681
2316
1722
920
262
-498
-1159
-1664
-2084
-2166
-2227
-2061
-1923
-1639
-1071
-727
-489
-474
-358
-103
-205
-460
-806
-955
-1084
-1327
-1434
-1469
-1368
-1119
-883
-621
-324
-123
105
138
231
327
265
185
-425
-525
-417
-465
-540
-747
-387
110
585
798
939
1318
1758
1930
1838
1775
1646
1395
1017
729
461
262
-113
-256
-42
114
225
162
367
519
725
878
690
612
511
473
258
-36
-149
-77
-36
80
278
526
812
1064
1515
1865
2203
2309
2342
2478
2509
2496
2307
2075
1945
1834
1819
1699
1593
1589
1603
1702
1805
1860
1954
2001
2007
1923
1831
1694
1163
428
-375
-726
-1300
-2330
-3521
-4080
-3991
-4343
-4718
-4903
-4348
-3625
-3087
-2698
-2079
-1242
-733
-420
-187
107
51
-98
-394
-563
-613
-870
-1190
-1440
-1285
-1033
-909
-833
-611
-231
189
332
306
254
94
-72
-425
-803
-1274
-1624
-1979
-2245
-2422
-2408
-2258
-2087
-1640
-1153
-501
-18
446
967
1462
1840
2047
2093
2029
1996
1769
1571
1273
1041
888
756
606
467
374
141
200
46
-125
-478
-640
-612
-791
-965
-1156
-1121
-1096
-952
-934
-765
-597
-559
-508
-423
-344
-341
-416
-475
-421
-455
-406
-325
-191
-107
29
169
334
541
648
794
835
894
898
944
929
855
865
782
814
818
828
868
965
1115
1193
1317
1506
1652
1745
1869
1912
1956
2015
1976
1955
1861
1710
1600
1393
1247
1184
1114
1101
1029
1131
1137
1189
1313
1388
1464
1505
1508
1408
1312
1034
713
161
-443
-887
-1539
-2212
-2947
-3455
-3709
-4016
-4161
-4126
-3812
-3384
-2943
-2508
-2060
-1587
-1269
-1043
-873
-836
-928
-1023
-1163
-1328
-1432
-1422
-1418
-1262
-1014
-638
-240
166
525
944
1390
1706
1919
1955
1976
1883
1592
1237
903
663
278
-105
-256
-425
-436
-379
-246
-36
281
570
761
940
987
986
885
794
533
208
-108
-406
-724
-953
-1042
-1098
-1219
-1341
-1150
-995
-928
-1155
-1374
-1211
-1103
-1120
-1420
-1601
-1310
-1104
-1106
-1154
-971
-560
-308
-158
-30
110
207
190
158
181
181
5
-192
-192
-25
43
94
248
614
905
1140
1304
1399
1476
1590
1582
1498
1372
1199
1068
949
849
687
640
684
819
908
992
1099
1186
1296
1392
1376
1227
1102
1009
884
699
445
227
137
99
164
204
283
464
708
901
1121
1379
1620
1799
1899
1933
1910
1823
1640
1414
1122
784
405
-79
-565
-1015
-1223
-1512
-1938
-2119
-2088
-2040
-2038
-1994
-1929
-1760
-1548
-1490
-1435
-1271
-1176
-1117
-1072
-1003
-927
-868
-728
-676
-529
-317
-239
-105
125
348
583
754
931
1059
1056
1161
1223
1133
1003
881
698
415
190
24
-220
-420
-547
-695
-834
-809
-813
-874
-858
-835
-793
-729
-711
-697
-683
-775
-840
-813
-840
-1047
-1199
-1270
-1327
-1434
-1545
-1684
-1623
-1506
-1411
-1304
-1138
-848
-600
-302
-126
140
391
594
613
633
648
530
435
249
132
32
-73
-156
-157
-82
43
149
304
459
664
804
788
790
723
666
471
325
204
56
-11
-85
-71
-97
85
341
475
702
931
1156
1287
1414
1537
1553
1545
1515
1498
1480
1383
1323
1307
1282
1346
1369
1387
1440
1449
1464
1411
1384
1294
1150
1038
902
773
573
414
266
172
85
21
-42
-25
-192
-335
-307
-399
-529
-808
-940
-1031
-1156
-1465
-1737
-1728
-1706
-1707
-1761
-1674
-1499
-1267
-1130
-995
-773
-541
-479
-422
-320
-285
-353
-473
-588
-674
-716
-765
-810
-859
-744
-615
-551
-436
-256
-12
76
83
126
42
-52
-168
-379
-534
-652
-828
-954
-1023
-992
-975
-893
-789
-652
-396
-273
-172
-98
-59
-49
-101
-158
-209
-301
-384
-525
-684
-687
-657
-666
-789
-672
-524
-436
-413
-385
-201
5
131
153
234
320
395
368
372
389
392
362
292
330
341
347
304
384
525
623
714
737
793
879
899
912
920
901
924
928
956
876
919
958
933
978
989
1051
1059
1022
970
957
893
820
863
889
828
816
829
844
824
917
938
901
859
765
778
673
553
444
402
338
296
297
347
380
457
618
660
858
1011
1042
1025
1001
942
836
663
500
306
104
-127
-299
-418
-644
-729
-816
-863
-881
-948
-1003
-1049
-1058
-1119
-1217
-1256
-1270
-1335
-1425
-1470
-1477
-1492
-1486
-1423
-1285
-1134
-1044
-908
-766
-671
-554
-441
-393
-409
-378
-422
-483
-529
-554
-532
-534
-560
-510
-407
-336
-332
-260
-100
-62
-97
-82
-75
-109
-236
-333
-456
-576
-585
-660
-691
-656
-631
-556
-477
-371
-197
-113
-49
-35
5
-5
-120
-157
-210
-263
-324
-308
-263
-182
-68
100
226
407
611
757
874
953
1016
987
996
935
831
750
631
557
457
429
495
511
548
641
774
839
884
978
1007
930
845
782
667
491
360
249
124
73
36
111
182
241
369
503
677
780
851
890
902
861
706
608
495
384
264
145
50
5
34
-20
25
137
196
275
291
318
301
258
183
61
-8
-154
-299
-421
-541
-650
-754
-778
-850
-852
-888
-964
-963
-949
-900
-982
-965
-956
-1025
-1055
-1084
-1084
-1098
-1112
-1075
-1032
-979
-940
-914
-846
-809
-701
-623
-578
-511
-433
-376
-395
-376
-336
-324
-256
-221
-218
-200
-204
-222
-232
-190
-197
-217
-265
-271
-269
-351
-413
-444
-441
-424
-428
-431
-432
-376
-300
-334
-207
-17
109
206
324
506
564
679
757
894
982
1008
1085
1078
1041
992
995
946
923
916
869
867
840
797
732
711
696
686
610
550
438
314
221
115
130
90
51
2
3
41
62
179
243
362
555
643
769
892
909
941
989
1049
990
942
927
797
678
603
552
487
421
382
361
287
201
179
116
40
-77
-152
-246
-394
-477
-592
-683
-748
-791
-778
-674
-677
-697
-666
-608
-550
-514
-456
-481
-460
-492
-533
-562
-576
-585
-604
-531
-543
-486
-465
-445
-387
-345
-249
-206
-163
-144
-133
-116
-107
-116
-80
-42
-35
50
81
97
96
99
83
100
73
27
-29
-110
-231
-329
-371
-479
-521
-554
-534
-580
-591
-586
-613
-548
-518
-436
-363
-323
-291
-204
-106
-2
131
244
367
527
638
679
771
857
894
957
1024
1071
1029
959
933
880
743
607
514
457
280
101
15
-105
-201
-286
-312
-297
-238
-229
-261
-213
-78
-17
36
154
220
269
292
345
357
368
419
440
463
510
521
476
454
472
502
456
446
405
321
194
108
-24
-172
-273
-393
-512
-664
-830
-976
-1096
-1240
-1301
-1380
-1418
-1414
-1387
-1376
-1370
-1240
-1124
-960
-822
-650
-466
-371
-251
-214
-119
-38
11
115
133
157
140
121
187
234
287
350
409
480
460
496
467
437
433
410
398
300
267
160
125
96
60
98
124
174
227
255
253
219
245
269
266
242
201
143
94
37
-1
-23
-30
-43
-60
-53
-83
-59
-59
-29
26
57
171
207
231
263
237
242
273
284
283
306
281
217
231
268
280
303
395
451
444
496
545
504
484
488
407
336
290
253
172
84
36
-26
-22
18
32
45
60
79
86
108
92
114
149
72
22
-4
-17
-151
-116
-177
-213
-232
-324
-310
-375
-397
-460
-522
-471
-504
-521
-493
-578
-618
-678
-662
-713
-723
-710
-795
-780
-748
-796
-764
-683
-650
-577
-496
-407
-314
-355
-234
-197
-172
66
27
139
285
179
309
436
346
433
443
511
496
485
461
331
401
222
222
243
51
12
-99
-192
-210
-355
-386
-400
-394
-443
-508
-476
-536
-490
-464
-457
-390
-344
-257
-186
-115
-82
34
142
185
301
389
411
431
494
548
620
689
732
752
822
831
809
862
827
799
791
707
695
592
461
460
346
372
378
314
364
332
266
300
220
221
147
161
115
-29
-1
-143
-169
-136
-208
-139
-155
-121
-98
-87
-42
-128
-105
-139
-154
-126
-216
-238
-266
-301
-346
-347
-319
-350
-340
-365
-404
-424
-451
-433
-490
-479
-413
-420
-388
-339
-240
-164
-173
-113
-103
-54
-4
-36
2
-33
-16
10
-9
30
115
119
115
162
244
245
258
270
224
219
181
146
113
106
59
49
48
45
14
-20
6
-7
-54
-66
-52
-34
-77
-106
-121
-157
-155
-178
-231
-196
-256
-323
-412
-509
-479
-576
-629
-645
-618
-589
-606
-552
-443
-375
-267
-166
-57
98
147
170
242
275
317
328
347
389
409
475
454
489
567
603
652
650
659
640
590
511
438
362
281
193
125
75
-14
-109
-177
-246
-284
-302
-366
-350
-346
-395
-375
-377
-318
-299
-251
-229
-202
-93
-83
-86
-81
-4
37
67
124
176
219
223
252
320
349
326
345
366
317
301
282
245
240
249
301
295
307
323
249
233
263
231
177
93
43
-22
-97
-104
-145
-114
-138
-150
-76
-2
5
-15
29
77
65
109
138
99
63
69
52
43
47
58
108
96
80
99
154
124
143
183
169
118
127
109
65
83
65
63
64
129
129
107
95
110
65
8
-29
-29
-92
-218
-264
-328
-389
-467
-493
-462
-482
-450
-416
-403
-391
-364
-327
-301
-239
-194
-167
-194
-180
-137
-125
-84
-92
-93
-50
-61
-42
-70
-50
-15
-35
19
-17
-18
0
-99
-159
-204
-270
-351
-407
-439
-541
-629
-614
-617
-628
-542
-494
-407
-341
-254
-179
-82
6
25
159
249
287
317
413
430
450
519
554
638
692
720
734
755
735
735
707
638
542
487
405
230
135
11
-56
-137
-220
-249
-277
-306
-364
-385
-338
-350
-384
-379
-387
-370
-403
-434
-385
-365
-325
-290
-194
-131
-95
8
35
116
189
250
284
321
318
302
269
230
213
204
215
144
115
137
127
125
170
211
247
299
294
281
254
154
125
94
34
-1
-7
-24
-97
-31
-17
-18
75
154
176
162
193
172
96
29
-54
-134
-187
-249
-301
-381
-472
-510
-529
-536
-514
-486
-483
-507
-482
-488
-508
-451
-377
-372
-376
-361
-318
-289
-283
-201
-164
-112
-25
75
165
215
286
350
423
504
527
545
521
484
446
405
338
323
342
376
344
321
366
412
461
462
491
519
514
467
406
385
330
283
245
201
183
116
69
37
-14
-28
-54
-66
-88
-129
-181
-255
-279
-296
-315
-287
-263
-207
-169
-136
-108
-103
-31
7
44
24
21
-50
-100
-149
-174
-149
-171
-142
-84
-10
11
18
70
108
134
178
141
131
115
61
-53
-135
-113
-100
-181
-186
-137
-188
-207
-207
-139
-110
-75
-38
-33
-30
1
9
-29
-49
-49
-37
-110
-172
-179
-277
-328
-336
-328
-309
-298
-246
-236
-210
-170
-165
-177
-204
-221
-268
-342
-408
-449
-518
-537
-531
-550
-527
-468
-422
-375
-323
-254
-210
-164
-118
-104
-65
-72
-53
-1
79
159
241
329
420
515
598
733
783
841
879
928
926
847
855
808
734
670
664
619
544
524
525
499
469
459
438
469
433
406
377
277
195
159
104
16
-24
-52
-153
-199
-177
-211
-221
-200
-207
-208
-173
-188
-188
-189
-201
-216
-195
-244
-255
-263
-299
-342
-325
-291
-303
-263
-217
-179
-199
-133
-98
-99
-101
-87
-120
-179
-237
-267
-288
-346
-348
-342
-306
-278
-213
-97
-45
59
139
180
222
233
253
214
155
138
115
85
12
-17
-1
-11
-59
-43
-26
-23
-43
-64
-75
-95
-160
-180
-182
-268
-260
-297
-320
-373
-359
-360
-396
-368
-362
-350
-353
-340
-321
-287
-284
-251
-216
-211
-184
-141
-141
-109
-95
-90
-77
-54
-23
-74
-83
-26
-4
4
72
159
201
239
314
395
481
524
540
577
589
583
593
623
603
593
628
632
653
700
707
695
678
674
626
576
495
415
374
271
199
156
165
120
70
67
54
39
-11
-43
-74
-131
-206
-299
-396
-423
-492
-555
-586
-579
-560
-570
-573
-570
-522
-534
-536
-538
-531
-548
-612
-653
-641
-612
-634
-651
-576
-495
-465
-382
-313
-190
-90
-42
85
136
166
187
192
201
183
218
222
229
234
241
276
301
336
385
440
413
433
478
481
447
421
431
410
389
305
261
220
153
96
85
62
40
67
36
15
18
30
15
-4
-11
-72
-140
-176
-247
-315
-354
-385
-426
-445
-443
-431
-412
-376
-357
-283
-196
-171
-137
-107
-82
-71
-56
-38
15
104
137
172
237
321
407
471
538
594
670
694
686
698
672
637
590
574
516
445
419
348
257
207
166
125
70
60
42
-36
-92
-111
-136
-156
-183
-201
-200
-237
-245
-242
-244
-272
-251
-238
-251
-256
-283
-308
-293
-285
-284
-278
-283
-293
-320
-354
-403
-432
-461
-497
-551
-585
-610
-660
-683
-689
-692
-670
-627
-587
-571
-546
-521
-515
-454
-404
-368
-352
-286
-221
-145
-37
65
222
332
422
528
605
605
610
639
618
531
539
512
439
397
364
315
280
287
301
313
292
264
283
261
199
196
201
199
185
194
205
174
183
207
244
265
270
300
305
315
290
272
256
244
247
199
152
122
59
11
2
2
-8
-30
-56
-87
-87
-93
-85
-66
-43
-46
-20
-14
-19
-1
15
25
51
104
97
117
140
130
155
165
204
232
260
243
259
276
212
204
206
193
111
74
49
-27
-51
-68
-68
-72
-118
-131
-122
-180
-249
-262
-272
-347
-393
-381
-414
-454
-469
-461
-431
-405
-384
-366
-338
-320
-322
-330
-314
-321
-295
-314
-316
-282
-263
-239
-229
-204
-195
-170
-152
-133
-126
-113
-103
-101
-75
-92
-95
-92
-119
-111
-113
-143
-148
-149
-139
-170
-173
-139
-130
-96
-59
-33
17
69
125
154
166
195
234
238
232
238
241
192
156
192
199
180
190
225
261
261
287
332
362
358
348
336
328
322
297
269
221
217
225
221
225
234
236
226
212
230
236
183
163
129
95
71
69
64
56
72
77
102
122
129
150
122
134
126
116
134
123
100
69
68
65
29
-25
-50
-97
-115
-162
-201
-195
-243
-286
-290
-291
-301
-304
-304
-306
-298
-310
-322
-303
-292
-295
-259
-206
-198
-145
-81
-73
-46
-9
19
-18
-6
-8
-22
-44
-74
-69
-58
-30
-13
34
75
114
146
162
162
160
121
82
24
-57
-142
-197
-250
-293
-318
-332
-336
-321
-300
-287
-229
-223
-217
-214
-238
-267
-304
-329
-381
-422
-441
-461
-436
-422
-378
-319
-292
-258
-209
-149
-152
-155
-105
-111
-112
-91
-62
-22
17
67
117
194
235
300
399
427
465
509
544
538
546
559
549
555
567
587
566
578
606
591
581
609
670
685
677
700
699
692
681
654
639
592
540
475
384
326
229
161
101
66
61
7
-13
-4
-22
-68
-83
-111
-163
-216
-284
-370
-469
-532
-591
-635
-645
-652
-639
-623
-570
-507
-445
-400
-350
-296
-278
-301
-287
-256
-272
-286
-227
-171
-118
-44
16
112
196
266
330
384
430
409
411
385
322
298
269
233
150
148
92
46
-10
-52
-94
-150
-165
-244
-287
-335
-382
-454
-484
-500
-553
-555
-570
-609
-613
-628
-642
-655
-632
-615
-580
-531
-497
-445
-350
-275
-233
-166
-98
-34
-9
1
39
78
85
93
129
188
220
215
251
287
343
403
414
462
494
506
483
495
523
526
561
556
586
613
637
660
669
699
688
669
658
613
548
489
456
346
269
226
179
124
72
26
-19
-40
-65
-75
-114
-157
-199
-228
-257
-310
-343
-362
-390
-403
-430
-440
-426
-414
-400
-393
-361
-361
-361
-349
-340
-345
-363
-376
-368
-357
-349
-338
-337
-332
-322
-261
-226
-186
-125
-49
1
35
100
173
202
229
266
284
303
314
298
279
274
261
262
265
258
267
272
269
268
267
227
187
157
99
6
-88
-201
-297
-385
-474
-533
-578
-604
-634
-633
-602
-574
-544
-488
-427
-378
-360
-357
-317
-275
-257
-247
-201
-150
-94
-36
14
61
112
156
177
217
235
215
211
185
173
131
129
121
89
103
90
98
134
187
222
267
338
399
414
443
503
516
507
506
508
488
483
447
407
391
389
368
370
389
378
386
381
363
340
332
298
235
179
86
-9
-94
-184
-268
-306
-347
-379
-343
-332
-310
-282
-216
-176
-148
-132
-163
-162
-215
-286
-333
-346
-385
-416
-405
-377
-339
-342
-295
-216
-148
-100
-77
-32
-27
-69
-96
-140
-185
-196
-235
-258
-274
-235
-214
-183
-124
-74
30
127
175
207
249
265
276
277
254
211
151
125
98
44
29
55
57
63
156
220
235
276
315
333
366
405
385
355
344
298
237
225
207
178
191
172
151
187
202
176
184
166
142
127
92
44
-4
-50
-146
-177
-210
-259
-291
-298
-313
-301
-283
-243
-217
-194
-147
-127
-73
-35
-9
39
93
